     5     1
    GDAS    21     2     1     0     0
    GDAS    21     2     8     0     0
    GDAS    21     2    15     0     0
    GDAS    21     2    22     0     0
    GDAS    21     3     1     0     0
     1 BACKWARD OMEGA   
    21     2     7    11   37.820  111.540   500.0
     1 PRESSURE
     1     1    21     2     7    11     0     1     0.0   37.820  111.540    500.0    831.4
     1     1    21     2     7    10     0     2    -1.0   38.014  111.503    684.6    815.9
     1     1    21     2     7     9     0     3    -2.0   38.216  111.430    867.6    791.4
     1     1    21     2     7     8     0     2    -3.0   38.419  111.327   1016.8    778.6
     1     1    21     2     7     7     0     1    -4.0   38.627  111.200   1144.4    772.6
     1     1    21     2     7     6     0     0    -5.0   38.844  111.054   1261.9    770.5
     1     1    21     2     7     5     0     1    -6.0   39.069  110.880   1358.3    761.7
     1     1    21     2     7     4     0     2    -7.0   39.297  110.651   1427.7    745.3
     1     1    21     2     7     3     0     3    -8.0   39.532  110.361   1483.9    730.3
     1     1    21     2     7     2     0     2    -9.0   39.777  110.012   1547.2    715.9
     1     1    21     2     7     1     0     1   -10.0   40.029  109.602   1635.4    700.2
     1     1    21     2     7     0     0     0   -11.0   40.279  109.159   1729.6    692.8
     1     1    21     2     6    23     0     1   -12.0   40.519  108.739   1804.9    698.5
     1     1    21     2     6    22     0     2   -13.0   40.756  108.352   1854.1    704.4
     1     1    21     2     6    21     0     3   -14.0   40.998  107.969   1871.9    707.8
     1     1    21     2     6    20     0     2   -15.0   41.240  107.577   1877.9    702.5
     1     1    21     2     6    19     0     1   -16.0   41.477  107.175   1904.4    694.6
     1     1    21     2     6    18     0     0   -17.0   41.714  106.773   1923.8    693.5
     1     1    21     2     6    17     0     1   -18.0   41.967  106.373   1950.6    701.3
     1     1    21     2     6    16     0     2   -19.0   42.240  105.948   1996.2    696.9
     1     1    21     2     6    15     0     3   -20.0   42.519  105.476   2034.0    672.1
     1     1    21     2     6    14     0     2   -21.0   42.797  104.956   2074.2    648.3
     1     1    21     2     6    13     0     1   -22.0   43.082  104.389   2156.0    640.3
     1     1    21     2     6    12     0     0   -23.0   43.360  103.813   2243.9    638.9
     1     1    21     2     6    11     0     1   -24.0   43.607  103.275   2240.5    635.6
     1     1    21     2     6    10     0     2   -25.0   43.818  102.770   2162.1    648.7
     1     1    21     2     6     9     0     3   -26.0   44.009  102.257   2130.7    672.6
     1     1    21     2     6     8     0     2   -27.0   44.195  101.741   2151.3    671.2
     1     1    21     2     6     7     0     1   -28.0   44.382  101.242   2191.3    657.1
     1     1    21     2     6     6     0     0   -29.0   44.573  100.753   2207.6    639.5
     1     1    21     2     6     5     0     1   -30.0   44.768  100.271   2162.4    616.8
     1     1    21     2     6     4     0     2   -31.0   44.984   99.784   2106.3    599.8
     1     1    21     2     6     3     0     3   -32.0   45.225   99.287   2064.9    605.2
     1     1    21     2     6     2     0     2   -33.0   45.481   98.807   1987.6    616.9
     1     1    21     2     6     1     0     1   -34.0   45.758   98.340   1930.2    629.2
     1     1    21     2     6     0     0     0   -35.0   46.059   97.873   1924.9    633.2
     1     1    21     2     5    23     0     1   -36.0   46.376   97.377   1948.0    609.1
     1     1    21     2     5    22     0     2   -37.0   46.704   96.844   2031.4    599.5
     1     1    21     2     5    21     0     3   -38.0   47.039   96.310   2173.2    609.6
     1     1    21     2     5    20     0     2   -39.0   47.363   95.779   2280.8    605.3
     1     1    21     2     5    19     0     1   -40.0   47.662   95.256   2321.1    601.4
     1     1    21     2     5    18     0     0   -41.0   47.947   94.742   2360.5    607.3
     1     1    21     2     5    17     0     1   -42.0   48.218   94.237   2408.9    627.5
     1     1    21     2     5    16     0     2   -43.0   48.476   93.746   2437.6    633.4
     1     1    21     2     5    15     0     3   -44.0   48.732   93.281   2464.8    635.4
     1     1    21     2     5    14     0     2   -45.0   49.009   92.820   2481.0    629.2
     1     1    21     2     5    13     0     1   -46.0   49.320   92.301   2450.9    620.9
     1     1    21     2     5    12     0     0   -47.0   49.656   91.695   2405.8    619.3
     1     1    21     2     5    11     0     1   -48.0   50.040   90.980   2204.2    578.7
     1     1    21     2     5    10     0     2   -49.0   50.406   90.159   2102.8    610.8
     1     1    21     2     5     9     0     3   -50.0   50.703   89.329   2047.7    599.6
     1     1    21     2     5     8     0     2   -51.0   50.967   88.496   2008.0    603.8
     1     1    21     2     5     7     0     1   -52.0   51.166   87.764   2008.6    636.5
     1     1    21     2     5     6     0     0   -53.0   51.303   87.059   1961.1    664.5
     1     1    21     2     5     5     0     1   -54.0   51.389   86.400   1889.8    698.1
     1     1    21     2     5     4     0     2   -55.0   51.448   85.793   1799.6    721.1
     1     1    21     2     5     3     0     3   -56.0   51.496   85.204   1705.9    737.9
     1     1    21     2     5     2     0     2   -57.0   51.524   84.611   1634.2    747.2
     1     1    21     2     5     1     0     1   -58.0   51.528   84.027   1571.2    753.7
     1     1    21     2     5     0     0     0   -59.0   51.507   83.474   1523.4    770.2
     1     1    21     2     4    23     0     1   -60.0   51.454   82.975   1495.8    782.9
     1     1    21     2     4    22     0     2   -61.0   51.381   82.533   1481.5    795.0
     1     1    21     2     4    21     0     3   -62.0   51.304   82.144   1455.0    810.7
     1     1    21     2     4    20     0     2   -63.0   51.229   81.789   1405.9    822.0
     1     1    21     2     4    19     0     1   -64.0   51.159   81.441   1347.6    830.3
     1     1    21     2     4    18     0     0   -65.0   51.102   81.096   1293.5    837.5
     1     1    21     2     4    17     0     1   -66.0   51.057   80.760   1249.5    845.4
     1     1    21     2     4    16     0     2   -67.0   51.026   80.435   1223.2    850.5
     1     1    21     2     4    15     0     3   -68.0   51.011   80.119   1210.9    853.8
     1     1    21     2     4    14     0     2   -69.0   51.015   79.790   1202.7    854.9
     1     1    21     2     4    13     0     1   -70.0   51.036   79.432   1190.7    856.0
     1     1    21     2     4    12     0     0   -71.0   51.072   79.050   1167.6    858.6
     1     1    21     2     4    11     0     1   -72.0   51.115   78.647   1141.7    865.0
     1     1    21     2     4    10     0     2   -73.0   51.159   78.222   1131.8    869.5
     1     1    21     2     4     9     0     3   -74.0   51.207   77.771   1140.8    868.3
     1     1    21     2     4     8     0     2   -75.0   51.254   77.285   1140.5    864.5
     1     1    21     2     4     7     0     1   -76.0   51.294   76.767   1119.7    865.7
     1     1    21     2     4     6     0     0   -77.0   51.331   76.225   1082.3    865.7
     1     1    21     2     4     5     0     1   -78.0   51.366   75.680   1025.6    869.6
     1     1    21     2     4     4     0     2   -79.0   51.396   75.150    957.6    875.9
     1     1    21     2     4     3     0     3   -80.0   51.419   74.629    884.2    881.7
     1     1    21     2     4     2     0     2   -81.0   51.441   74.106    804.6    886.9
     1     1    21     2     4     1     0     1   -82.0   51.462   73.569    755.0    890.0
     1     1    21     2     4     0     0     0   -83.0   51.476   72.988    771.4    879.8
     1     1    21     2     3    23     0     1   -84.0   51.481   72.373    797.7    875.9
     1     1    21     2     3    22     0     2   -85.0   51.486   71.761    778.6    881.4
     1     1    21     2     3    21     0     3   -86.0   51.499   71.157    739.3    888.3
     1     1    21     2     3    20     0     2   -87.0   51.516   70.547    705.5    894.0
     1     1    21     2     3    19     0     1   -88.0   51.538   69.922    671.4    899.3
     1     1    21     2     3    18     0     0   -89.0   51.570   69.286    643.5    904.2
     1     1    21     2     3    17     0     1   -90.0   51.605   68.628    624.4    906.0
     1     1    21     2     3    16     0     2   -91.0   51.621   67.928    592.1    909.9
     1     1    21     2     3    15     0     3   -92.0   51.592   67.177    521.5    916.4
     1     1    21     2     3    14     0     2   -93.0   51.489   66.428    441.3    932.9
     1     1    21     2     3    13     0     1   -94.0   51.329   65.739    379.0    944.4
     1     1    21     2     3    12     0     0   -95.0   51.110   65.144    299.3    960.8
     1     1    21     2     3    11     0     1   -96.0   50.845   64.670    237.9    978.4
     1     1    21     2     3    10     0     2   -97.0   50.570   64.228    218.6    982.3
     1     1    21     2     3     9     0     3   -98.0   50.291   63.787    213.8    981.7
     1     1    21     2     3     8     0     2   -99.0   50.008   63.351    194.1    982.6
     1     1    21     2     3     7     0     1  -100.0   49.733   62.939    167.7    986.1
     1     1    21     2     3     6     0     0  -101.0   49.463   62.563    151.5    990.9
     1     1    21     2     3     5     0     1  -102.0   49.196   62.234    142.2    994.8
     1     1    21     2     3     4     0     2  -103.0   48.935   61.942    131.6    998.3
     1     1    21     2     3     3     0     3  -104.0   48.695   61.668    124.4    997.6
     1     1    21     2     3     2     0     2  -105.0   48.471   61.390    128.1    996.6
     1     1    21     2     3     1     0     1  -106.0   48.242   61.109    137.2    996.6
     1     1    21     2     3     0     0     0  -107.0   47.995   60.834    138.1    996.4
     1     1    21     2     2    23     0     1  -108.0   47.746   60.601    129.4    995.1
     1     1    21     2     2    22     0     2  -109.0   47.510   60.427    120.6    993.9
     1     1    21     2     2    21     0     3  -110.0   47.281   60.306    114.1    993.2
     1     1    21     2     2    20     0     2  -111.0   47.056   60.223    110.9    992.8
     1     1    21     2     2    19     0     1  -112.0   46.842   60.166    110.7    995.7
     1     1    21     2     2    18     0     0  -113.0   46.643   60.135    111.8    999.9
     1     1    21     2     2    17     0     1  -114.0   46.463   60.129    112.6   1003.8
     1     1    21     2     2    16     0     2  -115.0   46.299   60.146    111.6   1007.8
     1     1    21     2     2    15     0     3  -116.0   46.152   60.181    108.2   1011.6
     1     1    21     2     2    14     0     2  -117.0   46.019   60.225    103.7   1015.4
     1     1    21     2     2    13     0     1  -118.0   45.898   60.270    101.2   1016.3
     1     1    21     2     2    12     0     0  -119.0   45.789   60.315    101.6   1016.5
     1     1    21     2     2    11     0     1  -120.0   45.690   60.371    104.2   1016.1
