     5     1
    GDAS    21     2     1     0     0
    GDAS    21     2     8     0     0
    GDAS    21     2    15     0     0
    GDAS    21     2    22     0     0
    GDAS    21     3     1     0     0
     1 BACKWARD OMEGA   
    21     2    13    11   37.820  111.540   500.0
     1 PRESSURE
     1     1    21     2    13    11     0     1     0.0   37.820  111.540    500.0    826.5
     1     1    21     2    13    10     0     2    -1.0   37.805  111.415    444.7    833.9
     1     1    21     2    13     9     0     3    -2.0   37.792  111.318    400.5    839.4
     1     1    21     2    13     8     0     2    -3.0   37.775  111.237    358.6    843.1
     1     1    21     2    13     7     0     1    -4.0   37.742  111.161    307.6    848.4
     1     1    21     2    13     6     0     0    -5.0   37.693  111.091    255.3    854.3
     1     1    21     2    13     5     0     1    -6.0   37.648  111.037    220.5    858.4
     1     1    21     2    13     4     0     2    -7.0   37.627  111.006    210.5    859.3
     1     1    21     2    13     3     0     3    -8.0   37.631  110.997    222.8    859.0
     1     1    21     2    13     2     0     2    -9.0   37.653  110.990    233.9    856.3
     1     1    21     2    13     1     0     1   -10.0   37.687  110.971    218.3    859.1
     1     1    21     2    13     0     0     0   -11.0   37.738  110.944    183.9    864.5
     1     1    21     2    12    23     0     1   -12.0   37.793  110.920    147.7    871.4
     1     1    21     2    12    22     0     2   -13.0   37.837  110.907    117.9    875.6
     1     1    21     2    12    21     0     3   -14.0   37.868  110.904     92.5    878.7
     1     1    21     2    12    20     0     2   -15.0   37.890  110.903     73.9    881.7
     1     1    21     2    12    19     0     1   -16.0   37.907  110.895     62.6    883.4
     1     1    21     2    12    18     0     0   -17.0   37.920  110.877     55.7    884.6
     1     1    21     2    12    17     0     1   -18.0   37.924  110.864     50.7    884.4
     1     1    21     2    12    16     0     2   -19.0   37.908  110.868     46.6    883.6
     1     1    21     2    12    15     0     3   -20.0   37.872  110.888     44.2    882.2
     1     1    21     2    12    14     0     2   -21.0   37.840  110.923     44.8    881.0
     1     1    21     2    12    13     0     1   -22.0   37.832  110.965     47.5    879.8
     1     1    21     2    12    12     0     0   -23.0   37.850  111.012     51.2    879.2
     1     1    21     2    12    11     0     1   -24.0   37.877  111.049     54.6    878.9
     1     1    21     2    12    10     0     2   -25.0   37.898  111.063     58.5    878.8
     1     1    21     2    12     9     0     3   -26.0   37.914  111.053     64.5    878.6
     1     1    21     2    12     8     0     2   -27.0   37.912  111.021     68.2    877.9
     1     1    21     2    12     7     0     1   -28.0   37.880  110.971     63.3    878.2
     1     1    21     2    12     6     0     0   -29.0   37.816  110.912     52.5    879.2
     1     1    21     2    12     5     0     1   -30.0   37.756  110.872     43.9    880.0
     1     1    21     2    12     4     0     2   -31.0   37.731  110.861     41.1    880.1
     1     1    21     2    12     3     0     3   -32.0   37.740  110.876     43.0    880.0
     1     1    21     2    12     2     0     2   -33.0   37.773  110.908     50.0    879.5
     1     1    21     2    12     1     0     1   -34.0   37.816  110.951     63.4    878.3
     1     1    21     2    12     0     0     0   -35.0   37.870  111.005     88.0    876.1
     1     1    21     2    11    23     0     1   -36.0   37.929  111.056    118.9    873.0
     1     1    21     2    11    22     0     2   -37.0   37.987  111.088    145.4    870.9
     1     1    21     2    11    21     0     3   -38.0   38.039  111.098    163.5    869.1
     1     1    21     2    11    20     0     2   -39.0   38.082  111.094    172.0    868.8
     1     1    21     2    11    19     0     1   -40.0   38.115  111.082    171.7    869.4
     1     1    21     2    11    18     0     0   -41.0   38.137  111.067    163.3    870.9
     1     1    21     2    11    17     0     1   -42.0   38.160  111.043    154.6    873.5
     1     1    21     2    11    16     0     2   -43.0   38.198  111.006    151.8    875.5
     1     1    21     2    11    15     0     3   -44.0   38.253  110.954    155.4    876.2
     1     1    21     2    11    14     0     2   -45.0   38.311  110.882    157.8    875.5
     1     1    21     2    11    13     0     1   -46.0   38.360  110.793    151.3    876.3
     1     1    21     2    11    12     0     0   -47.0   38.403  110.685    138.6    877.3
     1     1    21     2    11    11     0     1   -48.0   38.449  110.564    127.0    878.1
     1     1    21     2    11    10     0     2   -49.0   38.507  110.431    120.6    877.0
     1     1    21     2    11     9     0     3   -50.0   38.581  110.278    118.7    874.7
     1     1    21     2    11     8     0     2   -51.0   38.673  110.090    121.0    870.5
     1     1    21     2    11     7     0     1   -52.0   38.791  109.846    127.7    864.8
     1     1    21     2    11     6     0     0   -53.0   38.935  109.538    142.7    858.7
     1     1    21     2    11     5     0     1   -54.0   39.092  109.183    171.2    850.7
     1     1    21     2    11     4     0     2   -55.0   39.246  108.817    198.5    842.3
     1     1    21     2    11     3     0     3   -56.0   39.384  108.439    208.5    841.0
     1     1    21     2    11     2     0     2   -57.0   39.502  108.026    199.8    844.4
     1     1    21     2    11     1     0     1   -58.0   39.594  107.612    155.5    848.2
     1     1    21     2    11     0     0     0   -59.0   39.640  107.272     58.4    856.5
     1     1    21     2    10    23     0     1   -60.0   39.636  107.033      0.0    866.0
     1     1    21     2    10    22     0     2   -61.0   39.617  106.841      0.0    864.0
     1     1    21     2    10    21     0     3   -62.0   39.603  106.653      0.0    860.9
     1     1    21     2    10    20     0     2   -63.0   39.581  106.464      0.0    857.2
     1     1    21     2    10    19     0     1   -64.0   39.528  106.271      0.0    849.8
     1     1    21     2    10    18     0     0   -65.0   39.435  106.067      3.5    834.9
     1     1    21     2    10    17     0     1   -66.0   39.339  105.863     11.6    825.8
     1     1    21     2    10    16     0     2   -67.0   39.275  105.694     19.1    826.1
     1     1    21     2    10    15     0     3   -68.0   39.234  105.581     20.4    828.4
     1     1    21     2    10    14     0     2   -69.0   39.204  105.524     17.5    830.1
     1     1    21     2    10    13     0     1   -70.0   39.174  105.513     14.3    829.2
     1     1    21     2    10    12     0     0   -71.0   39.142  105.544     11.5    825.6
     1     1    21     2    10    11     0     1   -72.0   39.096  105.597      9.9    819.9
     1     1    21     2    10    10     0     2   -73.0   39.031  105.654     10.2    811.6
     1     1    21     2    10     9     0     3   -74.0   38.949  105.713     13.1    807.8
     1     1    21     2    10     8     0     2   -75.0   38.863  105.765     17.4    809.2
     1     1    21     2    10     7     0     1   -76.0   38.781  105.811     19.2    812.4
     1     1    21     2    10     6     0     0   -77.0   38.704  105.854     18.3    816.8
     1     1    21     2    10     5     0     1   -78.0   38.631  105.897     18.1    822.3
     1     1    21     2    10     4     0     2   -79.0   38.566  105.938     21.4    826.9
     1     1    21     2    10     3     0     3   -80.0   38.511  105.977     29.7    830.6
     1     1    21     2    10     2     0     2   -81.0   38.468  106.008     42.0    833.6
     1     1    21     2    10     1     0     1   -82.0   38.439  106.024     56.2    836.1
     1     1    21     2    10     0     0     0   -83.0   38.420  106.027     72.9    836.5
     1     1    21     2     9    23     0     1   -84.0   38.400  106.031     92.7    836.2
     1     1    21     2     9    22     0     2   -85.0   38.368  106.056    113.4    837.4
     1     1    21     2     9    21     0     3   -86.0   38.322  106.101    131.8    840.3
     1     1    21     2     9    20     0     2   -87.0   38.265  106.160    147.2    843.8
     1     1    21     2     9    19     0     1   -88.0   38.200  106.230    161.0    847.2
     1     1    21     2     9    18     0     0   -89.0   38.128  106.319    174.0    850.0
     1     1    21     2     9    17     0     1   -90.0   38.058  106.424    187.1    850.9
     1     1    21     2     9    16     0     2   -91.0   38.000  106.534    203.8    849.5
     1     1    21     2     9    15     0     3   -92.0   37.956  106.639    228.3    844.0
     1     1    21     2     9    14     0     2   -93.0   37.922  106.720    260.8    837.8
     1     1    21     2     9    13     0     1   -94.0   37.893  106.761    296.0    831.7
     1     1    21     2     9    12     0     0   -95.0   37.872  106.761    328.8    827.4
     1     1    21     2     9    11     0     1   -96.0   37.861  106.741    355.1    824.6
     1     1    21     2     9    10     0     2   -97.0   37.858  106.725    373.6    822.9
     1     1    21     2     9     9     0     3   -98.0   37.863  106.716    385.4    821.9
     1     1    21     2     9     8     0     2   -99.0   37.863  106.699    389.6    821.7
     1     1    21     2     9     7     0     1  -100.0   37.843  106.660    385.7    822.6
     1     1    21     2     9     6     0     0  -101.0   37.804  106.604    377.0    824.0
     1     1    21     2     9     5     0     1  -102.0   37.752  106.541    370.3    826.0
     1     1    21     2     9     4     0     2  -103.0   37.697  106.475    367.2    826.7
     1     1    21     2     9     3     0     3  -104.0   37.638  106.404    363.1    827.4
     1     1    21     2     9     2     0     2  -105.0   37.581  106.326    354.5    828.1
     1     1    21     2     9     1     0     1  -106.0   37.533  106.242    340.8    829.6
     1     1    21     2     9     0     0     0  -107.0   37.492  106.153    322.4    831.7
     1     1    21     2     8    23     0     1  -108.0   37.457  106.067    298.6    834.4
     1     1    21     2     8    22     0     2  -109.0   37.430  105.992    270.1    837.5
     1     1    21     2     8    21     0     3  -110.0   37.409  105.929    239.8    838.8
     1     1    21     2     8    20     0     2  -111.0   37.388  105.869    214.0    840.0
     1     1    21     2     8    19     0     1  -112.0   37.366  105.800    194.9    839.8
     1     1    21     2     8    18     0     0  -113.0   37.343  105.725    180.3    839.2
     1     1    21     2     8    17     0     1  -114.0   37.317  105.653    166.9    838.1
     1     1    21     2     8    16     0     2  -115.0   37.291  105.598    152.6    837.8
     1     1    21     2     8    15     0     3  -116.0   37.265  105.560    138.1    838.1
     1     1    21     2     8    14     0     2  -117.0   37.246  105.536    126.4    838.1
     1     1    21     2     8    13     0     1  -118.0   37.239  105.523    119.8    837.8
     1     1    21     2     8    12     0     0  -119.0   37.245  105.519    117.7    837.8
     1     1    21     2     8    11     0     1  -120.0   37.263  105.511    120.9    838.0
