     5     1
    GDAS    21     2     1     0     0
    GDAS    21     2     8     0     0
    GDAS    21     2    15     0     0
    GDAS    21     2    22     0     0
    GDAS    21     3     1     0     0
     1 BACKWARD OMEGA   
    21     2    11    17   37.820  111.540   500.0
     1 PRESSURE
     1     1    21     2    11    17     0     1     0.0   37.820  111.540    500.0    826.5
     1     1    21     2    11    16     0     2    -1.0   37.943  111.345    511.4    829.5
     1     1    21     2    11    15     0     3    -2.0   38.074  111.169    530.0    831.7
     1     1    21     2    11    14     0     2    -3.0   38.189  111.010    523.2    834.6
     1     1    21     2    11    13     0     1    -4.0   38.280  110.847    478.8    841.4
     1     1    21     2    11    12     0     0    -5.0   38.362  110.654    421.7    848.0
     1     1    21     2    11    11     0     1    -6.0   38.450  110.443    378.5    852.3
     1     1    21     2    11    10     0     2    -7.0   38.559  110.222    359.7    850.4
     1     1    21     2    11     9     0     3    -8.0   38.692  109.975    357.6    844.3
     1     1    21     2    11     8     0     2    -9.0   38.845  109.681    362.9    838.0
     1     1    21     2    11     7     0     1   -10.0   39.015  109.323    385.1    831.6
     1     1    21     2    11     6     0     0   -11.0   39.198  108.893    437.0    820.2
     1     1    21     2    11     5     0     1   -12.0   39.376  108.426    490.6    810.5
     1     1    21     2    11     4     0     2   -13.0   39.547  107.946    529.8    812.3
     1     1    21     2    11     3     0     3   -14.0   39.689  107.450    562.1    809.2
     1     1    21     2    11     2     0     2   -15.0   39.806  106.942    590.3    801.9
     1     1    21     2    11     1     0     1   -16.0   39.937  106.455    630.7    809.9
     1     1    21     2    11     0     0     0   -17.0   40.108  106.030    642.8    820.4
     1     1    21     2    10    23     0     1   -18.0   40.344  105.559    604.9    806.2
     1     1    21     2    10    22     0     2   -19.0   40.696  104.852    676.1    799.2
     1     1    21     2    10    21     0     3   -20.0   41.034  103.993    749.2    788.1
     1     1    21     2    10    20     0     2   -21.0   41.313  103.102    781.6    783.1
     1     1    21     2    10    19     0     1   -22.0   41.583  102.245    792.4    803.8
     1     1    21     2    10    18     0     0   -23.0   41.876  101.456    740.6    825.5
     1     1    21     2    10    17     0     1   -24.0   42.199  100.677    659.8    826.3
     1     1    21     2    10    16     0     2   -25.0   42.563   99.828    679.6    811.7
     1     1    21     2    10    15     0     3   -26.0   42.953   98.856   1118.5    749.3
     1     1    21     2    10    14     0     2   -27.0   43.230   97.889   1029.0    744.9
     1     1    21     2    10    13     0     1   -28.0   43.460   97.043    971.7    768.0
     1     1    21     2    10    12     0     0   -29.0   43.732   96.278   1141.6    775.1
     1     1    21     2    10    11     0     1   -30.0   44.022   95.421   1453.2    768.7
     1     1    21     2    10    10     0     2   -31.0   44.340   94.554   1636.7    721.5
     1     1    21     2    10     9     0     3   -32.0   44.557   93.528   1922.3    662.2
     1     1    21     2    10     8     0     2   -33.0   44.709   92.585   1972.4    657.7
     1     1    21     2    10     7     0     1   -34.0   44.802   91.697   2041.7    655.6
     1     1    21     2    10     6     0     0   -35.0   44.848   90.848   1897.6    671.7
     1     1    21     2    10     5     0     1   -36.0   44.932   90.133   1626.1    728.9
     1     1    21     2    10     4     0     2   -37.0   45.149   89.540   1429.9    781.9
     1     1    21     2    10     3     0     3   -38.0   45.484   89.044   1432.1    794.2
     1     1    21     2    10     2     0     2   -39.0   45.809   88.507   1503.3    770.1
     1     1    21     2    10     1     0     1   -40.0   46.090   87.870   1521.2    775.7
     1     1    21     2    10     0     0     0   -41.0   46.359   87.233   1452.9    781.3
     1     1    21     2     9    23     0     1   -42.0   46.529   86.694   1262.9    777.7
     1     1    21     2     9    22     0     2   -43.0   46.581   86.177   1090.2    766.6
     1     1    21     2     9    21     0     3   -44.0   46.593   85.471   1079.0    752.6
     1     1    21     2     9    20     0     2   -45.0   46.553   84.378   1351.7    714.3
     1     1    21     2     9    19     0     1   -46.0   46.366   83.267   1642.2    680.9
     1     1    21     2     9    18     0     0   -47.0   46.214   82.308   1676.2    751.6
     1     1    21     2     9    17     0     1   -48.0   46.106   81.469   1667.0    762.4
     1     1    21     2     9    16     0     2   -49.0   45.858   80.584   1435.2    754.7
     1     1    21     2     9    15     0     3   -50.0   45.630   79.703   1004.5    769.0
     1     1    21     2     9    14     0     2   -51.0   45.445   79.024    943.7    779.0
     1     1    21     2     9    13     0     1   -52.0   45.238   78.422   1062.4    793.0
     1     1    21     2     9    12     0     0   -53.0   45.075   77.844   1113.9    835.0
     1     1    21     2     9    11     0     1   -54.0   44.985   77.275   1187.4    843.3
     1     1    21     2     9    10     0     2   -55.0   44.960   76.571   1289.5    820.9
     1     1    21     2     9     9     0     3   -56.0   44.985   75.743   1362.4    817.6
     1     1    21     2     9     8     0     2   -57.0   45.024   74.828   1391.8    819.1
     1     1    21     2     9     7     0     1   -58.0   45.037   73.861   1344.6    822.8
     1     1    21     2     9     6     0     0   -59.0   44.959   72.812   1332.9    817.7
     1     1    21     2     9     5     0     1   -60.0   44.815   71.765   1350.5    828.7
     1     1    21     2     9     4     0     2   -61.0   44.664   70.796   1340.7    831.6
     1     1    21     2     9     3     0     3   -62.0   44.513   69.941   1329.9    833.8
     1     1    21     2     9     2     0     2   -63.0   44.380   69.197   1274.1    838.3
     1     1    21     2     9     1     0     1   -64.0   44.262   68.483   1224.4    826.3
     1     1    21     2     9     0     0     0   -65.0   44.131   67.602   1244.0    821.0
     1     1    21     2     8    23     0     1   -66.0   44.040   66.836   1242.1    857.9
     1     1    21     2     8    22     0     2   -67.0   43.977   66.165   1228.9    860.2
     1     1    21     2     8    21     0     3   -68.0   43.915   65.538   1274.2    858.3
     1     1    21     2     8    20     0     2   -69.0   43.874   64.916   1344.9    845.0
     1     1    21     2     8    19     0     1   -70.0   43.867   64.272   1392.6    843.5
     1     1    21     2     8    18     0     0   -71.0   43.899   63.601   1408.1    843.6
     1     1    21     2     8    17     0     1   -72.0   43.955   62.918   1412.6    845.8
     1     1    21     2     8    16     0     2   -73.0   44.018   62.217   1415.0    843.9
     1     1    21     2     8    15     0     3   -74.0   44.080   61.522   1408.7    845.4
     1     1    21     2     8    14     0     2   -75.0   44.139   60.850   1408.1    848.1
     1     1    21     2     8    13     0     1   -76.0   44.190   60.202   1414.9    851.9
     1     1    21     2     8    12     0     0   -77.0   44.239   59.574   1415.1    852.6
     1     1    21     2     8    11     0     1   -78.0   44.299   58.959   1421.3    852.8
     1     1    21     2     8    10     0     2   -79.0   44.373   58.317   1437.4    837.0
     1     1    21     2     8     9     0     3   -80.0   44.472   57.649   1474.9    828.7
     1     1    21     2     8     8     0     2   -81.0   44.600   56.971   1542.5    822.5
     1     1    21     2     8     7     0     1   -82.0   44.756   56.276   1575.6    816.4
     1     1    21     2     8     6     0     0   -83.0   44.949   55.589   1575.3    824.9
     1     1    21     2     8     5     0     1   -84.0   45.180   54.872   1622.4    824.5
     1     1    21     2     8     4     0     2   -85.0   45.419   54.095   1670.9    821.5
     1     1    21     2     8     3     0     3   -86.0   45.652   53.290   1671.3    822.7
     1     1    21     2     8     2     0     2   -87.0   45.867   52.487   1663.4    825.3
     1     1    21     2     8     1     0     1   -88.0   46.054   51.700   1684.9    823.3
     1     1    21     2     8     0     0     0   -89.0   46.221   50.908   1749.1    816.3
     1     1    21     2     7    23     0     1   -90.0   46.396   50.110   1829.5    806.9
     1     1    21     2     7    22     0     2   -91.0   46.599   49.314   1893.8    799.3
     1     1    21     2     7    21     0     3   -92.0   46.835   48.505   1908.0    797.4
     1     1    21     2     7    20     0     2   -93.0   47.086   47.695   1899.2    797.6
     1     1    21     2     7    19     0     1   -94.0   47.357   46.882   1924.2    791.9
     1     1    21     2     7    18     0     0   -95.0   47.632   46.064   1990.4    784.4
     1     1    21     2     7    17     0     1   -96.0   47.909   45.238   2073.4    774.7
     1     1    21     2     7    16     0     2   -97.0   48.196   44.397   2143.6    762.2
     1     1    21     2     7    15     0     3   -98.0   48.482   43.523   2216.5    751.4
     1     1    21     2     7    14     0     2   -99.0   48.774   42.654   2278.3    740.4
     1     1    21     2     7    13     0     1  -100.0   49.089   41.777   2302.4    734.9
     1     1    21     2     7    12     0     0  -101.0   49.396   40.921   2321.7    735.9
     1     1    21     2     7    11     0     1  -102.0   49.697   40.088   2362.7    731.4
     1     1    21     2     7    10     0     2  -103.0   50.026   39.259   2418.9    723.5
     1     1    21     2     7     9     0     3  -104.0   50.373   38.461   2491.6    717.1
     1     1    21     2     7     8     0     2  -105.0   50.728   37.699   2581.9    705.7
     1     1    21     2     7     7     0     1  -106.0   51.109   36.947   2653.2    693.9
     1     1    21     2     7     6     0     0  -107.0   51.510   36.237   2717.4    687.0
     1     1    21     2     7     5     0     1  -108.0   51.915   35.573   2759.2    683.8
     1     1    21     2     7     4     0     2  -109.0   52.331   34.936   2792.0    684.9
     1     1    21     2     7     3     0     3  -110.0   52.760   34.331   2842.7    678.8
     1     1    21     2     7     2     0     2  -111.0   53.199   33.761   2905.4    672.9
     1     1    21     2     7     1     0     1  -112.0   53.656   33.226   2960.4    663.4
     1     1    21     2     7     0     0     0  -113.0   54.130   32.742   3010.0    659.1
     1     1    21     2     6    23     0     1  -114.0   54.600   32.316   3053.3    654.8
     1     1    21     2     6    22     0     2  -115.0   55.068   31.950   3081.6    651.6
     1     1    21     2     6    21     0     3  -116.0   55.548   31.670   3118.0    652.1
     1     1    21     2     6    20     0     2  -117.0   56.046   31.481   3177.5    647.0
     1     1    21     2     6    19     0     1  -118.0   56.561   31.357   3244.2    641.9
     1     1    21     2     6    18     0     0  -119.0   57.090   31.297   3315.9    637.3
     1     1    21     2     6    17     0     1  -120.0   57.624   31.310   3383.5    632.9
