     5     1
    GDAS    21     2     1     0     0
    GDAS    21     2     8     0     0
    GDAS    21     2    15     0     0
    GDAS    21     2    22     0     0
    GDAS    21     3     1     0     0
     1 BACKWARD OMEGA   
    21     2     3    23   37.820  111.540   500.0
     1 PRESSURE
     1     1    21     2     3    23     0     1     0.0   37.820  111.540    500.0    831.0
     1     1    21     2     3    22     0     2    -1.0   37.797  111.334    498.1    832.9
     1     1    21     2     3    21     0     3    -2.0   37.774  111.179    487.7    835.2
     1     1    21     2     3    20     0     2    -3.0   37.760  111.063    472.0    838.3
     1     1    21     2     3    19     0     1    -4.0   37.764  110.974    457.9    841.6
     1     1    21     2     3    18     0     0    -5.0   37.785  110.908    449.2    844.1
     1     1    21     2     3    17     0     1    -6.0   37.824  110.851    447.9    846.3
     1     1    21     2     3    16     0     2    -7.0   37.883  110.790    455.9    847.7
     1     1    21     2     3    15     0     3    -8.0   37.962  110.723    474.5    848.2
     1     1    21     2     3    14     0     2    -9.0   38.063  110.649    504.8    846.0
     1     1    21     2     3    13     0     1   -10.0   38.185  110.568    541.1    841.6
     1     1    21     2     3    12     0     0   -11.0   38.323  110.476    574.2    837.0
     1     1    21     2     3    11     0     1   -12.0   38.474  110.370    602.9    832.6
     1     1    21     2     3    10     0     2   -13.0   38.639  110.248    630.5    826.6
     1     1    21     2     3     9     0     3   -14.0   38.821  110.109    661.6    818.3
     1     1    21     2     3     8     0     2   -15.0   39.020  109.949    695.5    807.4
     1     1    21     2     3     7     0     1   -16.0   39.230  109.766    732.7    799.1
     1     1    21     2     3     6     0     0   -17.0   39.462  109.554    775.0    789.0
     1     1    21     2     3     5     0     1   -18.0   39.736  109.306    821.4    777.2
     1     1    21     2     3     4     0     2   -19.0   40.054  109.000    868.5    765.9
     1     1    21     2     3     3     0     3   -20.0   40.349  108.685    896.8    779.4
     1     1    21     2     3     2     0     2   -21.0   40.602  108.414    886.8    793.5
     1     1    21     2     3     1     0     1   -22.0   40.842  108.178    858.3    805.6
     1     1    21     2     3     0     0     0   -23.0   41.084  107.966    832.0    810.2
     1     1    21     2     2    23     0     1   -24.0   41.348  107.758    798.4    802.9
     1     1    21     2     2    22     0     2   -25.0   41.637  107.547    747.2    803.0
     1     1    21     2     2    21     0     3   -26.0   41.949  107.349    670.8    807.1
     1     1    21     2     2    20     0     2   -27.0   42.256  107.165    591.3    822.5
     1     1    21     2     2    19     0     1   -28.0   42.573  106.975    571.2    827.3
     1     1    21     2     2    18     0     0   -29.0   42.958  106.754    680.1    814.8
     1     1    21     2     2    17     0     1   -30.0   43.386  106.489    873.1    776.1
     1     1    21     2     2    16     0     2   -31.0   43.793  106.209    960.8    754.3
     1     1    21     2     2    15     0     3   -32.0   44.168  105.954    866.2    763.3
     1     1    21     2     2    14     0     2   -33.0   44.528  105.734    700.5    795.2
     1     1    21     2     2    13     0     1   -34.0   44.873  105.514    621.8    806.1
     1     1    21     2     2    12     0     0   -35.0   45.201  105.303    593.1    804.4
     1     1    21     2     2    11     0     1   -36.0   45.513  105.082    573.0    800.6
     1     1    21     2     2    10     0     2   -37.0   45.805  104.832    561.8    800.2
     1     1    21     2     2     9     0     3   -38.0   46.099  104.541    587.3    791.1
     1     1    21     2     2     8     0     2   -39.0   46.398  104.208    617.6    776.7
     1     1    21     2     2     7     0     1   -40.0   46.686  103.839    614.1    767.8
     1     1    21     2     2     6     0     0   -41.0   46.964  103.429    578.2    766.4
     1     1    21     2     2     5     0     1   -42.0   47.228  102.999    546.8    772.2
     1     1    21     2     2     4     0     2   -43.0   47.486  102.573    550.2    767.7
     1     1    21     2     2     3     0     3   -44.0   47.763  102.131    597.0    761.5
     1     1    21     2     2     2     0     2   -45.0   48.080  101.616    684.4    748.3
     1     1    21     2     2     1     0     1   -46.0   48.415  101.033    783.5    731.1
     1     1    21     2     2     0     0     0   -47.0   48.741  100.433    882.1    720.0
     1     1    21     2     1    23     0     1   -48.0   49.064   99.839    980.7    708.8
     1     1    21     2     1    22     0     2   -49.0   49.421   99.219   1064.5    686.6
     1     1    21     2     1    21     0     3   -50.0   49.810   98.553   1169.9    672.1
     1     1    21     2     1    20     0     2   -51.0   50.184   97.893   1306.3    652.1
     1     1    21     2     1    19     0     1   -52.0   50.516   97.275   1430.6    660.8
     1     1    21     2     1    18     0     0   -53.0   50.780   96.731   1473.1    685.4
     1     1    21     2     1    17     0     1   -54.0   50.993   96.245   1443.6    701.5
     1     1    21     2     1    16     0     2   -55.0   51.179   95.810   1396.9    712.5
     1     1    21     2     1    15     0     3   -56.0   51.354   95.423   1382.6    721.0
     1     1    21     2     1    14     0     2   -57.0   51.526   95.061   1384.3    722.2
     1     1    21     2     1    13     0     1   -58.0   51.705   94.698   1382.4    719.3
     1     1    21     2     1    12     0     0   -59.0   51.884   94.331   1376.0    729.0
     1     1    21     2     1    11     0     1   -60.0   52.032   93.977   1368.3    747.2
     1     1    21     2     1    10     0     2   -61.0   52.152   93.650   1359.6    744.9
     1     1    21     2     1     9     0     3   -62.0   52.266   93.340   1366.7    743.7
     1     1    21     2     1     8     0     2   -63.0   52.373   93.048   1369.7    746.6
     1     1    21     2     1     7     0     1   -64.0   52.470   92.781   1361.8    752.4
     1     1    21     2     1     6     0     0   -65.0   52.555   92.543   1350.7    758.0
     1     1    21     2     1     5     0     1   -66.0   52.629   92.327   1337.9    763.4
     1     1    21     2     1     4     0     2   -67.0   52.695   92.127   1323.1    769.1
     1     1    21     2     1     3     0     3   -68.0   52.758   91.944   1306.1    775.0
     1     1    21     2     1     2     0     2   -69.0   52.819   91.771   1285.8    781.2
     1     1    21     2     1     1     0     1   -70.0   52.880   91.608   1259.3    788.8
     1     1    21     2     1     0     0     0   -71.0   52.935   91.459   1222.4    797.8
