     5     1
    GDAS    21     2     1     0     0
    GDAS    21     2     8     0     0
    GDAS    21     2    15     0     0
    GDAS    21     2    22     0     0
    GDAS    21     3     1     0     0
     1 BACKWARD OMEGA   
    21     2     5    11   37.820  111.540   500.0
     1 PRESSURE
     1     1    21     2     5    11     0     1     0.0   37.820  111.540    500.0    823.6
     1     1    21     2     5    10     0     2    -1.0   37.926  111.101    455.8    836.4
     1     1    21     2     5     9     0     3    -2.0   38.015  110.709    435.0    845.8
     1     1    21     2     5     8     0     2    -3.0   38.101  110.291    433.2    845.7
     1     1    21     2     5     7     0     1    -4.0   38.181  109.838    458.0    843.4
     1     1    21     2     5     6     0     0    -5.0   38.260  109.350    507.6    828.6
     1     1    21     2     5     5     0     1    -6.0   38.329  108.818    546.9    816.2
     1     1    21     2     5     4     0     2    -7.0   38.388  108.219    575.3    804.2
     1     1    21     2     5     3     0     3    -8.0   38.434  107.579    593.7    801.4
     1     1    21     2     5     2     0     2    -9.0   38.454  106.981    596.7    806.3
     1     1    21     2     5     1     0     1   -10.0   38.473  106.406    686.6    792.0
     1     1    21     2     5     0     0     0   -11.0   38.594  105.747   1096.8    743.2
     1     1    21     2     4    23     0     1   -12.0   38.873  105.022   1417.6    693.3
     1     1    21     2     4    22     0     2   -13.0   39.155  104.326   1386.3    729.9
     1     1    21     2     4    21     0     3   -14.0   39.485  103.556   1322.3    726.7
     1     1    21     2     4    20     0     2   -15.0   39.819  102.712   1315.2    722.4
     1     1    21     2     4    19     0     1   -16.0   40.161  101.860   1251.5    746.2
     1     1    21     2     4    18     0     0   -17.0   40.478  101.007   1127.4    769.6
     1     1    21     2     4    17     0     1   -18.0   40.767  100.099   1166.1    765.9
     1     1    21     2     4    16     0     2   -19.0   41.045   99.182   1238.6    732.4
     1     1    21     2     4    15     0     3   -20.0   41.259   98.219   1210.8    732.8
     1     1    21     2     4    14     0     2   -21.0   41.410   97.237   1274.1    707.8
     1     1    21     2     4    13     0     1   -22.0   41.579   96.275   1435.8    674.7
     1     1    21     2     4    12     0     0   -23.0   41.734   95.399   1539.4    683.4
     1     1    21     2     4    11     0     1   -24.0   41.793   94.664   1486.9    725.3
     1     1    21     2     4    10     0     2   -25.0   41.826   94.057   1426.5    755.6
     1     1    21     2     4     9     0     3   -26.0   41.841   93.521   1423.2    767.0
     1     1    21     2     4     8     0     2   -27.0   41.846   93.036   1474.6    764.6
     1     1    21     2     4     7     0     1   -28.0   41.859   92.580   1500.3    754.5
     1     1    21     2     4     6     0     0   -29.0   41.866   92.137   1445.0    756.6
     1     1    21     2     4     5     0     1   -30.0   41.864   91.718   1353.0    765.8
     1     1    21     2     4     4     0     2   -31.0   41.869   91.319   1260.2    769.4
     1     1    21     2     4     3     0     3   -32.0   41.874   90.943   1154.8    776.3
     1     1    21     2     4     2     0     2   -33.0   41.872   90.592   1059.5    794.6
     1     1    21     2     4     1     0     1   -34.0   41.863   90.258   1008.9    807.0
     1     1    21     2     4     0     0     0   -35.0   41.844   89.937   1021.4    810.9
     1     1    21     2     3    23     0     1   -36.0   41.826   89.624   1066.0    805.5
     1     1    21     2     3    22     0     2   -37.0   41.816   89.318   1097.3    805.2
     1     1    21     2     3    21     0     3   -38.0   41.804   89.037   1107.7    806.4
     1     1    21     2     3    20     0     2   -39.0   41.789   88.787   1118.3    798.3
     1     1    21     2     3    19     0     1   -40.0   41.776   88.571   1156.8    783.9
     1     1    21     2     3    18     0     0   -41.0   41.775   88.401   1213.2    769.8
     1     1    21     2     3    17     0     1   -42.0   41.787   88.279   1273.8    757.5
     1     1    21     2     3    16     0     2   -43.0   41.810   88.199   1332.3    747.8
     1     1    21     2     3    15     0     3   -44.0   41.850   88.161   1391.7    739.5
     1     1    21     2     3    14     0     2   -45.0   41.898   88.131   1448.6    730.3
     1     1    21     2     3    13     0     1   -46.0   41.941   88.074   1494.5    720.5
     1     1    21     2     3    12     0     0   -47.0   41.968   87.975   1518.6    712.9
     1     1    21     2     3    11     0     1   -48.0   41.984   87.847   1530.1    716.6
     1     1    21     2     3    10     0     2   -49.0   41.997   87.709   1541.6    720.1
     1     1    21     2     3     9     0     3   -50.0   42.008   87.562   1562.8    722.8
     1     1    21     2     3     8     0     2   -51.0   42.022   87.425   1590.7    723.0
     1     1    21     2     3     7     0     1   -52.0   42.036   87.314   1618.3    722.4
     1     1    21     2     3     6     0     0   -53.0   42.041   87.230   1648.1    721.4
     1     1    21     2     3     5     0     1   -54.0   42.035   87.176   1666.1    720.8
     1     1    21     2     3     4     0     2   -55.0   42.015   87.159   1655.9    725.4
     1     1    21     2     3     3     0     3   -56.0   41.985   87.185   1614.0    731.3
     1     1    21     2     3     2     0     2   -57.0   41.959   87.242   1561.2    736.7
     1     1    21     2     3     1     0     1   -58.0   41.950   87.319   1518.2    737.9
     1     1    21     2     3     0     0     0   -59.0   41.958   87.416   1481.6    737.3
     1     1    21     2     2    23     0     1   -60.0   41.973   87.534   1453.6    735.8
     1     1    21     2     2    22     0     2   -61.0   41.982   87.676   1436.5    731.9
     1     1    21     2     2    21     0     3   -62.0   41.970   87.848   1425.5    726.9
     1     1    21     2     2    20     0     2   -63.0   41.946   88.025   1412.0    724.6
     1     1    21     2     2    19     0     1   -64.0   41.940   88.170   1397.6    734.6
     1     1    21     2     2    18     0     0   -65.0   41.956   88.283   1376.8    742.8
     1     1    21     2     2    17     0     1   -66.0   41.977   88.372   1343.5    750.0
     1     1    21     2     2    16     0     2   -67.0   41.990   88.437   1296.3    758.8
     1     1    21     2     2    15     0     3   -68.0   41.989   88.480   1245.1    766.8
     1     1    21     2     2    14     0     2   -69.0   41.984   88.500   1207.8    772.9
     1     1    21     2     2    13     0     1   -70.0   41.984   88.503   1192.7    774.1
     1     1    21     2     2    12     0     0   -71.0   41.988   88.494   1195.8    772.6
     1     1    21     2     2    11     0     1   -72.0   41.982   88.471   1210.1    769.1
     1     1    21     2     2    10     0     2   -73.0   41.951   88.429   1233.0    764.6
     1     1    21     2     2     9     0     3   -74.0   41.892   88.363   1270.5    758.3
     1     1    21     2     2     8     0     2   -75.0   41.813   88.283   1308.4    750.5
     1     1    21     2     2     7     0     1   -76.0   41.730   88.205   1326.8    747.5
     1     1    21     2     2     6     0     0   -77.0   41.645   88.131   1323.9    747.8
     1     1    21     2     2     5     0     1   -78.0   41.576   88.044   1315.0    749.7
     1     1    21     2     2     4     0     2   -79.0   41.540   87.936   1320.9    751.2
     1     1    21     2     2     3     0     3   -80.0   41.539   87.811   1343.6    752.1
     1     1    21     2     2     2     0     2   -81.0   41.556   87.674   1377.2    751.2
     1     1    21     2     2     1     0     1   -82.0   41.577   87.520   1415.2    750.3
     1     1    21     2     2     0     0     0   -83.0   41.605   87.355   1448.8    749.9
     1     1    21     2     1    23     0     1   -84.0   41.631   87.176   1477.9    751.6
     1     1    21     2     1    22     0     2   -85.0   41.645   86.977   1515.3    752.0
     1     1    21     2     1    21     0     3   -86.0   41.649   86.771   1557.9    736.3
     1     1    21     2     1    20     0     2   -87.0   41.660   86.582   1596.3    720.5
     1     1    21     2     1    19     0     1   -88.0   41.689   86.418   1614.7    708.5
     1     1    21     2     1    18     0     0   -89.0   41.734   86.276   1617.6    697.4
     1     1    21     2     1    17     0     1   -90.0   41.786   86.152   1615.7    686.6
     1     1    21     2     1    16     0     2   -91.0   41.838   86.043   1620.1    674.7
     1     1    21     2     1    15     0     3   -92.0   41.895   85.946   1640.5    668.8
     1     1    21     2     1    14     0     2   -93.0   41.958   85.857   1666.5    666.8
     1     1    21     2     1    13     0     1   -94.0   42.029   85.769   1681.5    665.5
     1     1    21     2     1    12     0     0   -95.0   42.108   85.665   1686.3    663.6
     1     1    21     2     1    11     0     1   -96.0   42.186   85.527   1684.5    664.0
     1     1    21     2     1    10     0     2   -97.0   42.258   85.350   1678.3    667.8
     1     1    21     2     1     9     0     3   -98.0   42.330   85.135   1673.6    673.8
     1     1    21     2     1     8     0     2   -99.0   42.402   84.897   1669.0    671.5
     1     1    21     2     1     7     0     1  -100.0   42.471   84.667   1668.1    658.2
     1     1    21     2     1     6     0     0  -101.0   42.536   84.455   1683.7    645.2
     1     1    21     2     1     5     0     1  -102.0   42.601   84.258   1709.0    631.8
     1     1    21     2     1     4     0     2  -103.0   42.668   84.073   1732.8    619.4
     1     1    21     2     1     3     0     3  -104.0   42.743   83.896   1748.4    607.1
     1     1    21     2     1     2     0     2  -105.0   42.819   83.719   1760.2    594.8
     1     1    21     2     1     1     0     1  -106.0   42.888   83.534   1772.4    582.6
     1     1    21     2     1     0     0     0  -107.0   42.941   83.332   1778.6    572.1
