     5     1
    GDAS    21     2     1     0     0
    GDAS    21     2     8     0     0
    GDAS    21     2    15     0     0
    GDAS    21     2    22     0     0
    GDAS    21     3     1     0     0
     1 BACKWARD OMEGA   
    21     2     5    11   37.820  111.540  1500.0
     1 PRESSURE
     1     1    21     2     5    11     0     1     0.0   37.820  111.540   1500.0    725.8
     1     1    21     2     5    10     0     2    -1.0   38.081  110.884   1533.5    731.7
     1     1    21     2     5     9     0     3    -2.0   38.292  110.248   1494.1    733.0
     1     1    21     2     5     8     0     2    -3.0   38.467  109.581   1431.3    739.7
     1     1    21     2     5     7     0     1    -4.0   38.650  108.902   1416.2    729.5
     1     1    21     2     5     6     0     0    -5.0   38.871  108.211   1497.6    718.5
     1     1    21     2     5     5     0     1    -6.0   39.157  107.466   1618.6    700.9
     1     1    21     2     5     4     0     2    -7.0   39.426  106.673   1700.9    696.5
     1     1    21     2     5     3     0     3    -8.0   39.735  105.829   2061.9    662.1
     1     1    21     2     5     2     0     2    -9.0   40.094  104.947   2220.8    640.7
     1     1    21     2     5     1     0     1   -10.0   40.449  104.018   2245.8    646.3
     1     1    21     2     5     0     0     0   -11.0   40.784  103.009   2300.2    638.3
     1     1    21     2     4    23     0     1   -12.0   41.074  102.015   2527.4    638.5
     1     1    21     2     4    22     0     2   -13.0   41.305  101.128   2570.3    648.6
     1     1    21     2     4    21     0     3   -14.0   41.552  100.286   2469.5    655.6
     1     1    21     2     4    20     0     2   -15.0   41.837   99.461   2262.6    669.7
     1     1    21     2     4    19     0     1   -16.0   42.096   98.699   2364.2    634.7
     1     1    21     2     4    18     0     0   -17.0   42.368   98.034   2330.5    627.5
     1     1    21     2     4    17     0     1   -18.0   42.682   97.321   2212.9    639.6
     1     1    21     2     4    16     0     2   -19.0   43.012   96.493   2218.5    664.2
     1     1    21     2     4    15     0     3   -20.0   43.313   95.695   2314.0    658.9
     1     1    21     2     4    14     0     2   -21.0   43.582   94.925   2373.1    659.6
     1     1    21     2     4    13     0     1   -22.0   43.822   94.061   2449.4    664.1
     1     1    21     2     4    12     0     0   -23.0   44.058   93.198   2478.7    620.6
     1     1    21     2     4    11     0     1   -24.0   44.317   92.423   2501.0    608.4
     1     1    21     2     4    10     0     2   -25.0   44.589   91.647   2612.5    611.1
     1     1    21     2     4     9     0     3   -26.0   44.847   90.877   2684.5    611.3
     1     1    21     2     4     8     0     2   -27.0   45.092   90.127   2763.6    632.7
     1     1    21     2     4     7     0     1   -28.0   45.318   89.413   2819.2    647.0
     1     1    21     2     4     6     0     0   -29.0   45.515   88.747   2848.8    655.0
     1     1    21     2     4     5     0     1   -30.0   45.695   88.119   2847.9    658.2
     1     1    21     2     4     4     0     2   -31.0   45.874   87.495   2830.9    669.4
     1     1    21     2     4     3     0     3   -32.0   46.057   86.847   2822.8    678.6
     1     1    21     2     4     2     0     2   -33.0   46.256   86.181   2782.4    658.6
     1     1    21     2     4     1     0     1   -34.0   46.469   85.477   2724.1    622.8
     1     1    21     2     4     0     0     0   -35.0   46.694   84.705   2759.5    592.3
     1     1    21     2     3    23     0     1   -36.0   46.937   83.931   2780.8    591.2
     1     1    21     2     3    22     0     2   -37.0   47.121   83.158   2747.7    632.7
     1     1    21     2     3    21     0     3   -38.0   47.225   82.385   2740.8    656.4
     1     1    21     2     3    20     0     2   -39.0   47.320   81.676   2739.6    667.4
     1     1    21     2     3    19     0     1   -40.0   47.401   81.017   2745.9    673.7
     1     1    21     2     3    18     0     0   -41.0   47.485   80.387   2733.7    671.9
     1     1    21     2     3    17     0     1   -42.0   47.598   79.783   2671.5    677.8
     1     1    21     2     3    16     0     2   -43.0   47.718   79.169   2624.1    688.7
     1     1    21     2     3    15     0     3   -44.0   47.825   78.504   2638.7    683.8
     1     1    21     2     3    14     0     2   -45.0   47.939   77.795   2674.1    675.4
     1     1    21     2     3    13     0     1   -46.0   48.069   77.055   2656.7    666.5
     1     1    21     2     3    12     0     0   -47.0   48.188   76.297   2603.5    675.2
     1     1    21     2     3    11     0     1   -48.0   48.291   75.518   2562.5    673.6
     1     1    21     2     3    10     0     2   -49.0   48.396   74.723   2507.9    676.5
     1     1    21     2     3     9     0     3   -50.0   48.472   73.922   2495.6    681.4
     1     1    21     2     3     8     0     2   -51.0   48.530   73.123   2525.4    680.7
     1     1    21     2     3     7     0     1   -52.0   48.576   72.349   2556.3    686.2
     1     1    21     2     3     6     0     0   -53.0   48.605   71.611   2548.7    694.7
     1     1    21     2     3     5     0     1   -54.0   48.634   70.905   2517.4    702.2
     1     1    21     2     3     4     0     2   -55.0   48.667   70.233   2486.7    711.1
     1     1    21     2     3     3     0     3   -56.0   48.701   69.599   2451.5    715.2
     1     1    21     2     3     2     0     2   -57.0   48.737   68.993   2407.7    721.0
     1     1    21     2     3     1     0     1   -58.0   48.775   68.381   2360.6    721.5
     1     1    21     2     3     0     0     0   -59.0   48.813   67.745   2316.6    722.9
     1     1    21     2     2    23     0     1   -60.0   48.838   67.074   2281.9    725.7
     1     1    21     2     2    22     0     2   -61.0   48.838   66.383   2263.6    739.8
     1     1    21     2     2    21     0     3   -62.0   48.809   65.704   2241.9    753.2
     1     1    21     2     2    20     0     2   -63.0   48.760   65.046   2208.9    762.1
     1     1    21     2     2    19     0     1   -64.0   48.694   64.418   2180.6    774.2
     1     1    21     2     2    18     0     0   -65.0   48.609   63.815   2171.0    779.4
     1     1    21     2     2    17     0     1   -66.0   48.506   63.229   2165.7    779.8
     1     1    21     2     2    16     0     2   -67.0   48.390   62.657   2155.7    781.6
     1     1    21     2     2    15     0     3   -68.0   48.261   62.105   2133.5    782.1
     1     1    21     2     2    14     0     2   -69.0   48.120   61.582   2105.8    784.7
     1     1    21     2     2    13     0     1   -70.0   47.971   61.096   2088.0    787.9
     1     1    21     2     2    12     0     0   -71.0   47.809   60.641   2086.3    784.3
     1     1    21     2     2    11     0     1   -72.0   47.637   60.209   2095.6    776.7
     1     1    21     2     2    10     0     2   -73.0   47.459   59.802   2107.4    773.9
     1     1    21     2     2     9     0     3   -74.0   47.274   59.428   2127.5    774.3
     1     1    21     2     2     8     0     2   -75.0   47.089   59.098   2146.6    774.2
     1     1    21     2     2     7     0     1   -76.0   46.910   58.818   2150.9    775.1
     1     1    21     2     2     6     0     0   -77.0   46.743   58.581   2134.4    776.6
     1     1    21     2     2     5     0     1   -78.0   46.583   58.376   2112.7    780.6
     1     1    21     2     2     4     0     2   -79.0   46.426   58.190   2114.1    780.7
     1     1    21     2     2     3     0     3   -80.0   46.272   58.019   2157.4    776.9
     1     1    21     2     2     2     0     2   -81.0   46.123   57.865   2214.0    768.3
     1     1    21     2     2     1     0     1   -82.0   45.980   57.737   2243.3    765.8
     1     1    21     2     2     0     0     0   -83.0   45.846   57.635   2253.2    765.6
     1     1    21     2     1    23     0     1   -84.0   45.721   57.549   2257.8    765.1
     1     1    21     2     1    22     0     2   -85.0   45.605   57.475   2259.4    764.4
     1     1    21     2     1    21     0     3   -86.0   45.497   57.411   2258.1    764.2
     1     1    21     2     1    20     0     2   -87.0   45.396   57.367   2257.1    764.0
     1     1    21     2     1    19     0     1   -88.0   45.306   57.351   2260.3    763.1
     1     1    21     2     1    18     0     0   -89.0   45.227   57.365   2269.9    761.4
     1     1    21     2     1    17     0     1   -90.0   45.168   57.404   2298.0    758.9
     1     1    21     2     1    16     0     2   -91.0   45.136   57.456   2354.4    752.7
     1     1    21     2     1    15     0     3   -92.0   45.130   57.520   2437.5    744.0
     1     1    21     2     1    14     0     2   -93.0   45.137   57.585   2528.9    733.0
     1     1    21     2     1    13     0     1   -94.0   45.147   57.646   2608.3    724.8
     1     1    21     2     1    12     0     0   -95.0   45.161   57.703   2671.2    718.3
     1     1    21     2     1    11     0     1   -96.0   45.176   57.758   2708.5    713.7
     1     1    21     2     1    10     0     2   -97.0   45.188   57.812   2714.8    712.8
     1     1    21     2     1     9     0     3   -98.0   45.198   57.864   2692.1    714.6
     1     1    21     2     1     8     0     2   -99.0   45.206   57.919   2671.6    718.4
     1     1    21     2     1     7     0     1  -100.0   45.212   57.988   2685.4    716.4
     1     1    21     2     1     6     0     0  -101.0   45.216   58.075   2736.2    712.3
     1     1    21     2     1     5     0     1  -102.0   45.220   58.180   2792.5    706.0
     1     1    21     2     1     4     0     2  -103.0   45.225   58.297   2828.0    704.3
     1     1    21     2     1     3     0     3  -104.0   45.227   58.425   2845.3    704.6
     1     1    21     2     1     2     0     2  -105.0   45.225   58.568   2853.1    706.3
     1     1    21     2     1     1     0     1  -106.0   45.217   58.734   2856.8    708.2
     1     1    21     2     1     0     0     0  -107.0   45.202   58.921   2855.1    711.0
