     5     1
    GDAS    21     2     1     0     0
    GDAS    21     2     8     0     0
    GDAS    21     2    15     0     0
    GDAS    21     2    22     0     0
    GDAS    21     3     1     0     0
     1 BACKWARD OMEGA   
    21     2    13    17   37.820  111.540  1000.0
     1 PRESSURE
     1     1    21     2    13    17     0     1     0.0   37.820  111.540   1000.0    775.5
     1     1    21     2    13    16     0     2    -1.0   37.912  111.225    926.4    786.0
     1     1    21     2    13    15     0     3    -2.0   37.966  110.932    827.2    802.8
     1     1    21     2    13    14     0     2    -3.0   37.979  110.683    738.4    816.7
     1     1    21     2    13    13     0     1    -4.0   37.966  110.453    686.5    823.1
     1     1    21     2    13    12     0     0    -5.0   37.950  110.208    668.5    827.1
     1     1    21     2    13    11     0     1    -6.0   37.942  109.955    682.9    826.0
     1     1    21     2    13    10     0     2    -7.0   37.929  109.724    703.4    818.5
     1     1    21     2    13     9     0     3    -8.0   37.896  109.517    711.5    814.0
     1     1    21     2    13     8     0     2    -9.0   37.852  109.328    728.0    811.5
     1     1    21     2    13     7     0     1   -10.0   37.808  109.152    774.6    804.1
     1     1    21     2    13     6     0     0   -11.0   37.763  108.994    858.0    793.3
     1     1    21     2    13     5     0     1   -12.0   37.731  108.838    942.4    778.0
     1     1    21     2    13     4     0     2   -13.0   37.724  108.693    995.2    771.4
     1     1    21     2    13     3     0     3   -14.0   37.737  108.577   1026.3    767.5
     1     1    21     2    13     2     0     2   -15.0   37.769  108.475   1029.4    765.0
     1     1    21     2    13     1     0     1   -16.0   37.827  108.371   1000.5    767.5
     1     1    21     2    13     0     0     0   -17.0   37.920  108.266    960.6    771.9
     1     1    21     2    12    23     0     1   -18.0   38.036  108.157    927.7    774.4
     1     1    21     2    12    22     0     2   -19.0   38.161  108.039    903.5    773.6
     1     1    21     2    12    21     0     3   -20.0   38.294  107.906    878.9    773.9
     1     1    21     2    12    20     0     2   -21.0   38.426  107.755    853.3    778.2
     1     1    21     2    12    19     0     1   -22.0   38.556  107.582    836.2    782.7
     1     1    21     2    12    18     0     0   -23.0   38.686  107.386    827.9    787.4
     1     1    21     2    12    17     0     1   -24.0   38.819  107.180    836.1    793.3
     1     1    21     2    12    16     0     2   -25.0   38.954  106.973    895.7    794.3
     1     1    21     2    12    15     0     3   -26.0   39.086  106.757    987.9    764.5
     1     1    21     2    12    14     0     2   -27.0   39.212  106.516   1073.2    739.4
     1     1    21     2    12    13     0     1   -28.0   39.332  106.245   1149.5    725.6
     1     1    21     2    12    12     0     0   -29.0   39.458  105.949   1251.5    719.5
     1     1    21     2    12    11     0     1   -30.0   39.604  105.632   1357.8    721.3
     1     1    21     2    12    10     0     2   -31.0   39.772  105.297   1443.8    718.8
     1     1    21     2    12     9     0     3   -32.0   39.978  104.934   1521.5    703.0
     1     1    21     2    12     8     0     2   -33.0   40.176  104.516   1569.5    701.9
     1     1    21     2    12     7     0     1   -34.0   40.340  104.047   1533.9    709.8
     1     1    21     2    12     6     0     0   -35.0   40.489  103.555   1482.2    717.0
     1     1    21     2    12     5     0     1   -36.0   40.620  103.048   1494.7    709.2
     1     1    21     2    12     4     0     2   -37.0   40.729  102.557   1529.5    713.1
     1     1    21     2    12     3     0     3   -38.0   40.854  102.096   1536.4    724.9
     1     1    21     2    12     2     0     2   -39.0   40.977  101.676   1516.6    734.5
     1     1    21     2    12     1     0     1   -40.0   41.066  101.279   1500.7    742.9
     1     1    21     2    12     0     0     0   -41.0   41.149  100.882   1502.5    745.4
     1     1    21     2    11    23     0     1   -42.0   41.215  100.485   1503.1    740.6
     1     1    21     2    11    22     0     2   -43.0   41.246  100.096   1482.4    738.9
     1     1    21     2    11    21     0     3   -44.0   41.252   99.707   1423.6    733.9
     1     1    21     2    11    20     0     2   -45.0   41.255   99.313   1350.0    731.0
     1     1    21     2    11    19     0     1   -46.0   41.260   98.917   1290.9    726.2
     1     1    21     2    11    18     0     0   -47.0   41.248   98.514   1247.0    727.6
     1     1    21     2    11    17     0     1   -48.0   41.205   98.112   1208.3    728.8
     1     1    21     2    11    16     0     2   -49.0   41.121   97.737   1183.2    725.5
     1     1    21     2    11    15     0     3   -50.0   41.006   97.406   1193.9    716.1
     1     1    21     2    11    14     0     2   -51.0   40.916   97.088   1202.5    700.3
     1     1    21     2    11    13     0     1   -52.0   40.871   96.782   1154.0    702.1
     1     1    21     2    11    12     0     0   -53.0   40.853   96.524   1049.6    715.9
     1     1    21     2    11    11     0     1   -54.0   40.849   96.321    958.9    730.7
     1     1    21     2    11    10     0     2   -55.0   40.859   96.151    914.2    735.7
     1     1    21     2    11     9     0     3   -56.0   40.886   96.011    893.4    738.8
     1     1    21     2    11     8     0     2   -57.0   40.923   95.887    874.6    740.2
     1     1    21     2    11     7     0     1   -58.0   40.962   95.763    848.7    743.1
     1     1    21     2    11     6     0     0   -59.0   41.008   95.631    820.2    746.0
     1     1    21     2    11     5     0     1   -60.0   41.050   95.461    791.2    747.8
     1     1    21     2    11     4     0     2   -61.0   41.079   95.236    771.4    750.7
     1     1    21     2    11     3     0     3   -62.0   41.102   94.964    780.9    753.2
     1     1    21     2    11     2     0     2   -63.0   41.107   94.699    783.5    760.1
     1     1    21     2    11     1     0     1   -64.0   41.086   94.494    757.9    771.7
     1     1    21     2    11     0     0     0   -65.0   41.037   94.339    724.9    780.3
     1     1    21     2    10    23     0     1   -66.0   40.964   94.237    689.0    787.2
     1     1    21     2    10    22     0     2   -67.0   40.871   94.188    654.7    794.0
     1     1    21     2    10    21     0     3   -68.0   40.764   94.172    633.3    798.7
     1     1    21     2    10    20     0     2   -69.0   40.663   94.161    646.9    800.8
     1     1    21     2    10    19     0     1   -70.0   40.583   94.130    703.2    797.2
     1     1    21     2    10    18     0     0   -71.0   40.526   94.075    792.4    791.3
     1     1    21     2    10    17     0     1   -72.0   40.491   93.970    894.7    783.6
     1     1    21     2    10    16     0     2   -73.0   40.474   93.796    983.2    775.0
     1     1    21     2    10    15     0     3   -74.0   40.490   93.573   1039.4    769.9
     1     1    21     2    10    14     0     2   -75.0   40.542   93.312   1038.9    767.6
     1     1    21     2    10    13     0     1   -76.0   40.622   93.023    991.6    773.1
     1     1    21     2    10    12     0     0   -77.0   40.719   92.712    962.3    781.9
     1     1    21     2    10    11     0     1   -78.0   40.799   92.386    946.9    785.3
     1     1    21     2    10    10     0     2   -79.0   40.856   92.076    876.6    793.7
     1     1    21     2    10     9     0     3   -80.0   40.935   91.827    709.4    817.5
     1     1    21     2    10     8     0     2   -81.0   41.037   91.618    528.8    851.3
     1     1    21     2    10     7     0     1   -82.0   41.124   91.407    418.4    865.4
     1     1    21     2    10     6     0     0   -83.0   41.199   91.203    326.3    875.1
     1     1    21     2    10     5     0     1   -84.0   41.244   91.009    251.9    887.8
     1     1    21     2    10     4     0     2   -85.0   41.252   90.798    219.3    887.2
     1     1    21     2    10     3     0     3   -86.0   41.231   90.530    233.5    879.6
     1     1    21     2    10     2     0     2   -87.0   41.193   90.194    291.9    865.8
     1     1    21     2    10     1     0     1   -88.0   41.142   89.794    390.1    849.7
     1     1    21     2    10     0     0     0   -89.0   41.062   89.348    464.3    834.7
     1     1    21     2     9    23     0     1   -90.0   40.962   88.911    462.3    835.5
     1     1    21     2     9    22     0     2   -91.0   40.878   88.551    413.5    851.0
     1     1    21     2     9    21     0     3   -92.0   40.825   88.278    347.1    862.1
     1     1    21     2     9    20     0     2   -93.0   40.805   88.058    277.4    873.8
     1     1    21     2     9    19     0     1   -94.0   40.812   87.853    220.8    882.7
     1     1    21     2     9    18     0     0   -95.0   40.835   87.653    183.9    888.6
     1     1    21     2     9    17     0     1   -96.0   40.865   87.465    163.4    892.9
     1     1    21     2     9    16     0     2   -97.0   40.897   87.298    157.6    895.9
     1     1    21     2     9    15     0     3   -98.0   40.933   87.151    169.2    896.9
     1     1    21     2     9    14     0     2   -99.0   40.969   87.015    182.0    895.4
     1     1    21     2     9    13     0     1  -100.0   40.993   86.882    170.8    895.5
     1     1    21     2     9    12     0     0  -101.0   40.993   86.748    136.8    899.3
     1     1    21     2     9    11     0     1  -102.0   40.968   86.613    108.1    903.6
     1     1    21     2     9    10     0     2  -103.0   40.927   86.461    101.1    902.6
     1     1    21     2     9     9     0     3  -104.0   40.874   86.291    114.0    900.0
     1     1    21     2     9     8     0     2  -105.0   40.819   86.109    138.2    895.9
     1     1    21     2     9     7     0     1  -106.0   40.769   85.922    159.5    892.8
     1     1    21     2     9     6     0     0  -107.0   40.725   85.730    173.4    891.2
     1     1    21     2     9     5     0     1  -108.0   40.695   85.532    179.2    889.7
     1     1    21     2     9     4     0     2  -109.0   40.688   85.330    176.5    888.9
     1     1    21     2     9     3     0     3  -110.0   40.707   85.131    165.5    889.5
     1     1    21     2     9     2     0     2  -111.0   40.727   84.942    153.5    891.4
     1     1    21     2     9     1     0     1  -112.0   40.722   84.759    146.2    892.4
     1     1    21     2     9     0     0     0  -113.0   40.693   84.575    143.9    892.3
     1     1    21     2     8    23     0     1  -114.0   40.663   84.392    145.8    891.9
     1     1    21     2     8    22     0     2  -115.0   40.652   84.219    149.6    891.1
     1     1    21     2     8    21     0     3  -116.0   40.656   84.060    152.0    890.7
     1     1    21     2     8    20     0     2  -117.0   40.664   83.909    153.4    891.0
     1     1    21     2     8    19     0     1  -118.0   40.666   83.758    156.8    890.6
     1     1    21     2     8    18     0     0  -119.0   40.661   83.608    164.5    889.8
     1     1    21     2     8    17     0     1  -120.0   40.645   83.467    170.2    887.6
