     5     1
    GDAS    21     2     1     0     0
    GDAS    21     2     8     0     0
    GDAS    21     2    15     0     0
    GDAS    21     2    22     0     0
    GDAS    21     3     1     0     0
     1 BACKWARD OMEGA   
    21     2     3    11   37.820  111.540  1000.0
     1 PRESSURE
     1     1    21     2     3    11     0     1     0.0   37.820  111.540   1000.0    779.0
     1     1    21     2     3    10     0     2    -1.0   38.150  111.284   1197.7    766.7
     1     1    21     2     3     9     0     3    -2.0   38.497  111.005   1388.0    754.0
     1     1    21     2     3     8     0     2    -3.0   38.839  110.720   1488.1    741.4
     1     1    21     2     3     7     0     1    -4.0   39.191  110.409   1531.4    730.8
     1     1    21     2     3     6     0     0    -5.0   39.575  110.037   1587.6    713.3
     1     1    21     2     3     5     0     1    -6.0   39.996  109.605   1661.3    694.8
     1     1    21     2     3     4     0     2    -7.0   40.428  109.151   1725.7    696.1
     1     1    21     2     3     3     0     3    -8.0   40.820  108.710   1759.2    712.6
     1     1    21     2     3     2     0     2    -9.0   41.188  108.293   1757.4    713.6
     1     1    21     2     3     1     0     1   -10.0   41.590  107.888   1748.9    706.7
     1     1    21     2     3     0     0     0   -11.0   42.041  107.468   1768.9    701.5
     1     1    21     2     2    23     0     1   -12.0   42.487  107.037   1807.7    701.2
     1     1    21     2     2    22     0     2   -13.0   42.931  106.620   1809.6    694.3
     1     1    21     2     2    21     0     3   -14.0   43.424  106.211   1828.1    689.8
     1     1    21     2     2    20     0     2   -15.0   43.961  105.739   1978.7    669.3
     1     1    21     2     2    19     0     1   -16.0   44.510  105.210   2211.5    642.7
     1     1    21     2     2    18     0     0   -17.0   45.052  104.720   2309.6    633.7
     1     1    21     2     2    17     0     1   -18.0   45.581  104.261   2247.1    641.3
     1     1    21     2     2    16     0     2   -19.0   46.139  103.803   2123.5    634.2
     1     1    21     2     2    15     0     3   -20.0   46.713  103.350   2073.9    639.7
     1     1    21     2     2    14     0     2   -21.0   47.271  102.881   2149.9    623.4
     1     1    21     2     2    13     0     1   -22.0   47.809  102.421   2262.8    613.3
     1     1    21     2     2    12     0     0   -23.0   48.352  102.015   2389.3    608.0
     1     1    21     2     2    11     0     1   -24.0   48.894  101.650   2456.0    601.3
     1     1    21     2     2    10     0     2   -25.0   49.418  101.282   2488.2    600.0
     1     1    21     2     2     9     0     3   -26.0   49.966  100.917   2572.2    589.3
     1     1    21     2     2     8     0     2   -27.0   50.542  100.551   2591.3    563.5
     1     1    21     2     2     7     0     1   -28.0   51.136  100.149   2578.9    554.9
     1     1    21     2     2     6     0     0   -29.0   51.728   99.716   2560.9    546.8
     1     1    21     2     2     5     0     1   -30.0   52.291   99.253   2553.3    552.0
     1     1    21     2     2     4     0     2   -31.0   52.804   98.797   2566.4    560.1
     1     1    21     2     2     3     0     3   -32.0   53.231   98.386   2524.7    590.9
     1     1    21     2     2     2     0     2   -33.0   53.611   97.992   2446.4    610.9
     1     1    21     2     2     1     0     1   -34.0   53.998   97.570   2398.5    606.0
     1     1    21     2     2     0     0     0   -35.0   54.371   97.131   2442.4    619.1
     1     1    21     2     1    23     0     1   -36.0   54.702   96.665   2497.8    648.5
     1     1    21     2     1    22     0     2   -37.0   54.989   96.164   2513.1    677.4
     1     1    21     2     1    21     0     3   -38.0   55.234   95.646   2462.4    692.3
     1     1    21     2     1    20     0     2   -39.0   55.440   95.139   2400.1    706.2
     1     1    21     2     1    19     0     1   -40.0   55.617   94.666   2355.6    714.6
     1     1    21     2     1    18     0     0   -41.0   55.776   94.216   2352.3    717.7
     1     1    21     2     1    17     0     1   -42.0   55.927   93.775   2372.9    718.5
     1     1    21     2     1    16     0     2   -43.0   56.081   93.345   2372.1    722.8
     1     1    21     2     1    15     0     3   -44.0   56.231   92.929   2335.1    729.4
     1     1    21     2     1    14     0     2   -45.0   56.379   92.514   2276.7    732.2
     1     1    21     2     1    13     0     1   -46.0   56.530   92.087   2223.6    734.9
     1     1    21     2     1    12     0     0   -47.0   56.680   91.650   2183.0    744.1
     1     1    21     2     1    11     0     1   -48.0   56.808   91.212   2142.6    753.5
     1     1    21     2     1    10     0     2   -49.0   56.905   90.774   2103.9    760.3
     1     1    21     2     1     9     0     3   -50.0   56.982   90.326   2072.4    763.8
     1     1    21     2     1     8     0     2   -51.0   57.046   89.891   2040.1    767.5
     1     1    21     2     1     7     0     1   -52.0   57.093   89.492   2000.5    774.5
     1     1    21     2     1     6     0     0   -53.0   57.112   89.130   1950.4    781.7
     1     1    21     2     1     5     0     1   -54.0   57.124   88.811   1899.7    789.5
     1     1    21     2     1     4     0     2   -55.0   57.153   88.540   1865.2    793.6
     1     1    21     2     1     3     0     3   -56.0   57.197   88.311   1852.5    795.4
     1     1    21     2     1     2     0     2   -57.0   57.254   88.096   1854.0    794.5
     1     1    21     2     1     1     0     1   -58.0   57.321   87.871   1856.4    794.1
     1     1    21     2     1     0     0     0   -59.0   57.397   87.635   1852.7    794.5
