     5     1
    GDAS    21     2     1     0     0
    GDAS    21     2     8     0     0
    GDAS    21     2    15     0     0
    GDAS    21     2    22     0     0
    GDAS    21     3     1     0     0
     1 BACKWARD OMEGA   
    21     2     7    11   37.820  111.540  1500.0
     1 PRESSURE
     1     1    21     2     7    11     0     1     0.0   37.820  111.540   1500.0    732.8
     1     1    21     2     7    10     0     2    -1.0   38.031  111.330   1482.5    738.8
     1     1    21     2     7     9     0     3    -2.0   38.250  111.136   1491.4    743.4
     1     1    21     2     7     8     0     2    -3.0   38.476  110.942   1531.3    745.4
     1     1    21     2     7     7     0     1    -4.0   38.705  110.721   1589.2    738.2
     1     1    21     2     7     6     0     0    -5.0   38.943  110.457   1648.7    725.7
     1     1    21     2     7     5     0     1    -6.0   39.181  110.154   1690.7    711.9
     1     1    21     2     7     4     0     2    -7.0   39.411  109.806   1725.9    701.7
     1     1    21     2     7     3     0     3    -8.0   39.641  109.417   1769.0    692.2
     1     1    21     2     7     2     0     2    -9.0   39.870  108.991   1825.9    678.6
     1     1    21     2     7     1     0     1   -10.0   40.086  108.561   1907.6    680.7
     1     1    21     2     7     0     0     0   -11.0   40.296  108.147   2000.5    684.9
     1     1    21     2     6    23     0     1   -12.0   40.517  107.731   2072.5    678.8
     1     1    21     2     6    22     0     2   -13.0   40.741  107.299   2109.7    674.0
     1     1    21     2     6    21     0     3   -14.0   40.952  106.862   2133.9    672.1
     1     1    21     2     6    20     0     2   -15.0   41.144  106.432   2150.0    666.2
     1     1    21     2     6    19     0     1   -16.0   41.329  106.018   2164.8    666.6
     1     1    21     2     6    18     0     0   -17.0   41.527  105.597   2178.9    668.0
     1     1    21     2     6    17     0     1   -18.0   41.740  105.155   2191.5    667.4
     1     1    21     2     6    16     0     2   -19.0   41.952  104.708   2212.3    667.0
     1     1    21     2     6    15     0     3   -20.0   42.162  104.266   2234.8    660.9
     1     1    21     2     6    14     0     2   -21.0   42.379  103.812   2274.3    653.3
     1     1    21     2     6    13     0     1   -22.0   42.602  103.346   2322.9    646.4
     1     1    21     2     6    12     0     0   -23.0   42.824  102.892   2342.8    641.5
     1     1    21     2     6    11     0     1   -24.0   43.037  102.420   2331.4    627.2
     1     1    21     2     6    10     0     2   -25.0   43.242  101.893   2404.0    623.3
     1     1    21     2     6     9     0     3   -26.0   43.432  101.347   2526.4    617.7
     1     1    21     2     6     8     0     2   -27.0   43.604  100.824   2607.8    617.5
     1     1    21     2     6     7     0     1   -28.0   43.772  100.322   2696.0    619.0
     1     1    21     2     6     6     0     0   -29.0   43.948   99.826   2872.1    606.3
     1     1    21     2     6     5     0     1   -30.0   44.151   99.292   3001.3    570.1
     1     1    21     2     6     4     0     2   -31.0   44.370   98.728   2980.7    556.2
     1     1    21     2     6     3     0     3   -32.0   44.607   98.136   2897.0    535.6
     1     1    21     2     6     2     0     2   -33.0   44.848   97.522   2891.3    546.4
     1     1    21     2     6     1     0     1   -34.0   45.069   96.911   2949.4    567.9
     1     1    21     2     6     0     0     0   -35.0   45.271   96.316   2994.5    576.2
     1     1    21     2     5    23     0     1   -36.0   45.470   95.732   3035.0    570.8
     1     1    21     2     5    22     0     2   -37.0   45.671   95.154   3100.8    558.1
     1     1    21     2     5    21     0     3   -38.0   45.877   94.567   3150.7    538.1
     1     1    21     2     5    20     0     2   -39.0   46.107   93.915   3125.5    503.6
     1     1    21     2     5    19     0     1   -40.0   46.360   93.247   3182.4    514.9
     1     1    21     2     5    18     0     0   -41.0   46.623   92.612   3239.5    512.1
     1     1    21     2     5    17     0     1   -42.0   46.916   91.922   3376.3    471.3
     1     1    21     2     5    16     0     2   -43.0   47.232   91.139   3593.3    452.9
     1     1    21     2     5    15     0     3   -44.0   47.548   90.357   3673.3    456.5
     1     1    21     2     5    14     0     2   -45.0   47.878   89.553   3866.5    444.7
     1     1    21     2     5    13     0     1   -46.0   48.208   88.746   3858.1    464.0
     1     1    21     2     5    12     0     0   -47.0   48.525   87.889   3835.1    462.1
     1     1    21     2     5    11     0     1   -48.0   48.817   86.984   3938.9    468.8
     1     1    21     2     5    10     0     2   -49.0   49.091   86.060   3901.3    464.7
     1     1    21     2     5     9     0     3   -50.0   49.338   85.147   3928.6    477.7
     1     1    21     2     5     8     0     2   -51.0   49.540   84.264   4046.3    514.9
     1     1    21     2     5     7     0     1   -52.0   49.697   83.412   4090.9    539.8
     1     1    21     2     5     6     0     0   -53.0   49.830   82.580   4069.0    561.8
     1     1    21     2     5     5     0     1   -54.0   49.945   81.774   4017.6    577.1
     1     1    21     2     5     4     0     2   -55.0   50.056   80.982   3964.6    587.1
     1     1    21     2     5     3     0     3   -56.0   50.166   80.198   3935.8    590.0
     1     1    21     2     5     2     0     2   -57.0   50.261   79.417   3898.9    596.0
     1     1    21     2     5     1     0     1   -58.0   50.343   78.630   3829.7    601.0
     1     1    21     2     5     0     0     0   -59.0   50.425   77.822   3762.8    601.9
     1     1    21     2     4    23     0     1   -60.0   50.495   77.011   3732.9    597.6
     1     1    21     2     4    22     0     2   -61.0   50.545   76.202   3693.2    599.5
     1     1    21     2     4    21     0     3   -62.0   50.578   75.389   3617.5    605.2
     1     1    21     2     4    20     0     2   -63.0   50.608   74.585   3574.7    607.8
     1     1    21     2     4    19     0     1   -64.0   50.634   73.776   3549.0    607.8
     1     1    21     2     4    18     0     0   -65.0   50.663   72.960   3517.1    604.8
     1     1    21     2     4    17     0     1   -66.0   50.695   72.140   3497.9    616.3
     1     1    21     2     4    16     0     2   -67.0   50.719   71.301   3455.2    626.0
     1     1    21     2     4    15     0     3   -68.0   50.728   70.432   3421.9    631.5
     1     1    21     2     4    14     0     2   -69.0   50.726   69.561   3403.0    633.5
     1     1    21     2     4    13     0     1   -70.0   50.705   68.695   3383.8    635.9
     1     1    21     2     4    12     0     0   -71.0   50.659   67.836   3349.0    639.9
     1     1    21     2     4    11     0     1   -72.0   50.602   66.997   3307.7    643.2
     1     1    21     2     4    10     0     2   -73.0   50.541   66.196   3292.6    650.3
     1     1    21     2     4     9     0     3   -74.0   50.468   65.432   3301.9    655.5
     1     1    21     2     4     8     0     2   -75.0   50.391   64.695   3295.0    660.9
     1     1    21     2     4     7     0     1   -76.0   50.316   63.971   3275.9    664.7
     1     1    21     2     4     6     0     0   -77.0   50.238   63.263   3248.0    664.1
     1     1    21     2     4     5     0     1   -78.0   50.162   62.554   3245.0    664.2
     1     1    21     2     4     4     0     2   -79.0   50.100   61.830   3253.2    661.7
     1     1    21     2     4     3     0     3   -80.0   50.054   61.103   3243.1    654.1
     1     1    21     2     4     2     0     2   -81.0   50.016   60.371   3242.2    654.7
     1     1    21     2     4     1     0     1   -82.0   49.971   59.628   3264.3    653.4
     1     1    21     2     4     0     0     0   -83.0   49.919   58.879   3316.5    647.8
     1     1    21     2     3    23     0     1   -84.0   49.854   58.120   3329.9    637.8
     1     1    21     2     3    22     0     2   -85.0   49.795   57.366   3313.9    646.1
     1     1    21     2     3    21     0     3   -86.0   49.740   56.612   3308.2    652.3
     1     1    21     2     3    20     0     2   -87.0   49.680   55.854   3311.1    655.4
     1     1    21     2     3    19     0     1   -88.0   49.623   55.102   3319.1    660.5
     1     1    21     2     3    18     0     0   -89.0   49.572   54.370   3344.9    664.6
     1     1    21     2     3    17     0     1   -90.0   49.519   53.647   3382.1    664.1
     1     1    21     2     3    16     0     2   -91.0   49.473   52.919   3395.8    664.1
     1     1    21     2     3    15     0     3   -92.0   49.447   52.180   3384.6    666.6
     1     1    21     2     3    14     0     2   -93.0   49.424   51.421   3384.3    667.8
     1     1    21     2     3    13     0     1   -94.0   49.398   50.634   3405.7    665.0
     1     1    21     2     3    12     0     0   -95.0   49.374   49.812   3441.9    661.8
     1     1    21     2     3    11     0     1   -96.0   49.335   48.974   3484.4    658.1
     1     1    21     2     3    10     0     2   -97.0   49.282   48.138   3531.2    654.3
     1     1    21     2     3     9     0     3   -98.0   49.223   47.277   3575.4    650.4
     1     1    21     2     3     8     0     2   -99.0   49.156   46.375   3609.4    647.1
     1     1    21     2     3     7     0     1  -100.0   49.067   45.469   3630.4    645.9
     1     1    21     2     3     6     0     0  -101.0   48.947   44.561   3696.8    636.0
     1     1    21     2     3     5     0     1  -102.0   48.801   43.654   3692.5    631.7
     1     1    21     2     3     4     0     2  -103.0   48.640   42.769   3673.7    633.1
     1     1    21     2     3     3     0     3  -104.0   48.463   41.906   3623.2    635.9
     1     1    21     2     3     2     0     2  -105.0   48.281   41.065   3636.7    637.5
     1     1    21     2     3     1     0     1  -106.0   48.094   40.241   3659.3    627.3
     1     1    21     2     3     0     0     0  -107.0   47.908   39.428   3617.1    633.9
     1     1    21     2     2    23     0     1  -108.0   47.725   38.623   3617.1    636.4
     1     1    21     2     2    22     0     2  -109.0   47.552   37.853   3612.4    637.6
     1     1    21     2     2    21     0     3  -110.0   47.386   37.099   3619.8    638.0
     1     1    21     2     2    20     0     2  -111.0   47.221   36.360   3658.3    637.7
     1     1    21     2     2    19     0     1  -112.0   47.059   35.632   3712.2    631.5
     1     1    21     2     2    18     0     0  -113.0   46.899   34.902   3735.6    628.3
     1     1    21     2     2    17     0     1  -114.0   46.731   34.173   3742.4    631.5
     1     1    21     2     2    16     0     2  -115.0   46.544   33.451   3771.6    632.5
     1     1    21     2     2    15     0     3  -116.0   46.336   32.748   3801.1    630.2
     1     1    21     2     2    14     0     2  -117.0   46.110   32.075   3828.5    629.0
     1     1    21     2     2    13     0     1  -118.0   45.871   31.419   3850.5    625.4
     1     1    21     2     2    12     0     0  -119.0   45.631   30.774   3865.7    625.4
     1     1    21     2     2    11     0     1  -120.0   45.381   30.172   3893.2    623.4
