     5     1
    GDAS    21     2     1     0     0
    GDAS    21     2     8     0     0
    GDAS    21     2    15     0     0
    GDAS    21     2    22     0     0
    GDAS    21     3     1     0     0
     1 BACKWARD OMEGA   
    21     2    25    17   37.820  111.540   500.0
     1 PRESSURE
     1     1    21     2    25    17     0     1     0.0   37.820  111.540    500.0    829.1
     1     1    21     2    25    16     0     2    -1.0   37.732  111.689    445.7    834.2
     1     1    21     2    25    15     0     3    -2.0   37.658  111.836    391.2    839.5
     1     1    21     2    25    14     0     2    -3.0   37.604  111.978    326.3    845.3
     1     1    21     2    25    13     0     1    -4.0   37.574  112.122    261.5    854.2
     1     1    21     2    25    12     0     0    -5.0   37.563  112.271    211.4    859.8
     1     1    21     2    25    11     0     1    -6.0   37.556  112.413    178.6    863.8
     1     1    21     2    25    10     0     2    -7.0   37.538  112.536    155.2    866.5
     1     1    21     2    25     9     0     3    -8.0   37.507  112.642    134.9    869.6
     1     1    21     2    25     8     0     2    -9.0   37.469  112.730    116.1    872.0
     1     1    21     2    25     7     0     1   -10.0   37.431  112.801     98.4    874.2
     1     1    21     2    25     6     0     0   -11.0   37.390  112.855     81.8    876.4
     1     1    21     2    25     5     0     1   -12.0   37.350  112.898     70.6    879.3
     1     1    21     2    25     4     0     2   -13.0   37.319  112.940     66.8    880.5
     1     1    21     2    25     3     0     3   -14.0   37.297  112.982     68.3    881.0
     1     1    21     2    25     2     0     2   -15.0   37.293  113.030     73.2    882.1
     1     1    21     2    25     1     0     1   -16.0   37.313  113.088     79.6    884.6
     1     1    21     2    25     0     0     0   -17.0   37.357  113.154     88.4    887.3
     1     1    21     2    24    23     0     1   -18.0   37.408  113.216     97.7    888.9
     1     1    21     2    24    22     0     2   -19.0   37.451  113.262    104.6    890.5
     1     1    21     2    24    21     0     3   -20.0   37.485  113.293    109.8    891.4
     1     1    21     2    24    20     0     2   -21.0   37.511  113.314    115.1    892.9
     1     1    21     2    24    19     0     1   -22.0   37.529  113.330    121.9    893.8
     1     1    21     2    24    18     0     0   -23.0   37.541  113.341    130.5    894.2
     1     1    21     2    24    17     0     1   -24.0   37.552  113.355    141.1    893.8
     1     1    21     2    24    16     0     2   -25.0   37.568  113.383    154.5    893.9
     1     1    21     2    24    15     0     3   -26.0   37.589  113.423    171.0    894.7
     1     1    21     2    24    14     0     2   -27.0   37.616  113.473    191.5    895.7
     1     1    21     2    24    13     0     1   -28.0   37.651  113.530    216.8    896.9
     1     1    21     2    24    12     0     0   -29.0   37.695  113.596    246.2    898.7
     1     1    21     2    24    11     0     1   -30.0   37.732  113.677    250.3    901.4
     1     1    21     2    24    10     0     2   -31.0   37.749  113.778    192.5    915.3
     1     1    21     2    24     9     0     3   -32.0   37.751  113.896     84.4    938.3
     1     1    21     2    24     8     0     2   -33.0   37.754  114.023     23.2    956.7
     1     1    21     2    24     7     0     1   -34.0   37.759  114.147      0.0    964.3
     1     1    21     2    24     6     0     0   -35.0   37.764  114.270      0.0    971.8
     1     1    21     2    24     5     0     1   -36.0   37.772  114.382      0.0    980.0
     1     1    21     2    24     4     0     2   -37.0   37.785  114.474      0.0    987.0
     1     1    21     2    24     3     0     3   -38.0   37.808  114.547      0.0    992.8
     1     1    21     2    24     2     0     2   -39.0   37.841  114.605      0.0    996.5
     1     1    21     2    24     1     0     1   -40.0   37.881  114.651      0.0    999.6
     1     1    21     2    24     0     0     0   -41.0   37.928  114.687      0.0   1002.0
     1     1    21     2    23    23     0     1   -42.0   37.981  114.727      0.0   1004.7
     1     1    21     2    23    22     0     2   -43.0   38.037  114.785      0.0   1006.8
     1     1    21     2    23    21     0     3   -44.0   38.096  114.862      0.0   1009.0
     1     1    21     2    23    20     0     2   -45.0   38.149  114.952      0.0   1012.1
     1     1    21     2    23    19     0     1   -46.0   38.190  115.051      0.0   1013.9
     1     1    21     2    23    18     0     0   -47.0   38.219  115.157      0.0   1014.1
     1     1    21     2    23    17     0     1   -48.0   38.246  115.273      0.0   1015.0
     1     1    21     2    23    16     0     2   -49.0   38.276  115.402      0.0   1016.3
     1     1    21     2    23    15     0     3   -50.0   38.306  115.548      0.0   1018.2
     1     1    21     2    23    14     0     2   -51.0   38.332  115.713      0.0   1020.3
     1     1    21     2    23    13     0     1   -52.0   38.348  115.903      0.0   1023.1
     1     1    21     2    23    12     0     0   -53.0   38.349  116.126      0.0   1024.5
     1     1    21     2    23    11     0     1   -54.0   38.331  116.360      0.0   1024.5
     1     1    21     2    23    10     0     2   -55.0   38.296  116.591      0.1   1024.4
     1     1    21     2    23     9     0     3   -56.0   38.249  116.832      0.2   1024.3
     1     1    21     2    23     8     0     2   -57.0   38.191  117.093      0.4   1025.2
     1     1    21     2    23     7     0     1   -58.0   38.125  117.378      0.6   1026.2
     1     1    21     2    23     6     0     0   -59.0   38.051  117.690      0.8   1026.6
     1     1    21     2    23     5     0     1   -60.0   37.977  118.022      0.6   1027.7
     1     1    21     2    23     4     0     2   -61.0   37.918  118.353      0.2   1029.2
     1     1    21     2    23     3     0     3   -62.0   37.878  118.673      0.0   1030.0
     1     1    21     2    23     2     0     2   -63.0   37.853  118.985      0.0   1029.8
     1     1    21     2    23     1     0     1   -64.0   37.848  119.291      0.3   1029.2
     1     1    21     2    23     0     0     0   -65.0   37.869  119.590      1.2   1029.5
     1     1    21     2    22    23     0     1   -66.0   37.920  119.879      2.4   1030.8
     1     1    21     2    22    22     0     2   -67.0   38.006  120.155      3.4   1032.6
     1     1    21     2    22    21     0     3   -68.0   38.134  120.410      4.2   1032.5
     1     1    21     2    22    20     0     2   -69.0   38.291  120.640      4.9   1032.2
     1     1    21     2    22    19     0     1   -70.0   38.468  120.851      5.3   1032.0
     1     1    21     2    22    18     0     0   -71.0   38.665  121.044      5.6   1031.5
     1     1    21     2    22    17     0     1   -72.0   38.874  121.226      6.4   1030.7
     1     1    21     2    22    16     0     2   -73.0   39.084  121.404      7.7   1029.7
     1     1    21     2    22    15     0     3   -74.0   39.289  121.581      8.9   1027.8
     1     1    21     2    22    14     0     2   -75.0   39.496  121.748     10.5   1024.4
     1     1    21     2    22    13     0     1   -76.0   39.710  121.904     13.2   1019.8
     1     1    21     2    22    12     0     0   -77.0   39.924  122.065     18.3   1013.8
     1     1    21     2    22    11     0     1   -78.0   40.144  122.195     28.1   1012.7
     1     1    21     2    22    10     0     2   -79.0   40.390  122.260     37.0   1013.2
     1     1    21     2    22     9     0     3   -80.0   40.654  122.266     30.7   1015.4
     1     1    21     2    22     8     0     2   -81.0   40.912  122.242     14.6   1020.4
     1     1    21     2    22     7     0     1   -82.0   41.172  122.199      3.5   1020.5
     1     1    21     2    22     6     0     0   -83.0   41.452  122.125      1.0   1016.7
     1     1    21     2    22     5     0     1   -84.0   41.749  122.007      8.7   1011.5
     1     1    21     2    22     4     0     2   -85.0   42.064  121.821     42.3   1001.3
     1     1    21     2    22     3     0     3   -86.0   42.429  121.528    125.3    979.5
     1     1    21     2    22     2     0     2   -87.0   42.826  121.153    180.3    961.4
     1     1    21     2    22     1     0     1   -88.0   43.219  120.757    207.9    956.5
     1     1    21     2    22     0     0     0   -89.0   43.571  120.389    255.8    949.0
     1     1    21     2    21    23     0     1   -90.0   43.905  120.033    371.1    928.5
     1     1    21     2    21    22     0     2   -91.0   44.316  119.572    568.9    866.7
     1     1    21     2    21    21     0     3   -92.0   44.833  118.872    707.0    803.5
     1     1    21     2    21    20     0     2   -93.0   45.318  118.196    712.6    825.3
     1     1    21     2    21    19     0     1   -94.0   45.773  117.609    779.6    818.0
     1     1    21     2    21    18     0     0   -95.0   46.230  117.013    818.6    810.9
     1     1    21     2    21    17     0     1   -96.0   46.661  116.515    810.7    838.1
     1     1    21     2    21    16     0     2   -97.0   47.065  116.119    825.3    844.8
     1     1    21     2    21    15     0     3   -98.0   47.481  115.751    868.3    835.3
     1     1    21     2    21    14     0     2   -99.0   47.898  115.311    929.7    816.5
     1     1    21     2    21    13     0     1  -100.0   48.298  114.870    898.7    813.7
     1     1    21     2    21    12     0     0  -101.0   48.708  114.458    811.2    826.3
     1     1    21     2    21    11     0     1  -102.0   49.115  114.025    754.5    825.1
     1     1    21     2    21    10     0     2  -103.0   49.549  113.510    741.5    822.3
     1     1    21     2    21     9     0     3  -104.0   50.018  112.897    569.4    811.4
     1     1    21     2    21     8     0     2  -105.0   50.384  112.341    357.0    853.8
     1     1    21     2    21     7     0     1  -106.0   50.677  111.708    256.0    847.8
     1     1    21     2    21     6     0     0  -107.0   50.888  111.141    182.0    867.4
     1     1    21     2    21     5     0     1  -108.0   51.060  110.580    184.8    867.9
     1     1    21     2    21     4     0     2  -109.0   51.210  109.925    289.7    862.9
     1     1    21     2    21     3     0     3  -110.0   51.340  109.268    336.3    866.6
     1     1    21     2    21     2     0     2  -111.0   51.447  108.700    308.6    884.9
     1     1    21     2    21     1     0     1  -112.0   51.603  108.145    368.0    880.7
     1     1    21     2    21     0     0     0  -113.0   51.880  107.528    470.4    857.1
     1     1    21     2    20    23     0     1  -114.0   52.098  106.963    323.7    872.8
     1     1    21     2    20    22     0     2  -115.0   52.195  106.549     82.9    946.8
     1     1    21     2    20    21     0     3  -116.0   52.279  106.155      0.0    953.7
     1     1    21     2    20    20     0     2  -117.0   52.356  105.803      0.0    948.7
     1     1    21     2    20    19     0     1  -118.0   52.425  105.505      0.0    941.4
     1     1    21     2    20    18     0     0  -119.0   52.485  105.257      0.0    936.8
     1     1    21     2    20    17     0     1  -120.0   52.549  105.039      0.0    934.4
