     5     1
    GDAS    21     2     1     0     0
    GDAS    21     2     8     0     0
    GDAS    21     2    15     0     0
    GDAS    21     2    22     0     0
    GDAS    21     3     1     0     0
     1 BACKWARD OMEGA   
    21     2    17    17   37.820  111.540   500.0
     1 PRESSURE
     1     1    21     2    17    17     0     1     0.0   37.820  111.540    500.0    832.9
     1     1    21     2    17    16     0     2    -1.0   37.899  111.314    510.5    835.1
     1     1    21     2    17    15     0     3    -2.0   37.937  111.131    511.2    838.7
     1     1    21     2    17    14     0     2    -3.0   37.951  110.985    503.6    842.2
     1     1    21     2    17    13     0     1    -4.0   37.969  110.867    492.9    845.2
     1     1    21     2    17    12     0     0    -5.0   38.003  110.765    484.1    846.9
     1     1    21     2    17    11     0     1    -6.0   38.056  110.666    483.1    848.7
     1     1    21     2    17    10     0     2    -7.0   38.130  110.548    498.3    847.3
     1     1    21     2    17     9     0     3    -8.0   38.229  110.409    525.9    843.6
     1     1    21     2    17     8     0     2    -9.0   38.346  110.253    547.1    838.3
     1     1    21     2    17     7     0     1   -10.0   38.479  110.084    550.3    835.1
     1     1    21     2    17     6     0     0   -11.0   38.626  109.901    537.7    831.6
     1     1    21     2    17     5     0     1   -12.0   38.785  109.700    513.7    830.0
     1     1    21     2    17     4     0     2   -13.0   38.955  109.473    487.8    828.7
     1     1    21     2    17     3     0     3   -14.0   39.132  109.220    468.4    826.5
     1     1    21     2    17     2     0     2   -15.0   39.307  108.941    465.0    822.0
     1     1    21     2    17     1     0     1   -16.0   39.476  108.634    473.0    818.4
     1     1    21     2    17     0     0     0   -17.0   39.639  108.296    463.8    820.5
     1     1    21     2    16    23     0     1   -18.0   39.788  107.935    399.8    831.5
     1     1    21     2    16    22     0     2   -19.0   39.891  107.571    301.3    842.1
     1     1    21     2    16    21     0     3   -20.0   39.918  107.221    222.2    845.3
     1     1    21     2    16    20     0     2   -21.0   39.881  106.900    165.9    851.2
     1     1    21     2    16    19     0     1   -22.0   39.822  106.625    131.3    860.7
     1     1    21     2    16    18     0     0   -23.0   39.764  106.390    115.1    863.2
     1     1    21     2    16    17     0     1   -24.0   39.713  106.183    119.0    859.9
     1     1    21     2    16    16     0     2   -25.0   39.670  105.996    140.8    853.1
     1     1    21     2    16    15     0     3   -26.0   39.645  105.820    175.8    845.4
     1     1    21     2    16    14     0     2   -27.0   39.641  105.656    214.7    840.5
     1     1    21     2    16    13     0     1   -28.0   39.657  105.505    252.5    837.1
     1     1    21     2    16    12     0     0   -29.0   39.693  105.360    284.2    833.7
     1     1    21     2    16    11     0     1   -30.0   39.755  105.212    307.9    830.3
     1     1    21     2    16    10     0     2   -31.0   39.854  105.054    325.1    824.7
     1     1    21     2    16     9     0     3   -32.0   39.988  104.884    346.2    820.3
     1     1    21     2    16     8     0     2   -33.0   40.130  104.698    389.4    820.6
     1     1    21     2    16     7     0     1   -34.0   40.263  104.502    451.1    816.9
     1     1    21     2    16     6     0     0   -35.0   40.391  104.308    509.7    813.4
     1     1    21     2    16     5     0     1   -36.0   40.521  104.118    538.6    811.7
     1     1    21     2    16     4     0     2   -37.0   40.649  103.928    529.7    814.3
     1     1    21     2    16     3     0     3   -38.0   40.766  103.739    507.4    816.3
     1     1    21     2    16     2     0     2   -39.0   40.871  103.553    487.7    816.2
     1     1    21     2    16     1     0     1   -40.0   40.963  103.372    465.1    815.9
     1     1    21     2    16     0     0     0   -41.0   41.044  103.194    432.8    817.9
     1     1    21     2    15    23     0     1   -42.0   41.111  103.028    415.7    821.9
     1     1    21     2    15    22     0     2   -43.0   41.172  102.880    433.2    823.2
     1     1    21     2    15    21     0     3   -44.0   41.232  102.752    477.0    822.5
     1     1    21     2    15    20     0     2   -45.0   41.315  102.634    509.2    820.5
     1     1    21     2    15    19     0     1   -46.0   41.430  102.535    488.2    827.9
     1     1    21     2    15    18     0     0   -47.0   41.568  102.458    425.7    840.6
     1     1    21     2    15    17     0     1   -48.0   41.714  102.380    365.2    855.1
     1     1    21     2    15    16     0     2   -49.0   41.872  102.269    327.1    863.8
     1     1    21     2    15    15     0     3   -50.0   42.061  102.113    302.0    867.9
     1     1    21     2    15    14     0     2   -51.0   42.301  101.892    352.9    853.2
     1     1    21     2    15    13     0     1   -52.0   42.639  101.608    602.3    810.6
     1     1    21     2    15    12     0     0   -53.0   43.063  101.332    976.0    743.0
     1     1    21     2    15    11     0     1   -54.0   43.466  101.068   1248.7    725.9
     1     1    21     2    15    10     0     2   -55.0   43.829  100.777   1488.6    732.8
     1     1    21     2    15     9     0     3   -56.0   44.198  100.477   1791.6    694.6
     1     1    21     2    15     8     0     2   -57.0   44.622  100.179   2203.2    634.5
     1     1    21     2    15     7     0     1   -58.0   45.101   99.847   2801.6    555.1
     1     1    21     2    15     6     0     0   -59.0   45.545   99.424   3069.5    513.0
     1     1    21     2    15     5     0     1   -60.0   45.953   99.014   2835.9    560.8
     1     1    21     2    15     4     0     2   -61.0   46.437   98.604   2545.7    581.6
     1     1    21     2    15     3     0     3   -62.0   47.064   98.125   2643.4    533.5
     1     1    21     2    15     2     0     2   -63.0   47.718   97.540   3014.3    492.3
     1     1    21     2    15     1     0     1   -64.0   48.347   96.921   3230.4    494.0
     1     1    21     2    15     0     0     0   -65.0   48.957   96.314   3303.5    513.6
     1     1    21     2    14    23     0     1   -66.0   49.557   95.679   3351.3    533.3
     1     1    21     2    14    22     0     2   -67.0   50.145   95.010   3407.7    561.4
     1     1    21     2    14    21     0     3   -68.0   50.735   94.330   3516.7    553.8
     1     1    21     2    14    20     0     2   -69.0   51.353   93.613   3792.8    504.4
     1     1    21     2    14    19     0     1   -70.0   51.982   92.847   3931.5    508.0
     1     1    21     2    14    18     0     0   -71.0   52.600   92.027   3975.6    536.6
     1     1    21     2    14    17     0     1   -72.0   53.165   91.151   4060.4    556.1
     1     1    21     2    14    16     0     2   -73.0   53.695   90.258   3951.9    557.4
     1     1    21     2    14    15     0     3   -74.0   54.250   89.323   4029.9    535.8
     1     1    21     2    14    14     0     2   -75.0   54.808   88.339   4103.4    549.5
     1     1    21     2    14    13     0     1   -76.0   55.319   87.272   4199.4    571.0
     1     1    21     2    14    12     0     0   -77.0   55.820   86.189   4196.0    579.0
     1     1    21     2    14    11     0     1   -78.0   56.324   85.065   4176.7    584.5
     1     1    21     2    14    10     0     2   -79.0   56.806   83.863   4164.7    590.3
     1     1    21     2    14     9     0     3   -80.0   57.302   82.586   4162.1    590.2
     1     1    21     2    14     8     0     2   -81.0   57.761   81.212   4170.4    588.1
     1     1    21     2    14     7     0     1   -82.0   58.165   79.721   4187.5    587.0
     1     1    21     2    14     6     0     0   -83.0   58.564   78.199   4171.4    586.0
     1     1    21     2    14     5     0     1   -84.0   58.890   76.615   4140.5    590.1
     1     1    21     2    14     4     0     2   -85.0   59.151   74.993   4124.5    591.2
     1     1    21     2    14     3     0     3   -86.0   59.369   73.319   4123.1    590.6
     1     1    21     2    14     2     0     2   -87.0   59.480   71.631   4093.8    593.3
     1     1    21     2    14     1     0     1   -88.0   59.518   69.990   4050.8    596.3
     1     1    21     2    14     0     0     0   -89.0   59.504   68.374   3955.6    611.6
     1     1    21     2    13    23     0     1   -90.0   59.390   66.838   3832.0    621.1
     1     1    21     2    13    22     0     2   -91.0   59.210   65.399   3693.4    626.0
     1     1    21     2    13    21     0     3   -92.0   58.965   64.004   3358.3    651.3
     1     1    21     2    13    20     0     2   -93.0   58.665   62.762   3103.5    676.0
     1     1    21     2    13    19     0     1   -94.0   58.314   61.630   2977.7    682.3
     1     1    21     2    13    18     0     0   -95.0   57.891   60.544   2889.4    685.1
     1     1    21     2    13    17     0     1   -96.0   57.439   59.586   2868.2    679.2
     1     1    21     2    13    16     0     2   -97.0   56.954   58.781   2870.7    676.9
     1     1    21     2    13    15     0     3   -98.0   56.429   58.098   2841.6    683.6
     1     1    21     2    13    14     0     2   -99.0   55.901   57.506   2772.4    690.4
     1     1    21     2    13    13     0     1  -100.0   55.395   56.969   2701.3    706.7
     1     1    21     2    13    12     0     0  -101.0   54.895   56.512   2605.9    715.0
     1     1    21     2    13    11     0     1  -102.0   54.397   56.122   2466.2    726.8
     1     1    21     2    13    10     0     2  -103.0   53.881   55.765   2356.6    741.9
     1     1    21     2    13     9     0     3  -104.0   53.339   55.457   2300.8    745.0
     1     1    21     2    13     8     0     2  -105.0   52.795   55.210   2278.7    744.0
     1     1    21     2    13     7     0     1  -106.0   52.254   55.023   2314.1    749.9
     1     1    21     2    13     6     0     0  -107.0   51.721   54.888   2374.8    741.5
     1     1    21     2    13     5     0     1  -108.0   51.221   54.790   2359.3    739.5
     1     1    21     2    13     4     0     2  -109.0   50.753   54.723   2265.4    754.5
     1     1    21     2    13     3     0     3  -110.0   50.303   54.692   2167.2    767.6
     1     1    21     2    13     2     0     2  -111.0   49.875   54.691   2097.8    775.3
     1     1    21     2    13     1     0     1  -112.0   49.474   54.718   2050.9    782.1
     1     1    21     2    13     0     0     0  -113.0   49.098   54.783   2021.6    787.4
     1     1    21     2    12    23     0     1  -114.0   48.752   54.885   2007.2    788.5
     1     1    21     2    12    22     0     2  -115.0   48.436   55.009   2007.8    788.0
     1     1    21     2    12    21     0     3  -116.0   48.148   55.154   2028.0    785.6
     1     1    21     2    12    20     0     2  -117.0   47.891   55.307   2051.5    781.7
     1     1    21     2    12    19     0     1  -118.0   47.669   55.455   2070.6    781.6
     1     1    21     2    12    18     0     0  -119.0   47.481   55.600   2098.0    780.0
     1     1    21     2    12    17     0     1  -120.0   47.325   55.736   2147.7    776.2
