     5     1
    GDAS    21     2     1     0     0
    GDAS    21     2     8     0     0
    GDAS    21     2    15     0     0
    GDAS    21     2    22     0     0
    GDAS    21     3     1     0     0
     1 BACKWARD OMEGA   
    21     2     9    23   37.820  111.540  1000.0
     1 PRESSURE
     1     1    21     2     9    23     0     1     0.0   37.820  111.540   1000.0    778.4
     1     1    21     2     9    22     0     2    -1.0   37.833  111.412   1071.5    773.7
     1     1    21     2     9    21     0     3    -2.0   37.880  111.287   1163.5    766.7
     1     1    21     2     9    20     0     2    -3.0   37.962  111.163   1246.8    758.6
     1     1    21     2     9    19     0     1    -4.0   38.069  111.030   1279.2    758.7
     1     1    21     2     9    18     0     0    -5.0   38.187  110.886   1262.8    763.4
     1     1    21     2     9    17     0     1    -6.0   38.304  110.732   1248.5    769.5
     1     1    21     2     9    16     0     2    -7.0   38.428  110.566   1268.9    766.8
     1     1    21     2     9    15     0     3    -8.0   38.577  110.386   1321.9    760.0
     1     1    21     2     9    14     0     2    -9.0   38.760  110.181   1394.8    746.4
     1     1    21     2     9    13     0     1   -10.0   38.985  109.930   1474.7    731.2
     1     1    21     2     9    12     0     0   -11.0   39.254  109.618   1567.3    715.8
     1     1    21     2     9    11     0     1   -12.0   39.526  109.256   1658.8    700.1
     1     1    21     2     9    10     0     2   -13.0   39.777  108.849   1741.3    687.4
     1     1    21     2     9     9     0     3   -14.0   40.016  108.386   1815.5    689.0
     1     1    21     2     9     8     0     2   -15.0   40.253  107.912   1878.1    694.5
     1     1    21     2     9     7     0     1   -16.0   40.485  107.470   1910.4    689.2
     1     1    21     2     9     6     0     0   -17.0   40.696  107.036   1912.8    686.3
     1     1    21     2     9     5     0     1   -18.0   40.898  106.616   1896.7    689.3
     1     1    21     2     9     4     0     2   -19.0   41.105  106.223   1860.8    687.9
     1     1    21     2     9     3     0     3   -20.0   41.299  105.847   1804.1    696.3
     1     1    21     2     9     2     0     2   -21.0   41.485  105.491   1762.7    706.3
     1     1    21     2     9     1     0     1   -22.0   41.674  105.148   1753.7    705.8
     1     1    21     2     9     0     0     0   -23.0   41.856  104.811   1762.0    706.4
     1     1    21     2     8    23     0     1   -24.0   42.041  104.468   1778.9    704.9
     1     1    21     2     8    22     0     2   -25.0   42.239  104.105   1782.5    698.1
     1     1    21     2     8    21     0     3   -26.0   42.444  103.732   1782.7    695.3
     1     1    21     2     8    20     0     2   -27.0   42.646  103.362   1796.4    694.1
     1     1    21     2     8    19     0     1   -28.0   42.838  103.000   1818.4    693.1
     1     1    21     2     8    18     0     0   -29.0   43.029  102.635   1823.0    679.3
     1     1    21     2     8    17     0     1   -30.0   43.228  102.258   1830.7    673.2
     1     1    21     2     8    16     0     2   -31.0   43.423  101.886   1845.5    678.2
     1     1    21     2     8    15     0     3   -32.0   43.602  101.536   1872.1    685.5
     1     1    21     2     8    14     0     2   -33.0   43.774  101.203   1905.3    688.7
     1     1    21     2     8    13     0     1   -34.0   43.942  100.886   1943.7    690.4
     1     1    21     2     8    12     0     0   -35.0   44.111  100.595   1964.4    682.0
     1     1    21     2     8    11     0     1   -36.0   44.286  100.305   1956.9    670.1
     1     1    21     2     8    10     0     2   -37.0   44.483   99.997   1938.6    652.7
     1     1    21     2     8     9     0     3   -38.0   44.726   99.673   1974.6    635.2
     1     1    21     2     8     8     0     2   -39.0   45.013   99.321   2095.2    605.8
     1     1    21     2     8     7     0     1   -40.0   45.303   98.958   2249.1    597.5
     1     1    21     2     8     6     0     0   -41.0   45.579   98.611   2361.2    591.5
     1     1    21     2     8     5     0     1   -42.0   45.842   98.276   2437.2    592.6
     1     1    21     2     8     4     0     2   -43.0   46.100   97.941   2471.6    590.4
     1     1    21     2     8     3     0     3   -44.0   46.366   97.629   2500.0    571.7
     1     1    21     2     8     2     0     2   -45.0   46.633   97.328   2563.6    553.8
     1     1    21     2     8     1     0     1   -46.0   46.904   97.004   2643.5    543.0
     1     1    21     2     8     0     0     0   -47.0   47.195   96.656   2727.1    547.8
     1     1    21     2     7    23     0     1   -48.0   47.475   96.297   2796.6    556.9
     1     1    21     2     7    22     0     2   -49.0   47.717   95.922   2884.1    559.4
     1     1    21     2     7    21     0     3   -50.0   47.934   95.511   2984.8    549.6
     1     1    21     2     7    20     0     2   -51.0   48.140   95.075   3092.4    545.8
     1     1    21     2     7    19     0     1   -52.0   48.347   94.634   3187.3    555.7
     1     1    21     2     7    18     0     0   -53.0   48.567   94.212   3229.8    565.2
     1     1    21     2     7    17     0     1   -54.0   48.779   93.800   3249.4    571.9
     1     1    21     2     7    16     0     2   -55.0   48.961   93.355   3292.4    573.6
     1     1    21     2     7    15     0     3   -56.0   49.154   92.841   3317.3    572.4
     1     1    21     2     7    14     0     2   -57.0   49.353   92.278   3181.2    565.2
     1     1    21     2     7    13     0     1   -58.0   49.525   91.684   2994.3    575.0
     1     1    21     2     7    12     0     0   -59.0   49.695   91.044   2811.3    556.4
     1     1    21     2     7    11     0     1   -60.0   49.831   90.358   2769.2    554.6
     1     1    21     2     7    10     0     2   -61.0   49.905   89.597   2813.9    534.9
     1     1    21     2     7     9     0     3   -62.0   49.952   88.755   2738.8    538.6
     1     1    21     2     7     8     0     2   -63.0   49.911   87.837   2562.5    534.4
     1     1    21     2     7     7     0     1   -64.0   49.765   86.918   2455.7    559.3
     1     1    21     2     7     6     0     0   -65.0   49.542   85.977   2468.4    573.5
     1     1    21     2     7     5     0     1   -66.0   49.295   85.010   2587.4    579.4
     1     1    21     2     7     4     0     2   -67.0   49.057   84.207   2666.2    628.1
     1     1    21     2     7     3     0     3   -68.0   48.792   83.553   2675.8    661.6
     1     1    21     2     7     2     0     2   -69.0   48.507   82.866   2635.8    670.6
     1     1    21     2     7     1     0     1   -70.0   48.241   82.135   2458.5    681.2
     1     1    21     2     7     0     0     0   -71.0   47.972   81.454   2233.3    696.8
     1     1    21     2     6    23     0     1   -72.0   47.670   80.857   2068.9    722.6
     1     1    21     2     6    22     0     2   -73.0   47.355   80.249   1965.8    744.7
     1     1    21     2     6    21     0     3   -74.0   47.072   79.605   1943.8    763.9
     1     1    21     2     6    20     0     2   -75.0   46.807   79.052   2090.2    754.6
     1     1    21     2     6    19     0     1   -76.0   46.573   78.551   2238.6    719.6
     1     1    21     2     6    18     0     0   -77.0   46.415   78.001   2194.0    727.9
     1     1    21     2     6    17     0     1   -78.0   46.280   77.471   2062.2    748.6
     1     1    21     2     6    16     0     2   -79.0   46.133   77.012   1920.3    765.9
     1     1    21     2     6    15     0     3   -80.0   46.019   76.597   1842.5    782.8
     1     1    21     2     6    14     0     2   -81.0   45.940   76.185   1833.2    778.0
     1     1    21     2     6    13     0     1   -82.0   45.859   75.768   1820.1    776.8
     1     1    21     2     6    12     0     0   -83.0   45.791   75.328   1813.4    780.3
     1     1    21     2     6    11     0     1   -84.0   45.742   74.867   1843.9    778.1
     1     1    21     2     6    10     0     2   -85.0   45.673   74.414   1893.5    771.6
     1     1    21     2     6     9     0     3   -86.0   45.579   73.973   1962.9    766.3
     1     1    21     2     6     8     0     2   -87.0   45.484   73.516   2044.3    752.3
     1     1    21     2     6     7     0     1   -88.0   45.392   73.044   2131.6    740.4
     1     1    21     2     6     6     0     0   -89.0   45.293   72.585   2226.1    733.6
     1     1    21     2     6     5     0     1   -90.0   45.192   72.133   2286.1    732.5
     1     1    21     2     6     4     0     2   -91.0   45.086   71.686   2305.1    736.3
     1     1    21     2     6     3     0     3   -92.0   44.972   71.260   2302.7    737.9
     1     1    21     2     6     2     0     2   -93.0   44.850   70.851   2290.6    740.0
     1     1    21     2     6     1     0     1   -94.0   44.715   70.451   2279.0    742.0
     1     1    21     2     6     0     0     0   -95.0   44.586   70.067   2263.7    743.2
     1     1    21     2     5    23     0     1   -96.0   44.468   69.694   2244.9    744.4
     1     1    21     2     5    22     0     2   -97.0   44.349   69.315   2214.6    744.8
     1     1    21     2     5    21     0     3   -98.0   44.236   68.931   2160.2    746.7
     1     1    21     2     5    20     0     2   -99.0   44.107   68.543   2118.5    738.4
     1     1    21     2     5    19     0     1  -100.0   43.945   68.154   2142.8    719.6
     1     1    21     2     5    18     0     0  -101.0   43.767   67.776   2233.8    722.3
     1     1    21     2     5    17     0     1  -102.0   43.581   67.422   2296.4    733.3
     1     1    21     2     5    16     0     2  -103.0   43.386   67.085   2290.9    749.3
     1     1    21     2     5    15     0     3  -104.0   43.185   66.745   2241.3    756.6
     1     1    21     2     5    14     0     2  -105.0   42.976   66.403   2175.4    761.2
     1     1    21     2     5    13     0     1  -106.0   42.747   66.066   2109.4    765.6
     1     1    21     2     5    12     0     0  -107.0   42.495   65.736   2041.6    771.2
     1     1    21     2     5    11     0     1  -108.0   42.221   65.424   1975.2    779.1
     1     1    21     2     5    10     0     2  -109.0   41.920   65.137   1940.3    785.5
     1     1    21     2     5     9     0     3  -110.0   41.607   64.891   1925.4    786.5
     1     1    21     2     5     8     0     2  -111.0   41.296   64.699   1884.2    789.3
     1     1    21     2     5     7     0     1  -112.0   40.996   64.560   1817.1    796.4
     1     1    21     2     5     6     0     0  -113.0   40.702   64.464   1757.7    801.0
     1     1    21     2     5     5     0     1  -114.0   40.421   64.396   1719.5    802.9
     1     1    21     2     5     4     0     2  -115.0   40.163   64.353   1699.5    804.7
     1     1    21     2     5     3     0     3  -116.0   39.932   64.333   1702.9    804.6
     1     1    21     2     5     2     0     2  -117.0   39.730   64.312   1715.5    802.6
     1     1    21     2     5     1     0     1  -118.0   39.551   64.269   1722.0    803.0
     1     1    21     2     5     0     0     0  -119.0   39.394   64.207   1724.7    803.8
     1     1    21     2     4    23     0     1  -120.0   39.243   64.122   1727.8    804.8
