     5     1
    GDAS    21     2     1     0     0
    GDAS    21     2     8     0     0
    GDAS    21     2    15     0     0
    GDAS    21     2    22     0     0
    GDAS    21     3     1     0     0
     1 BACKWARD OMEGA   
    21     2     1    11   37.820  111.540  1500.0
     1 PRESSURE
     1     1    21     2     1    11     0     1     0.0   37.820  111.540   1500.0    727.0
     1     1    21     2     1    10     0     2    -1.0   38.139  110.941   1594.9    730.6
     1     1    21     2     1     9     0     3    -2.0   38.475  110.351   1654.3    718.5
     1     1    21     2     1     8     0     2    -3.0   38.819  109.766   1665.8    709.8
     1     1    21     2     1     7     0     1    -4.0   39.180  109.123   1709.2    698.2
     1     1    21     2     1     6     0     0    -5.0   39.558  108.425   1782.5    684.7
     1     1    21     2     1     5     0     1    -6.0   39.932  107.741   1838.0    684.8
     1     1    21     2     1     4     0     2    -7.0   40.296  107.072   1818.1    679.5
     1     1    21     2     1     3     0     3    -8.0   40.636  106.464   1782.7    697.1
     1     1    21     2     1     2     0     2    -9.0   40.988  105.873   1810.3    688.3
     1     1    21     2     1     1     0     1   -10.0   41.364  105.232   1880.0    680.0
     1     1    21     2     1     0     0     0   -11.0   41.694  104.667   1858.0    684.4
