     5     1
    GDAS    21     2     1     0     0
    GDAS    21     2     8     0     0
    GDAS    21     2    15     0     0
    GDAS    21     2    22     0     0
    GDAS    21     3     1     0     0
     1 BACKWARD OMEGA   
    21     2    25    23   37.820  111.540  1500.0
     1 PRESSURE
     1     1    21     2    25    23     0     1     0.0   37.820  111.540   1500.0    729.9
     1     1    21     2    25    22     0     2    -1.0   37.608  111.815   1528.6    727.0
     1     1    21     2    25    21     0     3    -2.0   37.472  112.106   1576.3    726.0
     1     1    21     2    25    20     0     2    -3.0   37.399  112.389   1629.9    721.6
     1     1    21     2    25    19     0     1    -4.0   37.378  112.640   1671.3    718.9
     1     1    21     2    25    18     0     0    -5.0   37.408  112.850   1707.2    716.5
     1     1    21     2    25    17     0     1    -6.0   37.468  113.032   1726.8    714.7
     1     1    21     2    25    16     0     2    -7.0   37.536  113.216   1712.7    726.2
     1     1    21     2    25    15     0     3    -8.0   37.603  113.420   1662.3    743.4
     1     1    21     2    25    14     0     2    -9.0   37.673  113.647   1623.6    765.4
     1     1    21     2    25    13     0     1   -10.0   37.747  113.884   1641.5    779.4
     1     1    21     2    25    12     0     0   -11.0   37.827  114.117   1712.7    786.9
     1     1    21     2    25    11     0     1   -12.0   37.924  114.329   1806.2    786.6
     1     1    21     2    25    10     0     2   -13.0   38.041  114.511   1885.9    785.9
     1     1    21     2    25     9     0     3   -14.0   38.172  114.654   1931.6    781.6
     1     1    21     2    25     8     0     2   -15.0   38.316  114.756   1937.7    780.8
     1     1    21     2    25     7     0     1   -16.0   38.471  114.818   1908.8    781.0
     1     1    21     2    25     6     0     0   -17.0   38.635  114.848   1848.1    782.8
     1     1    21     2    25     5     0     1   -18.0   38.796  114.866   1778.7    787.0
     1     1    21     2    25     4     0     2   -19.0   38.948  114.891   1738.7    788.8
     1     1    21     2    25     3     0     3   -20.0   39.102  114.918   1742.4    779.8
     1     1    21     2    25     2     0     2   -21.0   39.263  114.914   1746.9    761.1
     1     1    21     2    25     1     0     1   -22.0   39.435  114.859   1712.0    748.6
     1     1    21     2    25     0     0     0   -23.0   39.621  114.762   1638.8    739.4
     1     1    21     2    24    23     0     1   -24.0   39.827  114.638   1491.1    736.2
     1     1    21     2    24    22     0     2   -25.0   40.057  114.516   1218.6    752.2
     1     1    21     2    24    21     0     3   -26.0   40.286  114.394    925.6    788.4
     1     1    21     2    24    20     0     2   -27.0   40.484  114.256    733.1    809.7
     1     1    21     2    24    19     0     1   -28.0   40.654  114.092    629.8    811.8
     1     1    21     2    24    18     0     0   -29.0   40.803  113.894    556.0    810.6
     1     1    21     2    24    17     0     1   -30.0   40.931  113.688    478.6    810.4
     1     1    21     2    24    16     0     2   -31.0   41.034  113.511    404.8    815.5
     1     1    21     2    24    15     0     3   -32.0   41.110  113.371    352.4    819.5
     1     1    21     2    24    14     0     2   -33.0   41.156  113.255    319.2    820.4
     1     1    21     2    24    13     0     1   -34.0   41.168  113.155    297.0    821.0
     1     1    21     2    24    12     0     0   -35.0   41.145  113.065    283.4    820.7
     1     1    21     2    24    11     0     1   -36.0   41.089  112.989    273.3    820.1
     1     1    21     2    24    10     0     2   -37.0   41.006  112.937    261.7    820.3
     1     1    21     2    24     9     0     3   -38.0   40.898  112.917    246.7    823.3
     1     1    21     2    24     8     0     2   -39.0   40.800  112.923    223.0    827.0
     1     1    21     2    24     7     0     1   -40.0   40.731  112.947    190.2    832.1
     1     1    21     2    24     6     0     0   -41.0   40.685  112.989    154.3    837.5
     1     1    21     2    24     5     0     1   -42.0   40.653  113.037    124.8    843.9
     1     1    21     2    24     4     0     2   -43.0   40.627  113.070    106.1    847.6
     1     1    21     2    24     3     0     3   -44.0   40.606  113.087     95.2    850.2
     1     1    21     2    24     2     0     2   -45.0   40.586  113.092     86.8    850.6
     1     1    21     2    24     1     0     1   -46.0   40.561  113.093     77.5    851.5
     1     1    21     2    24     0     0     0   -47.0   40.532  113.091     67.8    852.7
     1     1    21     2    23    23     0     1   -48.0   40.498  113.086     59.8    854.7
     1     1    21     2    23    22     0     2   -49.0   40.456  113.080     55.1    856.2
     1     1    21     2    23    21     0     3   -50.0   40.409  113.071     52.9    857.4
     1     1    21     2    23    20     0     2   -51.0   40.359  113.065     52.2    858.2
     1     1    21     2    23    19     0     1   -52.0   40.309  113.068     51.7    859.3
     1     1    21     2    23    18     0     0   -53.0   40.259  113.078     51.3    860.6
     1     1    21     2    23    17     0     1   -54.0   40.210  113.102     49.9    862.5
     1     1    21     2    23    16     0     2   -55.0   40.165  113.146     46.3    865.1
     1     1    21     2    23    15     0     3   -56.0   40.125  113.211     40.7    868.5
     1     1    21     2    23    14     0     2   -57.0   40.088  113.289     33.0    872.0
     1     1    21     2    23    13     0     1   -58.0   40.051  113.373     23.7    876.0
     1     1    21     2    23    12     0     0   -59.0   40.014  113.464     15.1    880.3
     1     1    21     2    23    11     0     1   -60.0   39.973  113.556      9.2    884.1
     1     1    21     2    23    10     0     2   -61.0   39.923  113.641      5.7    887.0
     1     1    21     2    23     9     0     3   -62.0   39.864  113.720      2.4    890.0
     1     1    21     2    23     8     0     2   -63.0   39.809  113.806      0.0    894.1
     1     1    21     2    23     7     0     1   -64.0   39.773  113.914      0.0    898.7
     1     1    21     2    23     6     0     0   -65.0   39.760  114.047      0.0    902.1
     1     1    21     2    23     5     0     1   -66.0   39.748  114.182      0.0    901.9
     1     1    21     2    23     4     0     2   -67.0   39.722  114.299      0.0    903.0
     1     1    21     2    23     3     0     3   -68.0   39.688  114.400      0.0    905.4
     1     1    21     2    23     2     0     2   -69.0   39.653  114.500      0.0    908.0
     1     1    21     2    23     1     0     1   -70.0   39.625  114.612      0.0    910.6
     1     1    21     2    23     0     0     0   -71.0   39.604  114.734      0.8    913.1
     1     1    21     2    22    23     0     1   -72.0   39.584  114.852      2.4    915.9
     1     1    21     2    22    22     0     2   -73.0   39.555  114.952      3.9    920.0
     1     1    21     2    22    21     0     3   -74.0   39.517  115.034      4.5    927.4
     1     1    21     2    22    20     0     2   -75.0   39.474  115.100      3.7    937.4
     1     1    21     2    22    19     0     1   -76.0   39.429  115.152      2.2    946.3
     1     1    21     2    22    18     0     0   -77.0   39.382  115.187      0.2    954.0
     1     1    21     2    22    17     0     1   -78.0   39.338  115.216      0.0    960.9
     1     1    21     2    22    16     0     2   -79.0   39.299  115.250      0.0    967.1
     1     1    21     2    22    15     0     3   -80.0   39.265  115.289      0.0    972.9
     1     1    21     2    22    14     0     2   -81.0   39.223  115.332      0.0    978.0
     1     1    21     2    22    13     0     1   -82.0   39.163  115.372      0.0    984.4
     1     1    21     2    22    12     0     0   -83.0   39.082  115.410      0.0    992.1
     1     1    21     2    22    11     0     1   -84.0   38.995  115.459      0.0   1001.5
     1     1    21     2    22    10     0     2   -85.0   38.922  115.539      0.0   1006.0
     1     1    21     2    22     9     0     3   -86.0   38.868  115.654      0.0   1011.0
     1     1    21     2    22     8     0     2   -87.0   38.827  115.792      0.0   1015.9
     1     1    21     2    22     7     0     1   -88.0   38.793  115.940      0.0   1020.7
     1     1    21     2    22     6     0     0   -89.0   38.766  116.098      0.0   1022.4
     1     1    21     2    22     5     0     1   -90.0   38.751  116.267      0.0   1023.6
     1     1    21     2    22     4     0     2   -91.0   38.761  116.449      0.0   1024.9
     1     1    21     2    22     3     0     3   -92.0   38.804  116.642      0.0   1026.4
     1     1    21     2    22     2     0     2   -93.0   38.866  116.837      0.0   1025.3
     1     1    21     2    22     1     0     1   -94.0   38.922  117.030      0.0   1024.0
     1     1    21     2    22     0     0     0   -95.0   38.971  117.234      0.0   1022.6
     1     1    21     2    21    23     0     1   -96.0   39.022  117.455      0.0   1021.3
     1     1    21     2    21    22     0     2   -97.0   39.085  117.685      0.0   1019.5
     1     1    21     2    21    21     0     3   -98.0   39.157  117.924      1.1   1017.4
     1     1    21     2    21    20     0     2   -99.0   39.248  118.198      4.3   1015.0
     1     1    21     2    21    19     0     1  -100.0   39.384  118.519     10.7   1012.4
     1     1    21     2    21    18     0     0  -101.0   39.583  118.858     33.9   1008.1
     1     1    21     2    21    17     0     1  -102.0   39.845  119.180    105.9    997.0
     1     1    21     2    21    16     0     2  -103.0   40.155  119.480    178.3    977.0
     1     1    21     2    21    15     0     3  -104.0   40.486  119.773    219.0    958.8
     1     1    21     2    21    14     0     2  -105.0   40.794  119.999    224.2    946.3
     1     1    21     2    21    13     0     1  -106.0   41.057  120.125    200.0    942.0
     1     1    21     2    21    12     0     0  -107.0   41.321  120.187    182.1    938.3
     1     1    21     2    21    11     0     1  -108.0   41.650  120.208    220.9    922.7
     1     1    21     2    21    10     0     2  -109.0   42.070  120.139    377.1    893.2
     1     1    21     2    21     9     0     3  -110.0   42.508  119.969    589.8    867.6
     1     1    21     2    21     8     0     2  -111.0   42.888  119.738    667.7    863.4
     1     1    21     2    21     7     0     1  -112.0   43.219  119.446    666.2    864.9
     1     1    21     2    21     6     0     0  -113.0   43.524  119.116    661.0    843.9
     1     1    21     2    21     5     0     1  -114.0   43.812  118.770    690.8    829.2
     1     1    21     2    21     4     0     2  -115.0   44.132  118.368    784.2    807.4
     1     1    21     2    21     3     0     3  -116.0   44.501  117.985    811.0    797.4
     1     1    21     2    21     2     0     2  -117.0   44.873  117.682    710.1    808.9
     1     1    21     2    21     1     0     1  -118.0   45.245  117.401    587.4    828.7
     1     1    21     2    21     0     0     0  -119.0   45.653  117.155    526.4    832.8
     1     1    21     2    20    23     0     1  -120.0   46.055  116.951    519.8    835.4
