     5     1
    GDAS    21     2     1     0     0
    GDAS    21     2     8     0     0
    GDAS    21     2    15     0     0
    GDAS    21     2    22     0     0
    GDAS    21     3     1     0     0
     1 BACKWARD OMEGA   
    21     2    23    17   37.820  111.540  1500.0
     1 PRESSURE
     1     1    21     2    23    17     0     1     0.0   37.820  111.540   1500.0    729.1
     1     1    21     2    23    16     0     2    -1.0   37.823  111.352   1560.5    728.1
     1     1    21     2    23    15     0     3    -2.0   37.846  111.125   1683.1    720.7
     1     1    21     2    23    14     0     2    -3.0   37.858  110.871   1839.2    705.6
     1     1    21     2    23    13     0     1    -4.0   37.819  110.615   1947.6    694.4
     1     1    21     2    23    12     0     0    -5.0   37.750  110.368   1992.7    692.5
     1     1    21     2    23    11     0     1    -6.0   37.667  110.134   1949.5    696.0
     1     1    21     2    23    10     0     2    -7.0   37.565  109.924   1821.4    710.8
     1     1    21     2    23     9     0     3    -8.0   37.430  109.721   1692.5    722.4
     1     1    21     2    23     8     0     2    -9.0   37.275  109.502   1617.3    724.1
     1     1    21     2    23     7     0     1   -10.0   37.124  109.263   1583.8    717.8
     1     1    21     2    23     6     0     0   -11.0   36.978  109.020   1567.7    710.5
     1     1    21     2    23     5     0     1   -12.0   36.832  108.778   1568.4    710.8
     1     1    21     2    23     4     0     2   -13.0   36.687  108.526   1587.8    710.6
     1     1    21     2    23     3     0     3   -14.0   36.539  108.260   1656.8    707.8
     1     1    21     2    23     2     0     2   -15.0   36.385  107.972   1788.1    695.9
     1     1    21     2    23     1     0     1   -16.0   36.231  107.666   1873.8    680.1
     1     1    21     2    23     0     0     0   -17.0   36.061  107.384   1765.6    683.0
     1     1    21     2    22    23     0     1   -18.0   35.857  107.150   1575.0    714.4
     1     1    21     2    22    22     0     2   -19.0   35.639  106.930   1514.8    719.8
     1     1    21     2    22    21     0     3   -20.0   35.440  106.709   1555.6    706.4
     1     1    21     2    22    20     0     2   -21.0   35.277  106.493   1604.0    692.3
     1     1    21     2    22    19     0     1   -22.0   35.138  106.290   1611.3    687.6
     1     1    21     2    22    18     0     0   -23.0   35.015  106.099   1597.5    685.6
     1     1    21     2    22    17     0     1   -24.0   34.877  105.918   1588.3    685.5
     1     1    21     2    22    16     0     2   -25.0   34.713  105.751   1600.6    684.7
     1     1    21     2    22    15     0     3   -26.0   34.553  105.603   1629.2    681.2
     1     1    21     2    22    14     0     2   -27.0   34.415  105.473   1658.9    675.7
     1     1    21     2    22    13     0     1   -28.0   34.295  105.356   1679.0    671.4
     1     1    21     2    22    12     0     0   -29.0   34.190  105.247   1697.1    667.4
     1     1    21     2    22    11     0     1   -30.0   34.097  105.148   1727.9    662.0
     1     1    21     2    22    10     0     2   -31.0   34.011  105.055   1768.2    654.4
     1     1    21     2    22     9     0     3   -32.0   33.922  104.960   1808.8    647.1
     1     1    21     2    22     8     0     2   -33.0   33.819  104.867   1796.3    639.0
     1     1    21     2    22     7     0     1   -34.0   33.702  104.799   1720.7    642.9
     1     1    21     2    22     6     0     0   -35.0   33.581  104.758   1622.4    648.8
     1     1    21     2    22     5     0     1   -36.0   33.454  104.739   1531.3    655.8
     1     1    21     2    22     4     0     2   -37.0   33.312  104.731   1450.6    660.6
     1     1    21     2    22     3     0     3   -38.0   33.161  104.733   1353.0    668.2
     1     1    21     2    22     2     0     2   -39.0   33.016  104.743   1253.3    679.6
     1     1    21     2    22     1     0     1   -40.0   32.883  104.759   1178.3    697.1
     1     1    21     2    22     0     0     0   -41.0   32.761  104.784   1115.3    715.6
     1     1    21     2    21    23     0     1   -42.0   32.662  104.815   1060.4    732.8
     1     1    21     2    21    22     0     2   -43.0   32.592  104.851   1014.7    747.5
     1     1    21     2    21    21     0     3   -44.0   32.545  104.889    980.9    759.8
     1     1    21     2    21    20     0     2   -45.0   32.513  104.924    962.5    769.6
     1     1    21     2    21    19     0     1   -46.0   32.488  104.950    961.9    775.5
     1     1    21     2    21    18     0     0   -47.0   32.470  104.968    977.8    778.1
     1     1    21     2    21    17     0     1   -48.0   32.458  104.983   1006.3    778.4
     1     1    21     2    21    16     0     2   -49.0   32.450  105.001   1044.0    778.1
     1     1    21     2    21    15     0     3   -50.0   32.448  105.021   1090.5    774.7
     1     1    21     2    21    14     0     2   -51.0   32.448  105.042   1146.4    769.6
     1     1    21     2    21    13     0     1   -52.0   32.449  105.066   1210.3    763.7
     1     1    21     2    21    12     0     0   -53.0   32.454  105.090   1283.9    756.9
     1     1    21     2    21    11     0     1   -54.0   32.459  105.116   1357.0    749.5
     1     1    21     2    21    10     0     2   -55.0   32.458  105.138   1419.9    744.7
     1     1    21     2    21     9     0     3   -56.0   32.445  105.152   1471.9    740.6
     1     1    21     2    21     8     0     2   -57.0   32.426  105.153   1508.9    738.3
     1     1    21     2    21     7     0     1   -58.0   32.408  105.144   1529.4    737.4
     1     1    21     2    21     6     0     0   -59.0   32.390  105.130   1534.6    737.8
     1     1    21     2    21     5     0     1   -60.0   32.372  105.116   1527.8    739.9
     1     1    21     2    21     4     0     2   -61.0   32.353  105.108   1512.6    742.7
     1     1    21     2    21     3     0     3   -62.0   32.336  105.105   1489.7    746.4
     1     1    21     2    21     2     0     2   -63.0   32.323  105.107   1458.9    749.7
     1     1    21     2    21     1     0     1   -64.0   32.317  105.112   1420.7    753.5
     1     1    21     2    21     0     0     0   -65.0   32.317  105.116   1377.7    757.2
     1     1    21     2    20    23     0     1   -66.0   32.330  105.116   1348.9    760.4
     1     1    21     2    20    22     0     2   -67.0   32.366  105.116   1346.5    757.9
     1     1    21     2    20    21     0     3   -68.0   32.425  105.122   1363.8    752.1
     1     1    21     2    20    20     0     2   -69.0   32.490  105.122   1390.8    745.1
     1     1    21     2    20    19     0     1   -70.0   32.546  105.105   1432.4    738.2
     1     1    21     2    20    18     0     0   -71.0   32.592  105.070   1498.9    728.1
     1     1    21     2    20    17     0     1   -72.0   32.622  105.012   1565.1    715.5
     1     1    21     2    20    16     0     2   -73.0   32.633  104.920   1605.4    700.5
     1     1    21     2    20    15     0     3   -74.0   32.644  104.776   1648.8    677.6
     1     1    21     2    20    14     0     2   -75.0   32.682  104.574   1743.6    640.8
     1     1    21     2    20    13     0     1   -76.0   32.779  104.279   1920.7    578.7
     1     1    21     2    20    12     0     0   -77.0   32.950  103.776   2274.5    501.2
     1     1    21     2    20    11     0     1   -78.0   33.094  103.181   2737.6    453.1
     1     1    21     2    20    10     0     2   -79.0   33.191  102.661   3126.8    429.3
     1     1    21     2    20     9     0     3   -80.0   33.282  102.219   3450.4    406.1
     1     1    21     2    20     8     0     2   -81.0   33.376  101.831   3634.6    389.7
     1     1    21     2    20     7     0     1   -82.0   33.506  101.490   3742.0    379.2
     1     1    21     2    20     6     0     0   -83.0   33.678  101.153   3881.4    365.5
     1     1    21     2    20     5     0     1   -84.0   33.874  100.815   4033.7    350.5
     1     1    21     2    20     4     0     2   -85.0   34.072  100.504   4130.6    343.7
     1     1    21     2    20     3     0     3   -86.0   34.265  100.211   4181.7    342.6
     1     1    21     2    20     2     0     2   -87.0   34.463   99.923   4224.5    341.7
     1     1    21     2    20     1     0     1   -88.0   34.672   99.639   4254.0    336.7
     1     1    21     2    20     0     0     0   -89.0   34.884   99.348   4231.9    330.3
     1     1    21     2    19    23     0     1   -90.0   35.096   99.059   4185.3    326.3
     1     1    21     2    19    22     0     2   -91.0   35.302   98.770   4228.8    329.5
     1     1    21     2    19    21     0     3   -92.0   35.491   98.439   4342.9    336.2
     1     1    21     2    19    20     0     2   -93.0   35.660   98.060   4467.1    348.5
     1     1    21     2    19    19     0     1   -94.0   35.818   97.678   4466.9    349.0
     1     1    21     2    19    18     0     0   -95.0   35.968   97.330   4415.8    345.4
     1     1    21     2    19    17     0     1   -96.0   36.114   97.014   4402.9    344.6
     1     1    21     2    19    16     0     2   -97.0   36.263   96.710   4482.4    348.2
     1     1    21     2    19    15     0     3   -98.0   36.412   96.408   4590.6    352.1
     1     1    21     2    19    14     0     2   -99.0   36.553   96.110   4696.1    355.7
     1     1    21     2    19    13     0     1  -100.0   36.677   95.812   4790.7    361.5
     1     1    21     2    19    12     0     0  -101.0   36.787   95.518   4893.4    365.7
     1     1    21     2    19    11     0     1  -102.0   36.882   95.225   5016.5    367.5
     1     1    21     2    19    10     0     2  -103.0   36.966   94.940   5156.6    366.5
     1     1    21     2    19     9     0     3  -104.0   37.037   94.683   5281.1    361.2
     1     1    21     2    19     8     0     2  -105.0   37.109   94.463   5376.2    354.5
     1     1    21     2    19     7     0     1  -106.0   37.195   94.275   5441.1    350.7
     1     1    21     2    19     6     0     0  -107.0   37.293   94.120   5478.2    349.1
     1     1    21     2    19     5     0     1  -108.0   37.411   93.976   5494.1    348.9
     1     1    21     2    19     4     0     2  -109.0   37.554   93.828   5488.8    348.3
     1     1    21     2    19     3     0     3  -110.0   37.723   93.689   5468.0    348.8
     1     1    21     2    19     2     0     2  -111.0   37.904   93.550   5451.9    351.1
     1     1    21     2    19     1     0     1  -112.0   38.085   93.403   5459.3    350.3
     1     1    21     2    19     0     0     0  -113.0   38.262   93.247   5493.0    346.5
     1     1    21     2    18    23     0     1  -114.0   38.436   93.085   5531.3    341.2
     1     1    21     2    18    22     0     2  -115.0   38.608   92.921   5540.0    338.0
     1     1    21     2    18    21     0     3  -116.0   38.786   92.770   5529.6    334.0
     1     1    21     2    18    20     0     2  -117.0   38.974   92.650   5519.9    329.2
     1     1    21     2    18    19     0     1  -118.0   39.166   92.566   5611.4    340.4
     1     1    21     2    18    18     0     0  -119.0   39.356   92.506   5715.0    355.1
     1     1    21     2    18    17     0     1  -120.0   39.542   92.457   5814.7    370.3
