     5     1
    GDAS    21     2     1     0     0
    GDAS    21     2     8     0     0
    GDAS    21     2    15     0     0
    GDAS    21     2    22     0     0
    GDAS    21     3     1     0     0
     1 BACKWARD OMEGA   
    21     2     7    17   37.820  111.540  1500.0
     1 PRESSURE
     1     1    21     2     7    17     0     1     0.0   37.820  111.540   1500.0    733.5
     1     1    21     2     7    16     0     2    -1.0   37.886  111.318   1481.8    737.0
     1     1    21     2     7    15     0     3    -2.0   37.954  111.142   1430.1    745.4
     1     1    21     2     7    14     0     2    -3.0   38.036  111.012   1372.7    757.3
     1     1    21     2     7    13     0     1    -4.0   38.157  110.906   1346.9    762.1
     1     1    21     2     7    12     0     0    -5.0   38.323  110.803   1355.2    761.9
     1     1    21     2     7    11     0     1    -6.0   38.520  110.682   1392.1    757.7
     1     1    21     2     7    10     0     2    -7.0   38.729  110.526   1456.8    749.4
     1     1    21     2     7     9     0     3    -8.0   38.939  110.325   1554.7    734.9
     1     1    21     2     7     8     0     2    -9.0   39.150  110.064   1659.1    713.3
     1     1    21     2     7     7     0     1   -10.0   39.365  109.741   1734.8    699.3
     1     1    21     2     7     6     0     0   -11.0   39.572  109.370   1766.7    690.1
     1     1    21     2     7     5     0     1   -12.0   39.770  108.976   1775.2    684.8
     1     1    21     2     7     4     0     2   -13.0   39.959  108.593   1809.3    688.6
     1     1    21     2     7     3     0     3   -14.0   40.142  108.240   1873.9    693.4
     1     1    21     2     7     2     0     2   -15.0   40.332  107.900   1944.7    692.2
     1     1    21     2     7     1     0     1   -16.0   40.538  107.542   1999.1    684.3
     1     1    21     2     7     0     0     0   -17.0   40.757  107.165   2025.6    680.3
     1     1    21     2     6    23     0     1   -18.0   40.971  106.791   2036.9    680.2
     1     1    21     2     6    22     0     2   -19.0   41.168  106.421   2050.2    676.3
     1     1    21     2     6    21     0     3   -20.0   41.349  106.059   2052.3    675.9
     1     1    21     2     6    20     0     2   -21.0   41.528  105.709   2043.0    682.0
     1     1    21     2     6    19     0     1   -22.0   41.723  105.348   2045.2    682.9
     1     1    21     2     6    18     0     0   -23.0   41.934  104.956   2068.9    680.6
     1     1    21     2     6    17     0     1   -24.0   42.145  104.540   2099.6    672.2
     1     1    21     2     6    16     0     2   -25.0   42.352  104.113   2126.7    664.8
     1     1    21     2     6    15     0     3   -26.0   42.570  103.669   2167.4    659.3
     1     1    21     2     6    14     0     2   -27.0   42.790  103.220   2212.6    654.5
     1     1    21     2     6    13     0     1   -28.0   43.004  102.778   2231.1    645.6
     1     1    21     2     6    12     0     0   -29.0   43.207  102.311   2222.7    636.5
     1     1    21     2     6    11     0     1   -30.0   43.392  101.810   2245.3    642.0
     1     1    21     2     6    10     0     2   -31.0   43.556  101.319   2295.2    643.2
     1     1    21     2     6     9     0     3   -32.0   43.696  100.856   2324.8    644.5
     1     1    21     2     6     8     0     2   -33.0   43.823  100.409   2355.3    647.8
     1     1    21     2     6     7     0     1   -34.0   43.950   99.976   2443.7    642.2
     1     1    21     2     6     6     0     0   -35.0   44.085   99.546   2563.4    619.0
     1     1    21     2     6     5     0     1   -36.0   44.244   99.090   2618.9    596.9
     1     1    21     2     6     4     0     2   -37.0   44.427   98.604   2580.9    581.7
     1     1    21     2     6     3     0     3   -38.0   44.633   98.084   2498.8    562.7
     1     1    21     2     6     2     0     2   -39.0   44.846   97.540   2492.4    576.3
     1     1    21     2     6     1     0     1   -40.0   45.040   97.006   2565.3    598.0
     1     1    21     2     6     0     0     0   -41.0   45.217   96.486   2632.7    599.6
     1     1    21     2     5    23     0     1   -42.0   45.386   95.986   2695.9    607.4
     1     1    21     2     5    22     0     2   -43.0   45.563   95.489   2741.9    588.1
     1     1    21     2     5    21     0     3   -44.0   45.738   94.990   2846.9    580.5
     1     1    21     2     5    20     0     2   -45.0   45.925   94.464   2895.8    549.8
     1     1    21     2     5    19     0     1   -46.0   46.150   93.859   2885.8    524.1
     1     1    21     2     5    18     0     0   -47.0   46.392   93.244   2919.2    534.4
     1     1    21     2     5    17     0     1   -48.0   46.650   92.659   2945.6    533.8
     1     1    21     2     5    16     0     2   -49.0   46.948   92.008   3026.8    489.1
     1     1    21     2     5    15     0     3   -50.0   47.265   91.259   3218.5    473.0
     1     1    21     2     5    14     0     2   -51.0   47.580   90.499   3262.7    479.0
     1     1    21     2     5    13     0     1   -52.0   47.899   89.683   3424.0    467.5
     1     1    21     2     5    12     0     0   -53.0   48.212   88.848   3463.3    487.8
     1     1    21     2     5    11     0     1   -54.0   48.520   87.970   3490.3    482.5
     1     1    21     2     5    10     0     2   -55.0   48.804   87.035   3679.9    484.8
     1     1    21     2     5     9     0     3   -56.0   49.059   86.089   3670.5    479.4
     1     1    21     2     5     8     0     2   -57.0   49.291   85.166   3713.4    490.9
     1     1    21     2     5     7     0     1   -58.0   49.481   84.287   3829.9    529.3
     1     1    21     2     5     6     0     0   -59.0   49.625   83.457   3858.6    556.4
     1     1    21     2     5     5     0     1   -60.0   49.757   82.661   3836.2    576.9
     1     1    21     2     5     4     0     2   -61.0   49.878   81.890   3774.2    594.1
     1     1    21     2     5     3     0     3   -62.0   50.004   81.120   3723.0    605.7
     1     1    21     2     5     2     0     2   -63.0   50.127   80.331   3679.8    610.1
     1     1    21     2     5     1     0     1   -64.0   50.222   79.545   3611.7    619.0
     1     1    21     2     5     0     0     0   -65.0   50.309   78.746   3530.0    626.5
     1     1    21     2     4    23     0     1   -66.0   50.393   77.940   3468.1    626.5
     1     1    21     2     4    22     0     2   -67.0   50.457   77.143   3427.5    622.3
     1     1    21     2     4    21     0     3   -68.0   50.500   76.346   3370.2    624.9
     1     1    21     2     4    20     0     2   -69.0   50.534   75.555   3290.1    631.5
     1     1    21     2     4    19     0     1   -70.0   50.567   74.774   3225.6    636.0
     1     1    21     2     4    18     0     0   -71.0   50.598   73.994   3162.1    641.1
     1     1    21     2     4    17     0     1   -72.0   50.632   73.202   3080.3    642.4
     1     1    21     2     4    16     0     2   -73.0   50.672   72.390   3008.5    654.8
     1     1    21     2     4    15     0     3   -74.0   50.698   71.549   2957.5    667.6
     1     1    21     2     4    14     0     2   -75.0   50.704   70.694   2937.4    672.5
     1     1    21     2     4    13     0     1   -76.0   50.700   69.830   2928.1    674.5
     1     1    21     2     4    12     0     0   -77.0   50.675   68.959   2909.9    676.0
     1     1    21     2     4    11     0     1   -78.0   50.628   68.114   2876.2    680.7
     1     1    21     2     4    10     0     2   -79.0   50.572   67.301   2849.7    682.6
     1     1    21     2     4     9     0     3   -80.0   50.507   66.513   2838.1    687.3
     1     1    21     2     4     8     0     2   -81.0   50.440   65.767   2837.6    693.6
     1     1    21     2     4     7     0     1   -82.0   50.370   65.050   2819.8    700.7
     1     1    21     2     4     6     0     0   -83.0   50.296   64.350   2783.0    707.6
     1     1    21     2     4     5     0     1   -84.0   50.223   63.661   2745.7    712.0
     1     1    21     2     4     4     0     2   -85.0   50.148   62.982   2737.4    710.4
     1     1    21     2     4     3     0     3   -86.0   50.068   62.310   2751.4    707.5
     1     1    21     2     4     2     0     2   -87.0   49.993   61.637   2740.7    704.6
     1     1    21     2     4     1     0     1   -88.0   49.924   60.959   2707.4    701.0
     1     1    21     2     4     0     0     0   -89.0   49.847   60.297   2716.1    705.1
     1     1    21     2     3    23     0     1   -90.0   49.773   59.637   2760.7    696.8
     1     1    21     2     3    22     0     2   -91.0   49.702   58.977   2772.0    691.5
     1     1    21     2     3    21     0     3   -92.0   49.640   58.321   2756.0    692.5
     1     1    21     2     3    20     0     2   -93.0   49.588   57.657   2749.4    694.3
     1     1    21     2     3    19     0     1   -94.0   49.529   56.989   2723.1    701.4
     1     1    21     2     3    18     0     0   -95.0   49.468   56.326   2682.2    710.4
     1     1    21     2     3    17     0     1   -96.0   49.403   55.672   2670.2    715.8
     1     1    21     2     3    16     0     2   -97.0   49.321   55.028   2673.7    720.6
     1     1    21     2     3    15     0     3   -98.0   49.237   54.377   2674.0    726.5
     1     1    21     2     3    14     0     2   -99.0   49.165   53.719   2673.8    730.4
     1     1    21     2     3    13     0     1  -100.0   49.094   53.054   2674.5    731.6
     1     1    21     2     3    12     0     0  -101.0   49.011   52.360   2706.5    731.1
     1     1    21     2     3    11     0     1  -102.0   48.919   51.649   2754.3    723.1
     1     1    21     2     3    10     0     2  -103.0   48.815   50.955   2770.4    722.1
     1     1    21     2     3     9     0     3  -104.0   48.700   50.276   2762.7    724.3
     1     1    21     2     3     8     0     2  -105.0   48.596   49.595   2756.2    726.9
     1     1    21     2     3     7     0     1  -106.0   48.512   48.888   2770.9    726.1
     1     1    21     2     3     6     0     0  -107.0   48.433   48.139   2811.5    720.9
     1     1    21     2     3     5     0     1  -108.0   48.354   47.350   2852.6    715.1
     1     1    21     2     3     4     0     2  -109.0   48.261   46.537   2875.5    712.8
     1     1    21     2     3     3     0     3  -110.0   48.141   45.701   2863.3    713.8
     1     1    21     2     3     2     0     2  -111.0   48.005   44.821   2836.3    715.4
     1     1    21     2     3     1     0     1  -112.0   47.845   43.911   2815.6    711.5
     1     1    21     2     3     0     0     0  -113.0   47.648   43.021   2822.9    715.0
     1     1    21     2     2    23     0     1  -114.0   47.416   42.157   2806.5    712.8
     1     1    21     2     2    22     0     2  -115.0   47.151   41.328   2813.8    715.7
     1     1    21     2     2    21     0     3  -116.0   46.880   40.558   2796.5    718.2
     1     1    21     2     2    20     0     2  -117.0   46.620   39.843   2806.7    713.6
     1     1    21     2     2    19     0     1  -118.0   46.357   39.159   2828.1    717.2
     1     1    21     2     2    18     0     0  -119.0   46.115   38.491   2850.5    716.8
     1     1    21     2     2    17     0     1  -120.0   45.897   37.812   2865.2    713.7
