     5     1
    GDAS    21     2     1     0     0
    GDAS    21     2     8     0     0
    GDAS    21     2    15     0     0
    GDAS    21     2    22     0     0
    GDAS    21     3     1     0     0
     1 BACKWARD OMEGA   
    21     2    27    17   37.820  111.540  1000.0
     1 PRESSURE
     1     1    21     2    27    17     0     1     0.0   37.820  111.540   1000.0    775.3
     1     1    21     2    27    16     0     2    -1.0   37.619  111.398    869.6    786.9
     1     1    21     2    27    15     0     3    -2.0   37.397  111.304    720.4    800.6
     1     1    21     2    27    14     0     2    -3.0   37.169  111.255    613.0    812.8
     1     1    21     2    27    13     0     1    -4.0   36.957  111.249    574.4    812.6
     1     1    21     2    27    12     0     0    -5.0   36.755  111.284    589.0    812.7
     1     1    21     2    27    11     0     1    -6.0   36.529  111.354    655.8    808.0
     1     1    21     2    27    10     0     2    -7.0   36.268  111.437    768.6    798.4
     1     1    21     2    27     9     0     3    -8.0   35.971  111.519    943.8    786.6
     1     1    21     2    27     8     0     2    -9.0   35.656  111.590   1102.8    785.7
     1     1    21     2    27     7     0     1   -10.0   35.331  111.698   1204.7    802.3
     1     1    21     2    27     6     0     0   -11.0   34.988  111.867   1285.2    819.4
     1     1    21     2    27     5     0     1   -12.0   34.673  112.044   1334.2    809.3
     1     1    21     2    27     4     0     2   -13.0   34.420  112.180   1374.1    806.8
     1     1    21     2    27     3     0     3   -14.0   34.211  112.282   1406.3    805.1
     1     1    21     2    27     2     0     2   -15.0   34.027  112.355   1448.2    803.2
     1     1    21     2    27     1     0     1   -16.0   33.856  112.407   1519.4    802.9
     1     1    21     2    27     0     0     0   -17.0   33.702  112.452   1610.0    800.3
     1     1    21     2    26    23     0     1   -18.0   33.567  112.491   1709.2    795.2
     1     1    21     2    26    22     0     2   -19.0   33.451  112.521   1819.2    789.5
     1     1    21     2    26    21     0     3   -20.0   33.351  112.534   1956.2    779.4
     1     1    21     2    26    20     0     2   -21.0   33.264  112.532   2099.0    764.9
     1     1    21     2    26    19     0     1   -22.0   33.182  112.534   2206.7    755.7
     1     1    21     2    26    18     0     0   -23.0   33.103  112.543   2257.6    751.8
     1     1    21     2    26    17     0     1   -24.0   33.021  112.575   2270.0    755.5
     1     1    21     2    26    16     0     2   -25.0   32.938  112.627   2267.3    757.0
     1     1    21     2    26    15     0     3   -26.0   32.854  112.698   2252.9    758.9
     1     1    21     2    26    14     0     2   -27.0   32.768  112.806   2233.3    761.2
     1     1    21     2    26    13     0     1   -28.0   32.678  112.952   2218.6    762.2
     1     1    21     2    26    12     0     0   -29.0   32.588  113.126   2201.2    762.8
     1     1    21     2    26    11     0     1   -30.0   32.509  113.308   2187.8    765.6
     1     1    21     2    26    10     0     2   -31.0   32.444  113.475   2208.4    763.9
     1     1    21     2    26     9     0     3   -32.0   32.382  113.619   2275.8    757.1
     1     1    21     2    26     8     0     2   -33.0   32.330  113.734   2343.1    744.7
     1     1    21     2    26     7     0     1   -34.0   32.288  113.842   2340.1    743.3
     1     1    21     2    26     6     0     0   -35.0   32.258  113.964   2243.5    750.6
     1     1    21     2    26     5     0     1   -36.0   32.247  114.147   2136.3    772.2
     1     1    21     2    26     4     0     2   -37.0   32.240  114.369   2096.6    776.4
     1     1    21     2    26     3     0     3   -38.0   32.236  114.612   2081.0    778.9
     1     1    21     2    26     2     0     2   -39.0   32.244  114.886   2061.3    783.3
     1     1    21     2    26     1     0     1   -40.0   32.262  115.194   2036.0    789.2
     1     1    21     2    26     0     0     0   -41.0   32.287  115.520   2001.5    793.3
     1     1    21     2    25    23     0     1   -42.0   32.326  115.840   1948.3    800.7
     1     1    21     2    25    22     0     2   -43.0   32.385  116.149   1901.9    808.5
     1     1    21     2    25    21     0     3   -44.0   32.475  116.451   1872.0    810.5
     1     1    21     2    25    20     0     2   -45.0   32.591  116.749   1847.2    812.6
     1     1    21     2    25    19     0     1   -46.0   32.721  117.041   1845.1    814.6
     1     1    21     2    25    18     0     0   -47.0   32.854  117.311   1876.1    810.8
     1     1    21     2    25    17     0     1   -48.0   32.984  117.564   1911.6    805.1
     1     1    21     2    25    16     0     2   -49.0   33.105  117.812   1955.4    803.4
     1     1    21     2    25    15     0     3   -50.0   33.208  118.049   2065.9    795.4
     1     1    21     2    25    14     0     2   -51.0   33.299  118.256   2210.9    774.5
     1     1    21     2    25    13     0     1   -52.0   33.380  118.417   2319.8    763.6
     1     1    21     2    25    12     0     0   -53.0   33.444  118.534   2406.1    755.8
     1     1    21     2    25    11     0     1   -54.0   33.507  118.611   2479.0    748.8
     1     1    21     2    25    10     0     2   -55.0   33.589  118.666   2541.6    743.0
     1     1    21     2    25     9     0     3   -56.0   33.694  118.712   2592.7    737.9
     1     1    21     2    25     8     0     2   -57.0   33.797  118.746   2649.4    734.1
     1     1    21     2    25     7     0     1   -58.0   33.873  118.737   2743.7    726.0
     1     1    21     2    25     6     0     0   -59.0   33.923  118.657   2888.2    712.8
     1     1    21     2    25     5     0     1   -60.0   33.959  118.490   3017.9    695.3
     1     1    21     2    25     4     0     2   -61.0   33.991  118.271   3062.4    691.8
     1     1    21     2    25     3     0     3   -62.0   34.026  118.025   3012.4    695.7
     1     1    21     2    25     2     0     2   -63.0   34.060  117.794   2944.5    707.2
     1     1    21     2    25     1     0     1   -64.0   34.077  117.538   2924.0    706.0
     1     1    21     2    25     0     0     0   -65.0   34.092  117.236   2928.4    702.3
     1     1    21     2    24    23     0     1   -66.0   34.110  116.904   2935.9    700.2
     1     1    21     2    24    22     0     2   -67.0   34.116  116.566   2931.9    702.6
     1     1    21     2    24    21     0     3   -68.0   34.107  116.225   2913.0    707.2
     1     1    21     2    24    20     0     2   -69.0   34.068  115.873   2899.8    711.6
     1     1    21     2    24    19     0     1   -70.0   33.972  115.478   2874.8    711.2
     1     1    21     2    24    18     0     0   -71.0   33.833  115.034   2742.2    718.5
     1     1    21     2    24    17     0     1   -72.0   33.681  114.605   2601.0    741.5
     1     1    21     2    24    16     0     2   -73.0   33.465  114.193   2566.2    740.1
     1     1    21     2    24    15     0     3   -74.0   33.138  113.789   2539.9    732.7
     1     1    21     2    24    14     0     2   -75.0   32.753  113.432   2457.3    738.1
     1     1    21     2    24    13     0     1   -76.0   32.377  113.152   2401.8    747.2
     1     1    21     2    24    12     0     0   -77.0   31.991  112.944   2458.8    745.2
     1     1    21     2    24    11     0     1   -78.0   31.593  112.775   2540.3    724.0
     1     1    21     2    24    10     0     2   -79.0   31.209  112.615   2505.3    732.9
     1     1    21     2    24     9     0     3   -80.0   30.835  112.473   2453.3    741.1
     1     1    21     2    24     8     0     2   -81.0   30.473  112.339   2423.2    750.6
     1     1    21     2    24     7     0     1   -82.0   30.124  112.195   2436.4    755.2
     1     1    21     2    24     6     0     0   -83.0   29.793  112.044   2492.6    751.6
     1     1    21     2    24     5     0     1   -84.0   29.479  111.866   2563.3    738.4
     1     1    21     2    24     4     0     2   -85.0   29.179  111.660   2627.2    726.4
     1     1    21     2    24     3     0     3   -86.0   28.903  111.451   2661.5    716.8
     1     1    21     2    24     2     0     2   -87.0   28.643  111.254   2648.2    708.0
     1     1    21     2    24     1     0     1   -88.0   28.375  111.073   2601.2    705.1
     1     1    21     2    24     0     0     0   -89.0   28.092  110.905   2541.5    707.7
     1     1    21     2    23    23     0     1   -90.0   27.811  110.726   2500.4    716.0
     1     1    21     2    23    22     0     2   -91.0   27.546  110.528   2490.1    718.5
     1     1    21     2    23    21     0     3   -92.0   27.298  110.318   2509.2    715.6
     1     1    21     2    23    20     0     2   -93.0   27.058  110.107   2533.8    707.7
     1     1    21     2    23    19     0     1   -94.0   26.807  109.902   2518.1    698.7
     1     1    21     2    23    18     0     0   -95.0   26.556  109.713   2480.6    696.8
     1     1    21     2    23    17     0     1   -96.0   26.330  109.537   2468.9    695.5
     1     1    21     2    23    16     0     2   -97.0   26.136  109.363   2488.2    692.0
     1     1    21     2    23    15     0     3   -98.0   25.966  109.186   2513.6    691.4
     1     1    21     2    23    14     0     2   -99.0   25.811  109.016   2540.8    697.3
     1     1    21     2    23    13     0     1  -100.0   25.657  108.859   2556.1    699.0
     1     1    21     2    23    12     0     0  -101.0   25.501  108.714   2557.4    701.4
     1     1    21     2    23    11     0     1  -102.0   25.354  108.574   2564.5    704.4
     1     1    21     2    23    10     0     2  -103.0   25.223  108.431   2592.1    702.4
     1     1    21     2    23     9     0     3  -104.0   25.108  108.284   2632.3    698.2
     1     1    21     2    23     8     0     2  -105.0   25.009  108.138   2674.4    693.4
     1     1    21     2    23     7     0     1  -106.0   24.924  108.003   2719.9    688.7
     1     1    21     2    23     6     0     0  -107.0   24.842  107.883   2780.3    683.1
     1     1    21     2    23     5     0     1  -108.0   24.773  107.772   2844.1    676.5
     1     1    21     2    23     4     0     2  -109.0   24.729  107.665   2904.4    671.3
     1     1    21     2    23     3     0     3  -110.0   24.710  107.569   2968.0    665.7
     1     1    21     2    23     2     0     2  -111.0   24.713  107.472   3037.0    658.3
     1     1    21     2    23     1     0     1  -112.0   24.741  107.365   3110.3    650.3
     1     1    21     2    23     0     0     0  -113.0   24.791  107.242   3184.0    641.2
     1     1    21     2    22    23     0     1  -114.0   24.852  107.095   3235.9    632.2
     1     1    21     2    22    22     0     2  -115.0   24.913  106.925   3251.7    628.7
     1     1    21     2    22    21     0     3  -116.0   24.970  106.740   3239.0    629.8
     1     1    21     2    22    20     0     2  -117.0   25.018  106.542   3215.8    633.3
     1     1    21     2    22    19     0     1  -118.0   25.052  106.326   3191.1    634.4
     1     1    21     2    22    18     0     0  -119.0   25.083  106.092   3150.0    637.0
     1     1    21     2    22    17     0     1  -120.0   25.108  105.836   3086.7    636.3
