     5     1
    GDAS    21     2     1     0     0
    GDAS    21     2     8     0     0
    GDAS    21     2    15     0     0
    GDAS    21     2    22     0     0
    GDAS    21     3     1     0     0
     1 BACKWARD OMEGA   
    21     2    15    11   37.820  111.540  1000.0
     1 PRESSURE
     1     1    21     2    15    11     0     1     0.0   37.820  111.540   1000.0    773.2
     1     1    21     2    15    10     0     2    -1.0   38.053  111.032    982.6    773.0
     1     1    21     2    15     9     0     3    -2.0   38.166  110.628    850.9    801.8
     1     1    21     2    15     8     0     2    -3.0   38.265  110.232    749.0    815.4
     1     1    21     2    15     7     0     1    -4.0   38.379  109.818    701.8    815.2
     1     1    21     2    15     6     0     0    -5.0   38.498  109.385    697.9    808.6
     1     1    21     2    15     5     0     1    -6.0   38.636  108.931    711.3    799.3
     1     1    21     2    15     4     0     2    -7.0   38.805  108.457    730.4    790.1
     1     1    21     2    15     3     0     3    -8.0   39.003  107.956    757.2    780.7
     1     1    21     2    15     2     0     2    -9.0   39.190  107.463    784.1    789.6
     1     1    21     2    15     1     0     1   -10.0   39.340  107.009    812.8    792.5
     1     1    21     2    15     0     0     0   -11.0   39.480  106.569    861.6    772.4
     1     1    21     2    14    23     0     1   -12.0   39.622  106.135    935.0    763.1
     1     1    21     2    14    22     0     2   -13.0   39.765  105.716    999.7    765.1
     1     1    21     2    14    21     0     3   -14.0   39.925  105.305   1044.6    758.8
     1     1    21     2    14    20     0     2   -15.0   40.109  104.895   1090.0    745.9
     1     1    21     2    14    19     0     1   -16.0   40.297  104.492   1135.3    746.4
     1     1    21     2    14    18     0     0   -17.0   40.472  104.108   1153.0    750.4
     1     1    21     2    14    17     0     1   -18.0   40.650  103.744   1159.6    750.2
     1     1    21     2    14    16     0     2   -19.0   40.849  103.391   1162.6    745.9
     1     1    21     2    14    15     0     3   -20.0   41.075  103.039   1134.2    746.1
     1     1    21     2    14    14     0     2   -21.0   41.295  102.687   1101.6    765.5
     1     1    21     2    14    13     0     1   -22.0   41.485  102.344   1101.4    777.7
     1     1    21     2    14    12     0     0   -23.0   41.639  102.002   1147.5    784.7
     1     1    21     2    14    11     0     1   -24.0   41.789  101.678   1220.8    779.6
     1     1    21     2    14    10     0     2   -25.0   41.948  101.388   1295.5    776.5
     1     1    21     2    14     9     0     3   -26.0   42.118  101.115   1352.9    764.6
     1     1    21     2    14     8     0     2   -27.0   42.298  100.852   1369.3    752.1
     1     1    21     2    14     7     0     1   -28.0   42.476  100.602   1342.8    747.0
     1     1    21     2    14     6     0     0   -29.0   42.645  100.366   1288.9    745.9
     1     1    21     2    14     5     0     1   -30.0   42.811  100.145   1239.8    748.2
     1     1    21     2    14     4     0     2   -31.0   42.982   99.932   1211.9    744.1
     1     1    21     2    14     3     0     3   -32.0   43.152   99.729   1196.5    746.1
     1     1    21     2    14     2     0     2   -33.0   43.322   99.528   1190.1    746.8
     1     1    21     2    14     1     0     1   -34.0   43.495   99.321   1196.7    745.6
     1     1    21     2    14     0     0     0   -35.0   43.669   99.101   1222.4    741.3
     1     1    21     2    13    23     0     1   -36.0   43.839   98.879   1247.7    733.6
     1     1    21     2    13    22     0     2   -37.0   43.995   98.669   1237.4    729.3
     1     1    21     2    13    21     0     3   -38.0   44.153   98.461   1196.0    719.3
     1     1    21     2    13    20     0     2   -39.0   44.340   98.228   1165.0    702.8
     1     1    21     2    13    19     0     1   -40.0   44.555   97.962   1167.8    680.9
     1     1    21     2    13    18     0     0   -41.0   44.780   97.690   1211.2    676.0
     1     1    21     2    13    17     0     1   -42.0   44.993   97.441   1271.3    674.6
     1     1    21     2    13    16     0     2   -43.0   45.201   97.206   1324.3    683.9
     1     1    21     2    13    15     0     3   -44.0   45.409   96.987   1327.6    690.3
     1     1    21     2    13    14     0     2   -45.0   45.618   96.763   1302.7    697.2
     1     1    21     2    13    13     0     1   -46.0   45.830   96.512   1275.0    706.0
     1     1    21     2    13    12     0     0   -47.0   46.035   96.242   1248.1    717.0
     1     1    21     2    13    11     0     1   -48.0   46.225   95.990   1220.7    727.8
     1     1    21     2    13    10     0     2   -49.0   46.398   95.775   1194.5    729.9
     1     1    21     2    13     9     0     3   -50.0   46.566   95.586   1183.6    728.5
     1     1    21     2    13     8     0     2   -51.0   46.737   95.409   1182.8    724.1
     1     1    21     2    13     7     0     1   -52.0   46.913   95.235   1181.5    718.9
     1     1    21     2    13     6     0     0   -53.0   47.096   95.065   1177.2    714.4
     1     1    21     2    13     5     0     1   -54.0   47.279   94.889   1174.5    714.2
     1     1    21     2    13     4     0     2   -55.0   47.458   94.688   1176.8    717.5
     1     1    21     2    13     3     0     3   -56.0   47.629   94.459   1179.3    725.0
     1     1    21     2    13     2     0     2   -57.0   47.783   94.230   1180.3    736.1
     1     1    21     2    13     1     0     1   -58.0   47.915   94.024   1182.0    748.5
     1     1    21     2    13     0     0     0   -59.0   48.027   93.832   1176.3    751.4
     1     1    21     2    12    23     0     1   -60.0   48.120   93.643   1164.0    752.1
     1     1    21     2    12    22     0     2   -61.0   48.189   93.457   1150.2    753.8
     1     1    21     2    12    21     0     3   -62.0   48.236   93.273   1138.4    755.7
     1     1    21     2    12    20     0     2   -63.0   48.264   93.101   1130.0    757.5
     1     1    21     2    12    19     0     1   -64.0   48.277   92.946   1126.0    757.9
     1     1    21     2    12    18     0     0   -65.0   48.279   92.798   1130.7    755.4
     1     1    21     2    12    17     0     1   -66.0   48.270   92.649   1151.2    751.4
     1     1    21     2    12    16     0     2   -67.0   48.248   92.506   1183.0    745.8
     1     1    21     2    12    15     0     3   -68.0   48.212   92.377   1212.6    741.4
     1     1    21     2    12    14     0     2   -69.0   48.174   92.270   1220.7    739.4
     1     1    21     2    12    13     0     1   -70.0   48.145   92.196   1197.7    742.4
     1     1    21     2    12    12     0     0   -71.0   48.123   92.169   1150.1    748.3
     1     1    21     2    12    11     0     1   -72.0   48.101   92.180   1105.2    756.3
     1     1    21     2    12    10     0     2   -73.0   48.070   92.199   1082.5    759.7
     1     1    21     2    12     9     0     3   -74.0   48.029   92.219   1078.7    761.8
     1     1    21     2    12     8     0     2   -75.0   47.991   92.222   1086.5    760.7
     1     1    21     2    12     7     0     1   -76.0   47.968   92.191   1100.1    756.8
     1     1    21     2    12     6     0     0   -77.0   47.958   92.120   1120.0    753.3
     1     1    21     2    12     5     0     1   -78.0   47.955   92.026   1133.3    749.9
     1     1    21     2    12     4     0     2   -79.0   47.964   91.904   1132.6    737.7
     1     1    21     2    12     3     0     3   -80.0   47.995   91.682   1136.1    708.1
     1     1    21     2    12     2     0     2   -81.0   48.069   91.184   1173.7    636.6
     1     1    21     2    12     1     0     1   -82.0   48.227   90.195   1219.3    615.0
     1     1    21     2    12     0     0     0   -83.0   48.318   89.304   1136.1    653.2
     1     1    21     2    11    23     0     1   -84.0   48.328   88.659   1047.9    676.5
     1     1    21     2    11    22     0     2   -85.0   48.350   88.111   1047.0    686.4
     1     1    21     2    11    21     0     3   -86.0   48.398   87.563   1134.5    704.3
     1     1    21     2    11    20     0     2   -87.0   48.435   87.098   1185.3    726.5
     1     1    21     2    11    19     0     1   -88.0   48.455   86.735   1190.4    740.7
     1     1    21     2    11    18     0     0   -89.0   48.470   86.422   1185.3    746.7
     1     1    21     2    11    17     0     1   -90.0   48.480   86.141   1178.5    752.1
     1     1    21     2    11    16     0     2   -91.0   48.482   85.888   1172.8    756.7
     1     1    21     2    11    15     0     3   -92.0   48.475   85.646   1171.5    759.5
     1     1    21     2    11    14     0     2   -93.0   48.469   85.400   1167.7    761.6
     1     1    21     2    11    13     0     1   -94.0   48.469   85.146   1155.1    764.5
     1     1    21     2    11    12     0     0   -95.0   48.476   84.895   1138.3    771.5
     1     1    21     2    11    11     0     1   -96.0   48.472   84.664   1125.5    785.7
     1     1    21     2    11    10     0     2   -97.0   48.447   84.467   1122.0    798.8
     1     1    21     2    11     9     0     3   -98.0   48.403   84.301   1128.2    809.7
     1     1    21     2    11     8     0     2   -99.0   48.347   84.159   1140.2    818.4
     1     1    21     2    11     7     0     1  -100.0   48.281   84.026   1159.5    825.7
     1     1    21     2    11     6     0     0  -101.0   48.212   83.875   1191.7    827.2
     1     1    21     2    11     5     0     1  -102.0   48.148   83.698   1227.3    825.8
     1     1    21     2    11     4     0     2  -103.0   48.092   83.508   1258.0    825.7
     1     1    21     2    11     3     0     3  -104.0   48.048   83.298   1291.8    824.8
     1     1    21     2    11     2     0     2  -105.0   48.015   83.040   1323.9    821.5
     1     1    21     2    11     1     0     1  -106.0   47.986   82.692   1330.3    809.2
     1     1    21     2    11     0     0     0  -107.0   47.959   82.193   1302.4    795.0
     1     1    21     2    10    23     0     1  -108.0   47.930   81.563   1258.2    790.6
     1     1    21     2    10    22     0     2  -109.0   47.898   80.901   1224.8    791.5
     1     1    21     2    10    21     0     3  -110.0   47.862   80.252   1200.2    798.6
     1     1    21     2    10    20     0     2  -111.0   47.824   79.641   1174.8    809.3
     1     1    21     2    10    19     0     1  -112.0   47.786   79.065   1161.5    819.1
     1     1    21     2    10    18     0     0  -113.0   47.749   78.512   1154.5    818.7
     1     1    21     2    10    17     0     1  -114.0   47.727   77.970   1151.8    817.8
     1     1    21     2    10    16     0     2  -115.0   47.735   77.421   1158.6    814.0
     1     1    21     2    10    15     0     3  -116.0   47.785   76.847   1168.8    810.1
     1     1    21     2    10    14     0     2  -117.0   47.860   76.243   1151.4    812.0
     1     1    21     2    10    13     0     1  -118.0   47.943   75.619   1085.5    814.5
     1     1    21     2    10    12     0     0  -119.0   48.057   74.946   1017.6    813.7
     1     1    21     2    10    11     0     1  -120.0   48.198   74.241   1005.6    819.2
