     5     1
    GDAS    21     2     1     0     0
    GDAS    21     2     8     0     0
    GDAS    21     2    15     0     0
    GDAS    21     2    22     0     0
    GDAS    21     3     1     0     0
     1 BACKWARD OMEGA   
    21     2    19    11   37.820  111.540   500.0
     1 PRESSURE
     1     1    21     2    19    11     0     1     0.0   37.820  111.540    500.0    825.3
     1     1    21     2    19    10     0     2    -1.0   37.987  111.117    439.9    838.9
     1     1    21     2    19     9     0     3    -2.0   38.119  110.756    398.2    851.2
     1     1    21     2    19     8     0     2    -3.0   38.256  110.372    376.8    851.7
     1     1    21     2    19     7     0     1    -4.0   38.426  109.925    378.3    848.4
     1     1    21     2    19     6     0     0    -5.0   38.620  109.430    401.0    836.4
     1     1    21     2    19     5     0     1    -6.0   38.823  108.896    419.8    826.3
     1     1    21     2    19     4     0     2    -7.0   39.034  108.303    436.1    816.7
     1     1    21     2    19     3     0     3    -8.0   39.235  107.681    444.5    820.0
     1     1    21     2    19     2     0     2    -9.0   39.398  107.089    400.1    828.0
     1     1    21     2    19     1     0     1   -10.0   39.493  106.568    367.1    827.0
     1     1    21     2    19     0     0     0   -11.0   39.608  106.069    484.7    814.7
     1     1    21     2    18    23     0     1   -12.0   39.832  105.515    623.1    798.8
     1     1    21     2    18    22     0     2   -13.0   40.144  104.871    707.1    784.1
     1     1    21     2    18    21     0     3   -14.0   40.451  104.175    776.8    783.6
     1     1    21     2    18    20     0     2   -15.0   40.698  103.468    826.4    779.7
     1     1    21     2    18    19     0     1   -16.0   40.906  102.770    895.3    772.9
     1     1    21     2    18    18     0     0   -17.0   41.068  102.092    871.8    785.5
     1     1    21     2    18    17     0     1   -18.0   41.206  101.485    768.1    820.6
     1     1    21     2    18    16     0     2   -19.0   41.372  100.973    725.9    832.7
     1     1    21     2    18    15     0     3   -20.0   41.563  100.501    723.0    830.8
     1     1    21     2    18    14     0     2   -21.0   41.778   99.991    705.6    831.8
     1     1    21     2    18    13     0     1   -22.0   42.025   99.426    782.1    821.9
     1     1    21     2    18    12     0     0   -23.0   42.267   98.846    985.8    770.7
     1     1    21     2    18    11     0     1   -24.0   42.496   98.281   1081.2    739.2
     1     1    21     2    18    10     0     2   -25.0   42.693   97.733   1048.6    749.5
     1     1    21     2    18     9     0     3   -26.0   42.835   97.177   1056.2    754.3
     1     1    21     2    18     8     0     2   -27.0   42.927   96.665   1068.3    758.2
     1     1    21     2    18     7     0     1   -28.0   42.952   96.251   1020.2    779.1
     1     1    21     2    18     6     0     0   -29.0   42.927   95.930    968.2    790.8
     1     1    21     2    18     5     0     1   -30.0   42.904   95.680    949.5    773.4
     1     1    21     2    18     4     0     2   -31.0   42.911   95.481    967.0    756.4
     1     1    21     2    18     3     0     3   -32.0   42.949   95.327    998.0    741.6
     1     1    21     2    18     2     0     2   -33.0   42.997   95.213   1039.2    728.2
     1     1    21     2    18     1     0     1   -34.0   43.035   95.119   1093.2    719.3
     1     1    21     2    18     0     0     0   -35.0   43.061   95.033   1159.3    709.5
     1     1    21     2    17    23     0     1   -36.0   43.093   94.941   1224.4    704.2
     1     1    21     2    17    22     0     2   -37.0   43.145   94.820   1270.5    707.4
     1     1    21     2    17    21     0     3   -38.0   43.208   94.662   1295.3    713.4
     1     1    21     2    17    20     0     2   -39.0   43.267   94.473   1313.2    720.4
     1     1    21     2    17    19     0     1   -40.0   43.316   94.255   1331.8    723.3
     1     1    21     2    17    18     0     0   -41.0   43.357   94.018   1339.5    725.5
     1     1    21     2    17    17     0     1   -42.0   43.389   93.772   1347.1    735.8
     1     1    21     2    17    16     0     2   -43.0   43.410   93.517   1361.0    742.8
     1     1    21     2    17    15     0     3   -44.0   43.416   93.253   1383.0    748.0
     1     1    21     2    17    14     0     2   -45.0   43.411   92.978   1415.2    752.4
     1     1    21     2    17    13     0     1   -46.0   43.405   92.706   1445.6    753.2
     1     1    21     2    17    12     0     0   -47.0   43.402   92.446   1463.6    755.4
     1     1    21     2    17    11     0     1   -48.0   43.395   92.206   1473.5    759.8
     1     1    21     2    17    10     0     2   -49.0   43.378   91.988   1482.7    764.5
     1     1    21     2    17     9     0     3   -50.0   43.356   91.788   1501.4    769.8
     1     1    21     2    17     8     0     2   -51.0   43.332   91.598   1528.7    772.0
     1     1    21     2    17     7     0     1   -52.0   43.303   91.412   1551.1    775.3
     1     1    21     2    17     6     0     0   -53.0   43.267   91.226   1563.7    779.4
     1     1    21     2    17     5     0     1   -54.0   43.223   91.037   1568.9    784.5
     1     1    21     2    17     4     0     2   -55.0   43.174   90.853   1570.9    787.2
     1     1    21     2    17     3     0     3   -56.0   43.122   90.685   1570.5    789.1
     1     1    21     2    17     2     0     2   -57.0   43.066   90.526   1568.4    790.6
     1     1    21     2    17     1     0     1   -58.0   43.006   90.369   1565.9    791.6
     1     1    21     2    17     0     0     0   -59.0   42.945   90.214   1561.1    788.0
     1     1    21     2    16    23     0     1   -60.0   42.884   90.058   1557.5    784.6
     1     1    21     2    16    22     0     2   -61.0   42.826   89.900   1557.4    785.6
     1     1    21     2    16    21     0     3   -62.0   42.770   89.743   1558.4    788.7
     1     1    21     2    16    20     0     2   -63.0   42.716   89.599   1559.4    791.3
     1     1    21     2    16    19     0     1   -64.0   42.661   89.471   1560.3    792.8
     1     1    21     2    16    18     0     0   -65.0   42.604   89.352   1560.3    793.7
     1     1    21     2    16    17     0     1   -66.0   42.548   89.235   1561.4    794.3
     1     1    21     2    16    16     0     2   -67.0   42.493   89.116   1564.5    794.1
     1     1    21     2    16    15     0     3   -68.0   42.439   88.991   1566.1    793.0
     1     1    21     2    16    14     0     2   -69.0   42.384   88.845   1551.1    780.7
     1     1    21     2    16    13     0     1   -70.0   42.328   88.661   1529.4    768.0
     1     1    21     2    16    12     0     0   -71.0   42.268   88.437   1518.4    752.0
     1     1    21     2    16    11     0     1   -72.0   42.206   88.184   1527.0    731.5
     1     1    21     2    16    10     0     2   -73.0   42.152   87.931   1544.5    714.9
     1     1    21     2    16     9     0     3   -74.0   42.109   87.691   1561.7    714.0
     1     1    21     2    16     8     0     2   -75.0   42.074   87.459   1581.9    719.3
     1     1    21     2    16     7     0     1   -76.0   42.044   87.226   1624.1    724.6
     1     1    21     2    16     6     0     0   -77.0   42.018   86.987   1692.1    728.7
     1     1    21     2    16     5     0     1   -78.0   41.998   86.770   1746.9    708.5
     1     1    21     2    16     4     0     2   -79.0   41.979   86.596   1783.0    692.3
     1     1    21     2    16     3     0     3   -80.0   41.956   86.456   1802.3    681.1
     1     1    21     2    16     2     0     2   -81.0   41.937   86.343   1807.5    673.4
     1     1    21     2    16     1     0     1   -82.0   41.929   86.259   1800.6    668.1
     1     1    21     2    16     0     0     0   -83.0   41.928   86.200   1780.6    665.2
     1     1    21     2    15    23     0     1   -84.0   41.932   86.152   1772.6    664.6
     1     1    21     2    15    22     0     2   -85.0   41.936   86.104   1810.7    657.7
     1     1    21     2    15    21     0     3   -86.0   41.940   86.062   1902.3    646.5
     1     1    21     2    15    20     0     2   -87.0   41.940   86.045   2022.0    633.2
     1     1    21     2    15    19     0     1   -88.0   41.931   86.065   2131.2    625.8
     1     1    21     2    15    18     0     0   -89.0   41.918   86.114   2219.6    622.9
     1     1    21     2    15    17     0     1   -90.0   41.905   86.184   2282.2    623.3
     1     1    21     2    15    16     0     2   -91.0   41.898   86.271   2319.3    626.7
     1     1    21     2    15    15     0     3   -92.0   41.895   86.373   2333.0    632.7
     1     1    21     2    15    14     0     2   -93.0   41.898   86.474   2334.2    640.1
     1     1    21     2    15    13     0     1   -94.0   41.910   86.563   2342.1    645.4
     1     1    21     2    15    12     0     0   -95.0   41.933   86.647   2372.3    648.1
     1     1    21     2    15    11     0     1   -96.0   41.963   86.719   2422.1    646.8
     1     1    21     2    15    10     0     2   -97.0   41.996   86.773   2468.8    644.9
     1     1    21     2    15     9     0     3   -98.0   42.029   86.810   2491.8    639.6
     1     1    21     2    15     8     0     2   -99.0   42.052   86.830   2504.6    637.2
     1     1    21     2    15     7     0     1  -100.0   42.055   86.834   2523.2    635.8
     1     1    21     2    15     6     0     0  -101.0   42.038   86.818   2549.2    636.0
     1     1    21     2    15     5     0     1  -102.0   42.010   86.781   2574.4    635.6
     1     1    21     2    15     4     0     2  -103.0   41.980   86.726   2584.3    632.8
     1     1    21     2    15     3     0     3  -104.0   41.950   86.655   2580.9    629.1
     1     1    21     2    15     2     0     2  -105.0   41.919   86.565   2582.2    625.2
     1     1    21     2    15     1     0     1  -106.0   41.890   86.450   2609.0    617.0
     1     1    21     2    15     0     0     0  -107.0   41.859   86.305   2675.8    604.6
     1     1    21     2    14    23     0     1  -108.0   41.817   86.139   2781.4    587.9
     1     1    21     2    14    22     0     2  -109.0   41.759   85.971   2905.1    575.6
     1     1    21     2    14    21     0     3  -110.0   41.687   85.810   3033.2    577.4
     1     1    21     2    14    20     0     2  -111.0   41.603   85.673   3114.8    582.0
     1     1    21     2    14    19     0     1  -112.0   41.509   85.568   3150.6    589.2
     1     1    21     2    14    18     0     0  -113.0   41.408   85.491   3155.0    596.7
     1     1    21     2    14    17     0     1  -114.0   41.306   85.434   3146.3    604.3
     1     1    21     2    14    16     0     2  -115.0   41.213   85.378   3136.4    609.7
     1     1    21     2    14    15     0     3  -116.0   41.132   85.319   3122.2    614.4
     1     1    21     2    14    14     0     2  -117.0   41.052   85.247   3082.0    618.8
     1     1    21     2    14    13     0     1  -118.0   40.964   85.162   2995.1    627.1
     1     1    21     2    14    12     0     0  -119.0   40.870   85.084   2871.8    637.3
     1     1    21     2    14    11     0     1  -120.0   40.758   85.050   2737.6    649.3
