     5     1
    GDAS    21     2     1     0     0
    GDAS    21     2     8     0     0
    GDAS    21     2    15     0     0
    GDAS    21     2    22     0     0
    GDAS    21     3     1     0     0
     1 BACKWARD OMEGA   
    21     2    21    23   37.820  111.540   500.0
     1 PRESSURE
     1     1    21     2    21    23     0     1     0.0   37.820  111.540    500.0    828.6
     1     1    21     2    21    22     0     2    -1.0   37.951  111.534    508.7    829.8
     1     1    21     2    21    21     0     3    -2.0   38.117  111.487    564.8    822.7
     1     1    21     2    21    20     0     2    -3.0   38.299  111.423    623.5    812.2
     1     1    21     2    21    19     0     1    -4.0   38.477  111.372    646.6    810.0
     1     1    21     2    21    18     0     0    -5.0   38.653  111.336    637.5    811.7
     1     1    21     2    21    17     0     1    -6.0   38.838  111.309    593.4    816.4
     1     1    21     2    21    16     0     2    -7.0   39.040  111.277    509.9    825.6
     1     1    21     2    21    15     0     3    -8.0   39.253  111.241    425.1    837.5
     1     1    21     2    21    14     0     2    -9.0   39.463  111.189    367.3    842.3
     1     1    21     2    21    13     0     1   -10.0   39.677  111.083    332.0    845.4
     1     1    21     2    21    12     0     0   -11.0   39.929  110.865    317.2    841.0
     1     1    21     2    21    11     0     1   -12.0   40.181  110.582    313.9    829.7
     1     1    21     2    21    10     0     2   -13.0   40.393  110.310    333.0    821.8
     1     1    21     2    21     9     0     3   -14.0   40.582  110.032    373.1    817.6
     1     1    21     2    21     8     0     2   -15.0   40.755  109.768    412.3    817.4
     1     1    21     2    21     7     0     1   -16.0   40.913  109.540    440.5    823.8
     1     1    21     2    21     6     0     0   -17.0   41.052  109.330    478.5    829.0
     1     1    21     2    21     5     0     1   -18.0   41.178  109.126    533.7    825.3
     1     1    21     2    21     4     0     2   -19.0   41.303  108.927    594.9    817.6
     1     1    21     2    21     3     0     3   -20.0   41.439  108.735    646.4    806.7
     1     1    21     2    21     2     0     2   -21.0   41.610  108.521    667.0    798.5
     1     1    21     2    21     1     0     1   -22.0   41.827  108.257    643.6    796.8
     1     1    21     2    21     0     0     0   -23.0   42.097  107.946    585.5    806.6
     1     1    21     2    20    23     0     1   -24.0   42.355  107.610    496.6    824.5
     1     1    21     2    20    22     0     2   -25.0   42.548  107.256    404.1    837.3
     1     1    21     2    20    21     0     3   -26.0   42.708  106.872    309.2    842.7
     1     1    21     2    20    20     0     2   -27.0   42.904  106.470    290.9    847.4
     1     1    21     2    20    19     0     1   -28.0   43.255  106.036    403.1    826.0
     1     1    21     2    20    18     0     0   -29.0   43.676  105.531    492.0    790.0
     1     1    21     2    20    17     0     1   -30.0   44.072  104.925    502.5    791.1
     1     1    21     2    20    16     0     2   -31.0   44.437  104.341    528.2    806.8
     1     1    21     2    20    15     0     3   -32.0   44.774  103.795    644.6    809.5
     1     1    21     2    20    14     0     2   -33.0   45.160  103.107    929.9    773.0
     1     1    21     2    20    13     0     1   -34.0   45.595  102.131   1494.5    679.2
     1     1    21     2    20    12     0     0   -35.0   45.861  100.903   1937.7    616.2
     1     1    21     2    20    11     0     1   -36.0   45.947   99.821   1836.4    648.2
     1     1    21     2    20    10     0     2   -37.0   46.033   98.747   2214.2    619.3
     1     1    21     2    20     9     0     3   -38.0   46.104   97.680   2427.2    582.7
     1     1    21     2    20     8     0     2   -39.0   46.301   96.638   2128.4    615.1
     1     1    21     2    20     7     0     1   -40.0   46.498   95.723   1792.9    675.2
     1     1    21     2    20     6     0     0   -41.0   46.710   94.838   1666.2    681.7
     1     1    21     2    20     5     0     1   -42.0   46.889   93.971   1712.8    672.1
     1     1    21     2    20     4     0     2   -43.0   47.034   92.994   1356.9    672.7
     1     1    21     2    20     3     0     3   -44.0   47.064   91.771   1741.1    599.0
     1     1    21     2    20     2     0     2   -45.0   47.037   90.363   2296.1    575.1
     1     1    21     2    20     1     0     1   -46.0   47.136   89.204   2014.1    685.5
     1     1    21     2    20     0     0     0   -47.0   47.250   88.261   1830.7    717.3
     1     1    21     2    19    23     0     1   -48.0   47.343   87.474   1573.3    752.4
     1     1    21     2    19    22     0     2   -49.0   47.398   86.915   1410.1    771.1
     1     1    21     2    19    21     0     3   -50.0   47.437   86.306   1185.3    751.3
     1     1    21     2    19    20     0     2   -51.0   47.447   85.712    971.5    773.0
     1     1    21     2    19    19     0     1   -52.0   47.446   85.098    919.7    779.4
     1     1    21     2    19    18     0     0   -53.0   47.406   84.336   1017.0    778.2
     1     1    21     2    19    17     0     1   -54.0   47.296   83.465   1002.9    783.3
     1     1    21     2    19    16     0     2   -55.0   47.174   82.607    676.8    839.8
     1     1    21     2    19    15     0     3   -56.0   47.084   82.036    436.2    879.5
     1     1    21     2    19    14     0     2   -57.0   47.016   81.759    294.4    906.8
     1     1    21     2    19    13     0     1   -58.0   46.977   81.627    235.3    916.8
     1     1    21     2    19    12     0     0   -59.0   46.958   81.549    254.7    915.3
     1     1    21     2    19    11     0     1   -60.0   46.926   81.536    313.5    904.0
     1     1    21     2    19    10     0     2   -61.0   46.861   81.604    360.1    896.6
     1     1    21     2    19     9     0     3   -62.0   46.754   81.753    379.0    892.9
     1     1    21     2    19     8     0     2   -63.0   46.585   81.950    365.5    899.9
     1     1    21     2    19     7     0     1   -64.0   46.341   82.172    348.8    897.7
     1     1    21     2    19     6     0     0   -65.0   46.072   82.376    362.5    879.2
     1     1    21     2    19     5     0     1   -66.0   45.854   82.507    395.9    864.9
     1     1    21     2    19     4     0     2   -67.0   45.690   82.576    427.6    864.9
     1     1    21     2    19     3     0     3   -68.0   45.565   82.609    454.9    868.7
     1     1    21     2    19     2     0     2   -69.0   45.459   82.636    483.8    872.9
     1     1    21     2    19     1     0     1   -70.0   45.366   82.673    519.7    875.9
     1     1    21     2    19     0     0     0   -71.0   45.283   82.724    564.4    878.3
     1     1    21     2    18    23     0     1   -72.0   45.211   82.797    628.0    880.9
     1     1    21     2    18    22     0     2   -73.0   45.149   82.901    718.5    880.0
     1     1    21     2    18    21     0     3   -74.0   45.093   83.063    841.9    878.0
     1     1    21     2    18    20     0     2   -75.0   45.038   83.245    949.7    868.6
     1     1    21     2    18    19     0     1   -76.0   44.987   83.411    995.2    866.0
     1     1    21     2    18    18     0     0   -77.0   44.944   83.556    994.3    857.6
     1     1    21     2    18    17     0     1   -78.0   44.908   83.681    993.4    850.7
     1     1    21     2    18    16     0     2   -79.0   44.872   83.785   1016.8    838.3
     1     1    21     2    18    15     0     3   -80.0   44.835   83.869   1066.4    822.8
     1     1    21     2    18    14     0     2   -81.0   44.800   83.933   1134.7    804.5
     1     1    21     2    18    13     0     1   -82.0   44.760   83.985   1208.1    784.4
     1     1    21     2    18    12     0     0   -83.0   44.708   84.037   1288.5    763.1
     1     1    21     2    18    11     0     1   -84.0   44.636   84.084   1375.0    736.6
     1     1    21     2    18    10     0     2   -85.0   44.547   84.113   1476.8    705.2
     1     1    21     2    18     9     0     3   -86.0   44.452   84.110   1604.7    669.2
     1     1    21     2    18     8     0     2   -87.0   44.367   84.082   1751.3    632.6
     1     1    21     2    18     7     0     1   -88.0   44.302   84.046   1900.1    601.6
     1     1    21     2    18     6     0     0   -89.0   44.251   84.013   2039.6    575.6
     1     1    21     2    18     5     0     1   -90.0   44.229   83.982   2169.9    559.9
     1     1    21     2    18     4     0     2   -91.0   44.253   83.948   2290.8    558.5
     1     1    21     2    18     3     0     3   -92.0   44.316   83.905   2395.6    568.0
     1     1    21     2    18     2     0     2   -93.0   44.396   83.836   2497.3    583.7
     1     1    21     2    18     1     0     1   -94.0   44.474   83.734   2611.6    596.6
     1     1    21     2    18     0     0     0   -95.0   44.552   83.610   2734.4    608.2
     1     1    21     2    17    23     0     1   -96.0   44.625   83.471   2859.4    617.2
     1     1    21     2    17    22     0     2   -97.0   44.690   83.320   2980.4    623.9
     1     1    21     2    17    21     0     3   -98.0   44.745   83.156   3094.2    627.9
     1     1    21     2    17    20     0     2   -99.0   44.792   82.989   3193.0    630.0
     1     1    21     2    17    19     0     1  -100.0   44.841   82.822   3266.6    629.3
     1     1    21     2    17    18     0     0  -101.0   44.897   82.647   3324.7    629.0
     1     1    21     2    17    17     0     1  -102.0   44.962   82.457   3371.5    627.7
     1     1    21     2    17    16     0     2  -103.0   45.041   82.253   3405.2    621.9
     1     1    21     2    17    15     0     3  -104.0   45.134   82.025   3444.6    614.7
     1     1    21     2    17    14     0     2  -105.0   45.228   81.745   3476.8    596.0
     1     1    21     2    17    13     0     1  -106.0   45.314   81.390   3519.8    571.6
     1     1    21     2    17    12     0     0  -107.0   45.388   80.966   3578.9    544.3
     1     1    21     2    17    11     0     1  -108.0   45.445   80.507   3633.7    523.0
     1     1    21     2    17    10     0     2  -109.0   45.484   80.049   3659.8    510.2
     1     1    21     2    17     9     0     3  -110.0   45.509   79.606   3728.8    524.7
     1     1    21     2    17     8     0     2  -111.0   45.527   79.190   3777.3    543.3
     1     1    21     2    17     7     0     1  -112.0   45.544   78.796   3827.5    561.2
     1     1    21     2    17     6     0     0  -113.0   45.554   78.418   3885.1    577.9
     1     1    21     2    17     5     0     1  -114.0   45.556   78.045   3939.3    592.6
     1     1    21     2    17     4     0     2  -115.0   45.560   77.665   3949.7    595.2
     1     1    21     2    17     3     0     3  -116.0   45.568   77.277   3954.9    595.8
     1     1    21     2    17     2     0     2  -117.0   45.574   76.883   3962.4    595.7
     1     1    21     2    17     1     0     1  -118.0   45.578   76.478   3969.1    594.7
     1     1    21     2    17     0     0     0  -119.0   45.586   76.056   3970.4    594.3
     1     1    21     2    16    23     0     1  -120.0   45.592   75.620   3973.6    595.5
