     5     1
    GDAS    21     2     1     0     0
    GDAS    21     2     8     0     0
    GDAS    21     2    15     0     0
    GDAS    21     2    22     0     0
    GDAS    21     3     1     0     0
     1 BACKWARD OMEGA   
    21     2    13    17   37.820  111.540  1500.0
     1 PRESSURE
     1     1    21     2    13    17     0     1     0.0   37.820  111.540   1500.0    728.1
     1     1    21     2    13    16     0     2    -1.0   38.037  111.140   1491.4    733.2
     1     1    21     2    13    15     0     3    -2.0   38.230  110.779   1459.2    747.1
     1     1    21     2    13    14     0     2    -3.0   38.401  110.423   1459.7    745.9
     1     1    21     2    13    13     0     1    -4.0   38.574  110.037   1510.5    736.9
     1     1    21     2    13    12     0     0    -5.0   38.795  109.588   1626.4    718.9
     1     1    21     2    13    11     0     1    -6.0   39.059  109.010   1767.7    695.1
     1     1    21     2    13    10     0     2    -7.0   39.269  108.332   1889.6    679.1
     1     1    21     2    13     9     0     3    -8.0   39.407  107.610   2017.4    671.5
     1     1    21     2    13     8     0     2    -9.0   39.523  106.854   2108.5    661.3
     1     1    21     2    13     7     0     1   -10.0   39.628  106.064   2015.3    661.4
     1     1    21     2    13     6     0     0   -11.0   39.691  105.303   1925.0    676.4
     1     1    21     2    13     5     0     1   -12.0   39.696  104.530   1997.4    667.6
     1     1    21     2    13     4     0     2   -13.0   39.713  103.772   1975.1    672.0
     1     1    21     2    13     3     0     3   -14.0   39.720  103.029   1882.6    667.6
     1     1    21     2    13     2     0     2   -15.0   39.713  102.375   1777.8    691.3
     1     1    21     2    13     1     0     1   -16.0   39.759  101.785   1785.4    698.4
     1     1    21     2    13     0     0     0   -17.0   39.843  101.219   1836.3    679.5
     1     1    21     2    12    23     0     1   -18.0   39.956  100.638   1806.5    684.2
     1     1    21     2    12    22     0     2   -19.0   40.053  100.032   1714.2    692.2
     1     1    21     2    12    21     0     3   -20.0   40.111   99.450   1672.8    706.9
     1     1    21     2    12    20     0     2   -21.0   40.139   98.856   1675.3    700.0
     1     1    21     2    12    19     0     1   -22.0   40.137   98.223   1593.3    683.7
     1     1    21     2    12    18     0     0   -23.0   40.115   97.549   1562.6    681.5
     1     1    21     2    12    17     0     1   -24.0   40.080   96.798   1765.9    646.1
     1     1    21     2    12    16     0     2   -25.0   40.030   96.015   1890.0    632.2
     1     1    21     2    12    15     0     3   -26.0   40.025   95.303   1979.2    650.5
     1     1    21     2    12    14     0     2   -27.0   40.049   94.664   2187.9    642.7
     1     1    21     2    12    13     0     1   -28.0   40.045   94.036   2266.8    655.0
     1     1    21     2    12    12     0     0   -29.0   40.072   93.402   2268.1    669.9
     1     1    21     2    12    11     0     1   -30.0   40.139   92.778   2291.7    670.6
     1     1    21     2    12    10     0     2   -31.0   40.189   92.178   2290.8    672.7
     1     1    21     2    12     9     0     3   -32.0   40.226   91.585   2271.3    687.4
     1     1    21     2    12     8     0     2   -33.0   40.249   91.000   2280.4    703.3
     1     1    21     2    12     7     0     1   -34.0   40.258   90.430   2306.2    695.2
     1     1    21     2    12     6     0     0   -35.0   40.273   89.890   2338.1    688.2
     1     1    21     2    12     5     0     1   -36.0   40.293   89.389   2354.0    685.0
     1     1    21     2    12     4     0     2   -37.0   40.313   88.929   2352.1    686.0
     1     1    21     2    12     3     0     3   -38.0   40.350   88.499   2370.2    685.5
     1     1    21     2    12     2     0     2   -39.0   40.407   88.083   2423.1    678.9
     1     1    21     2    12     1     0     1   -40.0   40.477   87.686   2477.6    671.8
     1     1    21     2    12     0     0     0   -41.0   40.572   87.311   2504.6    669.4
     1     1    21     2    11    23     0     1   -42.0   40.676   86.953   2497.5    671.5
     1     1    21     2    11    22     0     2   -43.0   40.770   86.610   2453.1    674.0
     1     1    21     2    11    21     0     3   -44.0   40.874   86.276   2377.3    679.3
     1     1    21     2    11    20     0     2   -45.0   40.997   85.954   2319.4    687.0
     1     1    21     2    11    19     0     1   -46.0   41.105   85.656   2320.6    680.7
     1     1    21     2    11    18     0     0   -47.0   41.196   85.373   2375.9    672.8
     1     1    21     2    11    17     0     1   -48.0   41.295   85.109   2490.3    667.1
     1     1    21     2    11    16     0     2   -49.0   41.388   84.876   2674.3    650.5
     1     1    21     2    11    15     0     3   -50.0   41.488   84.668   2923.0    625.6
     1     1    21     2    11    14     0     2   -51.0   41.635   84.442   3155.4    592.7
     1     1    21     2    11    13     0     1   -52.0   41.830   84.161   3244.5    571.3
     1     1    21     2    11    12     0     0   -53.0   42.032   83.827   3138.4    560.9
     1     1    21     2    11    11     0     1   -54.0   42.194   83.455   2971.9    562.0
     1     1    21     2    11    10     0     2   -55.0   42.323   83.053   2837.4    547.1
     1     1    21     2    11     9     0     3   -56.0   42.428   82.647   2691.7    556.5
     1     1    21     2    11     8     0     2   -57.0   42.528   82.243   2542.4    576.6
     1     1    21     2    11     7     0     1   -58.0   42.610   81.876   2379.7    591.4
     1     1    21     2    11     6     0     0   -59.0   42.686   81.547   2221.0    596.0
     1     1    21     2    11     5     0     1   -60.0   42.773   81.196   2113.0    602.7
     1     1    21     2    11     4     0     2   -61.0   42.846   80.822   2022.9    609.2
     1     1    21     2    11     3     0     3   -62.0   42.881   80.452   1859.9    611.2
     1     1    21     2    11     2     0     2   -63.0   42.892   80.100   1675.7    623.9
     1     1    21     2    11     1     0     1   -64.0   42.902   79.772   1569.5    636.9
     1     1    21     2    11     0     0     0   -65.0   42.902   79.477   1556.3    641.5
     1     1    21     2    10    23     0     1   -66.0   42.887   79.206   1607.3    637.0
     1     1    21     2    10    22     0     2   -67.0   42.866   78.947   1686.1    628.0
     1     1    21     2    10    21     0     3   -68.0   42.852   78.687   1750.5    603.0
     1     1    21     2    10    20     0     2   -69.0   42.837   78.407   1785.2    581.7
     1     1    21     2    10    19     0     1   -70.0   42.819   78.100   1799.9    561.6
     1     1    21     2    10    18     0     0   -71.0   42.805   77.763   1804.8    549.1
     1     1    21     2    10    17     0     1   -72.0   42.796   77.394   1730.7    544.1
     1     1    21     2    10    16     0     2   -73.0   42.805   77.011   1492.6    552.8
     1     1    21     2    10    15     0     3   -74.0   42.818   76.688   1221.3    610.4
     1     1    21     2    10    14     0     2   -75.0   42.800   76.456   1041.1    651.0
     1     1    21     2    10    13     0     1   -76.0   42.743   76.270    963.5    665.4
     1     1    21     2    10    12     0     0   -77.0   42.666   76.087    928.2    672.9
     1     1    21     2    10    11     0     1   -78.0   42.585   75.900    873.4    679.5
     1     1    21     2    10    10     0     2   -79.0   42.513   75.728    784.0    693.7
     1     1    21     2    10     9     0     3   -80.0   42.457   75.573    696.1    707.3
     1     1    21     2    10     8     0     2   -81.0   42.411   75.439    634.4    717.7
     1     1    21     2    10     7     0     1   -82.0   42.360   75.320    597.4    721.9
     1     1    21     2    10     6     0     0   -83.0   42.300   75.213    574.2    722.1
     1     1    21     2    10     5     0     1   -84.0   42.231   75.121    561.0    718.5
     1     1    21     2    10     4     0     2   -85.0   42.153   75.041    547.9    711.3
     1     1    21     2    10     3     0     3   -86.0   42.068   74.972    522.1    700.7
     1     1    21     2    10     2     0     2   -87.0   41.981   74.885    475.3    689.8
     1     1    21     2    10     1     0     1   -88.0   41.903   74.761    425.8    689.5
     1     1    21     2    10     0     0     0   -89.0   41.834   74.604    382.8    688.6
     1     1    21     2     9    23     0     1   -90.0   41.757   74.421    386.0    687.0
     1     1    21     2     9    22     0     2   -91.0   41.649   74.177    481.8    676.8
     1     1    21     2     9    21     0     3   -92.0   41.504   73.814    695.8    680.4
     1     1    21     2     9    20     0     2   -93.0   41.351   73.425    854.9    711.4
     1     1    21     2     9    19     0     1   -94.0   41.207   73.154    845.5    766.0
     1     1    21     2     9    18     0     0   -95.0   41.078   72.955    779.9    820.3
     1     1    21     2     9    17     0     1   -96.0   40.958   72.797    695.0    837.9
     1     1    21     2     9    16     0     2   -97.0   40.848   72.686    594.1    833.3
     1     1    21     2     9    15     0     3   -98.0   40.752   72.626    497.8    828.8
     1     1    21     2     9    14     0     2   -99.0   40.675   72.606    422.1    823.7
     1     1    21     2     9    13     0     1  -100.0   40.618   72.609    364.5    817.0
     1     1    21     2     9    12     0     0  -101.0   40.584   72.625    314.6    813.7
     1     1    21     2     9    11     0     1  -102.0   40.564   72.650    275.6    812.8
     1     1    21     2     9    10     0     2  -103.0   40.548   72.682    247.3    810.1
     1     1    21     2     9     9     0     3  -104.0   40.535   72.717    224.0    807.2
     1     1    21     2     9     8     0     2  -105.0   40.517   72.752    206.5    803.6
     1     1    21     2     9     7     0     1  -106.0   40.484   72.785    195.0    796.3
     1     1    21     2     9     6     0     0  -107.0   40.432   72.815    189.9    784.9
     1     1    21     2     9     5     0     1  -108.0   40.375   72.838    182.8    771.6
     1     1    21     2     9     4     0     2  -109.0   40.326   72.850    165.3    762.4
     1     1    21     2     9     3     0     3  -110.0   40.287   72.857    139.8    756.8
     1     1    21     2     9     2     0     2  -111.0   40.254   72.855    113.4    753.3
     1     1    21     2     9     1     0     1  -112.0   40.224   72.837     90.9    750.5
     1     1    21     2     9     0     0     0  -113.0   40.196   72.801     75.6    748.9
     1     1    21     2     8    23     0     1  -114.0   40.165   72.765     73.3    745.2
     1     1    21     2     8    22     0     2  -115.0   40.133   72.741     82.0    738.3
     1     1    21     2     8    21     0     3  -116.0   40.100   72.728     99.0    730.2
     1     1    21     2     8    20     0     2  -117.0   40.071   72.722    118.5    722.7
     1     1    21     2     8    19     0     1  -118.0   40.048   72.721    132.8    716.8
     1     1    21     2     8    18     0     0  -119.0   40.030   72.724    138.9    712.3
     1     1    21     2     8    17     0     1  -120.0   40.015   72.728    122.2    709.4
