     5     1
    GDAS    21     2     1     0     0
    GDAS    21     2     8     0     0
    GDAS    21     2    15     0     0
    GDAS    21     2    22     0     0
    GDAS    21     3     1     0     0
     1 BACKWARD OMEGA   
    21     2    11    17   37.820  111.540  1000.0
     1 PRESSURE
     1     1    21     2    11    17     0     1     0.0   37.820  111.540   1000.0    776.7
     1     1    21     2    11    16     0     2    -1.0   37.971  111.266   1057.0    775.9
     1     1    21     2    11    15     0     3    -2.0   38.113  111.034   1080.2    777.6
     1     1    21     2    11    14     0     2    -3.0   38.236  110.822   1041.6    782.4
     1     1    21     2    11    13     0     1    -4.0   38.347  110.595    949.8    792.8
     1     1    21     2    11    12     0     0    -5.0   38.458  110.331    843.8    802.9
     1     1    21     2    11    11     0     1    -6.0   38.592  110.025    770.7    807.5
     1     1    21     2    11    10     0     2    -7.0   38.750  109.682    736.1    802.9
     1     1    21     2    11     9     0     3    -8.0   38.920  109.311    716.1    798.7
     1     1    21     2    11     8     0     2    -9.0   39.102  108.898    726.0    793.6
     1     1    21     2    11     7     0     1   -10.0   39.283  108.437    772.3    784.1
     1     1    21     2    11     6     0     0   -11.0   39.457  107.939    840.0    780.4
     1     1    21     2    11     5     0     1   -12.0   39.628  107.424    920.7    773.8
     1     1    21     2    11     4     0     2   -13.0   39.825  106.877   1015.5    761.2
     1     1    21     2    11     3     0     3   -14.0   40.074  106.314   1092.1    768.0
     1     1    21     2    11     2     0     2   -15.0   40.359  105.742   1107.6    762.5
     1     1    21     2    11     1     0     1   -16.0   40.676  105.069   1131.5    747.3
     1     1    21     2    11     0     0     0   -17.0   40.990  104.280   1165.7    745.0
     1     1    21     2    10    23     0     1   -18.0   41.278  103.412   1188.9    747.6
     1     1    21     2    10    22     0     2   -19.0   41.538  102.520   1329.2    743.8
     1     1    21     2    10    21     0     3   -20.0   41.778  101.666   1416.2    754.7
     1     1    21     2    10    20     0     2   -21.0   42.021  100.831   1435.3    759.2
     1     1    21     2    10    19     0     1   -22.0   42.296  100.029   1453.0    752.1
     1     1    21     2    10    18     0     0   -23.0   42.627   99.189   1374.2    717.2
     1     1    21     2    10    17     0     1   -24.0   42.954   98.265    971.5    756.2
     1     1    21     2    10    16     0     2   -25.0   43.157   97.356    767.5    787.7
     1     1    21     2    10    15     0     3   -26.0   43.331   96.513    973.9    774.9
     1     1    21     2    10    14     0     2   -27.0   43.525   95.825   1069.7    782.8
     1     1    21     2    10    13     0     1   -28.0   43.753   95.174   1238.5    789.5
     1     1    21     2    10    12     0     0   -29.0   44.016   94.394   1605.5    775.3
     1     1    21     2    10    11     0     1   -30.0   44.249   93.370   1814.4    680.1
     1     1    21     2    10    10     0     2   -31.0   44.474   92.387   1996.4    649.7
     1     1    21     2    10     9     0     3   -32.0   44.670   91.360   2305.8    634.2
     1     1    21     2    10     8     0     2   -33.0   44.842   90.376   2535.3    637.0
     1     1    21     2    10     7     0     1   -34.0   44.912   89.457   2628.2    658.1
     1     1    21     2    10     6     0     0   -35.0   44.973   88.495   2593.1    679.2
     1     1    21     2    10     5     0     1   -36.0   45.025   87.645   2574.5    688.3
     1     1    21     2    10     4     0     2   -37.0   45.048   87.043   2497.4    706.0
     1     1    21     2    10     3     0     3   -38.0   45.046   86.588   2375.0    720.7
     1     1    21     2    10     2     0     2   -39.0   44.995   86.213   2245.7    736.3
     1     1    21     2    10     1     0     1   -40.0   44.893   85.877   2096.3    741.4
     1     1    21     2    10     0     0     0   -41.0   44.779   85.557   1915.4    743.4
     1     1    21     2     9    23     0     1   -42.0   44.658   85.216   1859.8    737.6
     1     1    21     2     9    22     0     2   -43.0   44.507   84.568   2210.1    662.8
     1     1    21     2     9    21     0     3   -44.0   44.294   83.220   2706.1    539.3
     1     1    21     2     9    20     0     2   -45.0   44.050   81.968   2510.7    625.3
     1     1    21     2     9    19     0     1   -46.0   43.992   80.846   2313.9    703.7
     1     1    21     2     9    18     0     0   -47.0   44.098   79.642   2169.7    705.1
     1     1    21     2     9    17     0     1   -48.0   44.043   78.378   2356.1    661.4
     1     1    21     2     9    16     0     2   -49.0   43.917   77.116   2247.9    688.4
     1     1    21     2     9    15     0     3   -50.0   43.828   75.784   1973.4    714.4
     1     1    21     2     9    14     0     2   -51.0   43.693   74.579   1761.1    746.1
     1     1    21     2     9    13     0     1   -52.0   43.580   73.636   1665.5    774.7
     1     1    21     2     9    12     0     0   -53.0   43.480   72.835   1520.2    788.6
     1     1    21     2     9    11     0     1   -54.0   43.358   72.087   1311.6    800.3
     1     1    21     2     9    10     0     2   -55.0   43.230   71.397   1066.5    833.5
     1     1    21     2     9     9     0     3   -56.0   43.143   70.796    827.5    861.6
     1     1    21     2     9     8     0     2   -57.0   42.999   70.220    720.9    853.1
     1     1    21     2     9     7     0     1   -58.0   42.738   69.599    815.6    838.5
     1     1    21     2     9     6     0     0   -59.0   42.519   69.097    885.2    859.8
     1     1    21     2     9     5     0     1   -60.0   42.371   68.692    875.5    879.0
     1     1    21     2     9     4     0     2   -61.0   42.266   68.311    836.1    893.2
     1     1    21     2     9     3     0     3   -62.0   42.211   67.939    814.0    904.9
     1     1    21     2     9     2     0     2   -63.0   42.175   67.556    816.0    903.4
     1     1    21     2     9     1     0     1   -64.0   42.133   67.156    827.0    902.3
     1     1    21     2     9     0     0     0   -65.0   42.090   66.726    867.5    899.1
     1     1    21     2     8    23     0     1   -66.0   42.042   66.264    936.4    888.4
     1     1    21     2     8    22     0     2   -67.0   42.007   65.778   1000.7    880.3
     1     1    21     2     8    21     0     3   -68.0   42.027   65.244   1107.9    874.7
     1     1    21     2     8    20     0     2   -69.0   42.105   64.595   1273.1    853.4
     1     1    21     2     8    19     0     1   -70.0   42.190   63.873   1397.4    840.5
     1     1    21     2     8    18     0     0   -71.0   42.273   63.112   1474.6    839.7
     1     1    21     2     8    17     0     1   -72.0   42.360   62.313   1545.8    833.8
     1     1    21     2     8    16     0     2   -73.0   42.455   61.487   1600.2    828.0
     1     1    21     2     8    15     0     3   -74.0   42.557   60.631   1629.0    825.4
     1     1    21     2     8    14     0     2   -75.0   42.668   59.744   1685.6    818.4
     1     1    21     2     8    13     0     1   -76.0   42.774   58.845   1713.9    815.1
     1     1    21     2     8    12     0     0   -77.0   42.860   57.941   1718.3    814.0
     1     1    21     2     8    11     0     1   -78.0   42.948   57.026   1739.1    801.3
     1     1    21     2     8    10     0     2   -79.0   43.067   56.086   1761.8    796.0
     1     1    21     2     8     9     0     3   -80.0   43.207   55.188   1824.8    790.1
     1     1    21     2     8     8     0     2   -81.0   43.404   54.272   1948.4    778.2
     1     1    21     2     8     7     0     1   -82.0   43.646   53.312   1999.1    777.6
     1     1    21     2     8     6     0     0   -83.0   43.936   52.304   2018.5    775.1
     1     1    21     2     8     5     0     1   -84.0   44.238   51.263   2039.6    785.9
     1     1    21     2     8     4     0     2   -85.0   44.509   50.265   2083.4    784.9
     1     1    21     2     8     3     0     3   -86.0   44.767   49.311   2094.9    784.4
     1     1    21     2     8     2     0     2   -87.0   45.012   48.350   2133.6    780.9
     1     1    21     2     8     1     0     1   -88.0   45.235   47.307   2172.7    774.5
     1     1    21     2     8     0     0     0   -89.0   45.454   46.248   2157.4    776.5
     1     1    21     2     7    23     0     1   -90.0   45.664   45.219   2209.8    769.6
     1     1    21     2     7    22     0     2   -91.0   45.836   44.174   2289.8    757.8
     1     1    21     2     7    21     0     3   -92.0   45.956   43.117   2314.5    748.8
     1     1    21     2     7    20     0     2   -93.0   46.047   42.077   2319.3    749.7
     1     1    21     2     7    19     0     1   -94.0   46.150   41.120   2308.2    750.8
     1     1    21     2     7    18     0     0   -95.0   46.248   40.232   2280.9    754.2
     1     1    21     2     7    17     0     1   -96.0   46.372   39.367   2282.5    758.1
     1     1    21     2     7    16     0     2   -97.0   46.519   38.537   2281.0    761.5
     1     1    21     2     7    15     0     3   -98.0   46.664   37.712   2292.1    758.7
     1     1    21     2     7    14     0     2   -99.0   46.772   36.847   2309.1    751.9
     1     1    21     2     7    13     0     1  -100.0   46.871   35.969   2341.0    747.3
     1     1    21     2     7    12     0     0  -101.0   46.952   35.156   2353.7    745.3
     1     1    21     2     7    11     0     1  -102.0   47.001   34.376   2346.4    746.0
     1     1    21     2     7    10     0     2  -103.0   47.060   33.610   2326.2    751.7
     1     1    21     2     7     9     0     3  -104.0   47.130   32.917   2326.9    755.6
     1     1    21     2     7     8     0     2  -105.0   47.215   32.220   2313.4    752.9
     1     1    21     2     7     7     0     1  -106.0   47.322   31.474   2272.1    754.7
     1     1    21     2     7     6     0     0  -107.0   47.467   30.691   2237.2    753.9
     1     1    21     2     7     5     0     1  -108.0   47.599   29.971   2183.2    758.2
     1     1    21     2     7     4     0     2  -109.0   47.704   29.300   2118.5    760.0
     1     1    21     2     7     3     0     3  -110.0   47.784   28.659   2061.0    765.8
     1     1    21     2     7     2     0     2  -111.0   47.832   28.036   2027.7    772.2
     1     1    21     2     7     1     0     1  -112.0   47.864   27.407   1986.9    772.8
     1     1    21     2     7     0     0     0  -113.0   47.891   26.805   1883.6    776.2
     1     1    21     2     6    23     0     1  -114.0   47.891   26.281   1748.4    783.7
     1     1    21     2     6    22     0     2  -115.0   47.872   25.768   1655.1    774.2
     1     1    21     2     6    21     0     3  -116.0   47.851   25.190   1602.9    750.3
     1     1    21     2     6    20     0     2  -117.0   47.841   24.558   1556.6    756.4
     1     1    21     2     6    19     0     1  -118.0   47.836   24.024   1425.4    791.7
     1     1    21     2     6    18     0     0  -119.0   47.831   23.642   1313.3    827.2
     1     1    21     2     6    17     0     1  -120.0   47.824   23.292   1251.4    836.7
