     5     1
    GDAS    21     2     1     0     0
    GDAS    21     2     8     0     0
    GDAS    21     2    15     0     0
    GDAS    21     2    22     0     0
    GDAS    21     3     1     0     0
     1 BACKWARD OMEGA   
    21     2     1    17   37.820  111.540   500.0
     1 PRESSURE
     1     1    21     2     1    17     0     1     0.0   37.820  111.540    500.0    829.7
     1     1    21     2     1    16     0     2    -1.0   38.016  111.338    652.0    819.4
     1     1    21     2     1    15     0     3    -2.0   38.230  111.122    802.2    807.8
     1     1    21     2     1    14     0     2    -3.0   38.441  110.896    908.4    799.0
     1     1    21     2     1    13     0     1    -4.0   38.646  110.676    967.4    794.2
     1     1    21     2     1    12     0     0    -5.0   38.854  110.449   1027.8    785.8
     1     1    21     2     1    11     0     1    -6.0   39.097  110.193   1099.1    768.1
     1     1    21     2     1    10     0     2    -7.0   39.393  109.885   1185.6    750.1
     1     1    21     2     1     9     0     3    -8.0   39.735  109.499   1309.7    729.6
     1     1    21     2     1     8     0     2    -9.0   40.123  109.017   1459.1    706.8
     1     1    21     2     1     7     0     1   -10.0   40.498  108.520   1535.2    714.5
     1     1    21     2     1     6     0     0   -11.0   40.847  108.092   1505.7    735.5
     1     1    21     2     1     5     0     1   -12.0   41.183  107.723   1458.9    741.0
     1     1    21     2     1     4     0     2   -13.0   41.509  107.383   1461.5    736.2
     1     1    21     2     1     3     0     3   -14.0   41.868  107.046   1541.7    727.5
     1     1    21     2     1     2     0     2   -15.0   42.271  106.702   1696.7    714.1
     1     1    21     2     1     1     0     1   -16.0   42.694  106.303   1886.1    689.2
     1     1    21     2     1     0     0     0   -17.0   43.123  105.787   2076.6    653.1
