     5     1
    GDAS    21     2     1     0     0
    GDAS    21     2     8     0     0
    GDAS    21     2    15     0     0
    GDAS    21     2    22     0     0
    GDAS    21     3     1     0     0
     1 BACKWARD OMEGA   
    21     2    19    23   37.820  111.540  1000.0
     1 PRESSURE
     1     1    21     2    19    23     0     1     0.0   37.820  111.540   1000.0    774.8
     1     1    21     2    19    22     0     2    -1.0   38.005  111.141   1104.3    763.9
     1     1    21     2    19    21     0     3    -2.0   38.195  110.773   1075.3    773.7
     1     1    21     2    19    20     0     2    -3.0   38.400  110.380    986.3    788.8
     1     1    21     2    19    19     0     1    -4.0   38.629  109.935    973.3    788.0
     1     1    21     2    19    18     0     0    -5.0   38.867  109.480   1012.9    769.8
     1     1    21     2    19    17     0     1    -6.0   39.130  109.001   1018.8    761.4
     1     1    21     2    19    16     0     2    -7.0   39.406  108.476   1028.6    761.2
     1     1    21     2    19    15     0     3    -8.0   39.675  107.932   1071.3    762.3
     1     1    21     2    19    14     0     2    -9.0   39.932  107.349   1182.6    752.5
     1     1    21     2    19    13     0     1   -10.0   40.187  106.769   1400.6    730.6
     1     1    21     2    19    12     0     0   -11.0   40.460  106.238   1550.0    716.1
     1     1    21     2    19    11     0     1   -12.0   40.742  105.716   1581.4    711.6
     1     1    21     2    19    10     0     2   -13.0   41.038  105.168   1607.4    707.9
     1     1    21     2    19     9     0     3   -14.0   41.334  104.622   1620.4    709.8
     1     1    21     2    19     8     0     2   -15.0   41.607  104.053   1596.0    718.9
     1     1    21     2    19     7     0     1   -16.0   41.860  103.432   1555.6    725.9
     1     1    21     2    19     6     0     0   -17.0   42.097  102.780   1497.4    734.1
     1     1    21     2    19     5     0     1   -18.0   42.288  102.126   1442.7    741.5
     1     1    21     2    19     4     0     2   -19.0   42.427  101.509   1408.0    737.3
     1     1    21     2    19     3     0     3   -20.0   42.556  100.947   1341.6    739.3
     1     1    21     2    19     2     0     2   -21.0   42.706  100.427   1309.8    748.3
     1     1    21     2    19     1     0     1   -22.0   42.874   99.926   1442.9    736.7
     1     1    21     2    19     0     0     0   -23.0   43.034   99.469   1526.2    702.2
     1     1    21     2    18    23     0     1   -24.0   43.217   99.047   1369.1    720.1
     1     1    21     2    18    22     0     2   -25.0   43.425   98.593   1164.1    749.5
     1     1    21     2    18    21     0     3   -26.0   43.608   98.108   1099.6    749.0
     1     1    21     2    18    20     0     2   -27.0   43.778   97.600   1094.9    750.6
     1     1    21     2    18    19     0     1   -28.0   43.957   97.009   1061.0    772.5
     1     1    21     2    18    18     0     0   -29.0   44.128   96.338   1029.1    788.3
     1     1    21     2    18    17     0     1   -30.0   44.278   95.707   1070.1    787.8
     1     1    21     2    18    16     0     2   -31.0   44.428   95.170   1180.5    761.2
     1     1    21     2    18    15     0     3   -32.0   44.598   94.676   1352.9    719.1
     1     1    21     2    18    14     0     2   -33.0   44.788   94.166   1523.8    694.1
     1     1    21     2    18    13     0     1   -34.0   44.979   93.640   1631.7    685.4
     1     1    21     2    18    12     0     0   -35.0   45.162   93.124   1730.7    677.3
     1     1    21     2    18    11     0     1   -36.0   45.334   92.627   1851.0    670.6
     1     1    21     2    18    10     0     2   -37.0   45.500   92.135   1994.3    670.8
     1     1    21     2    18     9     0     3   -38.0   45.661   91.642   2129.1    660.1
     1     1    21     2    18     8     0     2   -39.0   45.825   91.168   2229.9    647.8
     1     1    21     2    18     7     0     1   -40.0   45.999   90.721   2296.2    652.1
     1     1    21     2    18     6     0     0   -41.0   46.170   90.301   2313.8    654.0
     1     1    21     2    18     5     0     1   -42.0   46.331   89.892   2326.4    660.7
     1     1    21     2    18     4     0     2   -43.0   46.476   89.485   2352.2    668.8
     1     1    21     2    18     3     0     3   -44.0   46.596   89.088   2367.6    684.0
     1     1    21     2    18     2     0     2   -45.0   46.687   88.701   2379.7    695.9
     1     1    21     2    18     1     0     1   -46.0   46.760   88.326   2433.6    698.4
     1     1    21     2    18     0     0     0   -47.0   46.833   87.970   2525.9    696.3
     1     1    21     2    17    23     0     1   -48.0   46.904   87.629   2608.5    681.9
     1     1    21     2    17    22     0     2   -49.0   46.965   87.296   2665.1    672.0
     1     1    21     2    17    21     0     3   -50.0   47.023   86.976   2716.8    660.5
     1     1    21     2    17    20     0     2   -51.0   47.095   86.625   2722.5    626.6
     1     1    21     2    17    19     0     1   -52.0   47.194   86.191   2696.3    600.2
     1     1    21     2    17    18     0     0   -53.0   47.305   85.688   2716.1    601.2
     1     1    21     2    17    17     0     1   -54.0   47.400   85.154   2811.4    608.1
     1     1    21     2    17    16     0     2   -55.0   47.470   84.605   2902.7    612.3
     1     1    21     2    17    15     0     3   -56.0   47.508   84.055   2899.2    628.1
     1     1    21     2    17    14     0     2   -57.0   47.517   83.508   2857.0    646.7
     1     1    21     2    17    13     0     1   -58.0   47.502   82.950   2829.9    656.4
     1     1    21     2    17    12     0     0   -59.0   47.461   82.377   2797.3    658.9
     1     1    21     2    17    11     0     1   -60.0   47.398   81.809   2771.4    664.7
     1     1    21     2    17    10     0     2   -61.0   47.319   81.266   2747.4    672.6
     1     1    21     2    17     9     0     3   -62.0   47.220   80.752   2717.6    683.3
     1     1    21     2    17     8     0     2   -63.0   47.101   80.269   2699.7    693.2
     1     1    21     2    17     7     0     1   -64.0   46.972   79.815   2710.2    697.3
     1     1    21     2    17     6     0     0   -65.0   46.835   79.387   2717.7    694.2
     1     1    21     2    17     5     0     1   -66.0   46.691   78.977   2704.3    696.0
     1     1    21     2    17     4     0     2   -67.0   46.553   78.584   2681.2    697.5
     1     1    21     2    17     3     0     3   -68.0   46.423   78.216   2661.4    699.5
     1     1    21     2    17     2     0     2   -69.0   46.293   77.868   2649.4    702.8
     1     1    21     2    17     1     0     1   -70.0   46.166   77.529   2652.3    704.9
     1     1    21     2    17     0     0     0   -71.0   46.045   77.201   2675.7    705.1
     1     1    21     2    16    23     0     1   -72.0   45.928   76.876   2704.2    701.5
     1     1    21     2    16    22     0     2   -73.0   45.810   76.548   2718.9    699.2
     1     1    21     2    16    21     0     3   -74.0   45.696   76.227   2722.2    698.8
     1     1    21     2    16    20     0     2   -75.0   45.585   75.914   2725.1    698.7
     1     1    21     2    16    19     0     1   -76.0   45.476   75.606   2736.8    698.4
     1     1    21     2    16    18     0     0   -77.0   45.378   75.301   2759.5    697.2
     1     1    21     2    16    17     0     1   -78.0   45.293   74.994   2787.0    695.3
     1     1    21     2    16    16     0     2   -79.0   45.211   74.683   2804.9    693.2
     1     1    21     2    16    15     0     3   -80.0   45.127   74.370   2807.8    693.0
     1     1    21     2    16    14     0     2   -81.0   45.049   74.055   2804.7    693.9
     1     1    21     2    16    13     0     1   -82.0   44.974   73.733   2798.7    690.9
     1     1    21     2    16    12     0     0   -83.0   44.901   73.392   2793.9    687.3
     1     1    21     2    16    11     0     1   -84.0   44.823   73.032   2793.2    684.4
     1     1    21     2    16    10     0     2   -85.0   44.733   72.665   2804.1    687.7
     1     1    21     2    16     9     0     3   -86.0   44.626   72.300   2813.9    690.4
     1     1    21     2    16     8     0     2   -87.0   44.511   71.940   2813.7    692.1
     1     1    21     2    16     7     0     1   -88.0   44.394   71.585   2802.8    693.5
     1     1    21     2    16     6     0     0   -89.0   44.275   71.225   2786.7    695.2
     1     1    21     2    16     5     0     1   -90.0   44.153   70.865   2763.3    697.8
     1     1    21     2    16     4     0     2   -91.0   44.023   70.522   2741.9    699.7
     1     1    21     2    16     3     0     3   -92.0   43.872   70.194   2718.2    694.8
     1     1    21     2    16     2     0     2   -93.0   43.708   69.885   2673.6    689.5
     1     1    21     2    16     1     0     1   -94.0   43.543   69.613   2617.8    694.8
     1     1    21     2    16     0     0     0   -95.0   43.369   69.381   2568.9    703.7
     1     1    21     2    15    23     0     1   -96.0   43.198   69.178   2552.0    713.5
     1     1    21     2    15    22     0     2   -97.0   43.044   69.006   2584.2    720.7
     1     1    21     2    15    21     0     3   -98.0   42.908   68.875   2637.6    714.2
     1     1    21     2    15    20     0     2   -99.0   42.803   68.756   2676.2    707.9
     1     1    21     2    15    19     0     1  -100.0   42.733   68.623   2677.7    709.1
     1     1    21     2    15    18     0     0  -101.0   42.689   68.477   2653.3    713.0
     1     1    21     2    15    17     0     1  -102.0   42.651   68.313   2630.7    718.8
     1     1    21     2    15    16     0     2  -103.0   42.610   68.120   2631.5    721.0
     1     1    21     2    15    15     0     3  -104.0   42.574   67.894   2651.0    721.0
     1     1    21     2    15    14     0     2  -105.0   42.531   67.649   2669.0    718.6
     1     1    21     2    15    13     0     1  -106.0   42.467   67.402   2674.2    718.5
     1     1    21     2    15    12     0     0  -107.0   42.383   67.152   2667.9    719.3
     1     1    21     2    15    11     0     1  -108.0   42.284   66.908   2660.9    720.5
     1     1    21     2    15    10     0     2  -109.0   42.173   66.677   2663.2    719.4
     1     1    21     2    15     9     0     3  -110.0   42.050   66.458   2671.1    717.9
     1     1    21     2    15     8     0     2  -111.0   41.927   66.252   2673.3    716.7
     1     1    21     2    15     7     0     1  -112.0   41.815   66.061   2659.3    717.2
     1     1    21     2    15     6     0     0  -113.0   41.716   65.885   2634.1    720.1
     1     1    21     2    15     5     0     1  -114.0   41.628   65.713   2612.6    723.0
     1     1    21     2    15     4     0     2  -115.0   41.551   65.534   2599.3    724.5
     1     1    21     2    15     3     0     3  -116.0   41.484   65.344   2586.2    726.4
     1     1    21     2    15     2     0     2  -117.0   41.419   65.153   2569.3    729.4
     1     1    21     2    15     1     0     1  -118.0   41.349   64.970   2547.9    732.5
     1     1    21     2    15     0     0     0  -119.0   41.274   64.792   2519.6    734.3
     1     1    21     2    14    23     0     1  -120.0   41.194   64.626   2493.2    736.2
