     5     1
    GDAS    21     2     1     0     0
    GDAS    21     2     8     0     0
    GDAS    21     2    15     0     0
    GDAS    21     2    22     0     0
    GDAS    21     3     1     0     0
     1 BACKWARD OMEGA   
    21     2     7    23   37.820  111.540  1500.0
     1 PRESSURE
     1     1    21     2     7    23     0     1     0.0   37.820  111.540   1500.0    733.3
     1     1    21     2     7    22     0     2    -1.0   37.851  111.250   1498.3    738.0
     1     1    21     2     7    21     0     3    -2.0   37.868  110.975   1516.6    739.1
     1     1    21     2     7    20     0     2    -3.0   37.869  110.717   1534.6    738.5
     1     1    21     2     7    19     0     1    -4.0   37.862  110.477   1544.1    740.6
     1     1    21     2     7    18     0     0    -5.0   37.855  110.252   1558.2    742.1
     1     1    21     2     7    17     0     1    -6.0   37.853  110.043   1568.3    741.8
     1     1    21     2     7    16     0     2    -7.0   37.857  109.845   1560.1    741.3
     1     1    21     2     7    15     0     3    -8.0   37.861  109.648   1541.3    740.5
     1     1    21     2     7    14     0     2    -9.0   37.878  109.448   1526.1    740.2
     1     1    21     2     7    13     0     1   -10.0   37.918  109.250   1516.5    737.9
     1     1    21     2     7    12     0     0   -11.0   37.975  109.068   1496.7    737.3
     1     1    21     2     7    11     0     1   -12.0   38.052  108.896   1482.8    737.7
     1     1    21     2     7    10     0     2   -13.0   38.148  108.705   1490.8    732.2
     1     1    21     2     7     9     0     3   -14.0   38.258  108.483   1518.0    724.2
     1     1    21     2     7     8     0     2   -15.0   38.369  108.213   1553.9    714.7
     1     1    21     2     7     7     0     1   -16.0   38.471  107.891   1588.1    707.9
     1     1    21     2     7     6     0     0   -17.0   38.565  107.537   1615.8    708.6
     1     1    21     2     7     5     0     1   -18.0   38.655  107.185   1640.5    712.7
     1     1    21     2     7     4     0     2   -19.0   38.744  106.838   1667.9    706.3
     1     1    21     2     7     3     0     3   -20.0   38.835  106.471   1700.4    680.1
     1     1    21     2     7     2     0     2   -21.0   38.933  106.049   1748.1    640.2
     1     1    21     2     7     1     0     1   -22.0   39.041  105.603   1851.5    650.0
     1     1    21     2     7     0     0     0   -23.0   39.156  105.193   1924.1    669.7
     1     1    21     2     6    23     0     1   -24.0   39.277  104.817   1945.5    678.1
     1     1    21     2     6    22     0     2   -25.0   39.409  104.456   1956.4    678.0
     1     1    21     2     6    21     0     3   -26.0   39.559  104.106   1989.5    676.1
     1     1    21     2     6    20     0     2   -27.0   39.729  103.743   2021.2    666.9
     1     1    21     2     6    19     0     1   -28.0   39.913  103.334   2032.3    658.7
     1     1    21     2     6    18     0     0   -29.0   40.120  102.857   2066.2    655.9
     1     1    21     2     6    17     0     1   -30.0   40.335  102.364   2110.5    661.8
     1     1    21     2     6    16     0     2   -31.0   40.543  101.912   2116.3    672.6
     1     1    21     2     6    15     0     3   -32.0   40.744  101.471   2082.3    681.4
     1     1    21     2     6    14     0     2   -33.0   40.930  101.006   2017.8    695.4
     1     1    21     2     6    13     0     1   -34.0   41.098  100.520   1957.0    701.9
     1     1    21     2     6    12     0     0   -35.0   41.254   99.976   1939.7    700.1
     1     1    21     2     6    11     0     1   -36.0   41.394   99.419   1926.5    685.0
     1     1    21     2     6    10     0     2   -37.0   41.512   98.906   1918.7    674.6
     1     1    21     2     6     9     0     3   -38.0   41.621   98.393   1961.7    667.9
     1     1    21     2     6     8     0     2   -39.0   41.737   97.831   2032.0    648.2
     1     1    21     2     6     7     0     1   -40.0   41.864   97.228   2047.8    633.6
     1     1    21     2     6     6     0     0   -41.0   42.003   96.590   2000.9    623.5
     1     1    21     2     6     5     0     1   -42.0   42.156   95.971   1960.2    625.5
     1     1    21     2     6     4     0     2   -43.0   42.307   95.435   1973.0    650.0
     1     1    21     2     6     3     0     3   -44.0   42.451   94.959   2007.9    651.0
     1     1    21     2     6     2     0     2   -45.0   42.607   94.491   2068.1    644.4
     1     1    21     2     6     1     0     1   -46.0   42.786   93.975   2113.9    638.3
     1     1    21     2     6     0     0     0   -47.0   43.003   93.436   2195.5    665.1
     1     1    21     2     5    23     0     1   -48.0   43.228   92.939   2279.3    680.5
     1     1    21     2     5    22     0     2   -49.0   43.444   92.450   2334.6    665.7
     1     1    21     2     5    21     0     3   -50.0   43.675   91.880   2386.2    642.1
     1     1    21     2     5    20     0     2   -51.0   43.915   91.218   2475.2    640.4
     1     1    21     2     5    19     0     1   -52.0   44.135   90.541   2570.8    645.5
     1     1    21     2     5    18     0     0   -53.0   44.346   89.895   2627.3    654.9
     1     1    21     2     5    17     0     1   -54.0   44.558   89.281   2657.2    662.5
     1     1    21     2     5    16     0     2   -55.0   44.776   88.673   2687.8    666.8
     1     1    21     2     5    15     0     3   -56.0   45.012   88.043   2762.7    673.9
     1     1    21     2     5    14     0     2   -57.0   45.251   87.370   2857.0    668.6
     1     1    21     2     5    13     0     1   -58.0   45.469   86.699   2913.1    672.9
     1     1    21     2     5    12     0     0   -59.0   45.667   86.048   2960.8    675.2
     1     1    21     2     5    11     0     1   -60.0   45.838   85.363   2938.3    656.4
     1     1    21     2     5    10     0     2   -61.0   45.969   84.594   2874.6    632.4
     1     1    21     2     5     9     0     3   -62.0   46.069   83.723   2995.5    582.5
     1     1    21     2     5     8     0     2   -63.0   46.156   82.818   3214.8    571.9
     1     1    21     2     5     7     0     1   -64.0   46.194   81.970   3375.5    631.2
     1     1    21     2     5     6     0     0   -65.0   46.197   81.189   3278.7    617.9
     1     1    21     2     5     5     0     1   -66.0   46.197   80.451   3230.1    631.2
     1     1    21     2     5     4     0     2   -67.0   46.186   79.782   3193.7    647.2
     1     1    21     2     5     3     0     3   -68.0   46.176   79.159   3131.5    654.2
     1     1    21     2     5     2     0     2   -69.0   46.169   78.560   3066.5    663.5
     1     1    21     2     5     1     0     1   -70.0   46.165   77.968   3020.2    669.3
     1     1    21     2     5     0     0     0   -71.0   46.171   77.374   2981.6    671.7
     1     1    21     2     4    23     0     1   -72.0   46.182   76.779   2949.1    675.4
     1     1    21     2     4    22     0     2   -73.0   46.186   76.190   2929.2    678.5
     1     1    21     2     4    21     0     3   -74.0   46.182   75.610   2912.8    679.9
     1     1    21     2     4    20     0     2   -75.0   46.173   75.038   2895.1    681.8
     1     1    21     2     4    19     0     1   -76.0   46.159   74.471   2879.8    683.2
     1     1    21     2     4    18     0     0   -77.0   46.136   73.910   2865.4    683.6
     1     1    21     2     4    17     0     1   -78.0   46.112   73.353   2851.0    682.5
     1     1    21     2     4    16     0     2   -79.0   46.094   72.795   2842.7    680.5
     1     1    21     2     4    15     0     3   -80.0   46.086   72.242   2837.0    678.8
     1     1    21     2     4    14     0     2   -81.0   46.083   71.689   2836.4    679.4
     1     1    21     2     4    13     0     1   -82.0   46.075   71.131   2840.0    682.1
     1     1    21     2     4    12     0     0   -83.0   46.067   70.570   2845.3    685.2
     1     1    21     2     4    11     0     1   -84.0   46.053   70.013   2840.3    688.2
     1     1    21     2     4    10     0     2   -85.0   46.025   69.462   2823.3    693.9
     1     1    21     2     4     9     0     3   -86.0   45.989   68.919   2812.6    698.8
     1     1    21     2     4     8     0     2   -87.0   45.948   68.384   2811.2    702.0
     1     1    21     2     4     7     0     1   -88.0   45.899   67.860   2810.4    704.3
     1     1    21     2     4     6     0     0   -89.0   45.840   67.348   2792.6    705.2
     1     1    21     2     4     5     0     1   -90.0   45.770   66.850   2761.1    711.0
     1     1    21     2     4     4     0     2   -91.0   45.692   66.361   2740.4    718.2
     1     1    21     2     4     3     0     3   -92.0   45.608   65.878   2734.9    720.9
     1     1    21     2     4     2     0     2   -93.0   45.514   65.402   2732.4    719.7
     1     1    21     2     4     1     0     1   -94.0   45.411   64.934   2727.8    720.9
     1     1    21     2     4     0     0     0   -95.0   45.302   64.473   2718.6    722.9
     1     1    21     2     3    23     0     1   -96.0   45.184   64.028   2701.6    725.8
     1     1    21     2     3    22     0     2   -97.0   45.051   63.607   2676.8    728.4
     1     1    21     2     3    21     0     3   -98.0   44.894   63.212   2647.4    731.7
     1     1    21     2     3    20     0     2   -99.0   44.720   62.845   2611.9    734.6
     1     1    21     2     3    19     0     1  -100.0   44.539   62.508   2562.8    738.9
     1     1    21     2     3    18     0     0  -101.0   44.353   62.205   2496.3    745.1
     1     1    21     2     3    17     0     1  -102.0   44.164   61.933   2424.7    753.5
     1     1    21     2     3    16     0     2  -103.0   43.975   61.683   2369.5    759.9
     1     1    21     2     3    15     0     3  -104.0   43.787   61.455   2342.7    763.0
     1     1    21     2     3    14     0     2  -105.0   43.598   61.246   2335.2    762.7
     1     1    21     2     3    13     0     1  -106.0   43.407   61.055   2333.1    762.8
     1     1    21     2     3    12     0     0  -107.0   43.214   60.879   2333.9    763.0
     1     1    21     2     3    11     0     1  -108.0   43.013   60.725   2332.6    762.9
     1     1    21     2     3    10     0     2  -109.0   42.794   60.598   2328.8    763.7
     1     1    21     2     3     9     0     3  -110.0   42.560   60.497   2325.5    764.3
     1     1    21     2     3     8     0     2  -111.0   42.320   60.437   2326.5    764.6
     1     1    21     2     3     7     0     1  -112.0   42.084   60.432   2337.8    763.9
     1     1    21     2     3     6     0     0  -113.0   41.855   60.481   2360.1    761.7
     1     1    21     2     3     5     0     1  -114.0   41.642   60.571   2385.3    758.6
     1     1    21     2     3     4     0     2  -115.0   41.450   60.694   2407.5    756.4
     1     1    21     2     3     3     0     3  -116.0   41.273   60.849   2423.9    754.4
     1     1    21     2     3     2     0     2  -117.0   41.109   61.036   2433.8    753.6
     1     1    21     2     3     1     0     1  -118.0   40.969   61.252   2456.6    751.1
     1     1    21     2     3     0     0     0  -119.0   40.855   61.489   2513.7    744.3
     1     1    21     2     2    23     0     1  -120.0   40.757   61.747   2613.9    733.2
