     5     1
    GDAS    21     2     1     0     0
    GDAS    21     2     8     0     0
    GDAS    21     2    15     0     0
    GDAS    21     2    22     0     0
    GDAS    21     3     1     0     0
     1 BACKWARD OMEGA   
    21     2     5    23   37.820  111.540  1500.0
     1 PRESSURE
     1     1    21     2     5    23     0     1     0.0   37.820  111.540   1500.0    726.2
     1     1    21     2     5    22     0     2    -1.0   38.136  110.888   1525.4    725.2
     1     1    21     2     5    21     0     3    -2.0   38.425  110.293   1425.4    744.2
     1     1    21     2     5    20     0     2    -3.0   38.745  109.641   1348.7    741.8
     1     1    21     2     5    19     0     1    -4.0   39.087  108.917   1327.1    734.4
     1     1    21     2     5    18     0     0    -5.0   39.425  108.160   1409.7    722.1
     1     1    21     2     5    17     0     1    -6.0   39.727  107.384   1556.1    711.3
     1     1    21     2     5    16     0     2    -7.0   40.030  106.542   1816.7    690.6
     1     1    21     2     5    15     0     3    -8.0   40.332  105.758   1815.6    696.8
     1     1    21     2     5    14     0     2    -9.0   40.647  104.968   1817.6    681.9
     1     1    21     2     5    13     0     1   -10.0   41.002  104.099   1846.9    684.8
     1     1    21     2     5    12     0     0   -11.0   41.356  103.219   1854.7    685.1
     1     1    21     2     5    11     0     1   -12.0   41.703  102.349   1908.9    697.9
     1     1    21     2     5    10     0     2   -13.0   42.062  101.453   1973.2    700.6
     1     1    21     2     5     9     0     3   -14.0   42.403  100.572   1708.3    714.8
     1     1    21     2     5     8     0     2   -15.0   42.750   99.707   1714.7    703.8
     1     1    21     2     5     7     0     1   -16.0   43.141   98.752   1721.4    685.0
     1     1    21     2     5     6     0     0   -17.0   43.477   97.827   1549.8    700.5
     1     1    21     2     5     5     0     1   -18.0   43.772   96.902   1555.8    722.1
     1     1    21     2     5     4     0     2   -19.0   44.056   95.881   1759.6    723.8
     1     1    21     2     5     3     0     3   -20.0   44.303   94.882   1935.8    697.9
     1     1    21     2     5     2     0     2   -21.0   44.500   93.925   2200.4    660.7
     1     1    21     2     5     1     0     1   -22.0   44.730   92.980   2354.8    620.7
     1     1    21     2     5     0     0     0   -23.0   44.977   92.057   2344.6    642.3
     1     1    21     2     4    23     0     1   -24.0   45.234   91.098   2363.9    630.8
     1     1    21     2     4    22     0     2   -25.0   45.481   90.197   2478.7    649.8
     1     1    21     2     4    21     0     3   -26.0   45.694   89.405   2521.2    667.1
     1     1    21     2     4    20     0     2   -27.0   45.883   88.639   2498.7    681.3
     1     1    21     2     4    19     0     1   -28.0   46.067   87.884   2466.0    693.5
     1     1    21     2     4    18     0     0   -29.0   46.236   87.175   2453.3    701.2
     1     1    21     2     4    17     0     1   -30.0   46.390   86.474   2419.6    684.4
     1     1    21     2     4    16     0     2   -31.0   46.558   85.664   2394.7    641.7
     1     1    21     2     4    15     0     3   -32.0   46.749   84.696   2491.2    605.9
     1     1    21     2     4    14     0     2   -33.0   46.911   83.684   2537.9    618.9
     1     1    21     2     4    13     0     1   -34.0   47.015   82.737   2444.0    664.9
     1     1    21     2     4    12     0     0   -35.0   47.065   81.892   2382.6    697.3
     1     1    21     2     4    11     0     1   -36.0   47.081   81.124   2344.9    715.4
     1     1    21     2     4    10     0     2   -37.0   47.076   80.412   2280.0    728.2
     1     1    21     2     4     9     0     3   -38.0   47.064   79.741   2219.5    738.0
     1     1    21     2     4     8     0     2   -39.0   47.049   79.098   2189.8    743.4
     1     1    21     2     4     7     0     1   -40.0   47.030   78.456   2178.8    736.5
     1     1    21     2     4     6     0     0   -41.0   47.005   77.803   2164.5    732.6
     1     1    21     2     4     5     0     1   -42.0   46.967   77.151   2126.8    735.0
     1     1    21     2     4     4     0     2   -43.0   46.916   76.536   2064.3    748.7
     1     1    21     2     4     3     0     3   -44.0   46.857   75.973   1989.0    762.3
     1     1    21     2     4     2     0     2   -45.0   46.792   75.454   1913.3    772.1
     1     1    21     2     4     1     0     1   -46.0   46.722   74.966   1863.2    777.7
     1     1    21     2     4     0     0     0   -47.0   46.643   74.502   1822.8    778.7
     1     1    21     2     3    23     0     1   -48.0   46.559   74.072   1783.3    782.7
     1     1    21     2     3    22     0     2   -49.0   46.473   73.683   1756.5    784.2
     1     1    21     2     3    21     0     3   -50.0   46.383   73.330   1746.2    783.4
     1     1    21     2     3    20     0     2   -51.0   46.293   73.004   1734.7    782.2
     1     1    21     2     3    19     0     1   -52.0   46.210   72.698   1712.7    785.4
     1     1    21     2     3    18     0     0   -53.0   46.131   72.415   1683.8    788.4
     1     1    21     2     3    17     0     1   -54.0   46.059   72.153   1658.7    791.5
     1     1    21     2     3    16     0     2   -55.0   45.997   71.907   1647.0    792.9
     1     1    21     2     3    15     0     3   -56.0   45.947   71.680   1656.9    795.4
     1     1    21     2     3    14     0     2   -57.0   45.903   71.460   1681.3    793.8
     1     1    21     2     3    13     0     1   -58.0   45.860   71.243   1702.5    793.2
     1     1    21     2     3    12     0     0   -59.0   45.817   71.029   1712.4    793.8
     1     1    21     2     3    11     0     1   -60.0   45.776   70.831   1714.4    796.0
     1     1    21     2     3    10     0     2   -61.0   45.735   70.657   1714.0    797.7
     1     1    21     2     3     9     0     3   -62.0   45.693   70.509   1710.3    799.6
     1     1    21     2     3     8     0     2   -63.0   45.652   70.389   1708.9    801.9
     1     1    21     2     3     7     0     1   -64.0   45.617   70.294   1715.7    802.5
     1     1    21     2     3     6     0     0   -65.0   45.589   70.224   1731.8    802.0
     1     1    21     2     3     5     0     1   -66.0   45.575   70.164   1754.9    800.0
     1     1    21     2     3     4     0     2   -67.0   45.583   70.103   1781.9    797.7
     1     1    21     2     3     3     0     3   -68.0   45.613   70.038   1812.0    794.7
     1     1    21     2     3     2     0     2   -69.0   45.658   69.963   1835.0    791.4
     1     1    21     2     3     1     0     1   -70.0   45.710   69.876   1844.4    790.5
     1     1    21     2     3     0     0     0   -71.0   45.769   69.778   1845.9    790.5
     1     1    21     2     2    23     0     1   -72.0   45.830   69.678   1852.8    790.8
     1     1    21     2     2    22     0     2   -73.0   45.892   69.584   1877.8    788.6
     1     1    21     2     2    21     0     3   -74.0   45.957   69.491   1926.4    784.0
     1     1    21     2     2    20     0     2   -75.0   46.031   69.392   1989.1    776.8
     1     1    21     2     2    19     0     1   -76.0   46.115   69.286   2051.0    770.9
     1     1    21     2     2    18     0     0   -77.0   46.206   69.174   2110.5    765.6
     1     1    21     2     2    17     0     1   -78.0   46.303   69.043   2162.9    760.1
     1     1    21     2     2    16     0     2   -79.0   46.405   68.882   2201.1    756.6
     1     1    21     2     2    15     0     3   -80.0   46.514   68.692   2229.6    755.1
     1     1    21     2     2    14     0     2   -81.0   46.625   68.478   2259.2    753.1
     1     1    21     2     2    13     0     1   -82.0   46.728   68.247   2286.8    750.5
     1     1    21     2     2    12     0     0   -83.0   46.821   68.004   2299.6    749.5
     1     1    21     2     2    11     0     1   -84.0   46.908   67.756   2317.5    748.6
     1     1    21     2     2    10     0     2   -85.0   47.000   67.502   2357.9    741.0
     1     1    21     2     2     9     0     3   -86.0   47.098   67.244   2390.2    733.5
     1     1    21     2     2     8     0     2   -87.0   47.203   66.991   2402.9    730.1
     1     1    21     2     2     7     0     1   -88.0   47.316   66.747   2413.2    731.1
     1     1    21     2     2     6     0     0   -89.0   47.435   66.510   2424.2    730.5
     1     1    21     2     2     5     0     1   -90.0   47.559   66.265   2438.8    729.5
     1     1    21     2     2     4     0     2   -91.0   47.684   65.994   2461.6    727.2
     1     1    21     2     2     3     0     3   -92.0   47.802   65.690   2507.9    727.7
     1     1    21     2     2     2     0     2   -93.0   47.915   65.350   2583.1    726.3
     1     1    21     2     2     1     0     1   -94.0   48.030   64.971   2672.3    724.8
     1     1    21     2     2     0     0     0   -95.0   48.141   64.561   2734.1    718.8
     1     1    21     2     1    23     0     1   -96.0   48.235   64.142   2764.0    719.5
     1     1    21     2     1    22     0     2   -97.0   48.301   63.724   2782.6    720.5
     1     1    21     2     1    21     0     3   -98.0   48.340   63.295   2795.2    719.9
     1     1    21     2     1    20     0     2   -99.0   48.358   62.856   2791.9    719.9
     1     1    21     2     1    19     0     1  -100.0   48.362   62.426   2767.1    720.7
     1     1    21     2     1    18     0     0  -101.0   48.344   62.010   2725.0    723.5
     1     1    21     2     1    17     0     1  -102.0   48.312   61.611   2689.5    727.1
     1     1    21     2     1    16     0     2  -103.0   48.272   61.229   2689.5    726.4
     1     1    21     2     1    15     0     3  -104.0   48.214   60.862   2731.8    721.1
     1     1    21     2     1    14     0     2  -105.0   48.146   60.516   2776.9    710.1
     1     1    21     2     1    13     0     1  -106.0   48.076   60.195   2784.6    706.2
     1     1    21     2     1    12     0     0  -107.0   48.003   59.893   2759.1    706.2
     1     1    21     2     1    11     0     1  -108.0   47.931   59.609   2721.8    711.3
     1     1    21     2     1    10     0     2  -109.0   47.862   59.345   2685.0    714.6
     1     1    21     2     1     9     0     3  -110.0   47.796   59.103   2641.3    718.6
     1     1    21     2     1     8     0     2  -111.0   47.728   58.886   2599.5    723.7
     1     1    21     2     1     7     0     1  -112.0   47.661   58.694   2572.3    726.1
     1     1    21     2     1     6     0     0  -113.0   47.599   58.529   2557.1    727.2
     1     1    21     2     1     5     0     1  -114.0   47.541   58.380   2548.5    727.7
     1     1    21     2     1     4     0     2  -115.0   47.485   58.239   2542.9    728.3
     1     1    21     2     1     3     0     3  -116.0   47.428   58.104   2539.8    728.5
     1     1    21     2     1     2     0     2  -117.0   47.364   57.988   2543.3    728.7
     1     1    21     2     1     1     0     1  -118.0   47.290   57.903   2561.5    727.7
     1     1    21     2     1     0     0     0  -119.0   47.210   57.851   2595.9    724.7
