     5     1
    GDAS    21     2     1     0     0
    GDAS    21     2     8     0     0
    GDAS    21     2    15     0     0
    GDAS    21     2    22     0     0
    GDAS    21     3     1     0     0
     1 BACKWARD OMEGA   
    21     2     3    23   37.820  111.540  1500.0
     1 PRESSURE
     1     1    21     2     3    23     0     1     0.0   37.820  111.540   1500.0    731.3
     1     1    21     2     3    22     0     2    -1.0   37.922  111.110   1514.8    734.0
     1     1    21     2     3    21     0     3    -2.0   38.029  110.713   1513.5    742.3
     1     1    21     2     3    20     0     2    -3.0   38.138  110.330   1526.0    742.9
     1     1    21     2     3    19     0     1    -4.0   38.245  109.958   1548.3    738.0
     1     1    21     2     3    18     0     0    -5.0   38.353  109.597   1555.4    730.8
     1     1    21     2     3    17     0     1    -6.0   38.465  109.244   1551.7    727.8
     1     1    21     2     3    16     0     2    -7.0   38.578  108.896   1564.1    722.9
     1     1    21     2     3    15     0     3    -8.0   38.692  108.551   1609.1    713.5
     1     1    21     2     3    14     0     2    -9.0   38.822  108.205   1679.4    700.2
     1     1    21     2     3    13     0     1   -10.0   38.978  107.855   1759.3    692.2
     1     1    21     2     3    12     0     0   -11.0   39.149  107.501   1841.4    691.8
     1     1    21     2     3    11     0     1   -12.0   39.326  107.155   1912.8    688.1
     1     1    21     2     3    10     0     2   -13.0   39.507  106.815   1970.3    675.7
     1     1    21     2     3     9     0     3   -14.0   39.688  106.483   2028.9    669.2
     1     1    21     2     3     8     0     2   -15.0   39.868  106.162   2089.5    676.0
     1     1    21     2     3     7     0     1   -16.0   40.055  105.848   2133.0    680.9
     1     1    21     2     3     6     0     0   -17.0   40.262  105.516   2159.3    665.5
     1     1    21     2     3     5     0     1   -18.0   40.496  105.150   2188.3    651.8
     1     1    21     2     3     4     0     2   -19.0   40.751  104.771   2220.4    651.6
     1     1    21     2     3     3     0     3   -20.0   41.032  104.381   2255.5    652.8
     1     1    21     2     3     2     0     2   -21.0   41.330  103.979   2289.9    655.3
     1     1    21     2     3     1     0     1   -22.0   41.635  103.574   2338.3    653.3
     1     1    21     2     3     0     0     0   -23.0   41.945  103.164   2418.1    650.7
     1     1    21     2     2    23     0     1   -24.0   42.263  102.722   2479.3    641.3
     1     1    21     2     2    22     0     2   -25.0   42.587  102.236   2482.5    628.3
     1     1    21     2     2    21     0     3   -26.0   42.904  101.737   2428.1    612.4
     1     1    21     2     2    20     0     2   -27.0   43.197  101.261   2348.6    627.1
     1     1    21     2     2    19     0     1   -28.0   43.478  100.840   2298.3    647.9
     1     1    21     2     2    18     0     0   -29.0   43.774  100.477   2290.4    653.2
     1     1    21     2     2    17     0     1   -30.0   44.099  100.144   2262.8    651.0
     1     1    21     2     2    16     0     2   -31.0   44.495   99.799   2333.3    625.7
     1     1    21     2     2    15     0     3   -32.0   45.005   99.394   2426.0    566.1
     1     1    21     2     2    14     0     2   -33.0   45.551   98.979   2250.1    586.6
     1     1    21     2     2    13     0     1   -34.0   46.083   98.612   2030.2    642.0
     1     1    21     2     2    12     0     0   -35.0   46.681   98.199   2097.2    596.1
     1     1    21     2     2    11     0     1   -36.0   47.345   97.679   2555.9    530.2
     1     1    21     2     2    10     0     2   -37.0   48.014   97.109   2862.6    492.2
     1     1    21     2     2     9     0     3   -38.0   48.667   96.574   2938.1    532.1
     1     1    21     2     2     8     0     2   -39.0   49.307   96.041   2936.9    542.1
     1     1    21     2     2     7     0     1   -40.0   49.925   95.489   2960.8    574.4
     1     1    21     2     2     6     0     0   -41.0   50.521   94.952   2979.8    595.0
     1     1    21     2     2     5     0     1   -42.0   51.111   94.431   2939.7    583.5
     1     1    21     2     2     4     0     2   -43.0   51.724   93.899   3002.5    584.7
     1     1    21     2     2     3     0     3   -44.0   52.338   93.374   3030.4    594.7
     1     1    21     2     2     2     0     2   -45.0   52.904   92.818   3042.9    619.8
     1     1    21     2     2     1     0     1   -46.0   53.401   92.220   3009.8    639.7
     1     1    21     2     2     0     0     0   -47.0   53.857   91.642   2922.5    658.9
     1     1    21     2     1    23     0     1   -48.0   54.289   91.093   2819.5    670.3
     1     1    21     2     1    22     0     2   -49.0   54.708   90.545   2740.1    675.5
     1     1    21     2     1    21     0     3   -50.0   55.138   89.978   2678.0    678.1
     1     1    21     2     1    20     0     2   -51.0   55.552   89.414   2618.5    689.5
     1     1    21     2     1    19     0     1   -52.0   55.931   88.852   2585.0    706.7
     1     1    21     2     1    18     0     0   -53.0   56.288   88.281   2555.0    717.9
     1     1    21     2     1    17     0     1   -54.0   56.625   87.722   2527.7    723.9
     1     1    21     2     1    16     0     2   -55.0   56.946   87.166   2499.2    727.5
     1     1    21     2     1    15     0     3   -56.0   57.260   86.588   2461.8    731.7
     1     1    21     2     1    14     0     2   -57.0   57.563   85.980   2432.7    735.7
     1     1    21     2     1    13     0     1   -58.0   57.851   85.343   2420.1    736.8
     1     1    21     2     1    12     0     0   -59.0   58.125   84.686   2425.5    739.0
     1     1    21     2     1    11     0     1   -60.0   58.388   84.028   2434.5    740.1
     1     1    21     2     1    10     0     2   -61.0   58.634   83.383   2430.6    740.8
     1     1    21     2     1     9     0     3   -62.0   58.867   82.754   2430.4    741.6
     1     1    21     2     1     8     0     2   -63.0   59.089   82.144   2444.8    740.3
     1     1    21     2     1     7     0     1   -64.0   59.296   81.539   2475.4    739.7
     1     1    21     2     1     6     0     0   -65.0   59.494   80.927   2512.5    737.0
     1     1    21     2     1     5     0     1   -66.0   59.688   80.306   2531.8    730.1
     1     1    21     2     1     4     0     2   -67.0   59.875   79.685   2534.3    732.2
     1     1    21     2     1     3     0     3   -68.0   60.057   79.080   2537.8    737.4
     1     1    21     2     1     2     0     2   -69.0   60.236   78.465   2544.2    734.1
     1     1    21     2     1     1     0     1   -70.0   60.411   77.813   2565.6    730.8
     1     1    21     2     1     0     0     0   -71.0   60.585   77.125   2599.4    729.3
