     5     1
    GDAS    21     2     1     0     0
    GDAS    21     2     8     0     0
    GDAS    21     2    15     0     0
    GDAS    21     2    22     0     0
    GDAS    21     3     1     0     0
     1 BACKWARD OMEGA   
    21     2     9    17   37.820  111.540   500.0
     1 PRESSURE
     1     1    21     2     9    17     0     1     0.0   37.820  111.540    500.0    828.8
     1     1    21     2     9    16     0     2    -1.0   37.872  111.424    534.3    828.8
     1     1    21     2     9    15     0     3    -2.0   37.952  111.314    600.8    825.6
     1     1    21     2     9    14     0     2    -3.0   38.047  111.203    672.8    816.9
     1     1    21     2     9    13     0     1    -4.0   38.131  111.091    710.3    815.0
     1     1    21     2     9    12     0     0    -5.0   38.205  110.983    706.3    818.1
     1     1    21     2     9    11     0     1    -6.0   38.269  110.878    686.9    823.3
     1     1    21     2     9    10     0     2    -7.0   38.326  110.768    679.7    823.8
     1     1    21     2     9     9     0     3    -8.0   38.379  110.649    680.9    822.8
     1     1    21     2     9     8     0     2    -9.0   38.419  110.520    677.6    821.2
     1     1    21     2     9     7     0     1   -10.0   38.437  110.389    666.0    821.8
     1     1    21     2     9     6     0     0   -11.0   38.438  110.259    654.2    822.5
     1     1    21     2     9     5     0     1   -12.0   38.439  110.125    645.8    822.9
     1     1    21     2     9     4     0     2   -13.0   38.461  109.979    639.3    822.4
     1     1    21     2     9     3     0     3   -14.0   38.503  109.820    632.7    821.0
     1     1    21     2     9     2     0     2   -15.0   38.560  109.648    627.4    818.9
     1     1    21     2     9     1     0     1   -16.0   38.630  109.460    628.8    815.9
     1     1    21     2     9     0     0     0   -17.0   38.716  109.249    645.3    811.3
     1     1    21     2     8    23     0     1   -18.0   38.803  109.018    670.6    804.1
     1     1    21     2     8    22     0     2   -19.0   38.874  108.775    680.2    798.0
     1     1    21     2     8    21     0     3   -20.0   38.929  108.528    666.9    795.5
     1     1    21     2     8    20     0     2   -21.0   38.968  108.294    650.3    795.9
     1     1    21     2     8    19     0     1   -22.0   38.984  108.072    644.4    793.6
     1     1    21     2     8    18     0     0   -23.0   38.976  107.864    646.3    796.3
     1     1    21     2     8    17     0     1   -24.0   38.953  107.692    649.2    800.2
     1     1    21     2     8    16     0     2   -25.0   38.923  107.563    644.4    803.5
     1     1    21     2     8    15     0     3   -26.0   38.883  107.470    626.6    807.4
     1     1    21     2     8    14     0     2   -27.0   38.845  107.398    599.4    811.9
     1     1    21     2     8    13     0     1   -28.0   38.821  107.336    569.2    815.8
     1     1    21     2     8    12     0     0   -29.0   38.810  107.285    538.7    819.7
     1     1    21     2     8    11     0     1   -30.0   38.807  107.238    516.2    823.5
     1     1    21     2     8    10     0     2   -31.0   38.808  107.183    507.4    825.4
     1     1    21     2     8     9     0     3   -32.0   38.813  107.118    512.2    826.2
     1     1    21     2     8     8     0     2   -33.0   38.819  107.047    525.9    826.1
     1     1    21     2     8     7     0     1   -34.0   38.821  106.967    542.4    823.1
     1     1    21     2     8     6     0     0   -35.0   38.818  106.870    555.9    814.6
     1     1    21     2     8     5     0     1   -36.0   38.806  106.756    564.3    805.9
     1     1    21     2     8     4     0     2   -37.0   38.782  106.627    574.7    797.2
     1     1    21     2     8     3     0     3   -38.0   38.750  106.482    598.5    787.1
     1     1    21     2     8     2     0     2   -39.0   38.719  106.314    648.6    773.5
     1     1    21     2     8     1     0     1   -40.0   38.704  106.109    730.4    754.3
     1     1    21     2     8     0     0     0   -41.0   38.711  105.866    826.7    743.2
     1     1    21     2     7    23     0     1   -42.0   38.735  105.594    893.2    746.9
     1     1    21     2     7    22     0     2   -43.0   38.758  105.312    913.1    760.4
     1     1    21     2     7    21     0     3   -44.0   38.764  105.034    912.0    777.2
     1     1    21     2     7    20     0     2   -45.0   38.750  104.783    897.0    779.8
     1     1    21     2     7    19     0     1   -46.0   38.716  104.579    869.7    781.5
     1     1    21     2     7    18     0     0   -47.0   38.664  104.424    828.9    784.4
     1     1    21     2     7    17     0     1   -48.0   38.592  104.318    792.4    788.1
     1     1    21     2     7    16     0     2   -49.0   38.507  104.255    772.2    787.8
     1     1    21     2     7    15     0     3   -50.0   38.403  104.233    751.8    787.0
     1     1    21     2     7    14     0     2   -51.0   38.293  104.243    730.7    788.4
     1     1    21     2     7    13     0     1   -52.0   38.197  104.264    728.8    787.9
     1     1    21     2     7    12     0     0   -53.0   38.122  104.286    756.5    784.7
     1     1    21     2     7    11     0     1   -54.0   38.062  104.303    800.2    778.1
     1     1    21     2     7    10     0     2   -55.0   38.008  104.321    840.1    773.3
     1     1    21     2     7     9     0     3   -56.0   37.953  104.333    871.4    767.7
     1     1    21     2     7     8     0     2   -57.0   37.895  104.335    891.7    762.9
     1     1    21     2     7     7     0     1   -58.0   37.830  104.325    903.6    759.0
     1     1    21     2     7     6     0     0   -59.0   37.756  104.305    913.8    754.7
     1     1    21     2     7     5     0     1   -60.0   37.670  104.271    926.0    749.4
     1     1    21     2     7     4     0     2   -61.0   37.573  104.223    941.0    743.2
     1     1    21     2     7     3     0     3   -62.0   37.457  104.161    960.5    735.3
     1     1    21     2     7     2     0     2   -63.0   37.324  104.078    994.2    725.1
     1     1    21     2     7     1     0     1   -64.0   37.171  103.963   1053.2    708.6
     1     1    21     2     7     0     0     0   -65.0   36.998  103.810   1132.5    680.7
     1     1    21     2     6    23     0     1   -66.0   36.836  103.648   1217.0    663.9
     1     1    21     2     6    22     0     2   -67.0   36.690  103.506   1285.0    654.0
     1     1    21     2     6    21     0     3   -68.0   36.544  103.396   1332.1    649.6
     1     1    21     2     6    20     0     2   -69.0   36.388  103.343   1347.8    652.3
     1     1    21     2     6    19     0     1   -70.0   36.221  103.360   1334.1    662.6
     1     1    21     2     6    18     0     0   -71.0   36.042  103.442   1300.0    676.0
     1     1    21     2     6    17     0     1   -72.0   35.881  103.550   1248.8    676.2
     1     1    21     2     6    16     0     2   -73.0   35.759  103.654   1204.1    673.4
     1     1    21     2     6    15     0     3   -74.0   35.672  103.761   1169.6    672.7
     1     1    21     2     6    14     0     2   -75.0   35.616  103.879   1143.6    674.0
     1     1    21     2     6    13     0     1   -76.0   35.592  104.010   1128.3    677.3
     1     1    21     2     6    12     0     0   -77.0   35.606  104.151   1118.5    682.8
     1     1    21     2     6    11     0     1   -78.0   35.651  104.298   1106.3    690.4
     1     1    21     2     6    10     0     2   -79.0   35.711  104.449   1089.1    698.6
     1     1    21     2     6     9     0     3   -80.0   35.786  104.611   1066.2    706.7
     1     1    21     2     6     8     0     2   -81.0   35.883  104.788   1038.4    714.5
     1     1    21     2     6     7     0     1   -82.0   36.007  104.985   1006.4    720.4
     1     1    21     2     6     6     0     0   -83.0   36.146  105.148    979.0    723.0
     1     1    21     2     6     5     0     1   -84.0   36.283  105.240    951.5    724.9
     1     1    21     2     6     4     0     2   -85.0   36.423  105.272    890.7    732.5
     1     1    21     2     6     3     0     3   -86.0   36.574  105.253    785.0    745.1
     1     1    21     2     6     2     0     2   -87.0   36.740  105.193    678.3    760.8
     1     1    21     2     6     1     0     1   -88.0   36.931  105.102    611.0    767.5
     1     1    21     2     6     0     0     0   -89.0   37.144  104.978    573.3    772.5
     1     1    21     2     5    23     0     1   -90.0   37.329  104.805    542.4    777.8
     1     1    21     2     5    22     0     2   -91.0   37.452  104.611    514.9    782.3
     1     1    21     2     5    21     0     3   -92.0   37.519  104.421    490.5    783.4
     1     1    21     2     5    20     0     2   -93.0   37.553  104.244    474.0    784.5
     1     1    21     2     5    19     0     1   -94.0   37.602  104.067    479.1    783.9
     1     1    21     2     5    18     0     0   -95.0   37.685  103.881    507.6    780.4
     1     1    21     2     5    17     0     1   -96.0   37.777  103.681    532.7    776.7
     1     1    21     2     5    16     0     2   -97.0   37.837  103.496    540.5    777.5
     1     1    21     2     5    15     0     3   -98.0   37.873  103.343    534.8    779.0
     1     1    21     2     5    14     0     2   -99.0   37.897  103.222    509.3    781.5
     1     1    21     2     5    13     0     1  -100.0   37.917  103.123    453.0    787.5
     1     1    21     2     5    12     0     0  -101.0   37.945  103.039    355.3    799.2
     1     1    21     2     5    11     0     1  -102.0   37.983  102.981    265.4    814.9
     1     1    21     2     5    10     0     2  -103.0   38.029  102.942    206.1    817.9
     1     1    21     2     5     9     0     3  -104.0   38.087  102.903    168.4    818.5
     1     1    21     2     5     8     0     2  -105.0   38.170  102.846    157.0    817.5
     1     1    21     2     5     7     0     1  -106.0   38.291  102.742    178.6    810.3
     1     1    21     2     5     6     0     0  -107.0   38.446  102.566    232.0    800.8
     1     1    21     2     5     5     0     1  -108.0   38.600  102.310    300.0    790.9
     1     1    21     2     5     4     0     2  -109.0   38.735  101.985    368.5    786.6
     1     1    21     2     5     3     0     3  -110.0   38.853  101.612    487.2    765.5
     1     1    21     2     5     2     0     2  -111.0   38.946  101.233    737.4    728.5
     1     1    21     2     5     1     0     1  -112.0   39.070  100.821   1071.2    690.0
     1     1    21     2     5     0     0     0  -113.0   39.231  100.377   1321.8    677.2
     1     1    21     2     4    23     0     1  -114.0   39.395   99.909   1461.4    673.1
     1     1    21     2     4    22     0     2  -115.0   39.576   99.323   1525.1    645.5
     1     1    21     2     4    21     0     3  -116.0   39.748   98.557   1603.1    651.9
     1     1    21     2     4    20     0     2  -117.0   39.836   97.696   1749.7    634.7
     1     1    21     2     4    19     0     1  -118.0   39.903   96.826   2149.7    592.2
     1     1    21     2     4    18     0     0  -119.0   39.981   96.017   2467.8    583.1
     1     1    21     2     4    17     0     1  -120.0   40.038   95.279   2605.4    595.4
