     5     1
    GDAS    21     2     1     0     0
    GDAS    21     2     8     0     0
    GDAS    21     2    15     0     0
    GDAS    21     2    22     0     0
    GDAS    21     3     1     0     0
     1 BACKWARD OMEGA   
    21     2    19    17   37.820  111.540  1500.0
     1 PRESSURE
     1     1    21     2    19    17     0     1     0.0   37.820  111.540   1500.0    728.8
     1     1    21     2    19    16     0     2    -1.0   38.144  111.085   1417.8    724.8
     1     1    21     2    19    15     0     3    -2.0   38.458  110.654   1104.6    781.5
     1     1    21     2    19    14     0     2    -3.0   38.787  110.149    904.2    800.2
     1     1    21     2    19    13     0     1    -4.0   39.124  109.567    882.5    787.1
     1     1    21     2    19    12     0     0    -5.0   39.462  108.942    951.8    766.5
     1     1    21     2    19    11     0     1    -6.0   39.792  108.286   1022.0    759.8
     1     1    21     2    19    10     0     2    -7.0   40.073  107.615   1071.6    763.4
     1     1    21     2    19     9     0     3    -8.0   40.312  106.961   1252.1    750.9
     1     1    21     2    19     8     0     2    -9.0   40.572  106.354   1407.1    721.9
     1     1    21     2    19     7     0     1   -10.0   40.834  105.731   1385.2    725.8
     1     1    21     2    19     6     0     0   -11.0   41.105  105.074   1441.4    733.4
     1     1    21     2    19     5     0     1   -12.0   41.369  104.485   1494.5    716.6
     1     1    21     2    19     4     0     2   -13.0   41.605  103.907   1481.3    732.8
     1     1    21     2    19     3     0     3   -14.0   41.810  103.326   1504.6    732.4
     1     1    21     2    19     2     0     2   -15.0   41.996  102.740   1537.3    733.6
     1     1    21     2    19     1     0     1   -16.0   42.162  102.153   1534.2    736.9
     1     1    21     2    19     0     0     0   -17.0   42.315  101.593   1493.3    733.5
     1     1    21     2    18    23     0     1   -18.0   42.466  101.070   1313.6    737.6
     1     1    21     2    18    22     0     2   -19.0   42.660  100.571   1073.6    768.1
     1     1    21     2    18    21     0     3   -20.0   42.922  100.036   1059.3    778.6
     1     1    21     2    18    20     0     2   -21.0   43.151   99.551   1232.0    732.4
     1     1    21     2    18    19     0     1   -22.0   43.369   99.117   1220.4    734.6
     1     1    21     2    18    18     0     0   -23.0   43.598   98.653   1122.5    747.9
     1     1    21     2    18    17     0     1   -24.0   43.805   98.163   1092.8    748.8
     1     1    21     2    18    16     0     2   -25.0   43.992   97.669   1159.4    747.7
     1     1    21     2    18    15     0     3   -26.0   44.200   97.153   1254.9    743.2
     1     1    21     2    18    14     0     2   -27.0   44.427   96.607   1347.1    740.2
     1     1    21     2    18    13     0     1   -28.0   44.630   96.018   1406.3    738.4
     1     1    21     2    18    12     0     0   -29.0   44.808   95.445   1458.6    699.4
     1     1    21     2    18    11     0     1   -30.0   45.006   94.942   1659.6    625.0
     1     1    21     2    18    10     0     2   -31.0   45.222   94.495   1984.5    616.7
     1     1    21     2    18     9     0     3   -32.0   45.430   94.036   2165.0    606.8
     1     1    21     2    18     8     0     2   -33.0   45.626   93.609   2297.5    594.3
     1     1    21     2    18     7     0     1   -34.0   45.799   93.232   2443.9    581.1
     1     1    21     2    18     6     0     0   -35.0   45.957   92.888   2598.2    567.5
     1     1    21     2    18     5     0     1   -36.0   46.136   92.557   2721.7    569.8
     1     1    21     2    18     4     0     2   -37.0   46.365   92.215   2805.5    564.5
     1     1    21     2    18     3     0     3   -38.0   46.641   91.868   3032.7    534.9
     1     1    21     2    18     2     0     2   -39.0   46.991   91.520   3394.9    472.6
     1     1    21     2    18     1     0     1   -40.0   47.379   91.089   3756.7    451.0
     1     1    21     2    18     0     0     0   -41.0   47.796   90.494   4210.8    425.3
     1     1    21     2    17    23     0     1   -42.0   48.257   89.766   4762.5    386.6
     1     1    21     2    17    22     0     2   -43.0   48.694   88.941   4930.9    397.9
     1     1    21     2    17    21     0     3   -44.0   49.062   87.842   5067.5    364.8
     1     1    21     2    17    20     0     2   -45.0   49.416   86.585   5410.7    375.0
     1     1    21     2    17    19     0     1   -46.0   49.786   85.331   5475.6    397.3
     1     1    21     2    17    18     0     0   -47.0   50.026   83.932   5819.2    419.8
     1     1    21     2    17    17     0     1   -48.0   50.195   82.405   6156.0    429.2
     1     1    21     2    17    16     0     2   -49.0   50.356   80.925   6248.3    433.8
     1     1    21     2    17    15     0     3   -50.0   50.431   79.418   6122.8    444.9
     1     1    21     2    17    14     0     2   -51.0   50.396   77.890   5997.4    447.5
     1     1    21     2    17    13     0     1   -52.0   50.411   76.377   5982.4    439.7
     1     1    21     2    17    12     0     0   -53.0   50.394   74.770   6055.6    431.9
     1     1    21     2    17    11     0     1   -54.0   50.295   73.165   6037.3    432.3
     1     1    21     2    17    10     0     2   -55.0   50.226   71.568   6053.4    438.2
     1     1    21     2    17     9     0     3   -56.0   50.052   70.080   5945.9    446.8
     1     1    21     2    17     8     0     2   -57.0   49.777   68.730   5767.1    459.3
     1     1    21     2    17     7     0     1   -58.0   49.577   67.260   5783.3    452.8
     1     1    21     2    17     6     0     0   -59.0   49.330   65.854   5580.4    472.8
     1     1    21     2    17     5     0     1   -60.0   49.063   64.577   5334.3    506.3
     1     1    21     2    17     4     0     2   -61.0   48.841   63.247   5393.6    501.5
     1     1    21     2    17     3     0     3   -62.0   48.541   61.908   5410.5    498.8
     1     1    21     2    17     2     0     2   -63.0   48.224   60.618   5398.3    498.5
     1     1    21     2    17     1     0     1   -64.0   47.893   59.282   5427.0    490.9
     1     1    21     2    17     0     0     0   -65.0   47.506   58.039   5407.8    494.8
     1     1    21     2    16    23     0     1   -66.0   47.084   56.855   5369.0    504.2
     1     1    21     2    16    22     0     2   -67.0   46.620   55.753   5392.4    506.0
     1     1    21     2    16    21     0     3   -68.0   46.145   54.767   5388.6    510.4
     1     1    21     2    16    20     0     2   -69.0   45.652   53.864   5423.6    509.4
     1     1    21     2    16    19     0     1   -70.0   45.192   53.002   5423.1    508.1
     1     1    21     2    16    18     0     0   -71.0   44.767   52.197   5379.5    510.4
     1     1    21     2    16    17     0     1   -72.0   44.359   51.433   5331.4    512.5
     1     1    21     2    16    16     0     2   -73.0   43.994   50.650   5260.4    520.7
     1     1    21     2    16    15     0     3   -74.0   43.674   49.870   5193.9    527.4
     1     1    21     2    16    14     0     2   -75.0   43.365   49.039   5127.7    531.0
     1     1    21     2    16    13     0     1   -76.0   43.042   48.113   4953.0    542.2
     1     1    21     2    16    12     0     0   -77.0   42.666   47.072   4691.6    495.8
     1     1    21     2    16    11     0     1   -78.0   42.152   45.895   5053.4    411.1
     1     1    21     2    16    10     0     2   -79.0   41.557   44.803   4454.3    492.5
     1     1    21     2    16     9     0     3   -80.0   40.921   43.740   4176.0    452.0
     1     1    21     2    16     8     0     2   -81.0   40.266   42.693   4144.3    450.4
     1     1    21     2    16     7     0     1   -82.0   39.556   41.754   3550.8    525.7
     1     1    21     2    16     6     0     0   -83.0   38.796   40.935   3429.4    539.3
     1     1    21     2    16     5     0     1   -84.0   38.099   40.339   3408.0    593.6
     1     1    21     2    16     4     0     2   -85.0   37.473   39.872   3220.2    629.7
     1     1    21     2    16     3     0     3   -86.0   36.927   39.443   3062.2    660.8
     1     1    21     2    16     2     0     2   -87.0   36.456   39.034   2952.7    676.9
     1     1    21     2    16     1     0     1   -88.0   36.024   38.606   2927.1    683.2
     1     1    21     2    16     0     0     0   -89.0   35.590   38.145   2913.2    659.6
     1     1    21     2    15    23     0     1   -90.0   35.148   37.634   2911.7    649.3
     1     1    21     2    15    22     0     2   -91.0   34.725   37.100   2891.2    651.1
     1     1    21     2    15    21     0     3   -92.0   34.310   36.574   2791.1    640.9
     1     1    21     2    15    20     0     2   -93.0   33.864   35.986   2733.7    617.9
     1     1    21     2    15    19     0     1   -94.0   33.460   35.405   2882.5    678.6
     1     1    21     2    15    18     0     0   -95.0   33.121   34.890   2990.0    703.6
     1     1    21     2    15    17     0     1   -96.0   32.807   34.389   3014.5    695.9
     1     1    21     2    15    16     0     2   -97.0   32.525   33.898   2992.2    702.2
     1     1    21     2    15    15     0     3   -98.0   32.262   33.416   2977.5    706.2
     1     1    21     2    15    14     0     2   -99.0   31.998   32.915   2995.9    704.5
     1     1    21     2    15    13     0     1  -100.0   31.738   32.399   3011.4    700.4
     1     1    21     2    15    12     0     0  -101.0   31.498   31.891   3000.0    702.4
     1     1    21     2    15    11     0     1  -102.0   31.281   31.406   2987.3    705.8
     1     1    21     2    15    10     0     2  -103.0   31.085   30.933   2991.7    706.1
     1     1    21     2    15     9     0     3  -104.0   30.898   30.455   2998.2    703.4
     1     1    21     2    15     8     0     2  -105.0   30.725   29.981   2989.9    701.5
     1     1    21     2    15     7     0     1  -106.0   30.573   29.527   2968.8    702.5
     1     1    21     2    15     6     0     0  -107.0   30.436   29.098   2929.2    705.2
     1     1    21     2    15     5     0     1  -108.0   30.317   28.689   2883.5    712.2
     1     1    21     2    15     4     0     2  -109.0   30.215   28.295   2853.7    718.0
     1     1    21     2    15     3     0     3  -110.0   30.120   27.914   2840.4    722.3
     1     1    21     2    15     2     0     2  -111.0   30.034   27.537   2826.6    722.2
     1     1    21     2    15     1     0     1  -112.0   29.966   27.164   2804.2    723.7
     1     1    21     2    15     0     0     0  -113.0   29.908   26.801   2775.3    723.0
     1     1    21     2    14    23     0     1  -114.0   29.863   26.442   2768.8    719.8
     1     1    21     2    14    22     0     2  -115.0   29.829   26.068   2807.0    710.1
     1     1    21     2    14    21     0     3  -116.0   29.801   25.678   2884.8    702.9
     1     1    21     2    14    20     0     2  -117.0   29.779   25.285   2954.6    696.1
     1     1    21     2    14    19     0     1  -118.0   29.765   24.897   2993.3    694.9
     1     1    21     2    14    18     0     0  -119.0   29.764   24.516   3016.9    695.2
     1     1    21     2    14    17     0     1  -120.0   29.771   24.131   3037.8    695.2
