     5     1
    GDAS    21     2     1     0     0
    GDAS    21     2     8     0     0
    GDAS    21     2    15     0     0
    GDAS    21     2    22     0     0
    GDAS    21     3     1     0     0
     1 BACKWARD OMEGA   
    21     2    17    11   37.820  111.540   500.0
     1 PRESSURE
     1     1    21     2    17    11     0     1     0.0   37.820  111.540    500.0    832.1
     1     1    21     2    17    10     0     2    -1.0   37.936  111.342    537.0    833.0
     1     1    21     2    17     9     0     3    -2.0   38.049  111.162    597.8    831.0
     1     1    21     2    17     8     0     2    -3.0   38.153  111.003    643.8    827.3
     1     1    21     2    17     7     0     1    -4.0   38.251  110.859    646.7    829.0
     1     1    21     2    17     6     0     0    -5.0   38.355  110.714    622.7    832.6
     1     1    21     2    17     5     0     1    -6.0   38.468  110.563    589.2    836.5
     1     1    21     2    17     4     0     2    -7.0   38.594  110.395    559.7    837.7
     1     1    21     2    17     3     0     3    -8.0   38.738  110.199    543.1    835.5
     1     1    21     2    17     2     0     2    -9.0   38.912  109.964    543.4    827.6
     1     1    21     2    17     1     0     1   -10.0   39.106  109.698    553.0    820.7
     1     1    21     2    17     0     0     0   -11.0   39.304  109.403    573.5    813.4
     1     1    21     2    16    23     0     1   -12.0   39.509  109.082    601.0    802.8
     1     1    21     2    16    22     0     2   -13.0   39.725  108.744    614.8    798.7
     1     1    21     2    16    21     0     3   -14.0   39.935  108.395    586.2    806.2
     1     1    21     2    16    20     0     2   -15.0   40.109  108.052    510.5    826.9
     1     1    21     2    16    19     0     1   -16.0   40.233  107.726    431.9    838.0
     1     1    21     2    16    18     0     0   -17.0   40.313  107.423    397.2    838.5
     1     1    21     2    16    17     0     1   -18.0   40.366  107.140    413.8    833.3
     1     1    21     2    16    16     0     2   -19.0   40.415  106.869    477.0    826.6
     1     1    21     2    16    15     0     3   -20.0   40.489  106.609    556.0    820.2
     1     1    21     2    16    14     0     2   -21.0   40.587  106.359    610.0    814.5
     1     1    21     2    16    13     0     1   -22.0   40.699  106.113    613.3    811.3
     1     1    21     2    16    12     0     0   -23.0   40.814  105.865    568.2    812.0
     1     1    21     2    16    11     0     1   -24.0   40.934  105.626    527.3    815.3
     1     1    21     2    16    10     0     2   -25.0   41.057  105.399    525.2    816.3
     1     1    21     2    16     9     0     3   -26.0   41.173  105.180    568.1    814.3
     1     1    21     2    16     8     0     2   -27.0   41.283  104.974    637.7    806.9
     1     1    21     2    16     7     0     1   -28.0   41.400  104.780    712.7    802.0
     1     1    21     2    16     6     0     0   -29.0   41.537  104.600    800.8    797.1
     1     1    21     2    16     5     0     1   -30.0   41.704  104.421    898.7    788.9
     1     1    21     2    16     4     0     2   -31.0   41.904  104.242    987.3    782.8
     1     1    21     2    16     3     0     3   -32.0   42.138  104.083   1062.0    772.6
     1     1    21     2    16     2     0     2   -33.0   42.405  103.928   1138.0    758.5
     1     1    21     2    16     1     0     1   -34.0   42.706  103.749   1228.5    742.1
     1     1    21     2    16     0     0     0   -35.0   43.049  103.550   1325.4    728.1
     1     1    21     2    15    23     0     1   -36.0   43.398  103.343   1363.6    719.8
     1     1    21     2    15    22     0     2   -37.0   43.708  103.135   1303.3    723.8
     1     1    21     2    15    21     0     3   -38.0   43.974  102.917   1230.9    733.3
     1     1    21     2    15    20     0     2   -39.0   44.210  102.685   1195.8    745.0
     1     1    21     2    15    19     0     1   -40.0   44.422  102.440   1167.8    750.3
     1     1    21     2    15    18     0     0   -41.0   44.607  102.175   1110.2    754.5
     1     1    21     2    15    17     0     1   -42.0   44.794  101.868    960.6    759.4
     1     1    21     2    15    16     0     2   -43.0   45.018  101.467    667.9    777.5
     1     1    21     2    15    15     0     3   -44.0   45.245  101.057    338.6    808.6
     1     1    21     2    15    14     0     2   -45.0   45.418  100.806    166.1    823.0
     1     1    21     2    15    13     0     1   -46.0   45.572  100.637    111.3    814.2
     1     1    21     2    15    12     0     0   -47.0   45.728  100.495    116.7    806.4
     1     1    21     2    15    11     0     1   -48.0   45.893  100.338    150.2    802.0
     1     1    21     2    15    10     0     2   -49.0   46.069  100.135    203.5    794.3
     1     1    21     2    15     9     0     3   -50.0   46.272   99.874    307.6    770.2
     1     1    21     2    15     8     0     2   -51.0   46.552   99.585    500.2    734.6
     1     1    21     2    15     7     0     1   -52.0   46.943   99.291    741.4    690.9
     1     1    21     2    15     6     0     0   -53.0   47.447   98.930    863.5    668.1
     1     1    21     2    15     5     0     1   -54.0   47.927   98.448    834.0    662.4
     1     1    21     2    15     4     0     2   -55.0   48.397   97.923    781.9    680.2
     1     1    21     2    15     3     0     3   -56.0   48.865   97.341    767.2    713.3
     1     1    21     2    15     2     0     2   -57.0   49.313   96.741    847.7    715.7
     1     1    21     2    15     1     0     1   -58.0   49.780   96.165    998.9    708.0
     1     1    21     2    15     0     0     0   -59.0   50.218   95.588   1075.6    731.4
     1     1    21     2    14    23     0     1   -60.0   50.520   95.064   1018.5    769.5
     1     1    21     2    14    22     0     2   -61.0   50.723   94.611    898.2    777.6
     1     1    21     2    14    21     0     3   -62.0   50.924   94.149    772.5    759.5
     1     1    21     2    14    20     0     2   -63.0   51.127   93.691    693.5    761.3
     1     1    21     2    14    19     0     1   -64.0   51.306   93.269    709.0    766.8
     1     1    21     2    14    18     0     0   -65.0   51.492   92.819    789.0    760.9
     1     1    21     2    14    17     0     1   -66.0   51.694   92.306    857.7    757.7
     1     1    21     2    14    16     0     2   -67.0   51.888   91.736    917.5    753.3
     1     1    21     2    14    15     0     3   -68.0   52.127   90.923   1004.3    736.5
     1     1    21     2    14    14     0     2   -69.0   52.315   89.901    961.7    776.3
     1     1    21     2    14    13     0     1   -70.0   52.366   89.038    938.6    784.5
     1     1    21     2    14    12     0     0   -71.0   52.377   88.298    976.4    801.3
     1     1    21     2    14    11     0     1   -72.0   52.369   87.677    928.8    835.3
     1     1    21     2    14    10     0     2   -73.0   52.349   87.142    890.2    867.9
     1     1    21     2    14     9     0     3   -74.0   52.321   86.648    859.3    880.3
     1     1    21     2    14     8     0     2   -75.0   52.287   86.182    834.5    885.7
     1     1    21     2    14     7     0     1   -76.0   52.245   85.737    815.6    887.1
     1     1    21     2    14     6     0     0   -77.0   52.195   85.290    803.6    885.2
     1     1    21     2    14     5     0     1   -78.0   52.138   84.828    796.4    884.9
     1     1    21     2    14     4     0     2   -79.0   52.065   84.354    787.6    890.8
     1     1    21     2    14     3     0     3   -80.0   51.969   83.872    774.6    893.8
     1     1    21     2    14     2     0     2   -81.0   51.854   83.416    764.2    889.2
     1     1    21     2    14     1     0     1   -82.0   51.726   83.005    766.4    885.5
     1     1    21     2    14     0     0     0   -83.0   51.592   82.648    777.5    884.6
     1     1    21     2    13    23     0     1   -84.0   51.460   82.356    786.4    887.7
     1     1    21     2    13    22     0     2   -85.0   51.333   82.127    789.2    893.5
     1     1    21     2    13    21     0     3   -86.0   51.211   81.950    785.7    898.4
     1     1    21     2    13    20     0     2   -87.0   51.091   81.812    777.5    898.5
     1     1    21     2    13    19     0     1   -88.0   50.968   81.703    768.8    899.0
     1     1    21     2    13    18     0     0   -89.0   50.843   81.621    763.9    899.5
     1     1    21     2    13    17     0     1   -90.0   50.727   81.557    768.1    898.9
     1     1    21     2    13    16     0     2   -91.0   50.631   81.507    780.7    896.8
     1     1    21     2    13    15     0     3   -92.0   50.551   81.466    795.5    894.5
     1     1    21     2    13    14     0     2   -93.0   50.484   81.433    812.6    892.5
     1     1    21     2    13    13     0     1   -94.0   50.427   81.407    837.1    889.7
     1     1    21     2    13    12     0     0   -95.0   50.379   81.385    872.8    885.6
     1     1    21     2    13    11     0     1   -96.0   50.336   81.362    909.5    879.3
     1     1    21     2    13    10     0     2   -97.0   50.289   81.342    932.5    875.6
     1     1    21     2    13     9     0     3   -98.0   50.234   81.328    934.3    874.2
     1     1    21     2    13     8     0     2   -99.0   50.173   81.329    933.6    876.7
     1     1    21     2    13     7     0     1  -100.0   50.114   81.347    958.6    873.8
     1     1    21     2    13     6     0     0  -101.0   50.059   81.376   1019.6    866.9
     1     1    21     2    13     5     0     1  -102.0   50.022   81.405   1101.8    854.8
     1     1    21     2    13     4     0     2  -103.0   50.006   81.429   1180.1    845.5
     1     1    21     2    13     3     0     3  -104.0   50.013   81.444   1251.9    837.0
     1     1    21     2    13     2     0     2  -105.0   50.031   81.440   1313.8    829.7
     1     1    21     2    13     1     0     1  -106.0   50.046   81.414   1362.8    824.3
     1     1    21     2    13     0     0     0  -107.0   50.059   81.371   1397.0    820.6
     1     1    21     2    12    23     0     1  -108.0   50.072   81.315   1417.5    819.3
     1     1    21     2    12    22     0     2  -109.0   50.087   81.250   1428.6    818.8
     1     1    21     2    12    21     0     3  -110.0   50.104   81.179   1432.9    819.2
     1     1    21     2    12    20     0     2  -111.0   50.121   81.103   1435.1    819.8
     1     1    21     2    12    19     0     1  -112.0   50.134   81.017   1437.9    820.0
     1     1    21     2    12    18     0     0  -113.0   50.146   80.923   1441.3    819.9
     1     1    21     2    12    17     0     1  -114.0   50.156   80.819   1449.6    819.4
     1     1    21     2    12    16     0     2  -115.0   50.166   80.705   1465.2    817.9
     1     1    21     2    12    15     0     3  -116.0   50.181   80.579   1487.1    815.7
     1     1    21     2    12    14     0     2  -117.0   50.200   80.435   1507.6    812.9
     1     1    21     2    12    13     0     1  -118.0   50.222   80.271   1520.1    811.9
     1     1    21     2    12    12     0     0  -119.0   50.247   80.091   1524.5    811.9
     1     1    21     2    12    11     0     1  -120.0   50.273   79.900   1529.7    813.1
