     5     1
    GDAS    21     2     1     0     0
    GDAS    21     2     8     0     0
    GDAS    21     2    15     0     0
    GDAS    21     2    22     0     0
    GDAS    21     3     1     0     0
     1 BACKWARD OMEGA   
    21     2    13    11   37.820  111.540  1500.0
     1 PRESSURE
     1     1    21     2    13    11     0     1     0.0   37.820  111.540   1500.0    729.5
     1     1    21     2    13    10     0     2    -1.0   37.942  111.213   1494.3    733.8
     1     1    21     2    13     9     0     3    -2.0   38.013  110.896   1481.5    741.8
     1     1    21     2    13     8     0     2    -3.0   38.050  110.586   1452.8    744.7
     1     1    21     2    13     7     0     1    -4.0   38.070  110.284   1410.9    752.2
     1     1    21     2    13     6     0     0    -5.0   38.084  110.002   1396.3    756.3
     1     1    21     2    13     5     0     1    -6.0   38.104  109.739   1430.4    750.9
     1     1    21     2    13     4     0     2    -7.0   38.143  109.482   1505.7    739.0
     1     1    21     2    13     3     0     3    -8.0   38.208  109.230   1587.3    726.5
     1     1    21     2    13     2     0     2    -9.0   38.293  108.962   1648.5    716.0
     1     1    21     2    13     1     0     1   -10.0   38.382  108.662   1684.9    707.7
     1     1    21     2    13     0     0     0   -11.0   38.475  108.336   1717.8    700.3
     1     1    21     2    12    23     0     1   -12.0   38.565  107.990   1744.0    691.2
     1     1    21     2    12    22     0     2   -13.0   38.640  107.646   1760.4    694.3
     1     1    21     2    12    21     0     3   -14.0   38.709  107.318   1756.3    698.9
     1     1    21     2    12    20     0     2   -15.0   38.768  107.005   1735.0    708.5
     1     1    21     2    12    19     0     1   -16.0   38.823  106.689   1733.6    693.7
     1     1    21     2    12    18     0     0   -17.0   38.898  106.345   1815.7    661.5
     1     1    21     2    12    17     0     1   -18.0   39.030  105.935   1954.5    621.4
     1     1    21     2    12    16     0     2   -19.0   39.209  105.489   2097.8    639.7
     1     1    21     2    12    15     0     3   -20.0   39.408  105.056   2101.0    657.7
     1     1    21     2    12    14     0     2   -21.0   39.613  104.622   2025.1    669.1
     1     1    21     2    12    13     0     1   -22.0   39.821  104.154   1913.0    677.5
     1     1    21     2    12    12     0     0   -23.0   40.026  103.665   1821.2    688.8
     1     1    21     2    12    11     0     1   -24.0   40.236  103.093   1867.6    678.3
     1     1    21     2    12    10     0     2   -25.0   40.447  102.435   2004.3    669.8
     1     1    21     2    12     9     0     3   -26.0   40.628  101.785   2079.4    676.6
     1     1    21     2    12     8     0     2   -27.0   40.789  101.162   2124.9    682.9
     1     1    21     2    12     7     0     1   -28.0   40.934  100.567   2178.1    678.9
     1     1    21     2    12     6     0     0   -29.0   41.067   99.980   2265.2    668.4
     1     1    21     2    12     5     0     1   -30.0   41.183   99.348   2319.0    642.3
     1     1    21     2    12     4     0     2   -31.0   41.281   98.683   2326.6    635.6
     1     1    21     2    12     3     0     3   -32.0   41.378   98.017   2415.9    630.0
     1     1    21     2    12     2     0     2   -33.0   41.466   97.314   2460.1    597.3
     1     1    21     2    12     1     0     1   -34.0   41.553   96.619   2406.9    597.5
     1     1    21     2    12     0     0     0   -35.0   41.644   95.960   2385.4    593.2
     1     1    21     2    11    23     0     1   -36.0   41.732   95.336   2422.8    609.5
     1     1    21     2    11    22     0     2   -37.0   41.816   94.759   2442.0    635.3
     1     1    21     2    11    21     0     3   -38.0   41.905   94.229   2466.7    653.6
     1     1    21     2    11    20     0     2   -39.0   41.987   93.757   2497.2    663.1
     1     1    21     2    11    19     0     1   -40.0   42.050   93.327   2521.1    664.7
     1     1    21     2    11    18     0     0   -41.0   42.096   92.911   2534.3    667.4
     1     1    21     2    11    17     0     1   -42.0   42.126   92.511   2517.0    666.9
     1     1    21     2    11    16     0     2   -43.0   42.140   92.135   2478.3    669.1
     1     1    21     2    11    15     0     3   -44.0   42.136   91.771   2426.9    670.3
     1     1    21     2    11    14     0     2   -45.0   42.125   91.400   2369.5    668.5
     1     1    21     2    11    13     0     1   -46.0   42.113   91.021   2304.9    667.4
     1     1    21     2    11    12     0     0   -47.0   42.096   90.646   2244.2    677.6
     1     1    21     2    11    11     0     1   -48.0   42.076   90.285   2189.7    690.3
     1     1    21     2    11    10     0     2   -49.0   42.050   89.931   2159.1    698.9
     1     1    21     2    11     9     0     3   -50.0   42.011   89.578   2149.6    702.8
     1     1    21     2    11     8     0     2   -51.0   41.959   89.215   2139.9    704.4
     1     1    21     2    11     7     0     1   -52.0   41.899   88.856   2101.3    701.9
     1     1    21     2    11     6     0     0   -53.0   41.832   88.502   2038.9    690.8
     1     1    21     2    11     5     0     1   -54.0   41.764   88.151   1983.7    683.0
     1     1    21     2    11     4     0     2   -55.0   41.712   87.821   1956.7    685.9
     1     1    21     2    11     3     0     3   -56.0   41.681   87.532   1944.9    695.6
     1     1    21     2    11     2     0     2   -57.0   41.671   87.274   1944.6    703.1
     1     1    21     2    11     1     0     1   -58.0   41.678   87.028   1958.9    707.3
     1     1    21     2    11     0     0     0   -59.0   41.692   86.789   1970.2    695.4
     1     1    21     2    10    23     0     1   -60.0   41.701   86.552   1973.6    679.7
     1     1    21     2    10    22     0     2   -61.0   41.701   86.326   1941.2    669.8
     1     1    21     2    10    21     0     3   -62.0   41.699   86.128   1865.5    665.3
     1     1    21     2    10    20     0     2   -63.0   41.688   85.953   1791.0    672.2
     1     1    21     2    10    19     0     1   -64.0   41.660   85.781   1769.2    685.8
     1     1    21     2    10    18     0     0   -65.0   41.617   85.615   1782.3    695.7
     1     1    21     2    10    17     0     1   -66.0   41.564   85.456   1807.4    702.3
     1     1    21     2    10    16     0     2   -67.0   41.499   85.309   1820.8    709.4
     1     1    21     2    10    15     0     3   -68.0   41.423   85.180   1810.8    717.0
     1     1    21     2    10    14     0     2   -69.0   41.345   85.067   1770.3    725.6
     1     1    21     2    10    13     0     1   -70.0   41.274   84.967   1706.6    734.2
     1     1    21     2    10    12     0     0   -71.0   41.200   84.882   1644.8    741.7
     1     1    21     2    10    11     0     1   -72.0   41.142   84.805   1595.4    746.2
     1     1    21     2    10    10     0     2   -73.0   41.127   84.734   1552.3    749.5
     1     1    21     2    10     9     0     3   -74.0   41.156   84.676   1509.4    752.4
     1     1    21     2    10     8     0     2   -75.0   41.228   84.609   1495.8    754.4
     1     1    21     2    10     7     0     1   -76.0   41.344   84.497   1536.1    745.9
     1     1    21     2    10     6     0     0   -77.0   41.519   84.308   1606.7    729.1
     1     1    21     2    10     5     0     1   -78.0   41.735   83.972   1649.3    706.7
     1     1    21     2    10     4     0     2   -79.0   41.944   83.495   1661.4    687.8
     1     1    21     2    10     3     0     3   -80.0   42.122   82.938   1621.9    658.4
     1     1    21     2    10     2     0     2   -81.0   42.243   82.487   1526.7    663.4
     1     1    21     2    10     1     0     1   -82.0   42.326   82.178   1410.1    671.3
     1     1    21     2    10     0     0     0   -83.0   42.394   82.000   1248.5    688.8
     1     1    21     2     9    23     0     1   -84.0   42.446   81.951   1076.1    705.9
     1     1    21     2     9    22     0     2   -85.0   42.482   81.977    948.4    717.3
     1     1    21     2     9    21     0     3   -86.0   42.511   82.042    837.9    725.5
     1     1    21     2     9    20     0     2   -87.0   42.539   82.105    733.0    731.8
     1     1    21     2     9    19     0     1   -88.0   42.564   82.148    631.6    738.9
     1     1    21     2     9    18     0     0   -89.0   42.582   82.175    538.3    746.4
     1     1    21     2     9    17     0     1   -90.0   42.593   82.201    475.9    752.6
     1     1    21     2     9    16     0     2   -91.0   42.603   82.238    453.3    752.1
     1     1    21     2     9    15     0     3   -92.0   42.608   82.282    465.3    748.5
     1     1    21     2     9    14     0     2   -93.0   42.610   82.323    488.9    741.8
     1     1    21     2     9    13     0     1   -94.0   42.611   82.351    496.3    739.4
     1     1    21     2     9    12     0     0   -95.0   42.611   82.368    483.8    739.5
     1     1    21     2     9    11     0     1   -96.0   42.612   82.379    446.1    741.9
     1     1    21     2     9    10     0     2   -97.0   42.616   82.388    376.6    747.8
     1     1    21     2     9     9     0     3   -98.0   42.622   82.394    272.7    756.3
     1     1    21     2     9     8     0     2   -99.0   42.629   82.397    167.4    769.8
     1     1    21     2     9     7     0     1  -100.0   42.638   82.400     91.7    776.2
     1     1    21     2     9     6     0     0  -101.0   42.649   82.404     41.2    781.2
     1     1    21     2     9     5     0     1  -102.0   42.657   82.401     14.3    783.3
     1     1    21     2     9     4     0     2  -103.0   42.658   82.389     13.0    783.7
     1     1    21     2     9     3     0     3  -104.0   42.651   82.375     35.3    782.9
     1     1    21     2     9     2     0     2  -105.0   42.643   82.360    107.4    777.4
     1     1    21     2     9     1     0     1  -106.0   42.638   82.336    201.0    769.0
     1     1    21     2     9     0     0     0  -107.0   42.634   82.301    297.4    761.4
     1     1    21     2     8    23     0     1  -108.0   42.636   82.276    367.1    753.6
     1     1    21     2     8    22     0     2  -109.0   42.645   82.284    392.4    750.4
     1     1    21     2     8    21     0     3  -110.0   42.660   82.325    380.4    748.7
     1     1    21     2     8    20     0     2  -111.0   42.671   82.373    350.2    749.6
     1     1    21     2     8    19     0     1  -112.0   42.670   82.404    320.1    750.8
     1     1    21     2     8    18     0     0  -113.0   42.660   82.420    294.8    753.3
     1     1    21     2     8    17     0     1  -114.0   42.642   82.420    289.9    756.4
     1     1    21     2     8    16     0     2  -115.0   42.620   82.403    312.4    756.0
     1     1    21     2     8    15     0     3  -116.0   42.594   82.369    358.6    754.9
     1     1    21     2     8    14     0     2  -117.0   42.561   82.324    412.8    752.5
     1     1    21     2     8    13     0     1  -118.0   42.521   82.279    457.7    751.7
     1     1    21     2     8    12     0     0  -119.0   42.475   82.236    487.8    752.4
     1     1    21     2     8    11     0     1  -120.0   42.428   82.206    506.7    754.1
