     5     1
    GDAS    21     2     1     0     0
    GDAS    21     2     8     0     0
    GDAS    21     2    15     0     0
    GDAS    21     2    22     0     0
    GDAS    21     3     1     0     0
     1 BACKWARD OMEGA   
    21     2     3    11   37.820  111.540  1500.0
     1 PRESSURE
     1     1    21     2     3    11     0     1     0.0   37.820  111.540   1500.0    730.5
     1     1    21     2     3    10     0     2    -1.0   38.174  111.176   1694.9    720.9
     1     1    21     2     3     9     0     3    -2.0   38.538  110.800   1871.9    706.7
     1     1    21     2     3     8     0     2    -3.0   38.909  110.413   1979.5    691.4
     1     1    21     2     3     7     0     1    -4.0   39.294  109.982   2049.9    672.9
     1     1    21     2     3     6     0     0    -5.0   39.696  109.496   2101.2    657.7
     1     1    21     2     3     5     0     1    -6.0   40.113  108.979   2134.8    651.2
     1     1    21     2     3     4     0     2    -7.0   40.529  108.475   2214.8    667.5
     1     1    21     2     3     3     0     3    -8.0   40.925  107.998   2318.9    669.0
     1     1    21     2     3     2     0     2    -9.0   41.346  107.515   2392.7    650.8
     1     1    21     2     3     1     0     1   -10.0   41.819  106.996   2426.0    645.4
     1     1    21     2     3     0     0     0   -11.0   42.289  106.460   2488.0    650.3
     1     1    21     2     2    23     0     1   -12.0   42.750  105.910   2523.1    627.4
     1     1    21     2     2    22     0     2   -13.0   43.222  105.344   2434.0    613.5
     1     1    21     2     2    21     0     3   -14.0   43.719  104.781   2460.7    625.9
     1     1    21     2     2    20     0     2   -15.0   44.253  104.235   2664.1    612.7
     1     1    21     2     2    19     0     1   -16.0   44.799  103.729   2848.7    599.3
     1     1    21     2     2    18     0     0   -17.0   45.362  103.257   2921.7    583.2
     1     1    21     2     2    17     0     1   -18.0   45.993  102.799   2873.1    557.9
     1     1    21     2     2    16     0     2   -19.0   46.685  102.341   2920.0    555.4
     1     1    21     2     2    15     0     3   -20.0   47.425  101.863   3190.1    528.2
     1     1    21     2     2    14     0     2   -21.0   48.184  101.390   3376.5    515.6
     1     1    21     2     2    13     0     1   -22.0   48.952  100.930   3499.3    514.3
     1     1    21     2     2    12     0     0   -23.0   49.728  100.473   3472.7    513.6
     1     1    21     2     2    11     0     1   -24.0   50.481  100.037   3267.7    517.4
     1     1    21     2     2    10     0     2   -25.0   51.291   99.587   3218.0    504.8
     1     1    21     2     2     9     0     3   -26.0   52.139   99.103   3293.2    492.6
     1     1    21     2     2     8     0     2   -27.0   52.936   98.571   3383.1    510.0
     1     1    21     2     2     7     0     1   -28.0   53.606   98.053   3311.4    544.4
     1     1    21     2     2     6     0     0   -29.0   54.230   97.553   3350.8    549.7
     1     1    21     2     2     5     0     1   -30.0   54.803   97.065   3474.7    570.1
     1     1    21     2     2     4     0     2   -31.0   55.282   96.597   3511.9    597.9
     1     1    21     2     2     3     0     3   -32.0   55.699   96.162   3510.4    613.3
     1     1    21     2     2     2     0     2   -33.0   56.086   95.759   3513.9    622.1
     1     1    21     2     2     1     0     1   -34.0   56.456   95.388   3515.3    623.1
     1     1    21     2     2     0     0     0   -35.0   56.816   95.046   3523.7    624.7
     1     1    21     2     1    23     0     1   -36.0   57.173   94.704   3533.3    621.3
     1     1    21     2     1    22     0     2   -37.0   57.530   94.345   3566.6    618.0
     1     1    21     2     1    21     0     3   -38.0   57.867   93.973   3624.8    619.4
     1     1    21     2     1    20     0     2   -39.0   58.186   93.591   3667.9    612.7
     1     1    21     2     1    19     0     1   -40.0   58.491   93.203   3699.2    606.1
     1     1    21     2     1    18     0     0   -41.0   58.783   92.839   3749.0    601.0
     1     1    21     2     1    17     0     1   -42.0   59.066   92.496   3821.8    594.2
     1     1    21     2     1    16     0     2   -43.0   59.336   92.141   3896.5    586.1
     1     1    21     2     1    15     0     3   -44.0   59.581   91.786   3960.4    580.8
     1     1    21     2     1    14     0     2   -45.0   59.816   91.435   4022.0    576.2
     1     1    21     2     1    13     0     1   -46.0   60.034   91.070   4092.5    572.2
     1     1    21     2     1    12     0     0   -47.0   60.210   90.656   4183.7    570.1
     1     1    21     2     1    11     0     1   -48.0   60.367   90.172   4266.6    567.9
     1     1    21     2     1    10     0     2   -49.0   60.523   89.616   4291.3    566.8
     1     1    21     2     1     9     0     3   -50.0   60.651   88.938   4238.3    569.9
     1     1    21     2     1     8     0     2   -51.0   60.785   88.133   4128.9    579.5
     1     1    21     2     1     7     0     1   -52.0   60.949   87.233   3986.7    590.2
     1     1    21     2     1     6     0     0   -53.0   61.122   86.193   3770.2    608.6
     1     1    21     2     1     5     0     1   -54.0   61.314   85.091   3546.9    628.7
     1     1    21     2     1     4     0     2   -55.0   61.528   84.009   3393.1    641.8
     1     1    21     2     1     3     0     3   -56.0   61.756   82.901   3276.1    655.7
     1     1    21     2     1     2     0     2   -57.0   62.011   81.769   3199.4    664.8
     1     1    21     2     1     1     0     1   -58.0   62.299   80.678   3177.7    664.5
     1     1    21     2     1     0     0     0   -59.0   62.605   79.635   3188.8    662.8
