     5     1
    GDAS    21     2     1     0     0
    GDAS    21     2     8     0     0
    GDAS    21     2    15     0     0
    GDAS    21     2    22     0     0
    GDAS    21     3     1     0     0
     1 BACKWARD OMEGA   
    21     2    23    17   37.820  111.540   500.0
     1 PRESSURE
     1     1    21     2    23    17     0     1     0.0   37.820  111.540    500.0    826.1
     1     1    21     2    23    16     0     2    -1.0   37.679  111.633    501.1    827.4
     1     1    21     2    23    15     0     3    -2.0   37.531  111.737    530.6    825.2
     1     1    21     2    23    14     0     2    -3.0   37.392  111.857    588.0    821.4
     1     1    21     2    23    13     0     1    -4.0   37.282  111.986    621.1    816.2
     1     1    21     2    23    12     0     0    -5.0   37.192  112.130    620.9    818.5
     1     1    21     2    23    11     0     1    -6.0   37.103  112.288    588.1    823.3
     1     1    21     2    23    10     0     2    -7.0   37.009  112.462    534.8    832.4
     1     1    21     2    23     9     0     3    -8.0   36.902  112.651    486.4    840.2
     1     1    21     2    23     8     0     2    -9.0   36.768  112.820    436.7    845.9
     1     1    21     2    23     7     0     1   -10.0   36.601  112.936    385.5    855.1
     1     1    21     2    23     6     0     0   -11.0   36.407  112.996    377.9    862.0
     1     1    21     2    23     5     0     1   -12.0   36.190  113.035    425.4    860.9
     1     1    21     2    23     4     0     2   -13.0   35.974  113.087    486.4    863.2
     1     1    21     2    23     3     0     3   -14.0   35.779  113.168    527.8    879.4
     1     1    21     2    23     2     0     2   -15.0   35.613  113.284    522.4    899.9
     1     1    21     2    23     1     0     1   -16.0   35.467  113.430    479.4    921.8
     1     1    21     2    23     0     0     0   -17.0   35.344  113.596    412.3    943.5
     1     1    21     2    22    23     0     1   -18.0   35.239  113.785    342.4    962.8
     1     1    21     2    22    22     0     2   -19.0   35.131  113.998    277.3    977.7
     1     1    21     2    22    21     0     3   -20.0   35.010  114.245    222.0    989.1
     1     1    21     2    22    20     0     2   -21.0   34.899  114.537    187.4    994.1
     1     1    21     2    22    19     0     1   -22.0   34.813  114.861    172.4    997.0
     1     1    21     2    22    18     0     0   -23.0   34.744  115.206    170.3    998.8
     1     1    21     2    22    17     0     1   -24.0   34.684  115.550    168.3   1001.0
     1     1    21     2    22    16     0     2   -25.0   34.624  115.889    163.7   1004.2
     1     1    21     2    22    15     0     3   -26.0   34.568  116.236    163.2   1004.6
     1     1    21     2    22    14     0     2   -27.0   34.523  116.601    168.8   1001.6
     1     1    21     2    22    13     0     1   -28.0   34.493  116.989    184.7    997.8
     1     1    21     2    22    12     0     0   -29.0   34.489  117.405    206.1    993.4
     1     1    21     2    22    11     0     1   -30.0   34.555  117.818    220.4    991.3
     1     1    21     2    22    10     0     2   -31.0   34.692  118.221    225.0    990.1
     1     1    21     2    22     9     0     3   -32.0   34.859  118.596    191.0    992.8
     1     1    21     2    22     8     0     2   -33.0   35.022  118.906    125.8   1004.4
     1     1    21     2    22     7     0     1   -34.0   35.206  119.153     81.1   1009.7
     1     1    21     2    22     6     0     0   -35.0   35.442  119.362     59.1   1008.3
     1     1    21     2    22     5     0     1   -36.0   35.718  119.536     47.3   1006.9
     1     1    21     2    22     4     0     2   -37.0   36.015  119.676     41.1   1006.2
     1     1    21     2    22     3     0     3   -38.0   36.317  119.809     52.2   1006.4
     1     1    21     2    22     2     0     2   -39.0   36.610  119.951    104.7    997.2
     1     1    21     2    22     1     0     1   -40.0   36.909  120.110    212.0    981.0
     1     1    21     2    22     0     0     0   -41.0   37.280  120.336    378.2    963.1
     1     1    21     2    21    23     0     1   -42.0   37.751  120.642    525.6    947.1
     1     1    21     2    21    22     0     2   -43.0   38.268  120.983    611.1    942.7
     1     1    21     2    21    21     0     3   -44.0   38.828  121.320    719.6    935.7
     1     1    21     2    21    20     0     2   -45.0   39.404  121.611    887.3    910.1
     1     1    21     2    21    19     0     1   -46.0   39.973  121.819   1229.1    881.6
     1     1    21     2    21    18     0     0   -47.0   40.390  121.694   1594.1    813.5
     1     1    21     2    21    17     0     1   -48.0   40.741  121.461   1787.5    801.4
     1     1    21     2    21    16     0     2   -49.0   41.091  121.165   1902.6    790.7
     1     1    21     2    21    15     0     3   -50.0   41.399  120.747   2003.7    764.3
     1     1    21     2    21    14     0     2   -51.0   41.639  120.174   2142.7    724.7
     1     1    21     2    21    13     0     1   -52.0   41.852  119.453   2332.1    686.7
     1     1    21     2    21    12     0     0   -53.0   42.086  118.667   2422.6    662.0
     1     1    21     2    21    11     0     1   -54.0   42.309  117.859   2250.3    660.2
     1     1    21     2    21    10     0     2   -55.0   42.528  117.001   2323.1    642.8
     1     1    21     2    21     9     0     3   -56.0   42.766  116.114   2483.1    624.4
     1     1    21     2    21     8     0     2   -57.0   43.031  115.238   2583.7    625.7
     1     1    21     2    21     7     0     1   -58.0   43.275  114.326   2596.2    633.1
     1     1    21     2    21     6     0     0   -59.0   43.512  113.448   2568.9    645.2
     1     1    21     2    21     5     0     1   -60.0   43.767  112.621   2582.7    644.7
     1     1    21     2    21     4     0     2   -61.0   44.017  111.761   2520.0    644.4
     1     1    21     2    21     3     0     3   -62.0   44.279  110.944   2556.9    642.0
     1     1    21     2    21     2     0     2   -63.0   44.567  110.175   2659.6    639.4
     1     1    21     2    21     1     0     1   -64.0   44.866  109.364   2732.0    631.1
     1     1    21     2    21     0     0     0   -65.0   45.208  108.509   2825.2    614.1
     1     1    21     2    20    23     0     1   -66.0   45.563  107.611   2875.6    600.5
     1     1    21     2    20    22     0     2   -67.0   45.924  106.587   3088.8    566.0
     1     1    21     2    20    21     0     3   -68.0   46.287  105.496   3043.3    574.3
     1     1    21     2    20    20     0     2   -69.0   46.621  104.443   2971.9    577.9
     1     1    21     2    20    19     0     1   -70.0   46.983  103.277   3311.8    525.3
     1     1    21     2    20    18     0     0   -71.0   47.351  102.117   3151.6    531.6
     1     1    21     2    20    17     0     1   -72.0   47.668  100.914   2959.0    521.6
     1     1    21     2    20    16     0     2   -73.0   47.968   99.599   3146.2    495.4
     1     1    21     2    20    15     0     3   -74.0   48.255   98.221   3127.6    486.0
     1     1    21     2    20    14     0     2   -75.0   48.488   96.850   3061.9    514.1
     1     1    21     2    20    13     0     1   -76.0   48.661   95.586   3062.9    542.2
     1     1    21     2    20    12     0     0   -77.0   48.775   94.413   3049.9    565.8
     1     1    21     2    20    11     0     1   -78.0   48.835   93.412   2869.8    607.7
     1     1    21     2    20    10     0     2   -79.0   48.930   92.378   3406.9    553.4
     1     1    21     2    20     9     0     3   -80.0   49.161   90.841   4259.0    451.9
     1     1    21     2    20     8     0     2   -81.0   49.298   89.032   3956.0    448.2
     1     1    21     2    20     7     0     1   -82.0   49.324   87.039   4194.7    426.9
     1     1    21     2    20     6     0     0   -83.0   49.261   85.186   4348.2    446.2
     1     1    21     2    20     5     0     1   -84.0   49.135   83.536   4608.5    497.5
     1     1    21     2    20     4     0     2   -85.0   48.963   81.979   4615.8    505.0
     1     1    21     2    20     3     0     3   -86.0   48.751   80.490   4586.1    513.4
     1     1    21     2    20     2     0     2   -87.0   48.528   78.991   4563.4    512.1
     1     1    21     2    20     1     0     1   -88.0   48.285   77.495   4527.2    511.5
     1     1    21     2    20     0     0     0   -89.0   48.013   76.082   4595.2    511.7
     1     1    21     2    19    23     0     1   -90.0   47.743   74.722   4576.7    512.1
     1     1    21     2    19    22     0     2   -91.0   47.446   73.346   4592.7    513.1
     1     1    21     2    19    21     0     3   -92.0   47.130   72.053   4626.6    519.2
     1     1    21     2    19    20     0     2   -93.0   46.824   70.836   4708.1    517.4
     1     1    21     2    19    19     0     1   -94.0   46.507   69.633   4771.0    524.4
     1     1    21     2    19    18     0     0   -95.0   46.182   68.507   4813.2    526.2
     1     1    21     2    19    17     0     1   -96.0   45.889   67.456   4830.6    530.0
     1     1    21     2    19    16     0     2   -97.0   45.613   66.377   4889.9    529.4
     1     1    21     2    19    15     0     3   -98.0   45.342   65.316   4930.5    528.4
     1     1    21     2    19    14     0     2   -99.0   45.072   64.312   4951.7    529.2
     1     1    21     2    19    13     0     1  -100.0   44.811   63.293   4991.0    526.6
     1     1    21     2    19    12     0     0  -101.0   44.535   62.300   5049.3    521.8
     1     1    21     2    19    11     0     1  -102.0   44.257   61.372   5117.7    518.0
     1     1    21     2    19    10     0     2  -103.0   43.984   60.463   5198.1    513.8
     1     1    21     2    19     9     0     3  -104.0   43.719   59.587   5233.9    512.5
     1     1    21     2    19     8     0     2  -105.0   43.493   58.766   5268.0    507.5
     1     1    21     2    19     7     0     1  -106.0   43.291   57.958   5317.8    500.2
     1     1    21     2    19     6     0     0  -107.0   43.116   57.203   5388.5    489.9
     1     1    21     2    19     5     0     1  -108.0   42.952   56.429   5513.5    478.8
     1     1    21     2    19     4     0     2  -109.0   42.776   55.588   5602.9    471.4
     1     1    21     2    19     3     0     3  -110.0   42.648   54.795   5650.8    468.2
     1     1    21     2    19     2     0     2  -111.0   42.528   54.023   5733.8    467.1
     1     1    21     2    19     1     0     1  -112.0   42.382   53.234   5837.3    466.5
     1     1    21     2    19     0     0     0  -113.0   42.222   52.468   5961.3    462.1
     1     1    21     2    18    23     0     1  -114.0   42.024   51.744   6046.5    458.9
     1     1    21     2    18    22     0     2  -115.0   41.828   51.054   6119.7    455.3
     1     1    21     2    18    21     0     3  -116.0   41.651   50.429   6189.3    449.4
     1     1    21     2    18    20     0     2  -117.0   41.452   49.841   6248.2    443.0
     1     1    21     2    18    19     0     1  -118.0   41.236   49.257   6292.1    421.2
     1     1    21     2    18    18     0     0  -119.0   41.018   48.663   6282.1    382.7
     1     1    21     2    18    17     0     1  -120.0   40.767   48.056   6345.5    369.7
