     5     1
    GDAS    21     2     1     0     0
    GDAS    21     2     8     0     0
    GDAS    21     2    15     0     0
    GDAS    21     2    22     0     0
    GDAS    21     3     1     0     0
     1 BACKWARD OMEGA   
    21     2    21    17   37.820  111.540   500.0
     1 PRESSURE
     1     1    21     2    21    17     0     1     0.0   37.820  111.540    500.0    826.3
     1     1    21     2    21    16     0     2    -1.0   37.982  111.408    535.3    826.2
     1     1    21     2    21    15     0     3    -2.0   38.164  111.278    561.5    823.3
     1     1    21     2    21    14     0     2    -3.0   38.347  111.154    538.2    828.5
     1     1    21     2    21    13     0     1    -4.0   38.503  111.045    470.1    841.5
     1     1    21     2    21    12     0     0    -5.0   38.630  110.950    386.7    854.7
     1     1    21     2    21    11     0     1    -6.0   38.718  110.855    298.7    861.9
     1     1    21     2    21    10     0     2    -7.0   38.750  110.749    215.9    869.1
     1     1    21     2    21     9     0     3    -8.0   38.737  110.624    151.2    873.9
     1     1    21     2    21     8     0     2    -9.0   38.720  110.492    113.7    875.6
     1     1    21     2    21     7     0     1   -10.0   38.726  110.364     96.5    873.5
     1     1    21     2    21     6     0     0   -11.0   38.749  110.237     84.5    871.2
     1     1    21     2    21     5     0     1   -12.0   38.802  110.111     73.7    869.5
     1     1    21     2    21     4     0     2   -13.0   38.904  109.982     64.3    866.1
     1     1    21     2    21     3     0     3   -14.0   39.056  109.848     57.3    863.8
     1     1    21     2    21     2     0     2   -15.0   39.226  109.677     55.4    860.7
     1     1    21     2    21     1     0     1   -16.0   39.383  109.454     57.0    855.7
     1     1    21     2    21     0     0     0   -17.0   39.513  109.202     56.5    850.3
     1     1    21     2    20    23     0     1   -18.0   39.611  108.940     54.0    847.9
     1     1    21     2    20    22     0     2   -19.0   39.686  108.661     47.3    850.8
     1     1    21     2    20    21     0     3   -20.0   39.742  108.363     31.9    856.5
     1     1    21     2    20    20     0     2   -21.0   39.781  108.070     14.2    863.6
     1     1    21     2    20    19     0     1   -22.0   39.798  107.792      0.0    863.1
     1     1    21     2    20    18     0     0   -23.0   39.779  107.526      0.0    860.5
     1     1    21     2    20    17     0     1   -24.0   39.734  107.265      0.0    859.9
     1     1    21     2    20    16     0     2   -25.0   39.683  107.013      0.0    860.2
     1     1    21     2    20    15     0     3   -26.0   39.640  106.773      0.0    860.1
     1     1    21     2    20    14     0     2   -27.0   39.598  106.543      0.0    856.6
     1     1    21     2    20    13     0     1   -28.0   39.544  106.316      0.0    849.2
     1     1    21     2    20    12     0     0   -29.0   39.475  106.079      2.8    836.1
     1     1    21     2    20    11     0     1   -30.0   39.394  105.823     11.1    829.6
     1     1    21     2    20    10     0     2   -31.0   39.318  105.553     25.9    831.8
     1     1    21     2    20     9     0     3   -32.0   39.247  105.284     48.3    839.1
     1     1    21     2    20     8     0     2   -33.0   39.171  105.034     64.9    850.2
     1     1    21     2    20     7     0     1   -34.0   39.082  104.822     69.9    854.1
     1     1    21     2    20     6     0     0   -35.0   38.968  104.666     64.3    855.9
     1     1    21     2    20     5     0     1   -36.0   38.843  104.548     59.1    857.2
     1     1    21     2    20     4     0     2   -37.0   38.723  104.440     60.7    856.1
     1     1    21     2    20     3     0     3   -38.0   38.596  104.341     68.2    853.9
     1     1    21     2    20     2     0     2   -39.0   38.457  104.245     80.4    849.6
     1     1    21     2    20     1     0     1   -40.0   38.308  104.149     95.5    844.8
     1     1    21     2    20     0     0     0   -41.0   38.155  104.058    114.8    839.4
     1     1    21     2    19    23     0     1   -42.0   38.005  103.979    143.1    833.6
     1     1    21     2    19    22     0     2   -43.0   37.870  103.902    186.5    821.7
     1     1    21     2    19    21     0     3   -44.0   37.752  103.816    245.7    807.8
     1     1    21     2    19    20     0     2   -45.0   37.660  103.725    314.3    792.4
     1     1    21     2    19    19     0     1   -46.0   37.598  103.628    385.7    778.4
     1     1    21     2    19    18     0     0   -47.0   37.561  103.521    458.6    764.8
     1     1    21     2    19    17     0     1   -48.0   37.540  103.403    538.1    751.8
     1     1    21     2    19    16     0     2   -49.0   37.520  103.266    633.9    736.5
     1     1    21     2    19    15     0     3   -50.0   37.488  103.096    762.5    715.9
     1     1    21     2    19    14     0     2   -51.0   37.462  102.885    927.7    686.3
     1     1    21     2    19    13     0     1   -52.0   37.468  102.650   1084.9    659.4
     1     1    21     2    19    12     0     0   -53.0   37.487  102.400   1234.9    635.5
     1     1    21     2    19    11     0     1   -54.0   37.512  102.139   1332.4    609.7
     1     1    21     2    19    10     0     2   -55.0   37.550  101.893   1320.9    599.3
     1     1    21     2    19     9     0     3   -56.0   37.600  101.673   1224.7    597.7
     1     1    21     2    19     8     0     2   -57.0   37.645  101.467   1110.4    599.4
     1     1    21     2    19     7     0     1   -58.0   37.675  101.264   1042.0    593.0
     1     1    21     2    19     6     0     0   -59.0   37.690  101.074   1015.6    583.2
     1     1    21     2    19     5     0     1   -60.0   37.711  100.889   1032.4    577.1
     1     1    21     2    19     4     0     2   -61.0   37.756  100.699   1080.6    570.1
     1     1    21     2    19     3     0     3   -62.0   37.827  100.513   1119.4    562.7
     1     1    21     2    19     2     0     2   -63.0   37.922  100.332   1141.6    557.1
     1     1    21     2    19     1     0     1   -64.0   38.044  100.140   1168.0    557.4
     1     1    21     2    19     0     0     0   -65.0   38.187   99.923   1221.4    569.6
     1     1    21     2    18    23     0     1   -66.0   38.335   99.685   1305.7    566.4
     1     1    21     2    18    22     0     2   -67.0   38.480   99.431   1421.7    548.2
     1     1    21     2    18    21     0     3   -68.0   38.625   99.173   1557.4    521.1
     1     1    21     2    18    20     0     2   -69.0   38.771   98.931   1699.6    495.1
     1     1    21     2    18    19     0     1   -70.0   38.924   98.697   1845.4    491.8
     1     1    21     2    18    18     0     0   -71.0   39.092   98.429   1994.4    504.9
     1     1    21     2    18    17     0     1   -72.0   39.276   98.083   2149.4    527.0
     1     1    21     2    18    16     0     2   -73.0   39.458   97.662   2285.6    538.7
     1     1    21     2    18    15     0     3   -74.0   39.626   97.209   2419.8    543.3
     1     1    21     2    18    14     0     2   -75.0   39.772   96.748   2567.1    549.9
     1     1    21     2    18    13     0     1   -76.0   39.895   96.277   2670.0    560.0
     1     1    21     2    18    12     0     0   -77.0   39.994   95.780   2694.8    578.5
     1     1    21     2    18    11     0     1   -78.0   40.065   95.281   2688.2    594.7
     1     1    21     2    18    10     0     2   -79.0   40.112   94.810   2698.9    605.3
     1     1    21     2    18     9     0     3   -80.0   40.131   94.368   2696.3    616.3
     1     1    21     2    18     8     0     2   -81.0   40.120   93.948   2658.8    633.1
     1     1    21     2    18     7     0     1   -82.0   40.096   93.544   2620.0    642.8
     1     1    21     2    18     6     0     0   -83.0   40.067   93.161   2611.8    647.0
     1     1    21     2    18     5     0     1   -84.0   40.037   92.798   2614.0    649.2
     1     1    21     2    18     4     0     2   -85.0   40.012   92.454   2616.1    651.1
     1     1    21     2    18     3     0     3   -86.0   39.988   92.135   2613.3    650.8
     1     1    21     2    18     2     0     2   -87.0   39.971   91.837   2598.9    651.9
     1     1    21     2    18     1     0     1   -88.0   39.969   91.548   2572.9    660.1
     1     1    21     2    18     0     0     0   -89.0   39.976   91.261   2545.2    670.2
     1     1    21     2    17    23     0     1   -90.0   39.984   90.974   2524.1    679.4
     1     1    21     2    17    22     0     2   -91.0   39.987   90.690   2498.2    681.3
     1     1    21     2    17    21     0     3   -92.0   39.983   90.409   2465.0    683.3
     1     1    21     2    17    20     0     2   -93.0   39.972   90.139   2434.4    685.1
     1     1    21     2    17    19     0     1   -94.0   39.960   89.892   2416.6    685.2
     1     1    21     2    17    18     0     0   -95.0   39.950   89.664   2412.0    685.0
     1     1    21     2    17    17     0     1   -96.0   39.945   89.442   2423.5    684.7
     1     1    21     2    17    16     0     2   -97.0   39.948   89.221   2448.2    683.7
     1     1    21     2    17    15     0     3   -98.0   39.956   89.006   2476.2    682.7
     1     1    21     2    17    14     0     2   -99.0   39.965   88.789   2498.1    680.7
     1     1    21     2    17    13     0     1  -100.0   39.973   88.558   2511.6    679.2
     1     1    21     2    17    12     0     0  -101.0   39.982   88.315   2517.6    678.0
     1     1    21     2    17    11     0     1  -102.0   39.992   88.064   2531.9    677.0
     1     1    21     2    17    10     0     2  -103.0   40.005   87.805   2570.0    672.3
     1     1    21     2    17     9     0     3  -104.0   40.019   87.536   2632.5    665.2
     1     1    21     2    17     8     0     2  -105.0   40.037   87.265   2701.3    656.8
     1     1    21     2    17     7     0     1  -106.0   40.060   87.001   2764.6    650.7
     1     1    21     2    17     6     0     0  -107.0   40.086   86.747   2820.5    645.8
     1     1    21     2    17     5     0     1  -108.0   40.112   86.510   2855.7    642.2
     1     1    21     2    17     4     0     2  -109.0   40.137   86.297   2869.8    641.3
     1     1    21     2    17     3     0     3  -110.0   40.161   86.103   2872.9    641.2
     1     1    21     2    17     2     0     2  -111.0   40.193   85.915   2879.0    640.8
     1     1    21     2    17     1     0     1  -112.0   40.238   85.717   2896.8    638.1
     1     1    21     2    17     0     0     0  -113.0   40.297   85.513   2924.6    634.8
     1     1    21     2    16    23     0     1  -114.0   40.364   85.302   2951.3    631.3
     1     1    21     2    16    22     0     2  -115.0   40.429   85.084   2969.3    629.4
     1     1    21     2    16    21     0     3  -116.0   40.495   84.858   2980.0    628.7
     1     1    21     2    16    20     0     2  -117.0   40.559   84.629   2991.9    628.8
     1     1    21     2    16    19     0     1  -118.0   40.622   84.397   3010.9    627.6
     1     1    21     2    16    18     0     0  -119.0   40.684   84.159   3033.5    626.1
     1     1    21     2    16    17     0     1  -120.0   40.742   83.914   3056.2    624.2
