     5     1
    GDAS    21     2     1     0     0
    GDAS    21     2     8     0     0
    GDAS    21     2    15     0     0
    GDAS    21     2    22     0     0
    GDAS    21     3     1     0     0
     1 BACKWARD OMEGA   
    21     2     1    23   37.820  111.540  1500.0
     1 PRESSURE
     1     1    21     2     1    23     0     1     0.0   37.820  111.540   1500.0    728.0
     1     1    21     2     1    22     0     2    -1.0   38.144  110.947   1564.9    728.4
     1     1    21     2     1    21     0     3    -2.0   38.448  110.395   1563.2    733.2
     1     1    21     2     1    20     0     2    -3.0   38.736  109.836   1557.4    723.6
     1     1    21     2     1    19     0     1    -4.0   39.013  109.275   1546.6    716.6
     1     1    21     2     1    18     0     0    -5.0   39.284  108.712   1545.5    711.2
     1     1    21     2     1    17     0     1    -6.0   39.559  108.147   1574.2    711.0
     1     1    21     2     1    16     0     2    -7.0   39.841  107.604   1632.0    708.1
     1     1    21     2     1    15     0     3    -8.0   40.128  107.075   1731.4    693.8
     1     1    21     2     1    14     0     2    -9.0   40.428  106.555   1852.9    688.9
     1     1    21     2     1    13     0     1   -10.0   40.744  106.059   1916.9    680.9
     1     1    21     2     1    12     0     0   -11.0   41.080  105.577   1906.8    673.8
     1     1    21     2     1    11     0     1   -12.0   41.434  105.113   1882.1    687.9
     1     1    21     2     1    10     0     2   -13.0   41.814  104.652   1926.1    692.7
     1     1    21     2     1     9     0     3   -14.0   42.231  104.170   2051.9    675.4
     1     1    21     2     1     8     0     2   -15.0   42.668  103.655   2151.1    649.9
     1     1    21     2     1     7     0     1   -16.0   43.103  103.144   2167.2    650.1
     1     1    21     2     1     6     0     0   -17.0   43.521  102.641   2171.8    650.6
     1     1    21     2     1     5     0     1   -18.0   43.918  102.144   2215.5    659.6
     1     1    21     2     1     4     0     2   -19.0   44.318  101.685   2235.4    657.2
     1     1    21     2     1     3     0     3   -20.0   44.785  101.275   2268.2    638.7
     1     1    21     2     1     2     0     2   -21.0   45.349  100.876   2329.8    609.6
     1     1    21     2     1     1     0     1   -22.0   46.000  100.463   2431.5    587.6
     1     1    21     2     1     0     0     0   -23.0   46.752  100.046   2667.5    530.2
