     5     1
    GDAS    21     2     1     0     0
    GDAS    21     2     8     0     0
    GDAS    21     2    15     0     0
    GDAS    21     2    22     0     0
    GDAS    21     3     1     0     0
     1 BACKWARD OMEGA   
    21     2    15    17   37.820  111.540   500.0
     1 PRESSURE
     1     1    21     2    15    17     0     1     0.0   37.820  111.540    500.0    824.9
     1     1    21     2    15    16     0     2    -1.0   38.123  111.196    544.8    825.3
     1     1    21     2    15    15     0     3    -2.0   38.407  110.897    515.0    834.7
     1     1    21     2    15    14     0     2    -3.0   38.648  110.636    447.3    846.4
     1     1    21     2    15    13     0     1    -4.0   38.852  110.322    395.3    844.6
     1     1    21     2    15    12     0     0    -5.0   39.046  109.860    371.6    835.5
     1     1    21     2    15    11     0     1    -6.0   39.262  109.330    355.3    826.1
     1     1    21     2    15    10     0     2    -7.0   39.491  108.810    302.0    825.3
     1     1    21     2    15     9     0     3    -8.0   39.710  108.252    214.6    840.4
     1     1    21     2    15     8     0     2    -9.0   39.875  107.705     67.0    856.8
     1     1    21     2    15     7     0     1   -10.0   39.943  107.227      0.0    862.7
     1     1    21     2    15     6     0     0   -11.0   39.935  106.772      0.0    867.7
     1     1    21     2    15     5     0     1   -12.0   39.893  106.364      0.0    879.2
     1     1    21     2    15     4     0     2   -13.0   39.841  106.017      0.0    883.0
     1     1    21     2    15     3     0     3   -14.0   39.791  105.703      0.0    870.8
     1     1    21     2    15     2     0     2   -15.0   39.753  105.416      0.0    863.1
     1     1    21     2    15     1     0     1   -16.0   39.709  105.173      0.0    858.8
     1     1    21     2    15     0     0     0   -17.0   39.640  104.978      0.0    858.5
     1     1    21     2    14    23     0     1   -18.0   39.555  104.824      0.7    862.3
     1     1    21     2    14    22     0     2   -19.0   39.473  104.697      1.3    865.6
     1     1    21     2    14    21     0     3   -20.0   39.391  104.594      1.9    868.4
     1     1    21     2    14    20     0     2   -21.0   39.310  104.512      2.1    870.4
     1     1    21     2    14    19     0     1   -22.0   39.234  104.451      1.8    871.9
     1     1    21     2    14    18     0     0   -23.0   39.158  104.414      1.2    873.1
     1     1    21     2    14    17     0     1   -24.0   39.093  104.406      0.4    874.1
     1     1    21     2    14    16     0     2   -25.0   39.059  104.429      0.0    874.7
     1     1    21     2    14    15     0     3   -26.0   39.059  104.480      0.0    874.9
     1     1    21     2    14    14     0     2   -27.0   39.089  104.549      0.0    874.3
     1     1    21     2    14    13     0     1   -28.0   39.141  104.629      0.0    873.2
     1     1    21     2    14    12     0     0   -29.0   39.212  104.719      0.0    871.5
     1     1    21     2    14    11     0     1   -30.0   39.310  104.786      0.0    868.6
     1     1    21     2    14    10     0     2   -31.0   39.440  104.793      0.0    865.5
     1     1    21     2    14     9     0     3   -32.0   39.600  104.735      0.0    862.9
     1     1    21     2    14     8     0     2   -33.0   39.779  104.647      0.0    861.1
     1     1    21     2    14     7     0     1   -34.0   39.967  104.573      0.0    859.5
     1     1    21     2    14     6     0     0   -35.0   40.157  104.535      0.0    861.8
     1     1    21     2    14     5     0     1   -36.0   40.339  104.541      0.0    863.9
     1     1    21     2    14     4     0     2   -37.0   40.516  104.590      0.0    865.3
     1     1    21     2    14     3     0     3   -38.0   40.693  104.686      0.0    866.3
     1     1    21     2    14     2     0     2   -39.0   40.869  104.819      0.0    866.5
     1     1    21     2    14     1     0     1   -40.0   41.044  104.980      0.0    867.2
     1     1    21     2    14     0     0     0   -41.0   41.218  105.158      0.0    869.8
     1     1    21     2    13    23     0     1   -42.0   41.380  105.338      0.0    874.9
     1     1    21     2    13    22     0     2   -43.0   41.530  105.520      0.2    881.1
     1     1    21     2    13    21     0     3   -44.0   41.672  105.709      2.5    888.6
     1     1    21     2    13    20     0     2   -45.0   41.805  105.907      7.7    897.1
     1     1    21     2    13    19     0     1   -46.0   41.935  106.125     18.5    901.1
     1     1    21     2    13    18     0     0   -47.0   42.074  106.351     43.2    893.7
     1     1    21     2    13    17     0     1   -48.0   42.215  106.556     73.7    883.3
     1     1    21     2    13    16     0     2   -49.0   42.355  106.738    100.3    876.6
     1     1    21     2    13    15     0     3   -50.0   42.504  106.912    125.5    872.5
     1     1    21     2    13    14     0     2   -51.0   42.663  107.076    149.6    869.2
     1     1    21     2    13    13     0     1   -52.0   42.829  107.220    167.9    869.6
     1     1    21     2    13    12     0     0   -53.0   43.004  107.352    180.5    873.2
     1     1    21     2    13    11     0     1   -54.0   43.171  107.493    182.4    873.5
     1     1    21     2    13    10     0     2   -55.0   43.323  107.665    164.3    878.5
     1     1    21     2    13     9     0     3   -56.0   43.469  107.879    125.8    888.9
     1     1    21     2    13     8     0     2   -57.0   43.605  108.133     81.1    898.6
     1     1    21     2    13     7     0     1   -58.0   43.727  108.411     49.2    905.9
     1     1    21     2    13     6     0     0   -59.0   43.847  108.705     32.7    914.2
     1     1    21     2    13     5     0     1   -60.0   43.974  109.003     25.9    925.4
     1     1    21     2    13     4     0     2   -61.0   44.095  109.278     18.7    921.2
     1     1    21     2    13     3     0     3   -62.0   44.192  109.517     12.4    919.6
     1     1    21     2    13     2     0     2   -63.0   44.276  109.719      7.3    917.3
     1     1    21     2    13     1     0     1   -64.0   44.357  109.884      2.8    916.0
     1     1    21     2    13     0     0     0   -65.0   44.436  110.020      0.0    915.1
     1     1    21     2    12    23     0     1   -66.0   44.520  110.132      0.0    912.6
     1     1    21     2    12    22     0     2   -67.0   44.613  110.222      0.0    910.7
     1     1    21     2    12    21     0     3   -68.0   44.717  110.285      0.0    909.4
     1     1    21     2    12    20     0     2   -69.0   44.825  110.324      0.0    909.0
     1     1    21     2    12    19     0     1   -70.0   44.934  110.341      0.0    909.0
     1     1    21     2    12    18     0     0   -71.0   45.045  110.338      0.0    908.4
     1     1    21     2    12    17     0     1   -72.0   45.153  110.338      0.0    906.1
     1     1    21     2    12    16     0     2   -73.0   45.253  110.366      0.0    904.1
     1     1    21     2    12    15     0     3   -74.0   45.345  110.416      0.0    902.1
     1     1    21     2    12    14     0     2   -75.0   45.430  110.484      0.0    900.4
     1     1    21     2    12    13     0     1   -76.0   45.505  110.569      0.0    898.5
     1     1    21     2    12    12     0     0   -77.0   45.568  110.670      0.0    896.3
     1     1    21     2    12    11     0     1   -78.0   45.620  110.787      0.0    892.9
     1     1    21     2    12    10     0     2   -79.0   45.661  110.920      0.0    889.1
     1     1    21     2    12     9     0     3   -80.0   45.691  111.067      0.0    887.2
     1     1    21     2    12     8     0     2   -81.0   45.715  111.215      0.0    889.2
     1     1    21     2    12     7     0     1   -82.0   45.738  111.353      0.0    891.2
     1     1    21     2    12     6     0     0   -83.0   45.760  111.478      0.0    893.1
     1     1    21     2    12     5     0     1   -84.0   45.778  111.586      0.0    895.2
     1     1    21     2    12     4     0     2   -85.0   45.789  111.672      0.0    897.0
     1     1    21     2    12     3     0     3   -86.0   45.789  111.734      0.2    898.4
     1     1    21     2    12     2     0     2   -87.0   45.784  111.765      0.5    898.7
     1     1    21     2    12     1     0     1   -88.0   45.781  111.756      1.0    898.3
     1     1    21     2    12     0     0     0   -89.0   45.780  111.710      1.6    897.2
     1     1    21     2    11    23     0     1   -90.0   45.776  111.636      2.3    895.7
     1     1    21     2    11    22     0     2   -91.0   45.763  111.540      3.3    893.8
     1     1    21     2    11    21     0     3   -92.0   45.742  111.420      4.6    891.8
     1     1    21     2    11    20     0     2   -93.0   45.729  111.277      5.4    889.5
     1     1    21     2    11    19     0     1   -94.0   45.737  111.120      4.7    886.9
     1     1    21     2    11    18     0     0   -95.0   45.766  110.955      2.5    885.1
     1     1    21     2    11    17     0     1   -96.0   45.808  110.785      0.3    886.7
     1     1    21     2    11    16     0     2   -97.0   45.857  110.612      0.0    888.5
     1     1    21     2    11    15     0     3   -98.0   45.916  110.434      0.0    890.5
     1     1    21     2    11    14     0     2   -99.0   45.987  110.240      0.0    892.3
     1     1    21     2    11    13     0     1  -100.0   46.066  110.022      0.0    894.5
     1     1    21     2    11    12     0     0  -101.0   46.150  109.773      0.9    888.5
     1     1    21     2    11    11     0     1  -102.0   46.239  109.483      4.9    882.1
     1     1    21     2    11    10     0     2  -103.0   46.339  109.138     13.3    875.0
     1     1    21     2    11     9     0     3  -104.0   46.457  108.723     42.8    865.5
     1     1    21     2    11     8     0     2  -105.0   46.612  108.230    149.4    848.3
     1     1    21     2    11     7     0     1  -106.0   46.833  107.669    325.1    816.2
     1     1    21     2    11     6     0     0  -107.0   47.087  107.111    400.4    792.5
     1     1    21     2    11     5     0     1  -108.0   47.311  106.657    356.9    807.4
     1     1    21     2    11     4     0     2  -109.0   47.487  106.336    289.5    821.0
     1     1    21     2    11     3     0     3  -110.0   47.614  106.108    212.2    834.2
     1     1    21     2    11     2     0     2  -111.0   47.703  105.930    132.2    846.6
     1     1    21     2    11     1     0     1  -112.0   47.765  105.780     70.9    857.0
     1     1    21     2    11     0     0     0  -113.0   47.822  105.651     37.7    861.3
     1     1    21     2    10    23     0     1  -114.0   47.876  105.537     20.6    864.5
     1     1    21     2    10    22     0     2  -115.0   47.932  105.433      9.7    866.0
     1     1    21     2    10    21     0     3  -116.0   47.996  105.337      4.3    867.8
     1     1    21     2    10    20     0     2  -117.0   48.072  105.261      0.7    872.1
     1     1    21     2    10    19     0     1  -118.0   48.157  105.212      0.0    876.2
     1     1    21     2    10    18     0     0  -119.0   48.248  105.188      0.0    880.1
     1     1    21     2    10    17     0     1  -120.0   48.340  105.180      0.1    883.3
