     5     1
    GDAS    21     2     1     0     0
    GDAS    21     2     8     0     0
    GDAS    21     2    15     0     0
    GDAS    21     2    22     0     0
    GDAS    21     3     1     0     0
     1 BACKWARD OMEGA   
    21     2    27    23   37.820  111.540   500.0
     1 PRESSURE
     1     1    21     2    27    23     0     1     0.0   37.820  111.540    500.0    824.4
     1     1    21     2    27    22     0     2    -1.0   37.791  111.539    520.9    821.0
     1     1    21     2    27    21     0     3    -2.0   37.743  111.518    525.2    820.4
     1     1    21     2    27    20     0     2    -3.0   37.667  111.475    515.7    822.2
     1     1    21     2    27    19     0     1    -4.0   37.556  111.408    490.9    824.4
     1     1    21     2    27    18     0     0    -5.0   37.412  111.327    444.8    828.0
     1     1    21     2    27    17     0     1    -6.0   37.245  111.253    382.8    832.4
     1     1    21     2    27    16     0     2    -7.0   37.065  111.209    334.5    835.9
     1     1    21     2    27    15     0     3    -8.0   36.880  111.189    311.1    837.4
     1     1    21     2    27    14     0     2    -9.0   36.707  111.195    314.5    838.4
     1     1    21     2    27    13     0     1   -10.0   36.540  111.231    358.7    835.8
     1     1    21     2    27    12     0     0   -11.0   36.342  111.307    471.0    828.3
     1     1    21     2    27    11     0     1   -12.0   36.078  111.417    641.9    811.5
     1     1    21     2    27    10     0     2   -13.0   35.776  111.530    823.1    808.2
     1     1    21     2    27     9     0     3   -14.0   35.477  111.646    972.6    814.4
     1     1    21     2    27     8     0     2   -15.0   35.175  111.791   1066.4    826.3
     1     1    21     2    27     7     0     1   -16.0   34.877  111.981   1082.2    836.1
     1     1    21     2    27     6     0     0   -17.0   34.618  112.162   1061.9    843.3
     1     1    21     2    27     5     0     1   -18.0   34.405  112.309   1057.8    846.9
     1     1    21     2    27     4     0     2   -19.0   34.229  112.437   1069.7    850.1
     1     1    21     2    27     3     0     3   -20.0   34.069  112.555   1098.1    851.8
     1     1    21     2    27     2     0     2   -21.0   33.915  112.670   1136.3    854.6
     1     1    21     2    27     1     0     1   -22.0   33.765  112.792   1169.5    858.8
     1     1    21     2    27     0     0     0   -23.0   33.628  112.929   1180.2    863.4
     1     1    21     2    26    23     0     1   -24.0   33.525  113.079   1175.6    869.4
     1     1    21     2    26    22     0     2   -25.0   33.466  113.228   1184.5    870.2
     1     1    21     2    26    21     0     3   -26.0   33.439  113.369   1206.6    868.1
     1     1    21     2    26    20     0     2   -27.0   33.416  113.511   1210.5    866.1
     1     1    21     2    26    19     0     1   -28.0   33.380  113.664   1167.1    871.2
     1     1    21     2    26    18     0     0   -29.0   33.347  113.842   1060.3    883.1
     1     1    21     2    26    17     0     1   -30.0   33.344  114.065    929.0    905.0
     1     1    21     2    26    16     0     2   -31.0   33.362  114.325    831.0    920.4
     1     1    21     2    26    15     0     3   -32.0   33.388  114.603    778.5    929.9
     1     1    21     2    26    14     0     2   -33.0   33.420  114.895    756.2    933.0
     1     1    21     2    26    13     0     1   -34.0   33.467  115.208    737.5    935.0
     1     1    21     2    26    12     0     0   -35.0   33.524  115.545    709.3    937.4
     1     1    21     2    26    11     0     1   -36.0   33.584  115.898    677.9    942.3
     1     1    21     2    26    10     0     2   -37.0   33.652  116.255    667.7    943.6
     1     1    21     2    26     9     0     3   -38.0   33.728  116.611    686.5    937.8
     1     1    21     2    26     8     0     2   -39.0   33.799  116.979    711.5    929.3
     1     1    21     2    26     7     0     1   -40.0   33.868  117.360    717.2    929.2
     1     1    21     2    26     6     0     0   -41.0   33.951  117.748    705.9    935.7
     1     1    21     2    26     5     0     1   -42.0   34.045  118.134    703.8    939.2
     1     1    21     2    26     4     0     2   -43.0   34.153  118.508    721.8    937.7
     1     1    21     2    26     3     0     3   -44.0   34.269  118.889    761.0    933.4
     1     1    21     2    26     2     0     2   -45.0   34.401  119.296    786.2    926.6
     1     1    21     2    26     1     0     1   -46.0   34.576  119.711    756.3    928.8
     1     1    21     2    26     0     0     0   -47.0   34.795  120.135    692.3    938.4
     1     1    21     2    25    23     0     1   -48.0   35.046  120.560    655.9    946.5
     1     1    21     2    25    22     0     2   -49.0   35.308  120.974    657.3    943.8
     1     1    21     2    25    21     0     3   -50.0   35.585  121.358    683.0    941.5
     1     1    21     2    25    20     0     2   -51.0   35.860  121.689    724.5    934.5
     1     1    21     2    25    19     0     1   -52.0   36.112  121.968    753.5    930.0
     1     1    21     2    25    18     0     0   -53.0   36.340  122.207    771.7    929.2
     1     1    21     2    25    17     0     1   -54.0   36.530  122.430    791.9    928.0
     1     1    21     2    25    16     0     2   -55.0   36.662  122.656    815.0    925.4
     1     1    21     2    25    15     0     3   -56.0   36.739  122.889    836.7    923.4
     1     1    21     2    25    14     0     2   -57.0   36.787  123.141    862.3    920.7
     1     1    21     2    25    13     0     1   -58.0   36.833  123.413    896.3    916.4
     1     1    21     2    25    12     0     0   -59.0   36.871  123.699    936.3    911.0
     1     1    21     2    25    11     0     1   -60.0   36.904  123.979    978.3    906.0
     1     1    21     2    25    10     0     2   -61.0   36.937  124.235   1010.9    901.3
     1     1    21     2    25     9     0     3   -62.0   36.968  124.474   1017.6    899.7
     1     1    21     2    25     8     0     2   -63.0   37.002  124.694   1041.2    902.5
     1     1    21     2    25     7     0     1   -64.0   37.038  124.890   1132.0    892.6
     1     1    21     2    25     6     0     0   -65.0   37.093  125.069   1296.7    874.8
     1     1    21     2    25     5     0     1   -66.0   37.162  125.226   1478.9    849.7
     1     1    21     2    25     4     0     2   -67.0   37.223  125.342   1614.9    834.7
     1     1    21     2    25     3     0     3   -68.0   37.278  125.412   1692.6    826.3
     1     1    21     2    25     2     0     2   -69.0   37.335  125.441   1719.0    824.7
     1     1    21     2    25     1     0     1   -70.0   37.406  125.435   1714.4    826.1
     1     1    21     2    25     0     0     0   -71.0   37.494  125.399   1698.9    828.7
     1     1    21     2    24    23     0     1   -72.0   37.585  125.334   1690.3    830.2
     1     1    21     2    24    22     0     2   -73.0   37.665  125.238   1676.6    830.0
     1     1    21     2    24    21     0     3   -74.0   37.733  125.114   1625.3    833.4
     1     1    21     2    24    20     0     2   -75.0   37.787  124.992   1549.6    844.8
     1     1    21     2    24    19     0     1   -76.0   37.833  124.879   1494.4    852.1
     1     1    21     2    24    18     0     0   -77.0   37.872  124.761   1468.6    854.3
     1     1    21     2    24    17     0     1   -78.0   37.914  124.628   1480.3    854.4
     1     1    21     2    24    16     0     2   -79.0   37.964  124.470   1540.5    848.3
     1     1    21     2    24    15     0     3   -80.0   38.022  124.275   1642.8    837.0
     1     1    21     2    24    14     0     2   -81.0   38.086  124.049   1735.3    822.2
     1     1    21     2    24    13     0     1   -82.0   38.152  123.816   1775.3    818.0
     1     1    21     2    24    12     0     0   -83.0   38.225  123.580   1756.7    819.0
     1     1    21     2    24    11     0     1   -84.0   38.308  123.350   1730.5    827.2
     1     1    21     2    24    10     0     2   -85.0   38.398  123.116   1750.6    825.0
     1     1    21     2    24     9     0     3   -86.0   38.495  122.872   1819.3    817.9
     1     1    21     2    24     8     0     2   -87.0   38.603  122.612   1904.9    805.5
     1     1    21     2    24     7     0     1   -88.0   38.720  122.329   1973.5    798.4
     1     1    21     2    24     6     0     0   -89.0   38.845  122.016   2032.0    792.9
     1     1    21     2    24     5     0     1   -90.0   38.977  121.687   2084.7    787.7
     1     1    21     2    24     4     0     2   -91.0   39.114  121.361   2119.5    783.3
     1     1    21     2    24     3     0     3   -92.0   39.249  121.041   2129.9    783.1
     1     1    21     2    24     2     0     2   -93.0   39.373  120.718   2147.3    784.2
     1     1    21     2    24     1     0     1   -94.0   39.501  120.384   2205.7    778.3
     1     1    21     2    24     0     0     0   -95.0   39.657  120.045   2307.8    768.2
     1     1    21     2    23    23     0     1   -96.0   39.832  119.680   2418.1    751.4
     1     1    21     2    23    22     0     2   -97.0   40.022  119.264   2495.6    738.9
     1     1    21     2    23    21     0     3   -98.0   40.256  118.777   2560.4    720.9
     1     1    21     2    23    20     0     2   -99.0   40.506  118.241   2633.6    702.3
     1     1    21     2    23    19     0     1  -100.0   40.740  117.695   2655.1    689.0
     1     1    21     2    23    18     0     0  -101.0   40.962  117.155   2639.6    681.8
     1     1    21     2    23    17     0     1  -102.0   41.212  116.602   2646.7    653.4
     1     1    21     2    23    16     0     2  -103.0   41.535  115.971   2757.9    614.9
     1     1    21     2    23    15     0     3  -104.0   41.892  115.234   2952.7    583.8
     1     1    21     2    23    14     0     2  -105.0   42.246  114.412   3120.0    572.7
     1     1    21     2    23    13     0     1  -106.0   42.591  113.544   3259.5    574.8
     1     1    21     2    23    12     0     0  -107.0   42.906  112.697   3318.7    582.1
     1     1    21     2    23    11     0     1  -108.0   43.199  111.804   3361.4    576.1
     1     1    21     2    23    10     0     2  -109.0   43.466  110.869   3431.6    572.4
     1     1    21     2    23     9     0     3  -110.0   43.700  109.919   3466.4    574.6
     1     1    21     2    23     8     0     2  -111.0   43.900  108.995   3487.1    588.0
     1     1    21     2    23     7     0     1  -112.0   44.104  108.023   3591.9    566.5
     1     1    21     2    23     6     0     0  -113.0   44.286  106.977   3561.2    542.8
     1     1    21     2    23     5     0     1  -114.0   44.437  105.935   3526.9    547.2
     1     1    21     2    23     4     0     2  -115.0   44.583  104.934   3464.7    546.4
     1     1    21     2    23     3     0     3  -116.0   44.697  103.998   3355.9    567.2
     1     1    21     2    23     2     0     2  -117.0   44.786  103.044   3177.6    571.4
     1     1    21     2    23     1     0     1  -118.0   44.864  102.066   3233.9    571.0
     1     1    21     2    23     0     0     0  -119.0   44.995  101.050   3461.6    534.4
     1     1    21     2    22    23     0     1  -120.0   45.149   99.951   3368.3    507.4
