     5     1
    GDAS    21     2     1     0     0
    GDAS    21     2     8     0     0
    GDAS    21     2    15     0     0
    GDAS    21     2    22     0     0
    GDAS    21     3     1     0     0
     1 BACKWARD OMEGA   
    21     2    25    11   37.820  111.540  1500.0
     1 PRESSURE
     1     1    21     2    25    11     0     1     0.0   37.820  111.540   1500.0    730.4
     1     1    21     2    25    10     0     2    -1.0   37.877  111.672   1537.8    727.2
     1     1    21     2    25     9     0     3    -2.0   37.966  111.755   1608.6    717.6
     1     1    21     2    25     8     0     2    -3.0   38.068  111.788   1663.3    706.3
     1     1    21     2    25     7     0     1    -4.0   38.161  111.800   1680.3    702.7
     1     1    21     2    25     6     0     0    -5.0   38.246  111.803   1672.7    701.3
     1     1    21     2    25     5     0     1    -6.0   38.333  111.814   1652.2    701.1
     1     1    21     2    25     4     0     2    -7.0   38.431  111.837   1622.1    700.0
     1     1    21     2    25     3     0     3    -8.0   38.543  111.867   1582.1    698.9
     1     1    21     2    25     2     0     2    -9.0   38.671  111.885   1558.2    697.9
     1     1    21     2    25     1     0     1   -10.0   38.814  111.869   1585.6    692.1
     1     1    21     2    25     0     0     0   -11.0   38.977  111.800   1679.9    683.4
     1     1    21     2    24    23     0     1   -12.0   39.144  111.687   1788.4    676.5
     1     1    21     2    24    22     0     2   -13.0   39.307  111.570   1850.6    679.2
     1     1    21     2    24    21     0     3   -14.0   39.472  111.451   1882.9    682.9
     1     1    21     2    24    20     0     2   -15.0   39.638  111.320   1903.7    686.5
     1     1    21     2    24    19     0     1   -16.0   39.801  111.163   1918.2    688.5
     1     1    21     2    24    18     0     0   -17.0   39.962  110.971   1916.6    689.3
     1     1    21     2    24    17     0     1   -18.0   40.117  110.764   1906.7    683.8
     1     1    21     2    24    16     0     2   -19.0   40.256  110.563   1901.6    678.1
     1     1    21     2    24    15     0     3   -20.0   40.381  110.371   1889.1    676.1
     1     1    21     2    24    14     0     2   -21.0   40.502  110.182   1868.7    677.5
     1     1    21     2    24    13     0     1   -22.0   40.627  109.988   1845.0    680.8
     1     1    21     2    24    12     0     0   -23.0   40.754  109.796   1817.6    686.8
     1     1    21     2    24    11     0     1   -24.0   40.875  109.611   1789.7    694.9
     1     1    21     2    24    10     0     2   -25.0   40.988  109.439   1756.7    704.1
     1     1    21     2    24     9     0     3   -26.0   41.098  109.274   1708.4    710.8
     1     1    21     2    24     8     0     2   -27.0   41.195  109.102   1668.4    718.1
     1     1    21     2    24     7     0     1   -28.0   41.273  108.911   1651.8    719.2
     1     1    21     2    24     6     0     0   -29.0   41.333  108.700   1656.6    717.5
     1     1    21     2    24     5     0     1   -30.0   41.379  108.478   1677.5    715.1
     1     1    21     2    24     4     0     2   -31.0   41.414  108.258   1706.9    713.1
     1     1    21     2    24     3     0     3   -32.0   41.445  108.044   1740.7    710.9
     1     1    21     2    24     2     0     2   -33.0   41.481  107.829   1761.5    707.1
     1     1    21     2    24     1     0     1   -34.0   41.536  107.606   1756.8    706.4
     1     1    21     2    24     0     0     0   -35.0   41.608  107.375   1731.1    708.2
     1     1    21     2    23    23     0     1   -36.0   41.690  107.129   1716.2    712.2
     1     1    21     2    23    22     0     2   -37.0   41.769  106.851   1731.1    711.8
     1     1    21     2    23    21     0     3   -38.0   41.832  106.541   1736.0    713.0
     1     1    21     2    23    20     0     2   -39.0   41.877  106.230   1694.0    721.0
     1     1    21     2    23    19     0     1   -40.0   41.909  105.947   1624.0    733.0
     1     1    21     2    23    18     0     0   -41.0   41.928  105.690   1567.4    737.0
     1     1    21     2    23    17     0     1   -42.0   41.950  105.431   1520.4    735.0
     1     1    21     2    23    16     0     2   -43.0   41.982  105.156   1438.8    738.1
     1     1    21     2    23    15     0     3   -44.0   42.030  104.867   1322.0    746.5
     1     1    21     2    23    14     0     2   -45.0   42.094  104.598   1241.7    757.1
     1     1    21     2    23    13     0     1   -46.0   42.172  104.349   1214.3    754.2
     1     1    21     2    23    12     0     0   -47.0   42.259  104.086   1202.4    751.3
     1     1    21     2    23    11     0     1   -48.0   42.346  103.806   1205.2    751.2
     1     1    21     2    23    10     0     2   -49.0   42.431  103.519   1231.1    748.2
     1     1    21     2    23     9     0     3   -50.0   42.506  103.234   1282.9    745.0
     1     1    21     2    23     8     0     2   -51.0   42.566  102.940   1340.4    737.8
     1     1    21     2    23     7     0     1   -52.0   42.612  102.631   1373.1    730.2
     1     1    21     2    23     6     0     0   -53.0   42.642  102.315   1390.9    722.8
     1     1    21     2    23     5     0     1   -54.0   42.661  102.018   1411.7    716.9
     1     1    21     2    23     4     0     2   -55.0   42.684  101.755   1450.5    713.8
     1     1    21     2    23     3     0     3   -56.0   42.714  101.525   1489.5    710.1
     1     1    21     2    23     2     0     2   -57.0   42.746  101.316   1524.1    707.3
     1     1    21     2    23     1     0     1   -58.0   42.773  101.119   1555.5    704.3
     1     1    21     2    23     0     0     0   -59.0   42.796  100.930   1573.9    702.9
     1     1    21     2    22    23     0     1   -60.0   42.807  100.756   1587.4    704.7
     1     1    21     2    22    22     0     2   -61.0   42.799  100.604   1622.1    705.4
     1     1    21     2    22    21     0     3   -62.0   42.775  100.473   1699.6    702.4
     1     1    21     2    22    20     0     2   -63.0   42.751  100.361   1804.4    693.8
     1     1    21     2    22    19     0     1   -64.0   42.743  100.269   1906.3    685.8
     1     1    21     2    22    18     0     0   -65.0   42.743  100.204   2001.5    678.6
     1     1    21     2    22    17     0     1   -66.0   42.752  100.142   2064.6    671.6
     1     1    21     2    22    16     0     2   -67.0   42.777  100.063   2071.7    671.2
     1     1    21     2    22    15     0     3   -68.0   42.824   99.971   2019.3    674.5
     1     1    21     2    22    14     0     2   -69.0   42.906   99.858   1981.2    681.1
     1     1    21     2    22    13     0     1   -70.0   43.013   99.710   2033.1    673.0
     1     1    21     2    22    12     0     0   -71.0   43.140   99.516   2164.4    661.8
     1     1    21     2    22    11     0     1   -72.0   43.292   99.224   2328.9    644.1
     1     1    21     2    22    10     0     2   -73.0   43.467   98.809   2479.8    628.1
     1     1    21     2    22     9     0     3   -74.0   43.641   98.285   2496.5    612.3
     1     1    21     2    22     8     0     2   -75.0   43.810   97.773   2435.9    629.3
     1     1    21     2    22     7     0     1   -76.0   43.977   97.316   2486.7    641.7
     1     1    21     2    22     6     0     0   -77.0   44.168   96.868   2603.3    633.7
     1     1    21     2    22     5     0     1   -78.0   44.385   96.324   2728.0    622.6
     1     1    21     2    22     4     0     2   -79.0   44.601   95.662   2844.2    603.0
     1     1    21     2    22     3     0     3   -80.0   44.759   94.832   3078.2    553.9
     1     1    21     2    22     2     0     2   -81.0   44.841   93.860   3394.8    541.8
     1     1    21     2    22     1     0     1   -82.0   44.935   92.851   3547.4    538.7
     1     1    21     2    22     0     0     0   -83.0   45.018   91.819   3669.0    537.3
     1     1    21     2    21    23     0     1   -84.0   45.074   90.759   3597.4    541.7
     1     1    21     2    21    22     0     2   -85.0   45.145   89.793   3621.9    573.4
     1     1    21     2    21    21     0     3   -86.0   45.204   88.910   3615.8    593.4
     1     1    21     2    21    20     0     2   -87.0   45.255   88.067   3664.0    595.7
     1     1    21     2    21    19     0     1   -88.0   45.260   87.259   3814.3    593.9
     1     1    21     2    21    18     0     0   -89.0   45.199   86.479   3886.9    593.9
     1     1    21     2    21    17     0     1   -90.0   45.130   85.781   3833.4    603.8
     1     1    21     2    21    16     0     2   -91.0   45.028   85.184   3760.4    610.8
     1     1    21     2    21    15     0     3   -92.0   44.872   84.698   3579.0    603.3
     1     1    21     2    21    14     0     2   -93.0   44.728   84.149   3402.6    587.4
     1     1    21     2    21    13     0     1   -94.0   44.598   83.484   3279.3    571.6
     1     1    21     2    21    12     0     0   -95.0   44.463   82.803   3086.2    577.2
     1     1    21     2    21    11     0     1   -96.0   44.315   82.144   2922.2    606.8
     1     1    21     2    21    10     0     2   -97.0   44.184   81.512   2823.6    624.5
     1     1    21     2    21     9     0     3   -98.0   44.090   81.025   2635.1    657.7
     1     1    21     2    21     8     0     2   -99.0   44.041   80.695   2432.7    704.2
     1     1    21     2    21     7     0     1  -100.0   44.011   80.414   2382.7    710.7
     1     1    21     2    21     6     0     0  -101.0   43.977   80.169   2371.2    707.9
     1     1    21     2    21     5     0     1  -102.0   43.944   79.928   2361.3    705.4
     1     1    21     2    21     4     0     2  -103.0   43.920   79.675   2358.0    697.0
     1     1    21     2    21     3     0     3  -104.0   43.889   79.409   2362.0    687.8
     1     1    21     2    21     2     0     2  -105.0   43.849   79.114   2387.0    676.5
     1     1    21     2    21     1     0     1  -106.0   43.793   78.753   2423.7    655.4
     1     1    21     2    21     0     0     0  -107.0   43.701   78.263   2453.5    624.6
     1     1    21     2    20    23     0     1  -108.0   43.566   77.613   2436.1    596.6
     1     1    21     2    20    22     0     2  -109.0   43.406   76.941   2331.4    582.9
     1     1    21     2    20    21     0     3  -110.0   43.220   76.347   2415.0    599.1
     1     1    21     2    20    20     0     2  -111.0   43.013   75.760   2698.9    592.1
     1     1    21     2    20    19     0     1  -112.0   42.803   75.118   2883.0    590.6
     1     1    21     2    20    18     0     0  -113.0   42.570   74.454   2889.5    585.7
     1     1    21     2    20    17     0     1  -114.0   42.274   73.626   2985.4    543.4
     1     1    21     2    20    16     0     2  -115.0   41.975   72.550   2863.0    522.0
     1     1    21     2    20    15     0     3  -116.0   41.652   71.299   3123.0    519.8
     1     1    21     2    20    14     0     2  -117.0   41.326   70.188   3340.7    555.8
     1     1    21     2    20    13     0     1  -118.0   41.013   69.374   3201.2    636.7
     1     1    21     2    20    12     0     0  -119.0   40.663   68.698   3136.1    655.3
     1     1    21     2    20    11     0     1  -120.0   40.309   68.125   3078.7    657.1
