     5     1
    GDAS    21     2     1     0     0
    GDAS    21     2     8     0     0
    GDAS    21     2    15     0     0
    GDAS    21     2    22     0     0
    GDAS    21     3     1     0     0
     1 BACKWARD OMEGA   
    21     2    13    23   37.820  111.540  1500.0
     1 PRESSURE
     1     1    21     2    13    23     0     1     0.0   37.820  111.540   1500.0    726.7
     1     1    21     2    13    22     0     2    -1.0   37.963  111.008   1400.8    738.9
     1     1    21     2    13    21     0     3    -2.0   38.052  110.553   1243.4    765.3
     1     1    21     2    13    20     0     2    -3.0   38.118  110.142   1145.0    779.4
     1     1    21     2    13    19     0     1    -4.0   38.168  109.751   1095.1    776.8
     1     1    21     2    13    18     0     0    -5.0   38.203  109.376   1053.5    776.2
     1     1    21     2    13    17     0     1    -6.0   38.247  109.024   1022.8    775.3
     1     1    21     2    13    16     0     2    -7.0   38.292  108.692    991.1    771.5
     1     1    21     2    13    15     0     3    -8.0   38.320  108.376    950.1    770.5
     1     1    21     2    13    14     0     2    -9.0   38.345  108.070    934.3    770.1
     1     1    21     2    13    13     0     1   -10.0   38.382  107.753    963.7    766.7
     1     1    21     2    13    12     0     0   -11.0   38.409  107.426   1016.5    762.6
     1     1    21     2    13    11     0     1   -12.0   38.421  107.103   1035.7    759.5
     1     1    21     2    13    10     0     2   -13.0   38.445  106.813   1019.1    760.3
     1     1    21     2    13     9     0     3   -14.0   38.470  106.549   1022.9    754.4
     1     1    21     2    13     8     0     2   -15.0   38.471  106.276   1064.5    742.3
     1     1    21     2    13     7     0     1   -16.0   38.456  105.983   1115.6    729.9
     1     1    21     2    13     6     0     0   -17.0   38.452  105.700   1145.4    732.9
     1     1    21     2    13     5     0     1   -18.0   38.458  105.435   1170.0    741.1
     1     1    21     2    13     4     0     2   -19.0   38.469  105.177   1233.2    741.9
     1     1    21     2    13     3     0     3   -20.0   38.504  104.923   1338.2    737.0
     1     1    21     2    13     2     0     2   -21.0   38.565  104.667   1443.8    722.6
     1     1    21     2    13     1     0     1   -22.0   38.634  104.407   1527.9    716.1
     1     1    21     2    13     0     0     0   -23.0   38.722  104.126   1620.9    708.8
     1     1    21     2    12    23     0     1   -24.0   38.825  103.823   1684.0    698.9
     1     1    21     2    12    22     0     2   -25.0   38.931  103.507   1667.1    697.5
     1     1    21     2    12    21     0     3   -26.0   39.064  103.177   1557.2    703.7
     1     1    21     2    12    20     0     2   -27.0   39.182  102.843   1474.3    718.6
     1     1    21     2    12    19     0     1   -28.0   39.284  102.505   1501.3    717.1
     1     1    21     2    12    18     0     0   -29.0   39.391  102.143   1591.0    708.4
     1     1    21     2    12    17     0     1   -30.0   39.536  101.715   1671.6    693.5
     1     1    21     2    12    16     0     2   -31.0   39.724  101.194   1752.9    684.9
     1     1    21     2    12    15     0     3   -32.0   39.912  100.585   1866.4    681.7
     1     1    21     2    12    14     0     2   -33.0   40.074   99.852   2004.3    672.0
     1     1    21     2    12    13     0     1   -34.0   40.194   99.091   2018.5    671.6
     1     1    21     2    12    12     0     0   -35.0   40.275   98.377   1965.0    666.7
     1     1    21     2    12    11     0     1   -36.0   40.315   97.642   2082.7    638.0
     1     1    21     2    12    10     0     2   -37.0   40.342   96.872   2283.7    600.7
     1     1    21     2    12     9     0     3   -38.0   40.378   96.135   2434.2    595.0
     1     1    21     2    12     8     0     2   -39.0   40.400   95.464   2449.8    604.2
     1     1    21     2    12     7     0     1   -40.0   40.420   94.841   2440.6    617.0
     1     1    21     2    12     6     0     0   -41.0   40.456   94.279   2428.2    635.1
     1     1    21     2    12     5     0     1   -42.0   40.498   93.763   2394.4    649.6
     1     1    21     2    12     4     0     2   -43.0   40.550   93.263   2398.5    653.5
     1     1    21     2    12     3     0     3   -44.0   40.640   92.773   2484.1    646.9
     1     1    21     2    12     2     0     2   -45.0   40.764   92.293   2582.5    639.7
     1     1    21     2    12     1     0     1   -46.0   40.893   91.809   2625.4    644.4
     1     1    21     2    12     0     0     0   -47.0   41.041   91.317   2604.8    657.5
     1     1    21     2    11    23     0     1   -48.0   41.201   90.847   2536.3    666.3
     1     1    21     2    11    22     0     2   -49.0   41.346   90.403   2466.5    664.6
     1     1    21     2    11    21     0     3   -50.0   41.460   89.985   2422.8    666.0
     1     1    21     2    11    20     0     2   -51.0   41.564   89.585   2400.4    671.7
     1     1    21     2    11    19     0     1   -52.0   41.675   89.195   2385.6    677.7
     1     1    21     2    11    18     0     0   -53.0   41.777   88.799   2362.0    676.0
     1     1    21     2    11    17     0     1   -54.0   41.882   88.368   2349.6    660.4
     1     1    21     2    11    16     0     2   -55.0   42.017   87.889   2422.9    638.5
     1     1    21     2    11    15     0     3   -56.0   42.176   87.423   2612.0    619.7
     1     1    21     2    11    14     0     2   -57.0   42.357   86.930   2808.1    563.6
     1     1    21     2    11    13     0     1   -58.0   42.591   86.301   2961.8    494.4
     1     1    21     2    11    12     0     0   -59.0   42.844   85.514   3162.8    475.9
     1     1    21     2    11    11     0     1   -60.0   43.095   84.616   3511.3    455.7
     1     1    21     2    11    10     0     2   -61.0   43.306   83.740   3756.7    427.4
     1     1    21     2    11     9     0     3   -62.0   43.445   82.922   3853.1    434.9
     1     1    21     2    11     8     0     2   -63.0   43.565   82.117   3897.0    493.6
     1     1    21     2    11     7     0     1   -64.0   43.665   81.271   3886.7    536.6
     1     1    21     2    11     6     0     0   -65.0   43.750   80.394   3841.2    559.8
     1     1    21     2    11     5     0     1   -66.0   43.851   79.482   3790.4    566.1
     1     1    21     2    11     4     0     2   -67.0   43.952   78.537   3688.3    561.2
     1     1    21     2    11     3     0     3   -68.0   43.990   77.597   3421.5    593.3
     1     1    21     2    11     2     0     2   -69.0   43.997   76.694   3315.1    623.5
     1     1    21     2    11     1     0     1   -70.0   43.996   75.771   3237.4    622.6
     1     1    21     2    11     0     0     0   -71.0   43.967   74.861   3256.6    607.7
     1     1    21     2    10    23     0     1   -72.0   43.887   73.999   3259.4    633.4
     1     1    21     2    10    22     0     2   -73.0   43.800   73.186   3219.9    644.2
     1     1    21     2    10    21     0     3   -74.0   43.726   72.410   3204.6    642.9
     1     1    21     2    10    20     0     2   -75.0   43.646   71.665   3157.4    645.6
     1     1    21     2    10    19     0     1   -76.0   43.562   70.936   3077.0    659.7
     1     1    21     2    10    18     0     0   -77.0   43.511   70.236   3065.3    652.9
     1     1    21     2    10    17     0     1   -78.0   43.466   69.562   3124.0    644.4
     1     1    21     2    10    16     0     2   -79.0   43.373   68.874   3085.6    661.5
     1     1    21     2    10    15     0     3   -80.0   43.241   68.141   2944.0    677.3
     1     1    21     2    10    14     0     2   -81.0   43.076   67.393   2824.0    701.9
     1     1    21     2    10    13     0     1   -82.0   42.857   66.686   2696.2    715.7
     1     1    21     2    10    12     0     0   -83.0   42.596   66.019   2575.0    723.3
     1     1    21     2    10    11     0     1   -84.0   42.319   65.413   2424.3    732.8
     1     1    21     2    10    10     0     2   -85.0   42.020   64.889   2219.5    755.5
     1     1    21     2    10     9     0     3   -86.0   41.693   64.438   1983.2    780.6
     1     1    21     2    10     8     0     2   -87.0   41.371   64.048   1743.7    801.9
     1     1    21     2    10     7     0     1   -88.0   41.068   63.705   1559.5    823.8
     1     1    21     2    10     6     0     0   -89.0   40.775   63.399   1434.9    837.7
     1     1    21     2    10     5     0     1   -90.0   40.513   63.121   1310.3    850.3
     1     1    21     2    10     4     0     2   -91.0   40.284   62.857   1195.9    868.6
     1     1    21     2    10     3     0     3   -92.0   40.087   62.604   1130.6    872.3
     1     1    21     2    10     2     0     2   -93.0   39.912   62.360   1073.9    873.4
     1     1    21     2    10     1     0     1   -94.0   39.741   62.135   1010.2    881.3
     1     1    21     2    10     0     0     0   -95.0   39.566   61.941    966.1    888.2
     1     1    21     2     9    23     0     1   -96.0   39.384   61.777    936.6    891.7
     1     1    21     2     9    22     0     2   -97.0   39.192   61.643    916.3    896.6
     1     1    21     2     9    21     0     3   -98.0   38.992   61.538    926.2    897.8
     1     1    21     2     9    20     0     2   -99.0   38.792   61.459    953.7    892.0
     1     1    21     2     9    19     0     1  -100.0   38.592   61.410    978.0    889.2
     1     1    21     2     9    18     0     0  -101.0   38.396   61.384   1001.7    886.8
     1     1    21     2     9    17     0     1  -102.0   38.218   61.381   1030.6    883.9
     1     1    21     2     9    16     0     2  -103.0   38.070   61.398   1066.2    879.9
     1     1    21     2     9    15     0     3  -104.0   37.948   61.434   1104.4    875.1
     1     1    21     2     9    14     0     2  -105.0   37.846   61.473   1147.0    870.5
     1     1    21     2     9    13     0     1  -106.0   37.761   61.493   1202.3    864.4
     1     1    21     2     9    12     0     0  -107.0   37.698   61.495   1275.9    856.5
     1     1    21     2     9    11     0     1  -108.0   37.652   61.477   1373.7    846.7
     1     1    21     2     9    10     0     2  -109.0   37.622   61.444   1501.5    834.3
     1     1    21     2     9     9     0     3  -110.0   37.615   61.394   1657.1    818.4
     1     1    21     2     9     8     0     2  -111.0   37.645   61.318   1818.4    801.8
     1     1    21     2     9     7     0     1  -112.0   37.713   61.213   1966.6    788.3
     1     1    21     2     9     6     0     0  -113.0   37.816   61.083   2117.4    776.7
     1     1    21     2     9     5     0     1  -114.0   37.945   60.904   2258.4    761.8
     1     1    21     2     9     4     0     2  -115.0   38.082   60.652   2339.2    752.7
     1     1    21     2     9     3     0     3  -116.0   38.226   60.329   2354.1    751.9
     1     1    21     2     9     2     0     2  -117.0   38.363   59.948   2355.7    755.5
     1     1    21     2     9     1     0     1  -118.0   38.474   59.520   2416.6    753.1
     1     1    21     2     9     0     0     0  -119.0   38.577   59.036   2573.2    741.2
     1     1    21     2     8    23     0     1  -120.0   38.668   58.516   2691.3    709.5
