     5     1
    GDAS    21     2     1     0     0
    GDAS    21     2     8     0     0
    GDAS    21     2    15     0     0
    GDAS    21     2    22     0     0
    GDAS    21     3     1     0     0
     1 BACKWARD OMEGA   
    21     2    13    17   37.820  111.540   500.0
     1 PRESSURE
     1     1    21     2    13    17     0     1     0.0   37.820  111.540    500.0    825.2
     1     1    21     2    13    16     0     2    -1.0   37.790  111.354    437.5    832.7
     1     1    21     2    13    15     0     3    -2.0   37.745  111.210    362.7    842.3
     1     1    21     2    13    14     0     2    -3.0   37.695  111.099    283.3    850.6
     1     1    21     2    13    13     0     1    -4.0   37.640  111.007    197.7    858.4
     1     1    21     2    13    12     0     0    -5.0   37.587  110.926    113.3    868.7
     1     1    21     2    13    11     0     1    -6.0   37.544  110.857     58.0    877.4
     1     1    21     2    13    10     0     2    -7.0   37.513  110.791     29.2    880.0
     1     1    21     2    13     9     0     3    -8.0   37.492  110.721     10.1    880.7
     1     1    21     2    13     8     0     2    -9.0   37.475  110.653      2.5    882.4
     1     1    21     2    13     7     0     1   -10.0   37.456  110.593      0.0    883.9
     1     1    21     2    13     6     0     0   -11.0   37.438  110.541      0.0    885.3
     1     1    21     2    13     5     0     1   -12.0   37.434  110.497      0.0    887.4
     1     1    21     2    13     4     0     2   -13.0   37.457  110.462      0.1    889.4
     1     1    21     2    13     3     0     3   -14.0   37.503  110.433      0.1    891.5
     1     1    21     2    13     2     0     2   -15.0   37.562  110.403      0.0    892.2
     1     1    21     2    13     1     0     1   -16.0   37.622  110.363      0.0    892.9
     1     1    21     2    13     0     0     0   -17.0   37.686  110.314      0.0    893.7
     1     1    21     2    12    23     0     1   -18.0   37.752  110.264      0.0    894.8
     1     1    21     2    12    22     0     2   -19.0   37.822  110.222      0.0    895.6
     1     1    21     2    12    21     0     3   -20.0   37.898  110.186      0.0    896.2
     1     1    21     2    12    20     0     2   -21.0   37.972  110.155      0.0    896.5
     1     1    21     2    12    19     0     1   -22.0   38.033  110.132      0.0    896.2
     1     1    21     2    12    18     0     0   -23.0   38.078  110.114      0.0    895.6
     1     1    21     2    12    17     0     1   -24.0   38.106  110.101      0.0    895.4
     1     1    21     2    12    16     0     2   -25.0   38.117  110.095      0.0    895.4
     1     1    21     2    12    15     0     3   -26.0   38.112  110.099      0.0    895.7
     1     1    21     2    12    14     0     2   -27.0   38.100  110.122      0.0    895.5
     1     1    21     2    12    13     0     1   -28.0   38.093  110.171      0.0    895.0
     1     1    21     2    12    12     0     0   -29.0   38.092  110.245      0.3    894.3
     1     1    21     2    12    11     0     1   -30.0   38.096  110.314      0.9    893.0
     1     1    21     2    12    10     0     2   -31.0   38.097  110.354      1.5    892.0
     1     1    21     2    12     9     0     3   -32.0   38.094  110.367      2.4    891.3
     1     1    21     2    12     8     0     2   -33.0   38.077  110.365      3.0    891.4
     1     1    21     2    12     7     0     1   -34.0   38.032  110.361      3.1    891.7
     1     1    21     2    12     6     0     0   -35.0   37.958  110.356      2.5    891.7
     1     1    21     2    12     5     0     1   -36.0   37.886  110.361      1.8    892.1
     1     1    21     2    12     4     0     2   -37.0   37.845  110.382      1.4    892.4
     1     1    21     2    12     3     0     3   -38.0   37.834  110.415      1.2    892.6
     1     1    21     2    12     2     0     2   -39.0   37.843  110.457      1.6    891.9
     1     1    21     2    12     1     0     1   -40.0   37.863  110.505      2.4    891.3
     1     1    21     2    12     0     0     0   -41.0   37.892  110.561      3.9    890.7
     1     1    21     2    11    23     0     1   -42.0   37.925  110.615      5.6    890.3
     1     1    21     2    11    22     0     2   -43.0   37.958  110.658      7.0    890.1
     1     1    21     2    11    21     0     3   -44.0   37.992  110.690      8.0    890.1
     1     1    21     2    11    20     0     2   -45.0   38.020  110.714      8.6    890.0
     1     1    21     2    11    19     0     1   -46.0   38.039  110.731      8.7    889.8
     1     1    21     2    11    18     0     0   -47.0   38.048  110.743      8.4    889.7
     1     1    21     2    11    17     0     1   -48.0   38.057  110.745      8.1    889.7
     1     1    21     2    11    16     0     2   -49.0   38.075  110.735      8.0    889.8
     1     1    21     2    11    15     0     3   -50.0   38.102  110.712      8.4    890.1
     1     1    21     2    11    14     0     2   -51.0   38.131  110.675      8.7    890.3
     1     1    21     2    11    13     0     1   -52.0   38.153  110.622      8.5    890.3
     1     1    21     2    11    12     0     0   -53.0   38.169  110.553      7.9    890.2
     1     1    21     2    11    11     0     1   -54.0   38.189  110.469      7.2    890.2
     1     1    21     2    11    10     0     2   -55.0   38.223  110.376      6.9    889.9
     1     1    21     2    11     9     0     3   -56.0   38.274  110.274      7.0    889.3
     1     1    21     2    11     8     0     2   -57.0   38.343  110.151      7.6    888.0
     1     1    21     2    11     7     0     1   -58.0   38.438  109.992      8.7    885.3
     1     1    21     2    11     6     0     0   -59.0   38.560  109.787     10.1    880.7
     1     1    21     2    11     5     0     1   -60.0   38.684  109.549     11.6    876.3
     1     1    21     2    11     4     0     2   -61.0   38.801  109.303     13.1    872.0
     1     1    21     2    11     3     0     3   -62.0   38.922  109.061     14.8    867.5
     1     1    21     2    11     2     0     2   -63.0   39.032  108.826     15.9    863.8
     1     1    21     2    11     1     0     1   -64.0   39.112  108.606     15.9    861.8
     1     1    21     2    11     0     0     0   -65.0   39.171  108.413     15.4    860.6
     1     1    21     2    10    23     0     1   -66.0   39.202  108.233     13.4    859.4
     1     1    21     2    10    22     0     2   -67.0   39.197  108.054      8.9    859.1
     1     1    21     2    10    21     0     3   -68.0   39.166  107.879      1.8    860.0
     1     1    21     2    10    20     0     2   -69.0   39.106  107.719      0.0    863.4
     1     1    21     2    10    19     0     1   -70.0   39.015  107.581      0.0    866.9
     1     1    21     2    10    18     0     0   -71.0   38.897  107.448      0.0    869.3
     1     1    21     2    10    17     0     1   -72.0   38.759  107.330      0.0    868.5
     1     1    21     2    10    16     0     2   -73.0   38.600  107.245      0.0    865.9
     1     1    21     2    10    15     0     3   -74.0   38.410  107.189      0.0    861.6
     1     1    21     2    10    14     0     2   -75.0   38.207  107.166      1.1    857.2
     1     1    21     2    10    13     0     1   -76.0   38.019  107.181      7.2    853.2
     1     1    21     2    10    12     0     0   -77.0   37.854  107.240     20.2    851.0
     1     1    21     2    10    11     0     1   -78.0   37.684  107.321     39.8    847.1
     1     1    21     2    10    10     0     2   -79.0   37.492  107.397     53.1    843.1
     1     1    21     2    10     9     0     3   -80.0   37.283  107.465     58.4    839.7
     1     1    21     2    10     8     0     2   -81.0   37.059  107.524     58.6    838.0
     1     1    21     2    10     7     0     1   -82.0   36.830  107.580     53.6    842.1
     1     1    21     2    10     6     0     0   -83.0   36.607  107.634     43.7    849.2
     1     1    21     2    10     5     0     1   -84.0   36.416  107.684     32.1    856.0
     1     1    21     2    10     4     0     2   -85.0   36.274  107.730     21.9    862.2
     1     1    21     2    10     3     0     3   -86.0   36.178  107.774     14.5    867.2
     1     1    21     2    10     2     0     2   -87.0   36.112  107.812     10.0    870.1
     1     1    21     2    10     1     0     1   -88.0   36.063  107.842      7.6    872.0
     1     1    21     2    10     0     0     0   -89.0   36.028  107.866      5.9    873.4
     1     1    21     2     9    23     0     1   -90.0   36.001  107.889      4.6    874.6
     1     1    21     2     9    22     0     2   -91.0   35.978  107.915      3.6    875.5
     1     1    21     2     9    21     0     3   -92.0   35.956  107.943      3.1    876.5
     1     1    21     2     9    20     0     2   -93.0   35.936  107.973      2.7    877.4
     1     1    21     2     9    19     0     1   -94.0   35.918  108.001      2.2    878.2
     1     1    21     2     9    18     0     0   -95.0   35.902  108.028      1.4    878.7
     1     1    21     2     9    17     0     1   -96.0   35.885  108.055      0.7    880.4
     1     1    21     2     9    16     0     2   -97.0   35.867  108.080      0.2    882.0
     1     1    21     2     9    15     0     3   -98.0   35.847  108.105      0.0    883.6
     1     1    21     2     9    14     0     2   -99.0   35.829  108.122      0.0    882.7
     1     1    21     2     9    13     0     1  -100.0   35.818  108.127      0.2    881.7
     1     1    21     2     9    12     0     0  -101.0   35.812  108.119      0.6    880.4
     1     1    21     2     9    11     0     1  -102.0   35.800  108.112      1.2    880.5
     1     1    21     2     9    10     0     2  -103.0   35.771  108.121      1.9    881.0
     1     1    21     2     9     9     0     3  -104.0   35.724  108.149      2.6    882.0
     1     1    21     2     9     8     0     2  -105.0   35.665  108.188      2.8    883.4
     1     1    21     2     9     7     0     1  -106.0   35.605  108.224      2.4    884.8
     1     1    21     2     9     6     0     0  -107.0   35.545  108.255      1.2    886.3
     1     1    21     2     9     5     0     1  -108.0   35.491  108.282      0.0    889.1
     1     1    21     2     9     4     0     2  -109.0   35.446  108.304      0.0    891.7
     1     1    21     2     9     3     0     3  -110.0   35.411  108.320      0.0    894.1
     1     1    21     2     9     2     0     2  -111.0   35.382  108.332      0.0    894.4
     1     1    21     2     9     1     0     1  -112.0   35.357  108.339      0.0    894.7
     1     1    21     2     9     0     0     0  -113.0   35.337  108.343      0.0    894.9
     1     1    21     2     8    23     0     1  -114.0   35.316  108.345      0.0    894.7
     1     1    21     2     8    22     0     2  -115.0   35.289  108.348      0.0    894.7
     1     1    21     2     8    21     0     3  -116.0   35.257  108.352      0.0    894.7
     1     1    21     2     8    20     0     2  -117.0   35.223  108.358      0.0    896.2
     1     1    21     2     8    19     0     1  -118.0   35.192  108.366      0.0    897.8
     1     1    21     2     8    18     0     0  -119.0   35.166  108.376      0.0    899.3
     1     1    21     2     8    17     0     1  -120.0   35.141  108.389      0.0    900.4
