     5     1
    GDAS    21     2     1     0     0
    GDAS    21     2     8     0     0
    GDAS    21     2    15     0     0
    GDAS    21     2    22     0     0
    GDAS    21     3     1     0     0
     1 BACKWARD OMEGA   
    21     2    23    23   37.820  111.540  1500.0
     1 PRESSURE
     1     1    21     2    23    23     0     1     0.0   37.820  111.540   1500.0    728.5
     1     1    21     2    23    22     0     2    -1.0   37.824  111.506   1450.1    731.0
     1     1    21     2    23    21     0     3    -2.0   37.809  111.447   1343.6    740.9
     1     1    21     2    23    20     0     2    -3.0   37.774  111.382   1229.4    757.0
     1     1    21     2    23    19     0     1    -4.0   37.724  111.313   1161.5    763.8
     1     1    21     2    23    18     0     0    -5.0   37.663  111.236   1137.0    765.8
     1     1    21     2    23    17     0     1    -6.0   37.600  111.143   1142.1    763.5
     1     1    21     2    23    16     0     2    -7.0   37.539  111.029   1157.4    760.5
     1     1    21     2    23    15     0     3    -8.0   37.475  110.899   1168.4    758.9
     1     1    21     2    23    14     0     2    -9.0   37.388  110.799   1171.7    759.6
     1     1    21     2    23    13     0     1   -10.0   37.280  110.742   1186.1    757.4
     1     1    21     2    23    12     0     0   -11.0   37.159  110.707   1225.0    752.7
     1     1    21     2    23    11     0     1   -12.0   37.030  110.636   1253.9    746.1
     1     1    21     2    23    10     0     2   -13.0   36.878  110.515   1248.2    750.5
     1     1    21     2    23     9     0     3   -14.0   36.701  110.358   1227.4    757.0
     1     1    21     2    23     8     0     2   -15.0   36.515  110.184   1221.7    762.0
     1     1    21     2    23     7     0     1   -16.0   36.332  109.999   1264.2    761.2
     1     1    21     2    23     6     0     0   -17.0   36.138  109.795   1366.4    748.2
     1     1    21     2    23     5     0     1   -18.0   35.943  109.571   1464.5    736.4
     1     1    21     2    23     4     0     2   -19.0   35.768  109.346   1487.5    740.4
     1     1    21     2    23     3     0     3   -20.0   35.608  109.132   1438.4    750.1
     1     1    21     2    23     2     0     2   -21.0   35.432  108.934   1366.6    760.6
     1     1    21     2    23     1     0     1   -22.0   35.222  108.755   1316.0    768.1
     1     1    21     2    23     0     0     0   -23.0   34.986  108.585   1300.0    770.9
     1     1    21     2    22    23     0     1   -24.0   34.765  108.412   1333.3    759.6
     1     1    21     2    22    22     0     2   -25.0   34.590  108.218   1424.2    740.7
     1     1    21     2    22    21     0     3   -26.0   34.453  107.983   1559.1    716.4
     1     1    21     2    22    20     0     2   -27.0   34.298  107.710   1737.7    692.8
     1     1    21     2    22    19     0     1   -28.0   34.094  107.415   1927.9    661.4
     1     1    21     2    22    18     0     0   -29.0   33.845  107.129   2007.6    654.6
     1     1    21     2    22    17     0     1   -30.0   33.565  106.917   1935.2    688.2
     1     1    21     2    22    16     0     2   -31.0   33.316  106.814   1834.8    729.4
     1     1    21     2    22    15     0     3   -32.0   33.120  106.793   1843.0    747.1
     1     1    21     2    22    14     0     2   -33.0   32.953  106.812   1840.7    744.8
     1     1    21     2    22    13     0     1   -34.0   32.802  106.864   1736.0    752.8
     1     1    21     2    22    12     0     0   -35.0   32.672  106.959   1557.2    773.1
     1     1    21     2    22    11     0     1   -36.0   32.565  107.091   1435.6    791.5
     1     1    21     2    22    10     0     2   -37.0   32.454  107.228   1434.0    786.3
     1     1    21     2    22     9     0     3   -38.0   32.329  107.363   1506.3    772.9
     1     1    21     2    22     8     0     2   -39.0   32.188  107.490   1562.6    757.6
     1     1    21     2    22     7     0     1   -40.0   32.043  107.597   1563.9    754.2
     1     1    21     2    22     6     0     0   -41.0   31.908  107.671   1534.7    760.7
     1     1    21     2    22     5     0     1   -42.0   31.784  107.728   1500.3    770.0
     1     1    21     2    22     4     0     2   -43.0   31.669  107.794   1465.7    776.9
     1     1    21     2    22     3     0     3   -44.0   31.563  107.877   1420.4    784.1
     1     1    21     2    22     2     0     2   -45.0   31.477  107.971   1371.2    791.2
     1     1    21     2    22     1     0     1   -46.0   31.418  108.065   1334.7    794.2
     1     1    21     2    22     0     0     0   -47.0   31.385  108.161   1318.3    793.6
     1     1    21     2    21    23     0     1   -48.0   31.370  108.245   1321.8    790.9
     1     1    21     2    21    22     0     2   -49.0   31.366  108.299   1341.3    787.1
     1     1    21     2    21    21     0     3   -50.0   31.375  108.319   1374.8    782.5
     1     1    21     2    21    20     0     2   -51.0   31.388  108.318   1406.5    777.6
     1     1    21     2    21    19     0     1   -52.0   31.394  108.308   1421.2    776.2
     1     1    21     2    21    18     0     0   -53.0   31.394  108.291   1417.9    777.2
     1     1    21     2    21    17     0     1   -54.0   31.391  108.271   1405.6    780.1
     1     1    21     2    21    16     0     2   -55.0   31.388  108.251   1392.7    782.3
     1     1    21     2    21    15     0     3   -56.0   31.385  108.232   1379.9    784.4
     1     1    21     2    21    14     0     2   -57.0   31.383  108.211   1377.6    785.9
     1     1    21     2    21    13     0     1   -58.0   31.384  108.186   1395.1    784.6
     1     1    21     2    21    12     0     0   -59.0   31.388  108.158   1432.4    781.5
     1     1    21     2    21    11     0     1   -60.0   31.392  108.123   1489.0    776.8
     1     1    21     2    21    10     0     2   -61.0   31.390  108.077   1564.8    771.0
     1     1    21     2    21     9     0     3   -62.0   31.384  108.017   1661.1    764.2
     1     1    21     2    21     8     0     2   -63.0   31.382  107.943   1755.4    755.1
     1     1    21     2    21     7     0     1   -64.0   31.392  107.858   1822.0    749.9
     1     1    21     2    21     6     0     0   -65.0   31.411  107.764   1860.4    747.4
     1     1    21     2    21     5     0     1   -66.0   31.435  107.664   1883.2    747.5
     1     1    21     2    21     4     0     2   -67.0   31.464  107.566   1902.0    746.8
     1     1    21     2    21     3     0     3   -68.0   31.497  107.468   1918.2    746.1
     1     1    21     2    21     2     0     2   -69.0   31.538  107.364   1930.7    744.5
     1     1    21     2    21     1     0     1   -70.0   31.586  107.248   1938.4    743.5
     1     1    21     2    21     0     0     0   -71.0   31.645  107.121   1944.1    742.5
     1     1    21     2    20    23     0     1   -72.0   31.709  106.969   1959.8    741.4
     1     1    21     2    20    22     0     2   -73.0   31.770  106.781   1992.4    736.5
     1     1    21     2    20    21     0     3   -74.0   31.826  106.560   2044.4    730.7
     1     1    21     2    20    20     0     2   -75.0   31.850  106.325   2099.9    724.6
     1     1    21     2    20    19     0     1   -76.0   31.820  106.099   2137.8    723.2
     1     1    21     2    20    18     0     0   -77.0   31.746  105.881   2152.0    723.9
     1     1    21     2    20    17     0     1   -78.0   31.658  105.677   2162.4    726.3
     1     1    21     2    20    16     0     2   -79.0   31.566  105.480   2195.6    725.7
     1     1    21     2    20    15     0     3   -80.0   31.469  105.285   2261.6    722.5
     1     1    21     2    20    14     0     2   -81.0   31.368  105.102   2344.9    715.4
     1     1    21     2    20    13     0     1   -82.0   31.271  104.940   2415.0    708.7
     1     1    21     2    20    12     0     0   -83.0   31.190  104.793   2460.6    702.3
     1     1    21     2    20    11     0     1   -84.0   31.118  104.661   2491.7    701.1
     1     1    21     2    20    10     0     2   -85.0   31.042  104.544   2521.1    701.8
     1     1    21     2    20     9     0     3   -86.0   30.964  104.442   2551.7    701.4
     1     1    21     2    20     8     0     2   -87.0   30.887  104.345   2593.5    697.8
     1     1    21     2    20     7     0     1   -88.0   30.818  104.244   2661.9    691.6
     1     1    21     2    20     6     0     0   -89.0   30.762  104.136   2763.5    682.3
     1     1    21     2    20     5     0     1   -90.0   30.716  104.026   2887.9    670.1
     1     1    21     2    20     4     0     2   -91.0   30.665  103.912   2999.8    647.3
     1     1    21     2    20     3     0     3   -92.0   30.619  103.775   3125.7    618.3
     1     1    21     2    20     2     0     2   -93.0   30.599  103.589   3269.5    579.5
     1     1    21     2    20     1     0     1   -94.0   30.617  103.329   3427.7    528.3
     1     1    21     2    20     0     0     0   -95.0   30.680  102.963   3605.8    456.0
     1     1    21     2    19    23     0     1   -96.0   30.770  102.476   3834.7    409.5
     1     1    21     2    19    22     0     2   -97.0   30.861  101.911   4007.5    389.0
     1     1    21     2    19    21     0     3   -98.0   30.922  101.341   4134.0    371.2
     1     1    21     2    19    20     0     2   -99.0   30.952  100.766   4240.9    348.9
     1     1    21     2    19    19     0     1  -100.0   30.966  100.131   4300.4    327.1
     1     1    21     2    19    18     0     0  -101.0   30.963   99.475   4404.4    326.1
     1     1    21     2    19    17     0     1  -102.0   30.961   98.890   4501.0    330.6
     1     1    21     2    19    16     0     2  -103.0   30.968   98.344   4589.9    320.4
     1     1    21     2    19    15     0     3  -104.0   30.970   97.789   4736.4    308.4
     1     1    21     2    19    14     0     2  -105.0   30.948   97.225   4896.9    299.5
     1     1    21     2    19    13     0     1  -106.0   30.904   96.640   5008.5    292.8
     1     1    21     2    19    12     0     0  -107.0   30.858   96.022   5085.3    289.3
     1     1    21     2    19    11     0     1  -108.0   30.815   95.386   5182.5    289.9
     1     1    21     2    19    10     0     2  -109.0   30.759   94.753   5229.1    286.3
     1     1    21     2    19     9     0     3  -110.0   30.669   94.101   5210.6    271.2
     1     1    21     2    19     8     0     2  -111.0   30.545   93.410   5285.3    264.2
     1     1    21     2    19     7     0     1  -112.0   30.395   92.725   5328.8    262.5
     1     1    21     2    19     6     0     0  -113.0   30.218   92.068   5347.5    263.6
     1     1    21     2    19     5     0     1  -114.0   30.037   91.429   5358.5    266.9
     1     1    21     2    19     4     0     2  -115.0   29.871   90.802   5308.2    265.6
     1     1    21     2    19     3     0     3  -116.0   29.711   90.187   5201.1    255.1
     1     1    21     2    19     2     0     2  -117.0   29.562   89.582   5242.0    258.1
     1     1    21     2    19     1     0     1  -118.0   29.438   88.993   5343.3    268.2
     1     1    21     2    19     0     0     0  -119.0   29.327   88.401   5372.7    265.8
     1     1    21     2    18    23     0     1  -120.0   29.209   87.805   5376.5    261.4
