     5     1
    GDAS    21     2     1     0     0
    GDAS    21     2     8     0     0
    GDAS    21     2    15     0     0
    GDAS    21     2    22     0     0
    GDAS    21     3     1     0     0
     1 BACKWARD OMEGA   
    21     2    23    23   37.820  111.540  1000.0
     1 PRESSURE
     1     1    21     2    23    23     0     1     0.0   37.820  111.540   1000.0    775.5
     1     1    21     2    23    22     0     2    -1.0   37.802  111.554    943.5    777.8
     1     1    21     2    23    21     0     3    -2.0   37.760  111.556    829.0    789.4
     1     1    21     2    23    20     0     2    -3.0   37.694  111.569    718.7    806.0
     1     1    21     2    23    19     0     1    -4.0   37.605  111.595    667.3    811.4
     1     1    21     2    23    18     0     0    -5.0   37.500  111.628    672.1    811.4
     1     1    21     2    23    17     0     1    -6.0   37.389  111.657    707.1    806.1
     1     1    21     2    23    16     0     2    -7.0   37.274  111.684    746.5    802.9
     1     1    21     2    23    15     0     3    -8.0   37.149  111.700    784.2    800.0
     1     1    21     2    23    14     0     2    -9.0   37.028  111.716    814.9    797.3
     1     1    21     2    23    13     0     1   -10.0   36.920  111.754    826.8    796.2
     1     1    21     2    23    12     0     0   -11.0   36.820  111.820    812.5    798.6
     1     1    21     2    23    11     0     1   -12.0   36.728  111.906    769.2    804.6
     1     1    21     2    23    10     0     2   -13.0   36.641  112.010    718.0    813.9
     1     1    21     2    23     9     0     3   -14.0   36.556  112.129    668.3    820.8
     1     1    21     2    23     8     0     2   -15.0   36.458  112.240    623.3    826.6
     1     1    21     2    23     7     0     1   -16.0   36.334  112.324    603.2    831.0
     1     1    21     2    23     6     0     0   -17.0   36.173  112.372    636.1    831.1
     1     1    21     2    23     5     0     1   -18.0   35.977  112.378    722.0    824.3
     1     1    21     2    23     4     0     2   -19.0   35.780  112.375    806.1    827.9
     1     1    21     2    23     3     0     3   -20.0   35.597  112.406    869.2    838.4
     1     1    21     2    23     2     0     2   -21.0   35.415  112.485    883.5    849.8
     1     1    21     2    23     1     0     1   -22.0   35.236  112.647    807.4    877.7
     1     1    21     2    23     0     0     0   -23.0   35.076  112.897    650.5    920.4
     1     1    21     2    22    23     0     1   -24.0   34.966  113.203    505.8    958.0
     1     1    21     2    22    22     0     2   -25.0   34.876  113.522    411.8    967.1
     1     1    21     2    22    21     0     3   -26.0   34.779  113.842    346.4    973.8
     1     1    21     2    22    20     0     2   -27.0   34.686  114.169    295.7    980.4
     1     1    21     2    22    19     0     1   -28.0   34.610  114.516    260.1    986.9
     1     1    21     2    22    18     0     0   -29.0   34.547  114.889    245.8    990.7
     1     1    21     2    22    17     0     1   -30.0   34.484  115.276    241.5    992.5
     1     1    21     2    22    16     0     2   -31.0   34.420  115.664    234.1    995.6
     1     1    21     2    22    15     0     3   -32.0   34.357  116.060    228.6    997.9
     1     1    21     2    22    14     0     2   -33.0   34.307  116.475    227.6    994.3
     1     1    21     2    22    13     0     1   -34.0   34.272  116.914    233.6    990.1
     1     1    21     2    22    12     0     0   -35.0   34.253  117.372    242.8    988.8
     1     1    21     2    22    11     0     1   -36.0   34.290  117.823    249.6    990.2
     1     1    21     2    22    10     0     2   -37.0   34.405  118.258    253.4    989.8
     1     1    21     2    22     9     0     3   -38.0   34.575  118.665    229.3    991.1
     1     1    21     2    22     8     0     2   -39.0   34.766  119.010    168.4    999.9
     1     1    21     2    22     7     0     1   -40.0   34.969  119.295    117.3   1009.1
     1     1    21     2    22     6     0     0   -41.0   35.214  119.548     97.0   1008.0
     1     1    21     2    22     5     0     1   -42.0   35.507  119.764     93.8   1004.6
     1     1    21     2    22     4     0     2   -43.0   35.830  119.936     98.9   1002.0
     1     1    21     2    22     3     0     3   -44.0   36.171  120.080    125.5    998.3
     1     1    21     2    22     2     0     2   -45.0   36.523  120.228    194.3    987.2
     1     1    21     2    22     1     0     1   -46.0   36.897  120.407    324.2    968.2
     1     1    21     2    22     0     0     0   -47.0   37.340  120.646    499.3    947.4
     1     1    21     2    21    23     0     1   -48.0   37.829  120.918    614.0    936.1
     1     1    21     2    21    22     0     2   -49.0   38.340  121.214    681.5    936.3
     1     1    21     2    21    21     0     3   -50.0   38.878  121.497    775.5    926.7
     1     1    21     2    21    20     0     2   -51.0   39.438  121.751    934.4    906.4
     1     1    21     2    21    19     0     1   -52.0   39.989  121.899   1317.2    873.5
     1     1    21     2    21    18     0     0   -53.0   40.371  121.678   1698.8    800.2
     1     1    21     2    21    17     0     1   -54.0   40.688  121.365   1886.3    791.5
     1     1    21     2    21    16     0     2   -55.0   41.002  121.002   2002.1    781.1
     1     1    21     2    21    15     0     3   -56.0   41.271  120.537   2107.3    750.9
     1     1    21     2    21    14     0     2   -57.0   41.486  119.924   2272.8    711.7
     1     1    21     2    21    13     0     1   -58.0   41.693  119.164   2457.5    675.3
     1     1    21     2    21    12     0     0   -59.0   41.905  118.345   2380.8    659.1
     1     1    21     2    21    11     0     1   -60.0   42.125  117.553   2123.7    675.4
     1     1    21     2    21    10     0     2   -61.0   42.348  116.682   2301.9    639.2
     1     1    21     2    21     9     0     3   -62.0   42.580  115.792   2426.6    628.8
     1     1    21     2    21     8     0     2   -63.0   42.835  114.908   2502.1    632.9
     1     1    21     2    21     7     0     1   -64.0   43.077  114.009   2486.0    646.6
     1     1    21     2    21     6     0     0   -65.0   43.313  113.167   2433.0    659.5
     1     1    21     2    21     5     0     1   -66.0   43.557  112.371   2416.4    655.7
     1     1    21     2    21     4     0     2   -67.0   43.792  111.555   2372.0    657.0
     1     1    21     2    21     3     0     3   -68.0   44.054  110.760   2441.7    652.3
     1     1    21     2    21     2     0     2   -69.0   44.339  110.009   2551.6    651.6
     1     1    21     2    21     1     0     1   -70.0   44.622  109.252   2599.8    643.5
     1     1    21     2    21     0     0     0   -71.0   44.943  108.490   2602.4    638.8
     1     1    21     2    20    23     0     1   -72.0   45.308  107.718   2614.2    627.8
     1     1    21     2    20    22     0     2   -73.0   45.666  106.826   2745.1    602.9
     1     1    21     2    20    21     0     3   -74.0   46.051  105.823   2784.1    588.1
     1     1    21     2    20    20     0     2   -75.0   46.410  104.867   2655.4    604.9
     1     1    21     2    20    19     0     1   -76.0   46.750  103.911   2817.4    581.0
     1     1    21     2    20    18     0     0   -77.0   47.149  102.836   2939.9    547.1
     1     1    21     2    20    17     0     1   -78.0   47.508  101.810   2718.9    562.1
     1     1    21     2    20    16     0     2   -79.0   47.827  100.651   2618.6    550.1
     1     1    21     2    20    15     0     3   -80.0   48.104   99.388   2866.8    509.6
     1     1    21     2    20    14     0     2   -81.0   48.322   98.105   2790.9    510.2
     1     1    21     2    20    13     0     1   -82.0   48.493   96.849   2700.9    540.9
     1     1    21     2    20    12     0     0   -83.0   48.630   95.695   2726.4    566.1
     1     1    21     2    20    11     0     1   -84.0   48.747   94.564   2767.0    585.2
     1     1    21     2    20    10     0     2   -85.0   48.832   93.535   2607.7    627.0
     1     1    21     2    20     9     0     3   -86.0   48.916   92.540   3018.6    585.7
     1     1    21     2    20     8     0     2   -87.0   49.105   91.082   4368.7    418.1
     1     1    21     2    20     7     0     1   -88.0   49.243   89.216   4069.4    443.0
     1     1    21     2    20     6     0     0   -89.0   49.261   87.182   4303.7    414.6
     1     1    21     2    20     5     0     1   -90.0   49.169   85.228   4454.5    436.2
     1     1    21     2    20     4     0     2   -91.0   49.017   83.500   4686.7    493.8
     1     1    21     2    20     3     0     3   -92.0   48.814   81.893   4746.7    496.7
     1     1    21     2    20     2     0     2   -93.0   48.569   80.292   4712.2    502.4
     1     1    21     2    20     1     0     1   -94.0   48.308   78.688   4688.8    504.0
     1     1    21     2    20     0     0     0   -95.0   47.993   77.167   4644.5    506.5
     1     1    21     2    19    23     0     1   -96.0   47.657   75.723   4700.1    510.2
     1     1    21     2    19    22     0     2   -97.0   47.329   74.314   4680.6    517.5
     1     1    21     2    19    21     0     3   -98.0   46.972   72.970   4691.8    510.8
     1     1    21     2    19    20     0     2   -99.0   46.606   71.705   4713.1    517.4
     1     1    21     2    19    19     0     1  -100.0   46.246   70.476   4768.5    521.5
     1     1    21     2    19    18     0     0  -101.0   45.878   69.336   4830.9    523.9
     1     1    21     2    19    17     0     1  -102.0   45.506   68.224   4860.5    528.5
     1     1    21     2    19    16     0     2  -103.0   45.176   67.142   4859.9    531.6
     1     1    21     2    19    15     0     3  -104.0   44.850   66.089   4862.8    533.1
     1     1    21     2    19    14     0     2  -105.0   44.513   65.084   4886.1    532.6
     1     1    21     2    19    13     0     1  -106.0   44.200   64.122   4925.1    533.4
     1     1    21     2    19    12     0     0  -107.0   43.872   63.168   5005.3    524.5
     1     1    21     2    19    11     0     1  -108.0   43.530   62.221   5015.5    525.1
     1     1    21     2    19    10     0     2  -109.0   43.203   61.296   5027.7    525.2
     1     1    21     2    19     9     0     3  -110.0   42.857   60.386   5029.2    523.4
     1     1    21     2    19     8     0     2  -111.0   42.512   59.510   5013.3    527.6
     1     1    21     2    19     7     0     1  -112.0   42.216   58.681   5140.3    517.1
     1     1    21     2    19     6     0     0  -113.0   41.827   57.815   5351.9    501.3
     1     1    21     2    19     5     0     1  -114.0   41.416   56.918   5450.8    493.9
     1     1    21     2    19     4     0     2  -115.0   41.057   56.046   5497.3    494.8
     1     1    21     2    19     3     0     3  -116.0   40.663   55.162   5449.8    490.5
     1     1    21     2    19     2     0     2  -117.0   40.222   54.307   5421.5    491.9
     1     1    21     2    19     1     0     1  -118.0   39.807   53.561   5440.6    493.0
     1     1    21     2    19     0     0     0  -119.0   39.285   52.876   5268.0    513.7
     1     1    21     2    18    23     0     1  -120.0   38.794   52.225   5092.4    539.9
