     5     1
    GDAS    21     2     1     0     0
    GDAS    21     2     8     0     0
    GDAS    21     2    15     0     0
    GDAS    21     2    22     0     0
    GDAS    21     3     1     0     0
     1 BACKWARD OMEGA   
    21     2    15    17   37.820  111.540  1500.0
     1 PRESSURE
     1     1    21     2    15    17     0     1     0.0   37.820  111.540   1500.0    725.9
     1     1    21     2    15    16     0     2    -1.0   38.226  111.060   1535.5    728.2
     1     1    21     2    15    15     0     3    -2.0   38.622  110.646   1505.7    736.3
     1     1    21     2    15    14     0     2    -3.0   39.039  110.213   1423.1    734.5
     1     1    21     2    15    13     0     1    -4.0   39.478  109.708   1353.9    731.5
     1     1    21     2    15    12     0     0    -5.0   39.885  109.140   1296.8    720.0
     1     1    21     2    15    11     0     1    -6.0   40.242  108.585   1211.2    741.7
     1     1    21     2    15    10     0     2    -7.0   40.579  108.075   1135.1    771.8
     1     1    21     2    15     9     0     3    -8.0   40.891  107.593   1155.1    774.4
     1     1    21     2    15     8     0     2    -9.0   41.189  107.108   1196.2    755.5
     1     1    21     2    15     7     0     1   -10.0   41.483  106.623   1164.1    756.5
     1     1    21     2    15     6     0     0   -11.0   41.744  106.087    983.6    778.8
     1     1    21     2    15     5     0     1   -12.0   41.921  105.502    799.0    816.5
     1     1    21     2    15     4     0     2   -13.0   42.121  104.882    754.8    803.9
     1     1    21     2    15     3     0     3   -14.0   42.379  104.238    749.1    790.5
     1     1    21     2    15     2     0     2   -15.0   42.634  103.607    706.6    789.8
     1     1    21     2    15     1     0     1   -16.0   42.849  103.035    616.7    805.2
     1     1    21     2    15     0     0     0   -17.0   43.067  102.523    611.0    799.1
     1     1    21     2    14    23     0     1   -18.0   43.312  101.996    699.2    779.3
     1     1    21     2    14    22     0     2   -19.0   43.523  101.476    767.2    779.3
     1     1    21     2    14    21     0     3   -20.0   43.695  100.961    813.2    790.8
     1     1    21     2    14    20     0     2   -21.0   43.856  100.475    874.8    786.2
     1     1    21     2    14    19     0     1   -22.0   43.980  100.053    889.9    782.7
     1     1    21     2    14    18     0     0   -23.0   44.091   99.690    873.7    778.3
     1     1    21     2    14    17     0     1   -24.0   44.249   99.358    881.5    764.1
     1     1    21     2    14    16     0     2   -25.0   44.489   99.031    918.2    740.4
     1     1    21     2    14    15     0     3   -26.0   44.836   98.698    961.9    701.8
     1     1    21     2    14    14     0     2   -27.0   45.257   98.336   1035.2    684.5
     1     1    21     2    14    13     0     1   -28.0   45.680   97.908   1124.8    694.0
     1     1    21     2    14    12     0     0   -29.0   46.074   97.452   1214.2    694.8
     1     1    21     2    14    11     0     1   -30.0   46.474   97.020   1307.8    667.3
     1     1    21     2    14    10     0     2   -31.0   46.912   96.591   1451.4    663.6
     1     1    21     2    14     9     0     3   -32.0   47.349   96.151   1566.5    664.8
     1     1    21     2    14     8     0     2   -33.0   47.781   95.700   1617.1    661.2
     1     1    21     2    14     7     0     1   -34.0   48.208   95.239   1652.8    662.3
     1     1    21     2    14     6     0     0   -35.0   48.590   94.779   1697.8    680.0
     1     1    21     2    14     5     0     1   -36.0   48.912   94.322   1749.0    689.1
     1     1    21     2    14     4     0     2   -37.0   49.199   93.864   1798.5    694.8
     1     1    21     2    14     3     0     3   -38.0   49.448   93.415   1836.2    708.2
     1     1    21     2    14     2     0     2   -39.0   49.641   92.987   1874.5    720.6
     1     1    21     2    14     1     0     1   -40.0   49.823   92.569   1902.6    711.1
     1     1    21     2    14     0     0     0   -41.0   50.027   92.144   1926.7    704.4
     1     1    21     2    13    23     0     1   -42.0   50.296   91.672   1876.5    667.5
     1     1    21     2    13    22     0     2   -43.0   50.627   91.083   1772.7    665.7
     1     1    21     2    13    21     0     3   -44.0   50.900   90.449   1663.1    688.8
     1     1    21     2    13    20     0     2   -45.0   51.147   89.825   1561.4    684.4
     1     1    21     2    13    19     0     1   -46.0   51.409   89.142   1465.2    671.9
     1     1    21     2    13    18     0     0   -47.0   51.611   88.425   1429.6    705.9
     1     1    21     2    13    17     0     1   -48.0   51.670   87.829   1380.1    737.7
     1     1    21     2    13    16     0     2   -49.0   51.676   87.338   1333.8    765.7
     1     1    21     2    13    15     0     3   -50.0   51.671   86.901   1313.5    783.0
     1     1    21     2    13    14     0     2   -51.0   51.659   86.503   1307.6    787.6
     1     1    21     2    13    13     0     1   -52.0   51.642   86.137   1313.9    791.7
     1     1    21     2    13    12     0     0   -53.0   51.630   85.793   1328.4    790.7
     1     1    21     2    13    11     0     1   -54.0   51.626   85.457   1344.9    788.1
     1     1    21     2    13    10     0     2   -55.0   51.629   85.126   1365.9    786.2
     1     1    21     2    13     9     0     3   -56.0   51.638   84.803   1394.6    784.5
     1     1    21     2    13     8     0     2   -57.0   51.652   84.492   1421.9    783.4
     1     1    21     2    13     7     0     1   -58.0   51.671   84.192   1443.9    784.8
     1     1    21     2    13     6     0     0   -59.0   51.694   83.901   1469.5    787.6
     1     1    21     2    13     5     0     1   -60.0   51.721   83.618   1504.3    791.3
     1     1    21     2    13     4     0     2   -61.0   51.752   83.338   1543.9    793.5
     1     1    21     2    13     3     0     3   -62.0   51.790   83.060   1577.0    796.1
     1     1    21     2    13     2     0     2   -63.0   51.832   82.781   1595.2    800.6
     1     1    21     2    13     1     0     1   -64.0   51.871   82.502   1600.7    806.0
     1     1    21     2    13     0     0     0   -65.0   51.905   82.221   1599.7    810.7
     1     1    21     2    12    23     0     1   -66.0   51.938   81.935   1598.0    813.9
     1     1    21     2    12    22     0     2   -67.0   51.977   81.645   1595.5    812.5
     1     1    21     2    12    21     0     3   -68.0   52.024   81.357   1593.5    811.3
     1     1    21     2    12    20     0     2   -69.0   52.080   81.070   1592.4    809.9
     1     1    21     2    12    19     0     1   -70.0   52.143   80.780   1593.6    811.7
     1     1    21     2    12    18     0     0   -71.0   52.210   80.485   1598.0    814.2
     1     1    21     2    12    17     0     1   -72.0   52.279   80.186   1605.2    816.1
     1     1    21     2    12    16     0     2   -73.0   52.351   79.890   1613.3    817.7
     1     1    21     2    12    15     0     3   -74.0   52.425   79.593   1620.4    818.8
     1     1    21     2    12    14     0     2   -75.0   52.503   79.289   1629.5    819.9
     1     1    21     2    12    13     0     1   -76.0   52.588   78.975   1647.5    819.6
     1     1    21     2    12    12     0     0   -77.0   52.682   78.648   1671.6    815.4
     1     1    21     2    12    11     0     1   -78.0   52.784   78.304   1689.7    810.8
     1     1    21     2    12    10     0     2   -79.0   52.889   77.948   1698.2    808.7
     1     1    21     2    12     9     0     3   -80.0   53.001   77.589   1710.1    810.4
     1     1    21     2    12     8     0     2   -81.0   53.112   77.230   1730.8    810.7
     1     1    21     2    12     7     0     1   -82.0   53.216   76.864   1754.4    808.8
     1     1    21     2    12     6     0     0   -83.0   53.314   76.483   1781.2    806.5
     1     1    21     2    12     5     0     1   -84.0   53.405   76.088   1805.8    802.4
     1     1    21     2    12     4     0     2   -85.0   53.484   75.689   1813.3    801.2
     1     1    21     2    12     3     0     3   -86.0   53.552   75.287   1808.4    802.2
     1     1    21     2    12     2     0     2   -87.0   53.615   74.889   1808.0    803.4
     1     1    21     2    12     1     0     1   -88.0   53.676   74.498   1817.2    801.8
     1     1    21     2    12     0     0     0   -89.0   53.738   74.112   1824.8    800.3
     1     1    21     2    11    23     0     1   -90.0   53.799   73.731   1828.1    800.3
     1     1    21     2    11    22     0     2   -91.0   53.860   73.354   1832.2    799.9
     1     1    21     2    11    21     0     3   -92.0   53.922   72.982   1837.0    799.1
     1     1    21     2    11    20     0     2   -93.0   53.983   72.609   1835.6    798.6
     1     1    21     2    11    19     0     1   -94.0   54.036   72.229   1828.7    800.1
     1     1    21     2    11    18     0     0   -95.0   54.082   71.846   1824.8    800.7
     1     1    21     2    11    17     0     1   -96.0   54.129   71.467   1823.0    800.0
     1     1    21     2    11    16     0     2   -97.0   54.178   71.094   1820.1    799.6
     1     1    21     2    11    15     0     3   -98.0   54.229   70.724   1817.5    798.1
     1     1    21     2    11    14     0     2   -99.0   54.285   70.350   1816.5    795.7
     1     1    21     2    11    13     0     1  -100.0   54.345   69.964   1816.1    794.0
     1     1    21     2    11    12     0     0  -101.0   54.407   69.564   1817.8    794.8
     1     1    21     2    11    11     0     1  -102.0   54.463   69.161   1824.8    795.8
     1     1    21     2    11    10     0     2  -103.0   54.510   68.764   1845.1    793.9
     1     1    21     2    11     9     0     3  -104.0   54.548   68.369   1886.5    788.4
     1     1    21     2    11     8     0     2  -105.0   54.592   67.975   1941.0    779.6
     1     1    21     2    11     7     0     1  -106.0   54.652   67.584   1992.6    773.5
     1     1    21     2    11     6     0     0  -107.0   54.729   67.191   2040.3    768.6
     1     1    21     2    11     5     0     1  -108.0   54.821   66.778   2083.9    763.4
     1     1    21     2    11     4     0     2  -109.0   54.921   66.340   2123.7    759.4
     1     1    21     2    11     3     0     3  -110.0   55.024   65.878   2173.3    755.7
     1     1    21     2    11     2     0     2  -111.0   55.124   65.391   2212.7    751.6
     1     1    21     2    11     1     0     1  -112.0   55.212   64.898   2219.7    752.5
     1     1    21     2    11     0     0     0  -113.0   55.293   64.415   2207.9    752.2
     1     1    21     2    10    23     0     1  -114.0   55.375   63.933   2194.4    753.4
     1     1    21     2    10    22     0     2  -115.0   55.460   63.440   2190.5    753.0
     1     1    21     2    10    21     0     3  -116.0   55.549   62.940   2197.4    750.4
     1     1    21     2    10    20     0     2  -117.0   55.639   62.442   2208.9    748.5
     1     1    21     2    10    19     0     1  -118.0   55.726   61.947   2214.5    746.8
     1     1    21     2    10    18     0     0  -119.0   55.813   61.452   2209.3    743.5
     1     1    21     2    10    17     0     1  -120.0   55.910   60.954   2200.5    740.7
