     5     1
    GDAS    21     2     1     0     0
    GDAS    21     2     8     0     0
    GDAS    21     2    15     0     0
    GDAS    21     2    22     0     0
    GDAS    21     3     1     0     0
     1 BACKWARD OMEGA   
    21     2     9    11   37.820  111.540   500.0
     1 PRESSURE
     1     1    21     2     9    11     0     1     0.0   37.820  111.540    500.0    827.5
     1     1    21     2     9    10     0     2    -1.0   37.868  111.394    555.3    824.2
     1     1    21     2     9     9     0     3    -2.0   37.922  111.260    620.9    820.5
     1     1    21     2     9     8     0     2    -3.0   37.967  111.133    676.6    815.0
     1     1    21     2     9     7     0     1    -4.0   37.981  111.013    699.2    815.6
     1     1    21     2     9     6     0     0    -5.0   37.961  110.896    694.4    816.9
     1     1    21     2     9     5     0     1    -6.0   37.933  110.770    672.4    820.8
     1     1    21     2     9     4     0     2    -7.0   37.917  110.633    643.7    825.4
     1     1    21     2     9     3     0     3    -8.0   37.915  110.490    608.9    831.0
     1     1    21     2     9     2     0     2    -9.0   37.924  110.342    570.8    836.3
     1     1    21     2     9     1     0     1   -10.0   37.944  110.191    534.7    841.2
     1     1    21     2     9     0     0     0   -11.0   37.980  110.036    505.4    845.6
     1     1    21     2     8    23     0     1   -12.0   38.024  109.871    495.5    845.7
     1     1    21     2     8    22     0     2   -13.0   38.056  109.686    509.0    840.6
     1     1    21     2     8    21     0     3   -14.0   38.071  109.481    535.8    834.5
     1     1    21     2     8    20     0     2   -15.0   38.073  109.263    550.3    828.4
     1     1    21     2     8    19     0     1   -16.0   38.065  109.050    532.6    827.9
     1     1    21     2     8    18     0     0   -17.0   38.048  108.846    492.5    829.8
     1     1    21     2     8    17     0     1   -18.0   38.019  108.657    463.7    832.6
     1     1    21     2     8    16     0     2   -19.0   37.982  108.480    463.2    828.6
     1     1    21     2     8    15     0     3   -20.0   37.938  108.316    475.2    823.1
     1     1    21     2     8    14     0     2   -21.0   37.894  108.163    479.3    817.8
     1     1    21     2     8    13     0     1   -22.0   37.857  108.019    468.8    816.3
     1     1    21     2     8    12     0     0   -23.0   37.826  107.883    450.5    816.8
     1     1    21     2     8    11     0     1   -24.0   37.802  107.741    426.9    818.1
     1     1    21     2     8    10     0     2   -25.0   37.787  107.584    398.9    819.7
     1     1    21     2     8     9     0     3   -26.0   37.784  107.413    366.9    821.4
     1     1    21     2     8     8     0     2   -27.0   37.783  107.236    329.1    824.0
     1     1    21     2     8     7     0     1   -28.0   37.773  107.060    282.1    827.6
     1     1    21     2     8     6     0     0   -29.0   37.758  106.889    231.8    835.8
     1     1    21     2     8     5     0     1   -30.0   37.734  106.728    190.3    844.3
     1     1    21     2     8     4     0     2   -31.0   37.697  106.587    161.2    850.2
     1     1    21     2     8     3     0     3   -32.0   37.652  106.466    140.2    854.5
     1     1    21     2     8     2     0     2   -33.0   37.609  106.376    126.4    856.5
     1     1    21     2     8     1     0     1   -34.0   37.576  106.320    118.8    857.1
     1     1    21     2     8     0     0     0   -35.0   37.554  106.290    115.8    857.0
     1     1    21     2     7    23     0     1   -36.0   37.539  106.280    115.8    856.6
     1     1    21     2     7    22     0     2   -37.0   37.525  106.285    118.0    855.8
     1     1    21     2     7    21     0     3   -38.0   37.509  106.304    122.3    854.5
     1     1    21     2     7    20     0     2   -39.0   37.481  106.336    126.7    852.6
     1     1    21     2     7    19     0     1   -40.0   37.428  106.379    129.8    850.1
     1     1    21     2     7    18     0     0   -41.0   37.344  106.432    131.1    846.9
     1     1    21     2     7    17     0     1   -42.0   37.241  106.490    130.2    843.7
     1     1    21     2     7    16     0     2   -43.0   37.138  106.547    126.9    841.0
     1     1    21     2     7    15     0     3   -44.0   37.044  106.596    119.9    839.0
     1     1    21     2     7    14     0     2   -45.0   36.975  106.636    112.7    839.1
     1     1    21     2     7    13     0     1   -46.0   36.937  106.670    109.9    839.5
     1     1    21     2     7    12     0     0   -47.0   36.930  106.703    111.4    839.7
     1     1    21     2     7    11     0     1   -48.0   36.929  106.739    116.5    838.3
     1     1    21     2     7    10     0     2   -49.0   36.914  106.781    124.0    836.6
     1     1    21     2     7     9     0     3   -50.0   36.886  106.830    133.1    834.8
     1     1    21     2     7     8     0     2   -51.0   36.856  106.878    139.5    833.7
     1     1    21     2     7     7     0     1   -52.0   36.834  106.916    140.3    833.8
     1     1    21     2     7     6     0     0   -53.0   36.820  106.942    136.6    834.5
     1     1    21     2     7     5     0     1   -54.0   36.814  106.958    131.5    836.4
     1     1    21     2     7     4     0     2   -55.0   36.818  106.964    128.3    837.5
     1     1    21     2     7     3     0     3   -56.0   36.830  106.958    127.1    838.4
     1     1    21     2     7     2     0     2   -57.0   36.856  106.950    128.5    837.7
     1     1    21     2     7     1     0     1   -58.0   36.902  106.948    132.9    836.6
     1     1    21     2     7     0     0     0   -59.0   36.971  106.952    139.1    834.8
     1     1    21     2     6    23     0     1   -60.0   37.051  106.948    144.7    833.5
     1     1    21     2     6    22     0     2   -61.0   37.129  106.924    149.7    833.3
     1     1    21     2     6    21     0     3   -62.0   37.201  106.878    151.4    833.7
     1     1    21     2     6    20     0     2   -63.0   37.266  106.821    150.4    836.4
     1     1    21     2     6    19     0     1   -64.0   37.322  106.764    148.3    838.7
     1     1    21     2     6    18     0     0   -65.0   37.372  106.707    143.6    841.2
     1     1    21     2     6    17     0     1   -66.0   37.424  106.651    138.2    843.9
     1     1    21     2     6    16     0     2   -67.0   37.487  106.598    133.4    846.4
     1     1    21     2     6    15     0     3   -68.0   37.561  106.550    128.3    849.2
     1     1    21     2     6    14     0     2   -69.0   37.647  106.490    122.6    852.1
     1     1    21     2     6    13     0     1   -70.0   37.747  106.395    117.6    856.7
     1     1    21     2     6    12     0     0   -71.0   37.864  106.254    122.5    862.9
     1     1    21     2     6    11     0     1   -72.0   38.001  106.054    152.6    869.8
     1     1    21     2     6    10     0     2   -73.0   38.166  105.802    218.2    846.3
     1     1    21     2     6     9     0     3   -74.0   38.347  105.528    304.4    826.8
     1     1    21     2     6     8     0     2   -75.0   38.525  105.245    374.1    817.7
     1     1    21     2     6     7     0     1   -76.0   38.692  104.960    378.9    824.8
     1     1    21     2     6     6     0     0   -77.0   38.843  104.663    354.0    832.1
     1     1    21     2     6     5     0     1   -78.0   38.981  104.328    360.0    834.9
     1     1    21     2     6     4     0     2   -79.0   39.126  103.941    398.8    828.3
     1     1    21     2     6     3     0     3   -80.0   39.290  103.512    454.5    815.0
     1     1    21     2     6     2     0     2   -81.0   39.473  103.040    548.2    797.8
     1     1    21     2     6     1     0     1   -82.0   39.665  102.552    650.8    785.6
     1     1    21     2     6     0     0     0   -83.0   39.846  102.123    691.8    789.5
     1     1    21     2     5    23     0     1   -84.0   40.022  101.740    678.7    797.0
     1     1    21     2     5    22     0     2   -85.0   40.210  101.346    635.6    806.7
     1     1    21     2     5    21     0     3   -86.0   40.420  100.916    594.7    818.1
     1     1    21     2     5    20     0     2   -87.0   40.636  100.453    599.7    819.6
     1     1    21     2     5    19     0     1   -88.0   40.869   99.980    623.6    811.5
     1     1    21     2     5    18     0     0   -89.0   41.104   99.495    600.8    802.3
     1     1    21     2     5    17     0     1   -90.0   41.316   98.928    571.0    797.5
     1     1    21     2     5    16     0     2   -91.0   41.507   98.245    502.1    792.7
     1     1    21     2     5    15     0     3   -92.0   41.640   97.533    453.2    794.6
     1     1    21     2     5    14     0     2   -93.0   41.727   96.820    526.8    769.1
     1     1    21     2     5    13     0     1   -94.0   41.776   96.126    695.9    733.7
     1     1    21     2     5    12     0     0   -95.0   41.801   95.493    838.4    735.6
     1     1    21     2     5    11     0     1   -96.0   41.784   94.949    858.5    763.3
     1     1    21     2     5    10     0     2   -97.0   41.743   94.491    824.3    791.7
     1     1    21     2     5     9     0     3   -98.0   41.719   94.105    816.0    807.0
     1     1    21     2     5     8     0     2   -99.0   41.694   93.763    804.7    811.2
     1     1    21     2     5     7     0     1  -100.0   41.651   93.443    775.6    815.8
     1     1    21     2     5     6     0     0  -101.0   41.596   93.133    749.1    819.4
     1     1    21     2     5     5     0     1  -102.0   41.531   92.812    742.1    819.0
     1     1    21     2     5     4     0     2  -103.0   41.457   92.459    743.8    816.7
     1     1    21     2     5     3     0     3  -104.0   41.380   92.063    723.5    819.5
     1     1    21     2     5     2     0     2  -105.0   41.295   91.637    673.7    831.4
     1     1    21     2     5     1     0     1  -106.0   41.184   91.189    604.7    850.4
     1     1    21     2     5     0     0     0  -107.0   41.064   90.725    542.2    860.9
     1     1    21     2     4    23     0     1  -108.0   40.983   90.256    544.2    849.8
     1     1    21     2     4    22     0     2  -109.0   40.953   89.782    594.8    832.9
     1     1    21     2     4    21     0     3  -110.0   40.958   89.309    630.4    826.3
     1     1    21     2     4    20     0     2  -111.0   40.984   88.842    645.7    828.4
     1     1    21     2     4    19     0     1  -112.0   41.032   88.387    671.4    832.5
     1     1    21     2     4    18     0     0  -113.0   41.097   87.958    720.5    829.7
     1     1    21     2     4    17     0     1  -114.0   41.163   87.573    773.3    826.1
     1     1    21     2     4    16     0     2  -115.0   41.217   87.242    804.9    828.0
     1     1    21     2     4    15     0     3  -116.0   41.258   86.954    822.5    829.6
     1     1    21     2     4    14     0     2  -117.0   41.291   86.692    832.6    820.4
     1     1    21     2     4    13     0     1  -118.0   41.326   86.442    842.1    809.6
     1     1    21     2     4    12     0     0  -119.0   41.364   86.207    846.9    797.8
     1     1    21     2     4    11     0     1  -120.0   41.404   85.981    852.8    787.3
