     5     1
    GDAS    21     2     1     0     0
    GDAS    21     2     8     0     0
    GDAS    21     2    15     0     0
    GDAS    21     2    22     0     0
    GDAS    21     3     1     0     0
     1 BACKWARD OMEGA   
    21     2    11    11   37.820  111.540   500.0
     1 PRESSURE
     1     1    21     2    11    11     0     1     0.0   37.820  111.540    500.0    825.8
     1     1    21     2    11    10     0     2    -1.0   37.863  111.347    440.0    831.9
     1     1    21     2    11     9     0     3    -2.0   37.906  111.196    355.3    845.6
     1     1    21     2    11     8     0     2    -3.0   37.923  111.065    280.8    857.5
     1     1    21     2    11     7     0     1    -4.0   37.897  110.932    217.6    863.6
     1     1    21     2    11     6     0     0    -5.0   37.855  110.791    157.4    870.1
     1     1    21     2    11     5     0     1    -6.0   37.816  110.650    112.4    877.0
     1     1    21     2    11     4     0     2    -7.0   37.772  110.517     85.3    881.7
     1     1    21     2    11     3     0     3    -8.0   37.713  110.389     70.8    885.3
     1     1    21     2    11     2     0     2    -9.0   37.637  110.281     61.2    886.8
     1     1    21     2    11     1     0     1   -10.0   37.547  110.213     52.2    888.3
     1     1    21     2    11     0     0     0   -11.0   37.437  110.186     44.4    888.5
     1     1    21     2    10    23     0     1   -12.0   37.325  110.179     39.0    889.1
     1     1    21     2    10    22     0     2   -13.0   37.228  110.170     35.8    889.6
     1     1    21     2    10    21     0     3   -14.0   37.151  110.158     33.9    890.1
     1     1    21     2    10    20     0     2   -15.0   37.079  110.147     32.8    890.4
     1     1    21     2    10    19     0     1   -16.0   36.995  110.144     32.9    890.2
     1     1    21     2    10    18     0     0   -17.0   36.898  110.151     34.6    888.5
     1     1    21     2    10    17     0     1   -18.0   36.790  110.173     39.3    886.0
     1     1    21     2    10    16     0     2   -19.0   36.672  110.214     49.6    882.5
     1     1    21     2    10    15     0     3   -20.0   36.542  110.277     71.0    877.1
     1     1    21     2    10    14     0     2   -21.0   36.389  110.360    117.6    869.4
     1     1    21     2    10    13     0     1   -22.0   36.201  110.465    201.4    857.9
     1     1    21     2    10    12     0     0   -23.0   35.971  110.599    321.1    845.5
     1     1    21     2    10    11     0     1   -24.0   35.723  110.781    492.3    847.0
     1     1    21     2    10    10     0     2   -25.0   35.470  110.993    735.9    840.2
     1     1    21     2    10     9     0     3   -26.0   35.238  111.174    967.3    828.1
     1     1    21     2    10     8     0     2   -27.0   35.045  111.339   1135.5    829.1
     1     1    21     2    10     7     0     1   -28.0   34.875  111.500   1246.6    818.3
     1     1    21     2    10     6     0     0   -29.0   34.722  111.656   1312.0    809.4
     1     1    21     2    10     5     0     1   -30.0   34.588  111.802   1344.5    804.9
     1     1    21     2    10     4     0     2   -31.0   34.479  111.943   1360.5    803.5
     1     1    21     2    10     3     0     3   -32.0   34.400  112.088   1379.4    805.8
     1     1    21     2    10     2     0     2   -33.0   34.353  112.232   1391.0    809.2
     1     1    21     2    10     1     0     1   -34.0   34.336  112.363   1380.0    817.0
     1     1    21     2    10     0     0     0   -35.0   34.343  112.479   1350.2    826.1
     1     1    21     2     9    23     0     1   -36.0   34.380  112.566   1316.9    835.8
     1     1    21     2     9    22     0     2   -37.0   34.450  112.615   1294.8    841.2
     1     1    21     2     9    21     0     3   -38.0   34.553  112.629   1283.7    844.1
     1     1    21     2     9    20     0     2   -39.0   34.670  112.603   1291.2    844.7
     1     1    21     2     9    19     0     1   -40.0   34.779  112.532   1328.5    839.6
     1     1    21     2     9    18     0     0   -41.0   34.874  112.418   1401.8    829.5
     1     1    21     2     9    17     0     1   -42.0   34.947  112.280   1495.6    814.4
     1     1    21     2     9    16     0     2   -43.0   34.997  112.132   1588.7    800.5
     1     1    21     2     9    15     0     3   -44.0   35.032  111.975   1670.1    785.0
     1     1    21     2     9    14     0     2   -45.0   35.062  111.814   1744.6    775.3
     1     1    21     2     9    13     0     1   -46.0   35.093  111.651   1813.8    764.8
     1     1    21     2     9    12     0     0   -47.0   35.130  111.478   1867.2    754.9
     1     1    21     2     9    11     0     1   -48.0   35.178  111.283   1896.5    747.0
     1     1    21     2     9    10     0     2   -49.0   35.236  111.060   1909.3    740.8
     1     1    21     2     9     9     0     3   -50.0   35.300  110.807   1934.6    736.0
     1     1    21     2     9     8     0     2   -51.0   35.362  110.521   1981.0    729.1
     1     1    21     2     9     7     0     1   -52.0   35.414  110.212   2039.9    722.7
     1     1    21     2     9     6     0     0   -53.0   35.449  109.896   2105.0    713.9
     1     1    21     2     9     5     0     1   -54.0   35.473  109.579   2154.2    700.5
     1     1    21     2     9     4     0     2   -55.0   35.505  109.267   2172.5    691.4
     1     1    21     2     9     3     0     3   -56.0   35.556  108.967   2156.5    686.5
     1     1    21     2     9     2     0     2   -57.0   35.626  108.672   2140.1    686.1
     1     1    21     2     9     1     0     1   -58.0   35.716  108.373   2146.9    680.3
     1     1    21     2     9     0     0     0   -59.0   35.847  108.052   2159.1    674.2
     1     1    21     2     8    23     0     1   -60.0   36.006  107.704   2181.2    666.5
     1     1    21     2     8    22     0     2   -61.0   36.172  107.336   2230.5    653.5
     1     1    21     2     8    21     0     3   -62.0   36.379  106.917   2295.9    637.8
     1     1    21     2     8    20     0     2   -63.0   36.618  106.422   2380.1    623.1
     1     1    21     2     8    19     0     1   -64.0   36.873  105.878   2495.2    615.8
     1     1    21     2     8    18     0     0   -65.0   37.125  105.341   2598.2    603.9
     1     1    21     2     8    17     0     1   -66.0   37.350  104.805   2658.9    594.4
     1     1    21     2     8    16     0     2   -67.0   37.575  104.229   2694.6    593.6
     1     1    21     2     8    15     0     3   -68.0   37.820  103.612   2727.0    590.5
     1     1    21     2     8    14     0     2   -69.0   38.052  103.045   2762.5    597.5
     1     1    21     2     8    13     0     1   -70.0   38.259  102.484   2726.6    568.6
     1     1    21     2     8    12     0     0   -71.0   38.459  101.822   2709.1    548.8
     1     1    21     2     8    11     0     1   -72.0   38.690  101.058   2843.6    522.5
     1     1    21     2     8    10     0     2   -73.0   38.926  100.307   3141.9    519.3
     1     1    21     2     8     9     0     3   -74.0   39.112   99.655   3125.4    500.2
     1     1    21     2     8     8     0     2   -75.0   39.423   98.848   3108.8    484.3
     1     1    21     2     8     7     0     1   -76.0   39.703   97.977   3215.1    508.5
     1     1    21     2     8     6     0     0   -77.0   39.902   97.170   3118.1    524.5
     1     1    21     2     8     5     0     1   -78.0   40.059   96.451   3100.4    540.6
     1     1    21     2     8     4     0     2   -79.0   40.205   95.798   3135.8    547.8
     1     1    21     2     8     3     0     3   -80.0   40.362   95.193   3143.9    555.0
     1     1    21     2     8     2     0     2   -81.0   40.533   94.624   3119.5    571.2
     1     1    21     2     8     1     0     1   -82.0   40.696   94.072   3070.7    590.3
     1     1    21     2     8     0     0     0   -83.0   40.846   93.524   2991.7    599.9
     1     1    21     2     7    23     0     1   -84.0   41.000   92.985   2954.4    599.3
     1     1    21     2     7    22     0     2   -85.0   41.130   92.495   2982.3    608.3
     1     1    21     2     7    21     0     3   -86.0   41.206   92.065   3009.7    613.8
     1     1    21     2     7    20     0     2   -87.0   41.252   91.676   3041.8    617.8
     1     1    21     2     7    19     0     1   -88.0   41.299   91.327   3069.8    619.5
     1     1    21     2     7    18     0     0   -89.0   41.359   91.015   3075.9    620.8
     1     1    21     2     7    17     0     1   -90.0   41.421   90.720   3076.9    619.9
     1     1    21     2     7    16     0     2   -91.0   41.477   90.404   3121.3    615.0
     1     1    21     2     7    15     0     3   -92.0   41.539   90.067   3231.5    606.9
     1     1    21     2     7    14     0     2   -93.0   41.602   89.727   3357.8    594.2
     1     1    21     2     7    13     0     1   -94.0   41.664   89.422   3437.2    591.6
     1     1    21     2     7    12     0     0   -95.0   41.741   89.164   3491.7    591.8
     1     1    21     2     7    11     0     1   -96.0   41.825   88.926   3529.7    589.2
     1     1    21     2     7    10     0     2   -97.0   41.904   88.666   3531.5    578.9
     1     1    21     2     7     9     0     3   -98.0   42.007   88.376   3503.5    567.4
     1     1    21     2     7     8     0     2   -99.0   42.157   88.054   3469.6    559.6
     1     1    21     2     7     7     0     1  -100.0   42.340   87.655   3452.0    550.6
     1     1    21     2     7     6     0     0  -101.0   42.536   87.117   3368.6    504.7
     1     1    21     2     7     5     0     1  -102.0   42.776   86.455   3283.0    458.1
     1     1    21     2     7     4     0     2  -103.0   43.071   85.759   3314.2    451.8
     1     1    21     2     7     3     0     3  -104.0   43.402   85.081   3458.4    475.2
     1     1    21     2     7     2     0     2  -105.0   43.754   84.366   3501.7    446.3
     1     1    21     2     7     1     0     1  -106.0   44.092   83.549   3675.1    442.0
     1     1    21     2     7     0     0     0  -107.0   44.321   82.827   3713.7    515.6
     1     1    21     2     6    23     0     1  -108.0   44.486   82.208   3706.4    553.8
     1     1    21     2     6    22     0     2  -109.0   44.601   81.578   3687.8    553.7
     1     1    21     2     6    21     0     3  -110.0   44.642   80.831   3650.9    531.1
     1     1    21     2     6    20     0     2  -111.0   44.708   79.968   3640.8    470.7
     1     1    21     2     6    19     0     1  -112.0   44.831   79.050   3857.4    491.2
     1     1    21     2     6    18     0     0  -113.0   44.827   78.252   3993.8    548.0
     1     1    21     2     6    17     0     1  -114.0   44.739   77.587   3886.1    582.1
     1     1    21     2     6    16     0     2  -115.0   44.680   76.892   3730.6    602.0
     1     1    21     2     6    15     0     3  -116.0   44.631   76.184   3601.3    613.2
     1     1    21     2     6    14     0     2  -117.0   44.574   75.466   3541.4    613.2
     1     1    21     2     6    13     0     1  -118.0   44.504   74.719   3521.0    610.1
     1     1    21     2     6    12     0     0  -119.0   44.412   73.961   3514.8    619.7
     1     1    21     2     6    11     0     1  -120.0   44.305   73.220   3502.2    621.7
