     5     1
    GDAS    21     2     1     0     0
    GDAS    21     2     8     0     0
    GDAS    21     2    15     0     0
    GDAS    21     2    22     0     0
    GDAS    21     3     1     0     0
     1 BACKWARD OMEGA   
    21     2    13    23   37.820  111.540   500.0
     1 PRESSURE
     1     1    21     2    13    23     0     1     0.0   37.820  111.540    500.0    823.7
     1     1    21     2    13    22     0     2    -1.0   37.806  111.351    422.8    832.6
     1     1    21     2    13    21     0     3    -2.0   37.733  111.191    322.0    842.6
     1     1    21     2    13    20     0     2    -3.0   37.630  111.069    220.4    854.4
     1     1    21     2    13    19     0     1    -4.0   37.525  110.987    145.2    861.6
     1     1    21     2    13    18     0     0    -5.0   37.427  110.931     97.3    866.8
     1     1    21     2    13    17     0     1    -6.0   37.342  110.894     67.4    869.0
     1     1    21     2    13    16     0     2    -7.0   37.276  110.872     46.5    870.9
     1     1    21     2    13    15     0     3    -8.0   37.222  110.860     31.7    872.0
     1     1    21     2    13    14     0     2    -9.0   37.175  110.846     18.5    873.2
     1     1    21     2    13    13     0     1   -10.0   37.133  110.823      8.2    875.1
     1     1    21     2    13    12     0     0   -11.0   37.096  110.790      0.0    875.7
     1     1    21     2    13    11     0     1   -12.0   37.068  110.744      0.0    875.9
     1     1    21     2    13    10     0     2   -13.0   37.052  110.686      0.0    876.8
     1     1    21     2    13     9     0     3   -14.0   37.047  110.618      0.0    878.3
     1     1    21     2    13     8     0     2   -15.0   37.044  110.558      0.0    880.6
     1     1    21     2    13     7     0     1   -16.0   37.038  110.517      0.0    882.2
     1     1    21     2    13     6     0     0   -17.0   37.030  110.494      0.0    883.2
     1     1    21     2    13     5     0     1   -18.0   37.035  110.478      0.5    884.5
     1     1    21     2    13     4     0     2   -19.0   37.068  110.457      0.6    886.2
     1     1    21     2    13     3     0     3   -20.0   37.129  110.432      0.2    888.2
     1     1    21     2    13     2     0     2   -21.0   37.201  110.397      0.0    889.5
     1     1    21     2    13     1     0     1   -22.0   37.273  110.347      0.0    891.1
     1     1    21     2    13     0     0     0   -23.0   37.345  110.283      0.0    892.8
     1     1    21     2    12    23     0     1   -24.0   37.417  110.219      0.0    894.7
     1     1    21     2    12    22     0     2   -25.0   37.491  110.165      0.0    896.1
     1     1    21     2    12    21     0     3   -26.0   37.568  110.121      0.0    897.1
     1     1    21     2    12    20     0     2   -27.0   37.639  110.083      0.0    897.7
     1     1    21     2    12    19     0     1   -28.0   37.694  110.054      0.0    898.1
     1     1    21     2    12    18     0     0   -29.0   37.730  110.036      0.0    898.3
     1     1    21     2    12    17     0     1   -30.0   37.751  110.028      0.0    898.6
     1     1    21     2    12    16     0     2   -31.0   37.758  110.034      0.0    898.7
     1     1    21     2    12    15     0     3   -32.0   37.751  110.051      0.0    898.7
     1     1    21     2    12    14     0     2   -33.0   37.741  110.087      0.0    898.0
     1     1    21     2    12    13     0     1   -34.0   37.741  110.144      0.4    896.9
     1     1    21     2    12    12     0     0   -35.0   37.750  110.220      1.2    895.5
     1     1    21     2    12    11     0     1   -36.0   37.762  110.292      2.2    893.4
     1     1    21     2    12    10     0     2   -37.0   37.766  110.341      3.1    891.9
     1     1    21     2    12     9     0     3   -38.0   37.762  110.365      3.8    890.8
     1     1    21     2    12     8     0     2   -39.0   37.741  110.377      4.2    890.5
     1     1    21     2    12     7     0     1   -40.0   37.697  110.386      4.1    890.0
     1     1    21     2    12     6     0     0   -41.0   37.631  110.394      3.5    889.5
     1     1    21     2    12     5     0     1   -42.0   37.569  110.407      2.8    889.6
     1     1    21     2    12     4     0     2   -43.0   37.534  110.428      2.2    889.7
     1     1    21     2    12     3     0     3   -44.0   37.525  110.454      1.9    889.8
     1     1    21     2    12     2     0     2   -45.0   37.534  110.486      1.9    888.8
     1     1    21     2    12     1     0     1   -46.0   37.552  110.524      2.7    887.9
     1     1    21     2    12     0     0     0   -47.0   37.580  110.570      4.2    887.0
     1     1    21     2    11    23     0     1   -48.0   37.613  110.615      5.9    886.4
     1     1    21     2    11    22     0     2   -49.0   37.645  110.649      7.2    886.1
     1     1    21     2    11    21     0     3   -50.0   37.675  110.674      8.0    885.9
     1     1    21     2    11    20     0     2   -51.0   37.701  110.691      8.0    886.1
     1     1    21     2    11    19     0     1   -52.0   37.720  110.701      7.2    886.2
     1     1    21     2    11    18     0     0   -53.0   37.732  110.704      5.5    886.4
     1     1    21     2    11    17     0     1   -54.0   37.745  110.698      3.4    886.6
     1     1    21     2    11    16     0     2   -55.0   37.768  110.681      1.4    887.1
     1     1    21     2    11    15     0     3   -56.0   37.801  110.654      0.0    887.9
     1     1    21     2    11    14     0     2   -57.0   37.834  110.615      0.0    888.6
     1     1    21     2    11    13     0     1   -58.0   37.858  110.560      0.0    889.2
     1     1    21     2    11    12     0     0   -59.0   37.875  110.487      0.0    889.7
     1     1    21     2    11    11     0     1   -60.0   37.895  110.403      0.0    890.7
     1     1    21     2    11    10     0     2   -61.0   37.931  110.316      0.0    891.6
     1     1    21     2    11     9     0     3   -62.0   37.985  110.232      0.1    892.4
     1     1    21     2    11     8     0     2   -63.0   38.056  110.137      0.9    892.3
     1     1    21     2    11     7     0     1   -64.0   38.154  110.011      2.5    891.0
     1     1    21     2    11     6     0     0   -65.0   38.282  109.843      4.4    886.7
     1     1    21     2    11     5     0     1   -66.0   38.407  109.643      5.8    883.0
     1     1    21     2    11     4     0     2   -67.0   38.516  109.435      6.4    879.4
     1     1    21     2    11     3     0     3   -68.0   38.624  109.229      6.2    875.8
     1     1    21     2    11     2     0     2   -69.0   38.723  109.029      5.9    871.7
     1     1    21     2    11     1     0     1   -70.0   38.797  108.838      5.8    868.2
     1     1    21     2    11     0     0     0   -71.0   38.845  108.669      5.8    865.4
     1     1    21     2    10    23     0     1   -72.0   38.860  108.519      5.5    862.7
     1     1    21     2    10    22     0     2   -73.0   38.830  108.372      4.1    860.5
     1     1    21     2    10    21     0     3   -74.0   38.760  108.216      0.8    858.6
     1     1    21     2    10    20     0     2   -75.0   38.654  108.050      0.0    858.2
     1     1    21     2    10    19     0     1   -76.0   38.521  107.885      0.0    860.0
     1     1    21     2    10    18     0     0   -77.0   38.364  107.730      0.0    861.2
     1     1    21     2    10    17     0     1   -78.0   38.191  107.599      0.0    859.8
     1     1    21     2    10    16     0     2   -79.0   38.005  107.507      0.0    857.2
     1     1    21     2    10    15     0     3   -80.0   37.810  107.459      0.1    853.9
     1     1    21     2    10    14     0     2   -81.0   37.631  107.457      1.6    851.6
     1     1    21     2    10    13     0     1   -82.0   37.479  107.491      3.6    849.9
     1     1    21     2    10    12     0     0   -83.0   37.347  107.552      5.2    848.6
     1     1    21     2    10    11     0     1   -84.0   37.217  107.620      5.6    846.6
     1     1    21     2    10    10     0     2   -85.0   37.066  107.673      4.9    844.5
     1     1    21     2    10     9     0     3   -86.0   36.891  107.712      3.5    846.0
     1     1    21     2    10     8     0     2   -87.0   36.702  107.748      1.1    851.2
     1     1    21     2    10     7     0     1   -88.0   36.512  107.785      0.0    856.5
     1     1    21     2    10     6     0     0   -89.0   36.327  107.820      0.0    861.8
     1     1    21     2    10     5     0     1   -90.0   36.169  107.852      0.0    867.4
     1     1    21     2    10     4     0     2   -91.0   36.054  107.884      0.0    872.1
     1     1    21     2    10     3     0     3   -92.0   35.977  107.918      0.0    875.6
     1     1    21     2    10     2     0     2   -93.0   35.924  107.950      0.1    877.1
     1     1    21     2    10     1     0     1   -94.0   35.881  107.979      0.0    878.2
     1     1    21     2    10     0     0     0   -95.0   35.849  108.003      0.0    879.1
     1     1    21     2     9    23     0     1   -96.0   35.822  108.025      0.0    879.7
     1     1    21     2     9    22     0     2   -97.0   35.798  108.047      0.0    880.2
     1     1    21     2     9    21     0     3   -98.0   35.778  108.069      0.0    880.7
     1     1    21     2     9    20     0     2   -99.0   35.760  108.090      0.0    881.3
     1     1    21     2     9    19     0     1  -100.0   35.743  108.112      0.0    882.0
     1     1    21     2     9    18     0     0  -101.0   35.727  108.134      0.0    882.7
     1     1    21     2     9    17     0     1  -102.0   35.711  108.155      0.0    884.1
     1     1    21     2     9    16     0     2  -103.0   35.693  108.176      0.0    885.6
     1     1    21     2     9    15     0     3  -104.0   35.673  108.196      0.0    887.0
     1     1    21     2     9    14     0     2  -105.0   35.653  108.209      0.1    886.3
     1     1    21     2     9    13     0     1  -106.0   35.634  108.213      0.4    885.4
     1     1    21     2     9    12     0     0  -107.0   35.616  108.206      1.1    884.4
     1     1    21     2     9    11     0     1  -108.0   35.589  108.206      1.9    884.8
     1     1    21     2     9    10     0     2  -109.0   35.547  108.227      2.3    885.8
     1     1    21     2     9     9     0     3  -110.0   35.490  108.273      2.2    887.4
     1     1    21     2     9     8     0     2  -111.0   35.426  108.330      1.2    889.4
     1     1    21     2     9     7     0     1  -112.0   35.363  108.379      0.0    891.4
     1     1    21     2     9     6     0     0  -113.0   35.304  108.421      0.0    893.3
     1     1    21     2     9     5     0     1  -114.0   35.251  108.454      0.0    896.5
     1     1    21     2     9     4     0     2  -115.0   35.207  108.480      0.0    899.4
     1     1    21     2     9     3     0     3  -116.0   35.171  108.500      0.0    902.0
     1     1    21     2     9     2     0     2  -117.0   35.143  108.512      0.0    902.8
     1     1    21     2     9     1     0     1  -118.0   35.124  108.516      0.0    903.2
     1     1    21     2     9     0     0     0  -119.0   35.113  108.511      0.0    903.3
     1     1    21     2     8    23     0     1  -120.0   35.102  108.504      0.0    902.6
