     5     1
    GDAS    21     2     1     0     0
    GDAS    21     2     8     0     0
    GDAS    21     2    15     0     0
    GDAS    21     2    22     0     0
    GDAS    21     3     1     0     0
     1 BACKWARD OMEGA   
    21     2     5    23   37.820  111.540  1000.0
     1 PRESSURE
     1     1    21     2     5    23     0     1     0.0   37.820  111.540   1000.0    773.9
     1     1    21     2     5    22     0     2    -1.0   38.064  111.001    970.4    780.9
     1     1    21     2     5    21     0     3    -2.0   38.262  110.544    889.7    800.9
     1     1    21     2     5    20     0     2    -3.0   38.488  110.046    858.7    798.4
     1     1    21     2     5    19     0     1    -4.0   38.743  109.452    842.7    786.6
     1     1    21     2     5    18     0     0    -5.0   39.010  108.768    839.5    780.1
     1     1    21     2     5    17     0     1    -6.0   39.270  108.058    879.9    771.4
     1     1    21     2     5    16     0     2    -7.0   39.485  107.374    905.6    770.2
     1     1    21     2     5    15     0     3    -8.0   39.648  106.736    871.8    772.1
     1     1    21     2     5    14     0     2    -9.0   39.806  106.126    848.7    786.8
     1     1    21     2     5    13     0     1   -10.0   39.994  105.510    821.6    786.0
     1     1    21     2     5    12     0     0   -11.0   40.226  104.852    805.0    774.1
     1     1    21     2     5    11     0     1   -12.0   40.466  104.171    843.4    776.4
     1     1    21     2     5    10     0     2   -13.0   40.681  103.481    883.7    767.9
     1     1    21     2     5     9     0     3   -14.0   40.912  102.766    930.8    764.0
     1     1    21     2     5     8     0     2   -15.0   41.124  102.107    985.8    779.1
     1     1    21     2     5     7     0     1   -16.0   41.305  101.512   1020.9    785.0
     1     1    21     2     5     6     0     0   -17.0   41.479  100.939   1061.4    794.0
     1     1    21     2     5     5     0     1   -18.0   41.689  100.327   1026.6    785.2
     1     1    21     2     5     4     0     2   -19.0   41.937   99.662    921.1    802.1
     1     1    21     2     5     3     0     3   -20.0   42.229   98.928   1224.3    776.8
     1     1    21     2     5     2     0     2   -21.0   42.567   98.173   1370.5    684.2
     1     1    21     2     5     1     0     1   -22.0   42.902   97.365   1149.0    742.5
     1     1    21     2     5     0     0     0   -23.0   43.154   96.613   1210.5    747.9
     1     1    21     2     4    23     0     1   -24.0   43.343   95.965   1218.3    768.1
     1     1    21     2     4    22     0     2   -25.0   43.499   95.376   1207.6    763.9
     1     1    21     2     4    21     0     3   -26.0   43.673   94.794   1223.8    771.7
     1     1    21     2     4    20     0     2   -27.0   43.840   94.204   1129.5    780.6
     1     1    21     2     4    19     0     1   -28.0   43.958   93.704    879.5    797.1
     1     1    21     2     4    18     0     0   -29.0   44.004   93.297    684.2    798.3
     1     1    21     2     4    17     0     1   -30.0   43.999   92.851    587.8    784.5
     1     1    21     2     4    16     0     2   -31.0   43.989   92.362    566.6    774.4
     1     1    21     2     4    15     0     3   -32.0   44.008   91.881    582.0    770.9
     1     1    21     2     4    14     0     2   -33.0   44.041   91.475    620.1    792.8
     1     1    21     2     4    13     0     1   -34.0   44.066   91.161    663.6    806.3
     1     1    21     2     4    12     0     0   -35.0   44.079   90.914    703.2    813.4
     1     1    21     2     4    11     0     1   -36.0   44.097   90.697    723.0    817.3
     1     1    21     2     4    10     0     2   -37.0   44.135   90.488    727.6    825.1
     1     1    21     2     4     9     0     3   -38.0   44.189   90.284    744.5    831.2
     1     1    21     2     4     8     0     2   -39.0   44.251   90.081    783.5    833.6
     1     1    21     2     4     7     0     1   -40.0   44.311   89.875    821.1    831.5
     1     1    21     2     4     6     0     0   -41.0   44.369   89.669    833.8    831.9
     1     1    21     2     4     5     0     1   -42.0   44.418   89.467    828.9    836.4
     1     1    21     2     4     4     0     2   -43.0   44.449   89.265    818.8    840.8
     1     1    21     2     4     3     0     3   -44.0   44.460   89.063    805.9    845.6
     1     1    21     2     4     2     0     2   -45.0   44.454   88.867    805.6    846.5
     1     1    21     2     4     1     0     1   -46.0   44.435   88.663    845.7    840.8
     1     1    21     2     4     0     0     0   -47.0   44.403   88.427    957.3    826.3
     1     1    21     2     3    23     0     1   -48.0   44.378   88.158   1135.0    802.1
     1     1    21     2     3    22     0     2   -49.0   44.394   87.870   1299.4    782.6
     1     1    21     2     3    21     0     3   -50.0   44.447   87.574   1395.6    783.8
     1     1    21     2     3    20     0     2   -51.0   44.517   87.271   1437.3    793.8
     1     1    21     2     3    19     0     1   -52.0   44.601   86.960   1441.8    803.4
     1     1    21     2     3    18     0     0   -53.0   44.694   86.647   1413.3    808.5
     1     1    21     2     3    17     0     1   -54.0   44.780   86.335   1381.6    816.3
     1     1    21     2     3    16     0     2   -55.0   44.855   86.015   1356.4    823.7
     1     1    21     2     3    15     0     3   -56.0   44.917   85.698   1335.3    830.0
     1     1    21     2     3    14     0     2   -57.0   44.964   85.400   1321.8    837.7
     1     1    21     2     3    13     0     1   -58.0   44.997   85.110   1315.4    845.0
     1     1    21     2     3    12     0     0   -59.0   45.016   84.813   1313.8    845.9
     1     1    21     2     3    11     0     1   -60.0   45.029   84.502   1321.0    843.4
     1     1    21     2     3    10     0     2   -61.0   45.037   84.175   1338.4    840.3
     1     1    21     2     3     9     0     3   -62.0   45.036   83.837   1367.5    836.5
     1     1    21     2     3     8     0     2   -63.0   45.028   83.524   1402.2    833.6
     1     1    21     2     3     7     0     1   -64.0   45.017   83.253   1440.8    831.6
     1     1    21     2     3     6     0     0   -65.0   44.990   83.018   1487.6    827.7
     1     1    21     2     3     5     0     1   -66.0   44.959   82.796   1528.5    807.3
     1     1    21     2     3     4     0     2   -67.0   44.930   82.569   1561.4    790.4
     1     1    21     2     3     3     0     3   -68.0   44.899   82.337   1586.1    776.2
     1     1    21     2     3     2     0     2   -69.0   44.867   82.108   1600.3    764.6
     1     1    21     2     3     1     0     1   -70.0   44.841   81.886   1576.8    752.0
     1     1    21     2     3     0     0     0   -71.0   44.829   81.672   1476.9    743.7
     1     1    21     2     2    23     0     1   -72.0   44.824   81.459   1304.7    746.9
     1     1    21     2     2    22     0     2   -73.0   44.827   81.243   1102.7    752.3
     1     1    21     2     2    21     0     3   -74.0   44.836   81.041    923.4    756.0
     1     1    21     2     2    20     0     2   -75.0   44.855   80.848    801.7    746.9
     1     1    21     2     2    19     0     1   -76.0   44.885   80.645    737.1    725.5
     1     1    21     2     2    18     0     0   -77.0   44.935   80.400    725.1    687.4
     1     1    21     2     2    17     0     1   -78.0   45.022   80.074    747.9    633.9
     1     1    21     2     2    16     0     2   -79.0   45.091   79.674    832.8    669.2
     1     1    21     2     2    15     0     3   -80.0   45.105   79.282    948.6    701.6
     1     1    21     2     2    14     0     2   -81.0   45.078   78.904   1042.2    726.9
     1     1    21     2     2    13     0     1   -82.0   45.016   78.531   1092.1    765.3
     1     1    21     2     2    12     0     0   -83.0   44.927   78.143   1064.6    822.9
     1     1    21     2     2    11     0     1   -84.0   44.826   77.748    973.7    852.9
     1     1    21     2     2    10     0     2   -85.0   44.737   77.337    883.9    868.1
     1     1    21     2     2     9     0     3   -86.0   44.668   76.902    820.4    878.9
     1     1    21     2     2     8     0     2   -87.0   44.610   76.461    789.4    880.9
     1     1    21     2     2     7     0     1   -88.0   44.559   76.032    801.0    877.0
     1     1    21     2     2     6     0     0   -89.0   44.518   75.617    831.4    866.8
     1     1    21     2     2     5     0     1   -90.0   44.514   75.211    839.2    860.1
     1     1    21     2     2     4     0     2   -91.0   44.553   74.805    817.4    866.8
     1     1    21     2     2     3     0     3   -92.0   44.608   74.409    783.1    880.2
     1     1    21     2     2     2     0     2   -93.0   44.661   74.033    745.4    891.6
     1     1    21     2     2     1     0     1   -94.0   44.722   73.661    705.1    895.0
     1     1    21     2     2     0     0     0   -95.0   44.804   73.270    665.7    897.0
     1     1    21     2     1    23     0     1   -96.0   44.896   72.855    644.3    900.4
     1     1    21     2     1    22     0     2   -97.0   44.984   72.448    642.6    907.3
     1     1    21     2     1    21     0     3   -98.0   45.065   72.070    636.7    913.3
     1     1    21     2     1    20     0     2   -99.0   45.141   71.711    622.5    915.7
     1     1    21     2     1    19     0     1  -100.0   45.218   71.360    613.0    915.9
     1     1    21     2     1    18     0     0  -101.0   45.297   71.013    610.2    915.2
     1     1    21     2     1    17     0     1  -102.0   45.379   70.674    609.9    915.8
     1     1    21     2     1    16     0     2  -103.0   45.466   70.349    609.8    916.7
     1     1    21     2     1    15     0     3  -104.0   45.552   70.040    610.1    917.2
     1     1    21     2     1    14     0     2  -105.0   45.637   69.740    610.5    917.0
     1     1    21     2     1    13     0     1  -106.0   45.727   69.450    611.7    916.5
     1     1    21     2     1    12     0     0  -107.0   45.830   69.178    610.1    916.3
     1     1    21     2     1    11     0     1  -108.0   45.944   68.932    605.4    917.2
     1     1    21     2     1    10     0     2  -109.0   46.065   68.716    601.1    918.1
     1     1    21     2     1     9     0     3  -110.0   46.183   68.522    597.1    918.3
     1     1    21     2     1     8     0     2  -111.0   46.283   68.351    589.9    919.1
     1     1    21     2     1     7     0     1  -112.0   46.353   68.210    578.8    920.4
     1     1    21     2     1     6     0     0  -113.0   46.398   68.103    565.2    922.0
     1     1    21     2     1     5     0     1  -114.0   46.425   68.030    553.3    923.6
     1     1    21     2     1     4     0     2  -115.0   46.441   67.991    546.0    924.1
     1     1    21     2     1     3     0     3  -116.0   46.446   67.986    543.5    923.8
     1     1    21     2     1     2     0     2  -117.0   46.445   67.997    542.9    923.0
     1     1    21     2     1     1     0     1  -118.0   46.446   68.013    541.4    922.4
     1     1    21     2     1     0     0     0  -119.0   46.449   68.034    538.9    921.9
