     5     1
    GDAS    21     2     1     0     0
    GDAS    21     2     8     0     0
    GDAS    21     2    15     0     0
    GDAS    21     2    22     0     0
    GDAS    21     3     1     0     0
     1 BACKWARD OMEGA   
    21     2    23    11   37.820  111.540  1500.0
     1 PRESSURE
     1     1    21     2    23    11     0     1     0.0   37.820  111.540   1500.0    728.4
     1     1    21     2    23    10     0     2    -1.0   37.704  111.390   1499.5    728.4
     1     1    21     2    23     9     0     3    -2.0   37.577  111.230   1473.9    729.5
     1     1    21     2    23     8     0     2    -3.0   37.447  111.034   1411.4    732.1
     1     1    21     2    23     7     0     1    -4.0   37.324  110.787   1302.4    742.6
     1     1    21     2    23     6     0     0    -5.0   37.201  110.521   1158.5    762.5
     1     1    21     2    23     5     0     1    -6.0   37.058  110.262   1037.0    783.9
     1     1    21     2    23     4     0     2    -7.0   36.878  110.006    948.8    797.6
     1     1    21     2    23     3     0     3    -8.0   36.667  109.749    870.1    797.5
     1     1    21     2    23     2     0     2    -9.0   36.439  109.514    797.1    800.3
     1     1    21     2    23     1     0     1   -10.0   36.191  109.333    714.3    806.3
     1     1    21     2    23     0     0     0   -11.0   35.909  109.253    609.4    822.1
     1     1    21     2    22    23     0     1   -12.0   35.655  109.302    521.6    845.1
     1     1    21     2    22    22     0     2   -13.0   35.473  109.436    477.5    861.3
     1     1    21     2    22    21     0     3   -14.0   35.355  109.631    482.5    873.5
     1     1    21     2    22    20     0     2   -15.0   35.254  109.867    510.3    881.7
     1     1    21     2    22    19     0     1   -16.0   35.133  110.152    544.7    891.2
     1     1    21     2    22    18     0     0   -17.0   34.946  110.490    618.1    892.2
     1     1    21     2    22    17     0     1   -18.0   34.671  110.797    760.3    865.2
     1     1    21     2    22    16     0     2   -19.0   34.369  110.995    888.2    833.4
     1     1    21     2    22    15     0     3   -20.0   34.106  111.150    932.3    818.2
     1     1    21     2    22    14     0     2   -21.0   33.909  111.308    861.7    830.0
     1     1    21     2    22    13     0     1   -22.0   33.771  111.517    723.5    859.1
     1     1    21     2    22    12     0     0   -23.0   33.694  111.798    611.4    886.6
     1     1    21     2    22    11     0     1   -24.0   33.686  112.130    571.6    903.2
     1     1    21     2    22    10     0     2   -25.0   33.744  112.501    552.3    913.8
     1     1    21     2    22     9     0     3   -26.0   33.886  112.899    498.9    936.6
     1     1    21     2    22     8     0     2   -27.0   34.092  113.305    438.1    955.7
     1     1    21     2    22     7     0     1   -28.0   34.346  113.706    409.2    963.2
     1     1    21     2    22     6     0     0   -29.0   34.677  114.094    420.4    962.7
     1     1    21     2    22     5     0     1   -30.0   35.072  114.464    442.4    957.3
     1     1    21     2    22     4     0     2   -31.0   35.467  114.783    457.6    958.4
     1     1    21     2    22     3     0     3   -32.0   35.845  115.065    479.6    965.8
     1     1    21     2    22     2     0     2   -33.0   36.199  115.385    488.4    961.9
     1     1    21     2    22     1     0     1   -34.0   36.521  115.820    472.9    963.7
     1     1    21     2    22     0     0     0   -35.0   36.789  116.427    475.4    964.8
     1     1    21     2    21    23     0     1   -36.0   36.990  117.112    511.3    959.5
     1     1    21     2    21    22     0     2   -37.0   37.197  117.757    507.8    951.7
     1     1    21     2    21    21     0     3   -38.0   37.493  118.360    435.9    962.2
     1     1    21     2    21    20     0     2   -39.0   37.906  118.982    379.0    974.9
     1     1    21     2    21    19     0     1   -40.0   38.406  119.618    395.3    972.3
     1     1    21     2    21    18     0     0   -41.0   38.986  120.216    450.1    960.7
     1     1    21     2    21    17     0     1   -42.0   39.614  120.724    524.4    954.0
     1     1    21     2    21    16     0     2   -43.0   40.243  121.137    656.3    936.8
     1     1    21     2    21    15     0     3   -44.0   40.867  121.432    783.0    913.0
     1     1    21     2    21    14     0     2   -45.0   41.470  121.576    891.8    896.7
     1     1    21     2    21    13     0     1   -46.0   42.056  121.517   1041.8    869.6
     1     1    21     2    21    12     0     0   -47.0   42.607  121.258   1146.1    838.9
     1     1    21     2    21    11     0     1   -48.0   43.120  120.953   1169.0    836.7
     1     1    21     2    21    10     0     2   -49.0   43.580  120.607   1175.3    834.7
     1     1    21     2    21     9     0     3   -50.0   44.027  120.237   1225.6    826.2
     1     1    21     2    21     8     0     2   -51.0   44.452  119.800   1291.2    782.8
     1     1    21     2    21     7     0     1   -52.0   44.814  119.263   1373.1    749.9
     1     1    21     2    21     6     0     0   -53.0   45.115  118.668   1508.8    731.2
     1     1    21     2    21     5     0     1   -54.0   45.406  118.081   1620.6    722.6
     1     1    21     2    21     4     0     2   -55.0   45.708  117.533   1700.9    719.4
     1     1    21     2    21     3     0     3   -56.0   46.026  116.955   1891.5    707.4
     1     1    21     2    21     2     0     2   -57.0   46.322  116.340   1987.1    683.7
     1     1    21     2    21     1     0     1   -58.0   46.596  115.874   1895.4    710.9
     1     1    21     2    21     0     0     0   -59.0   46.877  115.566   1808.6    726.0
     1     1    21     2    20    23     0     1   -60.0   47.159  115.312   1787.1    721.0
     1     1    21     2    20    22     0     2   -61.0   47.441  115.036   1795.6    714.8
     1     1    21     2    20    21     0     3   -62.0   47.713  114.807   1789.8    716.9
     1     1    21     2    20    20     0     2   -63.0   47.969  114.670   1753.5    725.6
     1     1    21     2    20    19     0     1   -64.0   48.209  114.559   1703.2    730.0
     1     1    21     2    20    18     0     0   -65.0   48.429  114.440   1658.1    732.0
     1     1    21     2    20    17     0     1   -66.0   48.610  114.312   1596.8    733.3
     1     1    21     2    20    16     0     2   -67.0   48.752  114.170   1480.5    740.2
     1     1    21     2    20    15     0     3   -68.0   48.831  114.021   1259.0    756.0
     1     1    21     2    20    14     0     2   -69.0   48.797  113.886    966.5    789.6
     1     1    21     2    20    13     0     1   -70.0   48.672  113.806    728.9    820.9
     1     1    21     2    20    12     0     0   -71.0   48.473  113.794    576.7    839.2
     1     1    21     2    20    11     0     1   -72.0   48.228  113.808    504.6    849.3
     1     1    21     2    20    10     0     2   -73.0   47.996  113.805    485.4    852.4
     1     1    21     2    20     9     0     3   -74.0   47.783  113.771    487.0    845.5
     1     1    21     2    20     8     0     2   -75.0   47.591  113.693    484.6    839.7
     1     1    21     2    20     7     0     1   -76.0   47.424  113.584    473.0    836.7
     1     1    21     2    20     6     0     0   -77.0   47.283  113.460    461.0    833.9
     1     1    21     2    20     5     0     1   -78.0   47.193  113.342    456.2    831.7
     1     1    21     2    20     4     0     2   -79.0   47.182  113.240    462.1    829.8
     1     1    21     2    20     3     0     3   -80.0   47.256  113.156    477.3    829.2
     1     1    21     2    20     2     0     2   -81.0   47.396  113.051    500.1    829.0
     1     1    21     2    20     1     0     1   -82.0   47.577  112.893    530.1    828.2
     1     1    21     2    20     0     0     0   -83.0   47.789  112.683    572.4    825.5
     1     1    21     2    19    23     0     1   -84.0   48.007  112.398    614.5    818.5
     1     1    21     2    19    22     0     2   -85.0   48.244  112.018    644.2    806.3
     1     1    21     2    19    21     0     3   -86.0   48.544  111.551    665.1    795.5
     1     1    21     2    19    20     0     2   -87.0   48.857  111.018    682.8    790.0
     1     1    21     2    19    19     0     1   -88.0   49.155  110.371    742.8    773.9
     1     1    21     2    19    18     0     0   -89.0   49.520  109.545    969.6    739.1
     1     1    21     2    19    17     0     1   -90.0   49.858  108.741   1093.6    749.5
     1     1    21     2    19    16     0     2   -91.0   50.049  107.946   1069.1    779.4
     1     1    21     2    19    15     0     3   -92.0   50.163  107.111   1002.6    795.4
     1     1    21     2    19    14     0     2   -93.0   50.313  106.307    968.6    804.1
     1     1    21     2    19    13     0     1   -94.0   50.480  105.529    979.6    781.7
     1     1    21     2    19    12     0     0   -95.0   50.731  104.518   1078.8    736.7
     1     1    21     2    19    11     0     1   -96.0   51.052  103.265   1286.4    692.0
     1     1    21     2    19    10     0     2   -97.0   51.363  101.897   1599.8    646.6
     1     1    21     2    19     9     0     3   -98.0   51.654  100.315   2029.1    593.5
     1     1    21     2    19     8     0     2   -99.0   51.953   98.530   2005.9    595.9
     1     1    21     2    19     7     0     1  -100.0   52.137   97.039   1622.0    693.7
     1     1    21     2    19     6     0     0  -101.0   52.227   95.688   1552.0    684.7
     1     1    21     2    19     5     0     1  -102.0   52.273   94.361   1566.2    705.5
     1     1    21     2    19     4     0     2  -103.0   52.266   93.227   1444.1    727.2
     1     1    21     2    19     3     0     3  -104.0   52.227   92.046   1307.4    728.8
     1     1    21     2    19     2     0     2  -105.0   52.127   90.728   1136.5    714.0
     1     1    21     2    19     1     0     1  -106.0   51.946   89.385    909.5    757.8
     1     1    21     2    19     0     0     0  -107.0   51.650   88.131    850.3    758.5
     1     1    21     2    18    23     0     1  -108.0   51.289   87.299    685.0    777.7
     1     1    21     2    18    22     0     2  -109.0   50.934   86.657    584.0    770.2
     1     1    21     2    18    21     0     3  -110.0   50.559   86.137    796.3    764.8
     1     1    21     2    18    20     0     2  -111.0   50.117   85.328    972.5    719.9
     1     1    21     2    18    19     0     1  -112.0   49.693   84.780    840.4    765.1
     1     1    21     2    18    18     0     0  -113.0   49.280   84.492    929.3    773.4
     1     1    21     2    18    17     0     1  -114.0   48.890   84.216   1119.3    773.4
     1     1    21     2    18    16     0     2  -115.0   48.562   84.014   1215.1    796.6
     1     1    21     2    18    15     0     3  -116.0   48.301   83.932   1224.4    817.5
     1     1    21     2    18    14     0     2  -117.0   48.089   83.936   1211.4    830.4
     1     1    21     2    18    13     0     1  -118.0   47.911   84.010   1208.5    830.2
     1     1    21     2    18    12     0     0  -119.0   47.764   84.056   1259.8    809.7
     1     1    21     2    18    11     0     1  -120.0   47.634   83.984   1376.8    783.9
