     5     1
    GDAS    21     2     1     0     0
    GDAS    21     2     8     0     0
    GDAS    21     2    15     0     0
    GDAS    21     2    22     0     0
    GDAS    21     3     1     0     0
     1 BACKWARD OMEGA   
    21     2    23    17   37.820  111.540  1000.0
     1 PRESSURE
     1     1    21     2    23    17     0     1     0.0   37.820  111.540   1000.0    776.2
     1     1    21     2    23    16     0     2    -1.0   37.718  111.487   1001.9    776.9
     1     1    21     2    23    15     0     3    -2.0   37.613  111.429   1011.6    775.7
     1     1    21     2    23    14     0     2    -3.0   37.511  111.378   1034.1    773.0
     1     1    21     2    23    13     0     1    -4.0   37.412  111.352   1069.3    768.0
     1     1    21     2    23    12     0     0    -5.0   37.310  111.342   1106.8    762.5
     1     1    21     2    23    11     0     1    -6.0   37.200  111.314   1113.4    757.7
     1     1    21     2    23    10     0     2    -7.0   37.076  111.249   1076.9    759.5
     1     1    21     2    23     9     0     3    -8.0   36.938  111.148   1033.9    761.9
     1     1    21     2    23     8     0     2    -9.0   36.786  111.008    982.9    763.1
     1     1    21     2    23     7     0     1   -10.0   36.624  110.860    928.8    773.1
     1     1    21     2    23     6     0     0   -11.0   36.454  110.724    875.3    782.7
     1     1    21     2    23     5     0     1   -12.0   36.266  110.593    835.4    790.7
     1     1    21     2    23     4     0     2   -13.0   36.049  110.462    818.9    794.6
     1     1    21     2    23     3     0     3   -14.0   35.816  110.344    838.8    809.0
     1     1    21     2    23     2     0     2   -15.0   35.583  110.277    853.2    820.9
     1     1    21     2    23     1     0     1   -16.0   35.349  110.307    832.6    840.2
     1     1    21     2    23     0     0     0   -17.0   35.096  110.468    837.0    860.9
     1     1    21     2    22    23     0     1   -18.0   34.790  110.668    942.7    851.6
     1     1    21     2    22    22     0     2   -19.0   34.458  110.734   1068.2    817.1
     1     1    21     2    22    21     0     3   -20.0   34.122  110.715   1107.9    794.3
     1     1    21     2    22    20     0     2   -21.0   33.797  110.728   1081.4    804.4
     1     1    21     2    22    19     0     1   -22.0   33.511  110.822   1046.2    821.5
     1     1    21     2    22    18     0     0   -23.0   33.262  111.002    996.8    837.7
     1     1    21     2    22    17     0     1   -24.0   33.067  111.287    911.7    865.1
     1     1    21     2    22    16     0     2   -25.0   32.979  111.697    826.2    898.5
     1     1    21     2    22    15     0     3   -26.0   33.001  112.216    776.3    917.1
     1     1    21     2    22    14     0     2   -27.0   33.033  112.758    695.2    919.3
     1     1    21     2    22    13     0     1   -28.0   33.055  113.292    592.4    937.6
     1     1    21     2    22    12     0     0   -29.0   33.074  113.808    504.0    952.0
     1     1    21     2    22    11     0     1   -30.0   33.124  114.305    433.5    963.9
     1     1    21     2    22    10     0     2   -31.0   33.224  114.793    398.2    974.6
     1     1    21     2    22     9     0     3   -32.0   33.356  115.282    399.0    973.5
     1     1    21     2    22     8     0     2   -33.0   33.517  115.752    411.5    971.8
     1     1    21     2    22     7     0     1   -34.0   33.707  116.205    442.5    967.5
     1     1    21     2    22     6     0     0   -35.0   33.930  116.649    502.5    955.8
     1     1    21     2    22     5     0     1   -36.0   34.158  117.084    570.6    943.2
     1     1    21     2    22     4     0     2   -37.0   34.381  117.515    627.2    941.0
     1     1    21     2    22     3     0     3   -38.0   34.660  117.970    719.2    933.0
     1     1    21     2    22     2     0     2   -39.0   34.963  118.412    787.3    913.8
     1     1    21     2    22     1     0     1   -40.0   35.259  118.786    765.8    915.8
     1     1    21     2    22     0     0     0   -41.0   35.581  119.137    738.9    923.9
     1     1    21     2    21    23     0     1   -42.0   35.923  119.433    771.7    915.6
     1     1    21     2    21    22     0     2   -43.0   36.249  119.637    816.9    906.1
     1     1    21     2    21    21     0     3   -44.0   36.540  119.794    836.5    903.7
     1     1    21     2    21    20     0     2   -45.0   36.815  119.892    900.7    900.9
     1     1    21     2    21    19     0     1   -46.0   37.080  119.870   1019.7    885.0
     1     1    21     2    21    18     0     0   -47.0   37.311  119.805   1147.9    872.0
     1     1    21     2    21    17     0     1   -48.0   37.507  119.730   1224.0    861.7
     1     1    21     2    21    16     0     2   -49.0   37.694  119.645   1215.2    867.3
     1     1    21     2    21    15     0     3   -50.0   37.890  119.520   1160.8    877.4
     1     1    21     2    21    14     0     2   -51.0   38.100  119.369   1097.4    885.6
     1     1    21     2    21    13     0     1   -52.0   38.316  119.241   1018.0    891.4
     1     1    21     2    21    12     0     0   -53.0   38.533  119.112    910.0    903.0
     1     1    21     2    21    11     0     1   -54.0   38.728  118.956    789.6    917.0
     1     1    21     2    21    10     0     2   -55.0   38.901  118.774    656.5    930.0
     1     1    21     2    21     9     0     3   -56.0   39.066  118.561    502.2    946.7
     1     1    21     2    21     8     0     2   -57.0   39.207  118.350    365.5    962.9
     1     1    21     2    21     7     0     1   -58.0   39.309  118.157    275.7    971.9
     1     1    21     2    21     6     0     0   -59.0   39.374  117.963    229.8    974.9
     1     1    21     2    21     5     0     1   -60.0   39.434  117.779    219.2    976.0
     1     1    21     2    21     4     0     2   -61.0   39.514  117.619    233.6    974.5
     1     1    21     2    21     3     0     3   -62.0   39.607  117.473    268.7    971.4
     1     1    21     2    21     2     0     2   -63.0   39.716  117.318    322.0    964.6
     1     1    21     2    21     1     0     1   -64.0   39.851  117.120    405.8    957.2
     1     1    21     2    21     0     0     0   -65.0   40.010  116.849    581.2    933.9
     1     1    21     2    20    23     0     1   -66.0   40.181  116.508    921.5    870.9
     1     1    21     2    20    22     0     2   -67.0   40.461  116.086   1366.2    781.3
     1     1    21     2    20    21     0     3   -68.0   40.850  115.565   1577.8    700.5
     1     1    21     2    20    20     0     2   -69.0   41.240  115.017   1427.8    704.4
     1     1    21     2    20    19     0     1   -70.0   41.594  114.455   1264.5    736.7
     1     1    21     2    20    18     0     0   -71.0   41.967  113.871   1412.8    715.4
     1     1    21     2    20    17     0     1   -72.0   42.337  113.264   1622.9    692.3
     1     1    21     2    20    16     0     2   -73.0   42.648  112.600   1682.4    702.4
     1     1    21     2    20    15     0     3   -74.0   42.980  111.873   1692.9    710.9
     1     1    21     2    20    14     0     2   -75.0   43.348  111.151   1727.9    711.6
     1     1    21     2    20    13     0     1   -76.0   43.667  110.399   1741.4    709.7
     1     1    21     2    20    12     0     0   -77.0   43.936  109.634   1671.1    732.3
     1     1    21     2    20    11     0     1   -78.0   44.236  108.986   1579.0    743.7
     1     1    21     2    20    10     0     2   -79.0   44.524  108.347   1517.1    741.2
     1     1    21     2    20     9     0     3   -80.0   44.796  107.686   1541.2    727.3
     1     1    21     2    20     8     0     2   -81.0   45.136  107.048   1584.4    711.1
     1     1    21     2    20     7     0     1   -82.0   45.486  106.389   1599.3    696.8
     1     1    21     2    20     6     0     0   -83.0   45.827  105.738   1608.9    693.7
     1     1    21     2    20     5     0     1   -84.0   46.235  105.087   1614.3    688.9
     1     1    21     2    20     4     0     2   -85.0   46.664  104.388   1556.1    686.5
     1     1    21     2    20     3     0     3   -86.0   47.124  103.642   1409.6    683.6
     1     1    21     2    20     2     0     2   -87.0   47.641  102.750   1426.7    691.6
     1     1    21     2    20     1     0     1   -88.0   48.099  101.717   1716.3    647.4
     1     1    21     2    20     0     0     0   -89.0   48.519  100.608   1738.4    639.1
     1     1    21     2    19    23     0     1   -90.0   48.925   99.359   2037.8    596.9
     1     1    21     2    19    22     0     2   -91.0   49.221   98.065   2303.6    562.8
     1     1    21     2    19    21     0     3   -92.0   49.504   96.768   2611.7    554.6
     1     1    21     2    19    20     0     2   -93.0   49.769   95.415   2763.8    583.6
     1     1    21     2    19    19     0     1   -94.0   49.930   94.215   2750.3    617.4
     1     1    21     2    19    18     0     0   -95.0   50.029   93.097   2745.2    642.8
     1     1    21     2    19    17     0     1   -96.0   50.164   91.547   2609.2    599.5
     1     1    21     2    19    16     0     2   -97.0   50.216   89.652   2593.2    554.5
     1     1    21     2    19    15     0     3   -98.0   50.103   87.752   2586.7    537.3
     1     1    21     2    19    14     0     2   -99.0   49.723   85.800   2743.7    556.6
     1     1    21     2    19    13     0     1  -100.0   49.255   84.141   2856.7    613.9
     1     1    21     2    19    12     0     0  -101.0   48.746   82.764   2802.4    646.8
     1     1    21     2    19    11     0     1  -102.0   48.279   81.635   2329.7    698.7
     1     1    21     2    19    10     0     2  -103.0   47.861   80.453   2176.4    704.8
     1     1    21     2    19     9     0     3  -104.0   47.461   79.371   2015.5    729.9
     1     1    21     2    19     8     0     2  -105.0   47.102   78.286   1658.9    781.1
     1     1    21     2    19     7     0     1  -106.0   46.707   77.204   1599.2    781.4
     1     1    21     2    19     6     0     0  -107.0   46.317   76.403   1456.7    810.5
     1     1    21     2    19     5     0     1  -108.0   45.980   75.753   1458.5    808.6
     1     1    21     2    19     4     0     2  -109.0   45.696   75.192   1191.8    814.1
     1     1    21     2    19     3     0     3  -110.0   45.478   74.927    811.3    884.5
     1     1    21     2    19     2     0     2  -111.0   45.324   74.877    571.2    918.1
     1     1    21     2    19     1     0     1  -112.0   45.216   74.831    460.0    919.7
     1     1    21     2    19     0     0     0  -113.0   45.132   74.785    388.2    924.0
     1     1    21     2    18    23     0     1  -114.0   45.051   74.741    322.6    930.2
     1     1    21     2    18    22     0     2  -115.0   44.959   74.708    257.4    936.3
     1     1    21     2    18    21     0     3  -116.0   44.856   74.694    206.1    937.6
     1     1    21     2    18    20     0     2  -117.0   44.737   74.693    185.4    935.6
     1     1    21     2    18    19     0     1  -118.0   44.599   74.683    196.8    927.1
     1     1    21     2    18    18     0     0  -119.0   44.450   74.658    227.9    916.8
     1     1    21     2    18    17     0     1  -120.0   44.302   74.617    264.1    907.4
