     5     1
    GDAS    21     2     1     0     0
    GDAS    21     2     8     0     0
    GDAS    21     2    15     0     0
    GDAS    21     2    22     0     0
    GDAS    21     3     1     0     0
     1 BACKWARD OMEGA   
    21     2    27    17   37.820  111.540   500.0
     1 PRESSURE
     1     1    21     2    27    17     0     1     0.0   37.820  111.540    500.0    825.8
     1     1    21     2    27    16     0     2    -1.0   37.641  111.486    394.9    835.3
     1     1    21     2    27    15     0     3    -2.0   37.466  111.469    292.5    848.3
     1     1    21     2    27    14     0     2    -3.0   37.312  111.481    243.2    855.4
     1     1    21     2    27    13     0     1    -4.0   37.182  111.513    255.2    852.3
     1     1    21     2    27    12     0     0    -5.0   37.068  111.557    315.4    845.9
     1     1    21     2    27    11     0     1    -6.0   36.953  111.607    409.2    836.6
     1     1    21     2    27    10     0     2    -7.0   36.818  111.666    509.2    825.4
     1     1    21     2    27     9     0     3    -8.0   36.655  111.740    619.4    818.0
     1     1    21     2    27     8     0     2    -9.0   36.456  111.826    745.0    806.8
     1     1    21     2    27     7     0     1   -10.0   36.200  111.938    899.5    795.3
     1     1    21     2    27     6     0     0   -11.0   35.893  112.080   1044.1    785.4
     1     1    21     2    27     5     0     1   -12.0   35.586  112.242   1128.3    801.2
     1     1    21     2    27     4     0     2   -13.0   35.309  112.419   1174.8    827.1
     1     1    21     2    27     3     0     3   -14.0   35.068  112.620   1229.4    849.5
     1     1    21     2    27     2     0     2   -15.0   34.842  112.832   1279.9    854.7
     1     1    21     2    27     1     0     1   -16.0   34.616  113.044   1315.2    857.3
     1     1    21     2    27     0     0     0   -17.0   34.397  113.241   1358.7    853.8
     1     1    21     2    26    23     0     1   -18.0   34.211  113.408   1418.5    846.2
     1     1    21     2    26    22     0     2   -19.0   34.073  113.554   1451.1    840.5
     1     1    21     2    26    21     0     3   -20.0   33.976  113.694   1404.7    843.5
     1     1    21     2    26    20     0     2   -21.0   33.903  113.847   1306.5    860.7
     1     1    21     2    26    19     0     1   -22.0   33.835  114.018   1218.5    872.0
     1     1    21     2    26    18     0     0   -23.0   33.778  114.209   1140.7    881.9
     1     1    21     2    26    17     0     1   -24.0   33.733  114.428   1066.0    892.2
     1     1    21     2    26    16     0     2   -25.0   33.692  114.677    997.1    903.4
     1     1    21     2    26    15     0     3   -26.0   33.648  114.946    951.9    913.0
     1     1    21     2    26    14     0     2   -27.0   33.611  115.238    925.3    914.5
     1     1    21     2    26    13     0     1   -28.0   33.592  115.562    901.9    916.9
     1     1    21     2    26    12     0     0   -29.0   33.572  115.924    882.4    918.8
     1     1    21     2    26    11     0     1   -30.0   33.555  116.312    876.9    918.9
     1     1    21     2    26    10     0     2   -31.0   33.547  116.716    900.6    914.2
     1     1    21     2    26     9     0     3   -32.0   33.541  117.142    934.6    907.2
     1     1    21     2    26     8     0     2   -33.0   33.551  117.585    945.7    906.2
     1     1    21     2    26     7     0     1   -34.0   33.598  118.035    934.6    911.4
     1     1    21     2    26     6     0     0   -35.0   33.680  118.492    943.4    913.2
     1     1    21     2    26     5     0     1   -36.0   33.770  118.965    995.4    907.2
     1     1    21     2    26     4     0     2   -37.0   33.857  119.457   1096.9    897.1
     1     1    21     2    26     3     0     3   -38.0   33.961  119.961   1252.8    880.0
     1     1    21     2    26     2     0     2   -39.0   34.104  120.493   1333.8    856.5
     1     1    21     2    26     1     0     1   -40.0   34.291  121.050   1333.8    869.9
     1     1    21     2    26     0     0     0   -41.0   34.505  121.586   1391.8    863.5
     1     1    21     2    25    23     0     1   -42.0   34.736  122.064   1464.9    851.2
     1     1    21     2    25    22     0     2   -43.0   34.981  122.497   1530.7    846.3
     1     1    21     2    25    21     0     3   -44.0   35.239  122.891   1576.1    837.4
     1     1    21     2    25    20     0     2   -45.0   35.487  123.230   1595.6    838.0
     1     1    21     2    25    19     0     1   -46.0   35.709  123.525   1615.9    836.4
     1     1    21     2    25    18     0     0   -47.0   35.901  123.798   1636.2    833.4
     1     1    21     2    25    17     0     1   -48.0   36.072  124.082   1675.0    832.5
     1     1    21     2    25    16     0     2   -49.0   36.224  124.384   1744.7    824.4
     1     1    21     2    25    15     0     3   -50.0   36.358  124.699   1810.1    816.0
     1     1    21     2    25    14     0     2   -51.0   36.486  125.009   1864.8    811.7
     1     1    21     2    25    13     0     1   -52.0   36.622  125.279   1951.8    805.1
     1     1    21     2    25    12     0     0   -53.0   36.779  125.500   2081.9    789.9
     1     1    21     2    25    11     0     1   -54.0   36.953  125.678   2193.7    775.1
     1     1    21     2    25    10     0     2   -55.0   37.114  125.836   2252.6    770.0
     1     1    21     2    25     9     0     3   -56.0   37.249  125.992   2270.2    768.7
     1     1    21     2    25     8     0     2   -57.0   37.359  126.130   2338.7    770.2
     1     1    21     2    25     7     0     1   -58.0   37.471  126.191   2527.3    748.4
     1     1    21     2    25     6     0     0   -59.0   37.604  126.151   2780.9    721.8
     1     1    21     2    25     5     0     1   -60.0   37.767  125.993   3024.0    695.8
     1     1    21     2    25     4     0     2   -61.0   37.932  125.735   3238.7    680.0
     1     1    21     2    25     3     0     3   -62.0   38.062  125.365   3429.7    662.0
     1     1    21     2    25     2     0     2   -63.0   38.164  124.918   3594.7    648.4
     1     1    21     2    25     1     0     1   -64.0   38.253  124.441   3742.2    636.5
     1     1    21     2    25     0     0     0   -65.0   38.317  123.954   3864.1    625.1
     1     1    21     2    24    23     0     1   -66.0   38.364  123.458   3934.1    618.2
     1     1    21     2    24    22     0     2   -67.0   38.409  122.953   3946.8    618.4
     1     1    21     2    24    21     0     3   -68.0   38.443  122.450   3930.2    621.2
     1     1    21     2    24    20     0     2   -69.0   38.476  121.964   3900.0    623.9
     1     1    21     2    24    19     0     1   -70.0   38.515  121.510   3869.7    627.7
     1     1    21     2    24    18     0     0   -71.0   38.545  121.082   3841.5    629.3
     1     1    21     2    24    17     0     1   -72.0   38.583  120.667   3813.0    632.5
     1     1    21     2    24    16     0     2   -73.0   38.657  120.243   3782.4    634.8
     1     1    21     2    24    15     0     3   -74.0   38.775  119.820   3722.5    638.4
     1     1    21     2    24    14     0     2   -75.0   38.932  119.423   3649.4    647.4
     1     1    21     2    24    13     0     1   -76.0   39.104  119.034   3616.5    650.1
     1     1    21     2    24    12     0     0   -77.0   39.277  118.611   3623.9    647.0
     1     1    21     2    24    11     0     1   -78.0   39.455  118.154   3642.6    642.3
     1     1    21     2    24    10     0     2   -79.0   39.650  117.682   3618.8    641.3
     1     1    21     2    24     9     0     3   -80.0   39.846  117.216   3530.0    651.5
     1     1    21     2    24     8     0     2   -81.0   40.039  116.747   3443.1    654.8
     1     1    21     2    24     7     0     1   -82.0   40.259  116.203   3454.0    622.7
     1     1    21     2    24     6     0     0   -83.0   40.537  115.505   3614.0    569.1
     1     1    21     2    24     5     0     1   -84.0   40.870  114.629   3849.2    525.9
     1     1    21     2    24     4     0     2   -85.0   41.239  113.684   4026.2    505.6
     1     1    21     2    24     3     0     3   -86.0   41.599  112.687   4176.1    492.3
     1     1    21     2    24     2     0     2   -87.0   41.963  111.631   4361.1    482.7
     1     1    21     2    24     1     0     1   -88.0   42.343  110.556   4571.3    477.9
     1     1    21     2    24     0     0     0   -89.0   42.712  109.461   4699.1    470.0
     1     1    21     2    23    23     0     1   -90.0   43.068  108.347   4853.1    478.6
     1     1    21     2    23    22     0     2   -91.0   43.447  107.151   5018.7    450.1
     1     1    21     2    23    21     0     3   -92.0   43.835  105.813   5185.5    432.6
     1     1    21     2    23    20     0     2   -93.0   44.249  104.330   5430.2    414.5
     1     1    21     2    23    19     0     1   -94.0   44.657  102.783   5536.1    410.0
     1     1    21     2    23    18     0     0   -95.0   44.981  101.186   5517.4    404.1
     1     1    21     2    23    17     0     1   -96.0   45.288   99.454   5451.6    380.0
     1     1    21     2    23    16     0     2   -97.0   45.519   97.581   5577.4    371.8
     1     1    21     2    23    15     0     3   -98.0   45.644   95.763   5779.7    390.2
     1     1    21     2    23    14     0     2   -99.0   45.743   93.992   5463.8    367.6
     1     1    21     2    23    13     0     1  -100.0   45.813   92.198   5713.8    389.4
     1     1    21     2    23    12     0     0  -101.0   45.725   90.502   5731.4    405.4
     1     1    21     2    23    11     0     1  -102.0   45.559   89.038   5681.7    439.3
     1     1    21     2    23    10     0     2  -103.0   45.403   87.734   5676.9    450.6
     1     1    21     2    23     9     0     3  -104.0   45.228   86.496   5704.9    461.8
     1     1    21     2    23     8     0     2  -105.0   45.065   85.262   5707.9    464.9
     1     1    21     2    23     7     0     1  -106.0   44.891   84.110   5595.2    455.2
     1     1    21     2    23     6     0     0  -107.0   44.631   82.975   5422.6    437.9
     1     1    21     2    23     5     0     1  -108.0   44.364   81.732   5403.0    433.0
     1     1    21     2    23     4     0     2  -109.0   44.132   80.465   5488.4    447.3
     1     1    21     2    23     3     0     3  -110.0   43.901   79.264   5547.9    441.8
     1     1    21     2    23     2     0     2  -111.0   43.590   77.964   5366.6    397.1
     1     1    21     2    23     1     0     1  -112.0   43.109   76.374   5232.5    378.5
     1     1    21     2    23     0     0     0  -113.0   42.670   74.915   5427.0    413.0
     1     1    21     2    22    23     0     1  -114.0   42.106   73.352   5322.5    370.7
     1     1    21     2    22    22     0     2  -115.0   41.517   71.862   5227.4    408.4
     1     1    21     2    22    21     0     3  -116.0   40.990   70.618   5226.6    450.1
     1     1    21     2    22    20     0     2  -117.0   40.461   69.510   4980.4    476.3
     1     1    21     2    22    19     0     1  -118.0   39.949   68.533   4823.5    494.4
     1     1    21     2    22    18     0     0  -119.0   39.397   67.544   4480.6    470.5
     1     1    21     2    22    17     0     1  -120.0   38.959   66.634   4404.8    529.8
