     5     1
    GDAS    21     2     1     0     0
    GDAS    21     2     8     0     0
    GDAS    21     2    15     0     0
    GDAS    21     2    22     0     0
    GDAS    21     3     1     0     0
     1 BACKWARD OMEGA   
    21     2    13    11   37.820  111.540  1000.0
     1 PRESSURE
     1     1    21     2    13    11     0     1     0.0   37.820  111.540   1000.0    776.8
     1     1    21     2    13    10     0     2    -1.0   37.869  111.326    959.8    783.9
     1     1    21     2    13     9     0     3    -2.0   37.902  111.142    943.6    789.5
     1     1    21     2    13     8     0     2    -3.0   37.922  110.978    936.8    790.7
     1     1    21     2    13     7     0     1    -4.0   37.930  110.831    912.6    794.6
     1     1    21     2    13     6     0     0    -5.0   37.933  110.697    876.4    800.4
     1     1    21     2    13     5     0     1    -6.0   37.947  110.586    858.7    806.3
     1     1    21     2    13     4     0     2    -7.0   37.984  110.498    879.3    805.4
     1     1    21     2    13     3     0     3    -8.0   38.045  110.431    935.0    800.4
     1     1    21     2    13     2     0     2    -9.0   38.130  110.361    981.6    791.0
     1     1    21     2    13     1     0     1   -10.0   38.243  110.277    971.8    790.9
     1     1    21     2    13     0     0     0   -11.0   38.389  110.179    917.4    795.0
     1     1    21     2    12    23     0     1   -12.0   38.564  110.060    851.1    800.3
     1     1    21     2    12    22     0     2   -13.0   38.760  109.914    793.3    800.7
     1     1    21     2    12    21     0     3   -14.0   38.978  109.734    742.1    800.2
     1     1    21     2    12    20     0     2   -15.0   39.196  109.521    717.0    800.0
     1     1    21     2    12    19     0     1   -16.0   39.396  109.270    729.0    792.7
     1     1    21     2    12    18     0     0   -17.0   39.588  108.972    760.7    783.0
     1     1    21     2    12    17     0     1   -18.0   39.775  108.640    804.5    781.1
     1     1    21     2    12    16     0     2   -19.0   39.961  108.299    848.4    782.6
     1     1    21     2    12    15     0     3   -20.0   40.138  107.980    877.3    789.3
     1     1    21     2    12    14     0     2   -21.0   40.285  107.678    873.4    786.4
     1     1    21     2    12    13     0     1   -22.0   40.408  107.368    837.7    788.1
     1     1    21     2    12    12     0     0   -23.0   40.532  107.064    787.9    791.7
     1     1    21     2    12    11     0     1   -24.0   40.652  106.771    745.5    798.6
     1     1    21     2    12    10     0     2   -25.0   40.758  106.474    693.3    800.8
     1     1    21     2    12     9     0     3   -26.0   40.855  106.154    590.5    805.5
     1     1    21     2    12     8     0     2   -27.0   40.949  105.826    482.6    817.7
     1     1    21     2    12     7     0     1   -28.0   41.033  105.492    460.3    821.0
     1     1    21     2    12     6     0     0   -29.0   41.102  105.135    512.7    813.6
     1     1    21     2    12     5     0     1   -30.0   41.172  104.750    578.3    807.1
     1     1    21     2    12     4     0     2   -31.0   41.247  104.355    617.6    805.3
     1     1    21     2    12     3     0     3   -32.0   41.321  103.968    628.5    807.3
     1     1    21     2    12     2     0     2   -33.0   41.397  103.573    627.8    806.2
     1     1    21     2    12     1     0     1   -34.0   41.484  103.157    604.3    804.5
     1     1    21     2    12     0     0     0   -35.0   41.593  102.740    533.0    818.2
     1     1    21     2    11    23     0     1   -36.0   41.737  102.323    453.3    843.4
     1     1    21     2    11    22     0     2   -37.0   41.894  101.935    407.1    859.5
     1     1    21     2    11    21     0     3   -38.0   42.043  101.599    405.8    861.6
     1     1    21     2    11    20     0     2   -39.0   42.175  101.276    430.0    849.1
     1     1    21     2    11    19     0     1   -40.0   42.300  100.931    414.1    841.1
     1     1    21     2    11    18     0     0   -41.0   42.440  100.563    369.1    844.0
     1     1    21     2    11    17     0     1   -42.0   42.619  100.167    391.6    842.7
     1     1    21     2    11    16     0     2   -43.0   42.861   99.612    530.3    814.4
     1     1    21     2    11    15     0     3   -44.0   43.085   98.869    648.1    788.2
     1     1    21     2    11    14     0     2   -45.0   43.270   98.166    693.2    781.6
     1     1    21     2    11    13     0     1   -46.0   43.423   97.508    777.3    780.0
     1     1    21     2    11    12     0     0   -47.0   43.571   96.799    850.3    781.9
     1     1    21     2    11    11     0     1   -48.0   43.723   96.066    862.2    801.7
     1     1    21     2    11    10     0     2   -49.0   43.878   95.414    818.7    829.1
     1     1    21     2    11     9     0     3   -50.0   44.064   94.848    761.6    854.1
     1     1    21     2    11     8     0     2   -51.0   44.258   94.304    686.4    819.6
     1     1    21     2    11     7     0     1   -52.0   44.440   93.811    584.0    812.6
     1     1    21     2    11     6     0     0   -53.0   44.590   93.384    575.3    801.3
     1     1    21     2    11     5     0     1   -54.0   44.712   92.961    656.2    781.6
     1     1    21     2    11     4     0     2   -55.0   44.849   92.506    737.4    775.7
     1     1    21     2    11     3     0     3   -56.0   45.002   92.063    779.1    784.9
     1     1    21     2    11     2     0     2   -57.0   45.161   91.603    806.5    778.3
     1     1    21     2    11     1     0     1   -58.0   45.331   91.071    866.8    764.9
     1     1    21     2    11     0     0     0   -59.0   45.495   90.557    952.8    773.2
     1     1    21     2    10    23     0     1   -60.0   45.639   90.113   1023.3    785.2
     1     1    21     2    10    22     0     2   -61.0   45.769   89.723   1074.5    792.1
     1     1    21     2    10    21     0     3   -62.0   45.893   89.381   1112.3    797.0
     1     1    21     2    10    20     0     2   -63.0   46.004   89.064   1134.6    801.3
     1     1    21     2    10    19     0     1   -64.0   46.086   88.742   1134.3    806.3
     1     1    21     2    10    18     0     0   -65.0   46.140   88.407   1111.0    813.8
     1     1    21     2    10    17     0     1   -66.0   46.160   88.083   1077.9    823.5
     1     1    21     2    10    16     0     2   -67.0   46.145   87.772   1053.2    831.4
     1     1    21     2    10    15     0     3   -68.0   46.107   87.454   1052.8    837.7
     1     1    21     2    10    14     0     2   -69.0   46.072   87.123   1082.6    840.5
     1     1    21     2    10    13     0     1   -70.0   46.056   86.794   1118.4    839.0
     1     1    21     2    10    12     0     0   -71.0   46.057   86.477   1143.8    838.0
     1     1    21     2    10    11     0     1   -72.0   46.066   86.148   1165.8    836.9
     1     1    21     2    10    10     0     2   -73.0   46.070   85.790   1192.9    826.4
     1     1    21     2    10     9     0     3   -74.0   46.051   85.409   1217.7    810.4
     1     1    21     2    10     8     0     2   -75.0   46.013   85.014   1217.8    799.5
     1     1    21     2    10     7     0     1   -76.0   45.981   84.557   1141.7    778.1
     1     1    21     2    10     6     0     0   -77.0   45.944   84.036    932.3    767.0
     1     1    21     2    10     5     0     1   -78.0   45.921   83.547    846.7    789.1
     1     1    21     2    10     4     0     2   -79.0   45.891   82.916    929.7    766.2
     1     1    21     2    10     3     0     3   -80.0   45.865   82.453   1004.3    808.4
     1     1    21     2    10     2     0     2   -81.0   45.868   82.143   1004.4    838.7
     1     1    21     2    10     1     0     1   -82.0   45.900   81.896    924.2    862.5
     1     1    21     2    10     0     0     0   -83.0   45.927   81.626    837.6    864.3
     1     1    21     2     9    23     0     1   -84.0   45.876   81.267    812.6    840.5
     1     1    21     2     9    22     0     2   -85.0   45.757   80.854    784.2    809.3
     1     1    21     2     9    21     0     3   -86.0   45.661   80.392    741.0    794.5
     1     1    21     2     9    20     0     2   -87.0   45.616   79.839    717.6    786.7
     1     1    21     2     9    19     0     1   -88.0   45.542   79.250    758.6    800.6
     1     1    21     2     9    18     0     0   -89.0   45.398   78.690    867.1    808.1
     1     1    21     2     9    17     0     1   -90.0   45.245   78.169    951.6    834.0
     1     1    21     2     9    16     0     2   -91.0   45.131   77.696    978.8    857.5
     1     1    21     2     9    15     0     3   -92.0   45.052   77.255   1023.8    858.0
     1     1    21     2     9    14     0     2   -93.0   45.012   76.788   1134.9    847.4
     1     1    21     2     9    13     0     1   -94.0   45.027   76.186   1240.1    826.8
     1     1    21     2     9    12     0     0   -95.0   45.089   75.476   1290.9    827.7
     1     1    21     2     9    11     0     1   -96.0   45.166   74.696   1325.6    826.5
     1     1    21     2     9    10     0     2   -97.0   45.233   73.860   1324.6    824.6
     1     1    21     2     9     9     0     3   -98.0   45.247   72.934   1295.2    818.5
     1     1    21     2     9     8     0     2   -99.0   45.226   71.994   1294.1    832.5
     1     1    21     2     9     7     0     1  -100.0   45.190   71.097   1307.8    832.6
     1     1    21     2     9     6     0     0  -101.0   45.137   70.229   1334.7    836.2
     1     1    21     2     9     5     0     1  -102.0   45.083   69.395   1353.3    836.1
     1     1    21     2     9     4     0     2  -103.0   45.025   68.596   1325.2    842.1
     1     1    21     2     9     3     0     3  -104.0   44.958   67.842   1222.3    856.1
     1     1    21     2     9     2     0     2  -105.0   44.904   67.137   1127.2    869.8
     1     1    21     2     9     1     0     1  -106.0   44.870   66.463   1095.0    877.0
     1     1    21     2     9     0     0     0  -107.0   44.853   65.773   1129.4    874.5
     1     1    21     2     8    23     0     1  -108.0   44.842   65.080   1221.4    866.5
     1     1    21     2     8    22     0     2  -109.0   44.833   64.389   1298.1    852.8
     1     1    21     2     8    21     0     3  -110.0   44.807   63.694   1323.9    852.4
     1     1    21     2     8    20     0     2  -111.0   44.772   62.999   1333.3    852.9
     1     1    21     2     8    19     0     1  -112.0   44.745   62.315   1352.5    852.2
     1     1    21     2     8    18     0     0  -113.0   44.734   61.661   1382.8    849.7
     1     1    21     2     8    17     0     1  -114.0   44.745   61.042   1385.4    851.0
     1     1    21     2     8    16     0     2  -115.0   44.769   60.441   1361.2    858.8
     1     1    21     2     8    15     0     3  -116.0   44.788   59.824   1344.8    861.3
     1     1    21     2     8    14     0     2  -117.0   44.810   59.206   1329.9    862.0
     1     1    21     2     8    13     0     1  -118.0   44.845   58.574   1315.0    854.6
     1     1    21     2     8    12     0     0  -119.0   44.890   57.890   1301.0    841.9
     1     1    21     2     8    11     0     1  -120.0   44.947   57.215   1315.4    847.2
