     5     1
    GDAS    21     2     1     0     0
    GDAS    21     2     8     0     0
    GDAS    21     2    15     0     0
    GDAS    21     2    22     0     0
    GDAS    21     3     1     0     0
     1 BACKWARD OMEGA   
    21     2    25    11   37.820  111.540   500.0
     1 PRESSURE
     1     1    21     2    25    11     0     1     0.0   37.820  111.540    500.0    827.7
     1     1    21     2    25    10     0     2    -1.0   37.772  111.653    490.8    826.8
     1     1    21     2    25     9     0     3    -2.0   37.730  111.761    472.7    828.0
     1     1    21     2    25     8     0     2    -3.0   37.698  111.865    432.8    830.4
     1     1    21     2    25     7     0     1    -4.0   37.682  111.960    362.2    838.0
     1     1    21     2    25     6     0     0    -5.0   37.676  112.039    285.1    847.3
     1     1    21     2    25     5     0     1    -6.0   37.678  112.109    229.4    855.3
     1     1    21     2    25     4     0     2    -7.0   37.687  112.182    204.2    857.7
     1     1    21     2    25     3     0     3    -8.0   37.707  112.260    202.8    857.9
     1     1    21     2    25     2     0     2    -9.0   37.736  112.343    211.4    855.5
     1     1    21     2    25     1     0     1   -10.0   37.774  112.434    219.3    854.6
     1     1    21     2    25     0     0     0   -11.0   37.824  112.537    231.1    853.2
     1     1    21     2    24    23     0     1   -12.0   37.880  112.638    253.4    850.7
     1     1    21     2    24    22     0     2   -13.0   37.934  112.720    286.9    846.0
     1     1    21     2    24    21     0     3   -14.0   37.981  112.775    326.0    840.8
     1     1    21     2    24    20     0     2   -15.0   38.024  112.816    357.0    836.3
     1     1    21     2    24    19     0     1   -16.0   38.070  112.854    371.8    835.0
     1     1    21     2    24    18     0     0   -17.0   38.116  112.889    372.5    835.3
     1     1    21     2    24    17     0     1   -18.0   38.158  112.934    378.0    836.8
     1     1    21     2    24    16     0     2   -19.0   38.196  113.009    409.1    835.4
     1     1    21     2    24    15     0     3   -20.0   38.225  113.111    463.1    836.5
     1     1    21     2    24    14     0     2   -21.0   38.251  113.216    522.5    836.0
     1     1    21     2    24    13     0     1   -22.0   38.282  113.299    577.5    835.6
     1     1    21     2    24    12     0     0   -23.0   38.316  113.362    630.6    833.7
     1     1    21     2    24    11     0     1   -24.0   38.343  113.422    664.5    831.3
     1     1    21     2    24    10     0     2   -25.0   38.355  113.494    660.9    836.1
     1     1    21     2    24     9     0     3   -26.0   38.351  113.580    616.7    846.3
     1     1    21     2    24     8     0     2   -27.0   38.340  113.677    539.4    862.3
     1     1    21     2    24     7     0     1   -28.0   38.332  113.782    433.9    880.3
     1     1    21     2    24     6     0     0   -29.0   38.327  113.896    280.4    904.3
     1     1    21     2    24     5     0     1   -30.0   38.326  114.009    118.1    936.9
     1     1    21     2    24     4     0     2   -31.0   38.331  114.107     29.3    952.7
     1     1    21     2    24     3     0     3   -32.0   38.344  114.189      7.2    958.4
     1     1    21     2    24     2     0     2   -33.0   38.362  114.255      1.8    961.7
     1     1    21     2    24     1     0     1   -34.0   38.382  114.303      0.0    963.7
     1     1    21     2    24     0     0     0   -35.0   38.406  114.335      0.0    964.7
     1     1    21     2    23    23     0     1   -36.0   38.430  114.363      0.0    965.1
     1     1    21     2    23    22     0     2   -37.0   38.453  114.395      0.0    966.0
     1     1    21     2    23    21     0     3   -38.0   38.475  114.435      0.0    967.3
     1     1    21     2    23    20     0     2   -39.0   38.495  114.482      0.0    969.6
     1     1    21     2    23    19     0     1   -40.0   38.515  114.538      0.0    972.5
     1     1    21     2    23    18     0     0   -41.0   38.535  114.603      0.0    975.9
     1     1    21     2    23    17     0     1   -42.0   38.557  114.677      0.0    979.8
     1     1    21     2    23    16     0     2   -43.0   38.580  114.765      0.0    984.5
     1     1    21     2    23    15     0     3   -44.0   38.606  114.868      0.0    990.2
     1     1    21     2    23    14     0     2   -45.0   38.643  114.978      0.0    995.7
     1     1    21     2    23    13     0     1   -46.0   38.694  115.084      0.0    997.8
     1     1    21     2    23    12     0     0   -47.0   38.752  115.195      0.0    999.3
     1     1    21     2    23    11     0     1   -48.0   38.798  115.319      0.0   1001.7
     1     1    21     2    23    10     0     2   -49.0   38.814  115.461      0.0   1005.8
     1     1    21     2    23     9     0     3   -50.0   38.797  115.618      0.0   1011.0
     1     1    21     2    23     8     0     2   -51.0   38.759  115.792      0.0   1017.4
     1     1    21     2    23     7     0     1   -52.0   38.710  115.982      0.0   1024.2
     1     1    21     2    23     6     0     0   -53.0   38.649  116.185      0.0   1025.4
     1     1    21     2    23     5     0     1   -54.0   38.583  116.395      0.0   1026.1
     1     1    21     2    23     4     0     2   -55.0   38.514  116.611      0.0   1026.9
     1     1    21     2    23     3     0     3   -56.0   38.441  116.835      0.0   1027.7
     1     1    21     2    23     2     0     2   -57.0   38.372  117.069      0.0   1028.3
     1     1    21     2    23     1     0     1   -58.0   38.310  117.320      0.0   1028.8
     1     1    21     2    23     0     0     0   -59.0   38.254  117.587      0.0   1029.0
     1     1    21     2    22    23     0     1   -60.0   38.200  117.862      0.2   1029.1
     1     1    21     2    22    22     0     2   -61.0   38.148  118.128      0.6   1029.4
     1     1    21     2    22    21     0     3   -62.0   38.107  118.375      1.0   1030.4
     1     1    21     2    22    20     0     2   -63.0   38.078  118.606      1.3   1031.3
     1     1    21     2    22    19     0     1   -64.0   38.061  118.831      1.3   1031.8
     1     1    21     2    22    18     0     0   -65.0   38.060  119.054      1.3   1031.7
     1     1    21     2    22    17     0     1   -66.0   38.080  119.275      1.5   1031.6
     1     1    21     2    22    16     0     2   -67.0   38.128  119.495      1.8   1031.5
     1     1    21     2    22    15     0     3   -68.0   38.208  119.714      2.3   1031.4
     1     1    21     2    22    14     0     2   -69.0   38.313  119.944      2.6   1029.9
     1     1    21     2    22    13     0     1   -70.0   38.434  120.178      2.7   1028.4
     1     1    21     2    22    12     0     0   -71.0   38.568  120.401      2.6   1026.8
     1     1    21     2    22    11     0     1   -72.0   38.728  120.619      2.8   1026.9
     1     1    21     2    22    10     0     2   -73.0   38.937  120.835      3.6   1027.0
     1     1    21     2    22     9     0     3   -74.0   39.203  121.042      4.5   1027.1
     1     1    21     2    22     8     0     2   -75.0   39.494  121.230      5.3   1025.6
     1     1    21     2    22     7     0     1   -76.0   39.775  121.388      4.9   1023.0
     1     1    21     2    22     6     0     0   -77.0   40.046  121.508      1.9   1020.2
     1     1    21     2    22     5     0     1   -78.0   40.329  121.581      0.0   1020.5
     1     1    21     2    22     4     0     2   -79.0   40.630  121.610      0.0   1021.8
     1     1    21     2    22     3     0     3   -80.0   40.920  121.606      0.7   1023.1
     1     1    21     2    22     2     0     2   -81.0   41.191  121.588      3.8   1019.0
     1     1    21     2    22     1     0     1   -82.0   41.449  121.574      8.9   1013.3
     1     1    21     2    22     0     0     0   -83.0   41.699  121.572     15.8   1006.7
     1     1    21     2    21    23     0     1   -84.0   41.953  121.565     28.3    998.2
     1     1    21     2    21    22     0     2   -85.0   42.216  121.518     45.3    990.4
     1     1    21     2    21    21     0     3   -86.0   42.486  121.426     57.5    983.1
     1     1    21     2    21    20     0     2   -87.0   42.763  121.301     63.0    977.6
     1     1    21     2    21    19     0     1   -88.0   43.053  121.157     66.9    973.8
     1     1    21     2    21    18     0     0   -89.0   43.331  120.992     80.0    973.6
     1     1    21     2    21    17     0     1   -90.0   43.585  120.792    105.1    966.8
     1     1    21     2    21    16     0     2   -91.0   43.811  120.572    136.5    959.6
     1     1    21     2    21    15     0     3   -92.0   44.023  120.344    191.3    946.8
     1     1    21     2    21    14     0     2   -93.0   44.291  120.042    315.8    916.8
     1     1    21     2    21    13     0     1   -94.0   44.710  119.511    552.5    848.8
     1     1    21     2    21    12     0     0   -95.0   45.144  118.845    708.6    802.3
     1     1    21     2    21    11     0     1   -96.0   45.553  118.247    772.9    815.4
     1     1    21     2    21    10     0     2   -97.0   45.985  117.664    852.2    803.9
     1     1    21     2    21     9     0     3   -98.0   46.376  117.076    852.4    808.6
     1     1    21     2    21     8     0     2   -99.0   46.721  116.563    749.5    838.2
     1     1    21     2    21     7     0     1  -100.0   47.031  116.124    583.4    862.9
     1     1    21     2    21     6     0     0  -101.0   47.313  115.737    437.2    881.1
     1     1    21     2    21     5     0     1  -102.0   47.632  115.351    389.3    879.3
     1     1    21     2    21     4     0     2  -103.0   47.976  114.957    383.7    873.5
     1     1    21     2    21     3     0     3  -104.0   48.323  114.548    372.8    875.7
     1     1    21     2    21     2     0     2  -105.0   48.698  114.103    402.8    866.5
     1     1    21     2    21     1     0     1  -106.0   49.104  113.623    494.1    845.2
     1     1    21     2    21     0     0     0  -107.0   49.559  113.047    631.0    822.5
     1     1    21     2    20    23     0     1  -108.0   50.075  112.300    791.3    782.4
     1     1    21     2    20    22     0     2  -109.0   50.616  111.389    875.3    768.5
     1     1    21     2    20    21     0     3  -110.0   51.095  110.444    926.4    779.8
     1     1    21     2    20    20     0     2  -111.0   51.632  109.528   1016.8    788.6
     1     1    21     2    20    19     0     1  -112.0   52.095  108.692    901.7    826.0
     1     1    21     2    20    18     0     0  -113.0   52.598  107.855   1293.4    792.5
     1     1    21     2    20    17     0     1  -114.0   53.145  106.769   1897.0    731.5
     1     1    21     2    20    16     0     2  -115.0   53.642  105.385   2162.4    682.5
     1     1    21     2    20    15     0     3  -116.0   54.081  103.986   2350.7    674.3
     1     1    21     2    20    14     0     2  -117.0   54.500  102.595   2403.3    688.6
     1     1    21     2    20    13     0     1  -118.0   54.934  101.195   2411.9    690.4
     1     1    21     2    20    12     0     0  -119.0   55.367   99.780   2473.8    685.4
     1     1    21     2    20    11     0     1  -120.0   55.744   98.351   2456.6    694.1
