     5     1
    GDAS    21     2     1     0     0
    GDAS    21     2     8     0     0
    GDAS    21     2    15     0     0
    GDAS    21     2    22     0     0
    GDAS    21     3     1     0     0
     1 BACKWARD OMEGA   
    21     2     1    11   37.820  111.540   500.0
     1 PRESSURE
     1     1    21     2     1    11     0     1     0.0   37.820  111.540    500.0    828.9
     1     1    21     2     1    10     0     2    -1.0   38.132  111.334    650.8    821.7
     1     1    21     2     1     9     0     3    -2.0   38.444  111.148    784.6    803.5
     1     1    21     2     1     8     0     2    -3.0   38.735  110.980    819.4    809.9
     1     1    21     2     1     7     0     1    -4.0   39.010  110.812    797.4    814.6
     1     1    21     2     1     6     0     0    -5.0   39.287  110.596    793.1    807.1
     1     1    21     2     1     5     0     1    -6.0   39.561  110.328    810.0    790.3
     1     1    21     2     1     4     0     2    -7.0   39.824  110.038    826.5    780.8
     1     1    21     2     1     3     0     3    -8.0   40.096  109.721    870.5    771.2
     1     1    21     2     1     2     0     2    -9.0   40.384  109.383    866.7    767.4
     1     1    21     2     1     1     0     1   -10.0   40.672  109.125    728.5    794.6
     1     1    21     2     1     0     0     0   -11.0   40.968  108.996    500.8    839.2
