     5     1
    GDAS    21     2     1     0     0
    GDAS    21     2     8     0     0
    GDAS    21     2    15     0     0
    GDAS    21     2    22     0     0
    GDAS    21     3     1     0     0
     1 BACKWARD OMEGA   
    21     2     9    17   37.820  111.540  1500.0
     1 PRESSURE
     1     1    21     2     9    17     0     1     0.0   37.820  111.540   1500.0    731.1
     1     1    21     2     9    16     0     2    -1.0   38.042  111.293   1513.8    735.4
     1     1    21     2     9    15     0     3    -2.0   38.268  111.030   1552.8    740.0
     1     1    21     2     9    14     0     2    -3.0   38.491  110.754   1605.1    735.2
     1     1    21     2     9    13     0     1    -4.0   38.723  110.458   1667.4    725.7
     1     1    21     2     9    12     0     0    -5.0   38.996  110.108   1760.9    708.9
     1     1    21     2     9    11     0     1    -6.0   39.292  109.692   1879.9    686.3
     1     1    21     2     9    10     0     2    -7.0   39.561  109.232   1977.3    670.0
     1     1    21     2     9     9     0     3    -8.0   39.813  108.719   2054.9    660.9
     1     1    21     2     9     8     0     2    -9.0   40.058  108.196   2108.5    667.3
     1     1    21     2     9     7     0     1   -10.0   40.293  107.711   2118.2    670.5
     1     1    21     2     9     6     0     0   -11.0   40.508  107.244   2082.1    670.3
     1     1    21     2     9     5     0     1   -12.0   40.708  106.801   2036.1    677.7
     1     1    21     2     9     4     0     2   -13.0   40.912  106.393   1983.5    678.5
     1     1    21     2     9     3     0     3   -14.0   41.110  106.003   1897.7    681.2
     1     1    21     2     9     2     0     2   -15.0   41.302  105.634   1841.6    696.7
     1     1    21     2     9     1     0     1   -16.0   41.502  105.284   1839.5    696.7
     1     1    21     2     9     0     0     0   -17.0   41.699  104.943   1858.7    694.6
     1     1    21     2     8    23     0     1   -18.0   41.896  104.597   1890.0    694.9
     1     1    21     2     8    22     0     2   -19.0   42.104  104.235   1907.4    690.2
     1     1    21     2     8    21     0     3   -20.0   42.320  103.861   1903.3    686.0
     1     1    21     2     8    20     0     2   -21.0   42.534  103.483   1913.6    685.1
     1     1    21     2     8    19     0     1   -22.0   42.743  103.108   1946.3    681.9
     1     1    21     2     8    18     0     0   -23.0   42.947  102.731   1967.0    670.6
     1     1    21     2     8    17     0     1   -24.0   43.157  102.348   1971.3    660.2
     1     1    21     2     8    16     0     2   -25.0   43.365  101.969   1978.5    663.3
     1     1    21     2     8    15     0     3   -26.0   43.559  101.610   2005.2    672.3
     1     1    21     2     8    14     0     2   -27.0   43.746  101.268   2047.1    675.7
     1     1    21     2     8    13     0     1   -28.0   43.935  100.943   2108.1    676.8
     1     1    21     2     8    12     0     0   -29.0   44.129  100.646   2164.0    664.7
     1     1    21     2     8    11     0     1   -30.0   44.334  100.345   2185.7    648.0
     1     1    21     2     8    10     0     2   -31.0   44.560  100.019   2189.1    627.1
     1     1    21     2     8     9     0     3   -32.0   44.823   99.679   2252.1    606.2
     1     1    21     2     8     8     0     2   -33.0   45.111   99.321   2381.3    583.5
     1     1    21     2     8     7     0     1   -34.0   45.391   98.963   2519.7    579.9
     1     1    21     2     8     6     0     0   -35.0   45.662   98.633   2628.4    574.5
     1     1    21     2     8     5     0     1   -36.0   45.922   98.320   2701.6    575.8
     1     1    21     2     8     4     0     2   -37.0   46.175   98.001   2703.6    566.5
     1     1    21     2     8     3     0     3   -38.0   46.440   97.697   2706.3    551.5
     1     1    21     2     8     2     0     2   -39.0   46.710   97.402   2744.0    535.5
     1     1    21     2     8     1     0     1   -40.0   46.983   97.088   2794.5    527.2
     1     1    21     2     8     0     0     0   -41.0   47.279   96.752   2860.8    533.1
     1     1    21     2     7    23     0     1   -42.0   47.569   96.400   2930.1    540.7
     1     1    21     2     7    22     0     2   -43.0   47.824   96.031   3027.5    544.4
     1     1    21     2     7    21     0     3   -44.0   48.056   95.636   3122.2    536.0
     1     1    21     2     7    20     0     2   -45.0   48.273   95.212   3220.2    537.5
     1     1    21     2     7    19     0     1   -46.0   48.489   94.771   3310.7    544.8
     1     1    21     2     7    18     0     0   -47.0   48.719   94.337   3359.1    552.4
     1     1    21     2     7    17     0     1   -48.0   48.941   93.907   3386.9    558.8
     1     1    21     2     7    16     0     2   -49.0   49.129   93.444   3445.4    563.7
     1     1    21     2     7    15     0     3   -50.0   49.321   92.928   3519.8    567.9
     1     1    21     2     7    14     0     2   -51.0   49.517   92.369   3465.3    554.0
     1     1    21     2     7    13     0     1   -52.0   49.687   91.776   3300.6    557.1
     1     1    21     2     7    12     0     0   -53.0   49.847   91.133   3087.4    538.2
     1     1    21     2     7    11     0     1   -54.0   49.970   90.435   3029.9    533.1
     1     1    21     2     7    10     0     2   -55.0   50.026   89.662   3085.0    515.3
     1     1    21     2     7     9     0     3   -56.0   50.062   88.823   3009.9    521.0
     1     1    21     2     7     8     0     2   -57.0   50.024   87.922   2772.1    520.8
     1     1    21     2     7     7     0     1   -58.0   49.887   86.989   2601.2    547.0
     1     1    21     2     7     6     0     0   -59.0   49.668   86.019   2573.0    565.0
     1     1    21     2     7     5     0     1   -60.0   49.408   85.039   2695.1    575.5
     1     1    21     2     7     4     0     2   -61.0   49.162   84.214   2783.3    616.2
     1     1    21     2     7     3     0     3   -62.0   48.896   83.510   2769.6    650.4
     1     1    21     2     7     2     0     2   -63.0   48.602   82.766   2731.2    658.3
     1     1    21     2     7     1     0     1   -64.0   48.332   81.992   2543.7    674.4
     1     1    21     2     7     0     0     0   -65.0   48.064   81.270   2333.1    685.6
     1     1    21     2     6    23     0     1   -66.0   47.742   80.615   2212.1    711.3
     1     1    21     2     6    22     0     2   -67.0   47.407   79.936   2168.9    724.1
     1     1    21     2     6    21     0     3   -68.0   47.108   79.319   2305.9    738.7
     1     1    21     2     6    20     0     2   -69.0   46.850   78.795   2576.2    696.8
     1     1    21     2     6    19     0     1   -70.0   46.638   78.187   2654.3    675.4
     1     1    21     2     6    18     0     0   -71.0   46.486   77.574   2536.9    700.1
     1     1    21     2     6    17     0     1   -72.0   46.344   77.041   2390.3    718.0
     1     1    21     2     6    16     0     2   -73.0   46.209   76.539   2258.7    735.1
     1     1    21     2     6    15     0     3   -74.0   46.128   76.011   2205.1    747.1
     1     1    21     2     6    14     0     2   -75.0   46.063   75.422   2191.1    741.6
     1     1    21     2     6    13     0     1   -76.0   45.973   74.795   2184.8    744.9
     1     1    21     2     6    12     0     0   -77.0   45.888   74.141   2171.5    742.4
     1     1    21     2     6    11     0     1   -78.0   45.774   73.488   2135.1    744.4
     1     1    21     2     6    10     0     2   -79.0   45.619   72.826   2120.2    742.9
     1     1    21     2     6     9     0     3   -80.0   45.422   72.155   2110.9    746.1
     1     1    21     2     6     8     0     2   -81.0   45.184   71.509   2061.1    756.1
     1     1    21     2     6     7     0     1   -82.0   44.913   70.890   1982.4    768.8
     1     1    21     2     6     6     0     0   -83.0   44.615   70.314   1932.4    777.5
     1     1    21     2     6     5     0     1   -84.0   44.316   69.769   1834.8    773.4
     1     1    21     2     6     4     0     2   -85.0   44.000   69.237   1477.2    794.6
     1     1    21     2     6     3     0     3   -86.0   43.621   68.793   1253.3    856.4
     1     1    21     2     6     2     0     2   -87.0   43.253   68.418   1205.0    848.4
     1     1    21     2     6     1     0     1   -88.0   42.915   68.093   1178.0    852.8
     1     1    21     2     6     0     0     0   -89.0   42.598   67.807   1119.3    865.0
     1     1    21     2     5    23     0     1   -90.0   42.302   67.535   1061.9    869.5
     1     1    21     2     5    22     0     2   -91.0   42.014   67.275    997.2    876.6
     1     1    21     2     5    21     0     3   -92.0   41.745   67.036    959.6    882.3
     1     1    21     2     5    20     0     2   -93.0   41.484   66.813    932.4    879.6
     1     1    21     2     5    19     0     1   -94.0   41.215   66.610    890.1    881.9
     1     1    21     2     5    18     0     0   -95.0   40.925   66.407    820.1    885.1
     1     1    21     2     5    17     0     1   -96.0   40.627   66.201    703.7    889.7
     1     1    21     2     5    16     0     2   -97.0   40.344   66.028    557.6    903.4
     1     1    21     2     5    15     0     3   -98.0   40.081   65.877    431.1    918.2
     1     1    21     2     5    14     0     2   -99.0   39.815   65.756    362.5    928.8
     1     1    21     2     5    13     0     1  -100.0   39.534   65.684    346.6    930.7
     1     1    21     2     5    12     0     0  -101.0   39.244   65.631    340.4    932.0
     1     1    21     2     5    11     0     1  -102.0   38.943   65.578    322.9    936.7
     1     1    21     2     5    10     0     2  -103.0   38.634   65.566    320.3    937.9
     1     1    21     2     5     9     0     3  -104.0   38.334   65.618    353.1    930.3
     1     1    21     2     5     8     0     2  -105.0   38.044   65.733    436.2    916.1
     1     1    21     2     5     7     0     1  -106.0   37.794   65.895    563.7    898.4
     1     1    21     2     5     6     0     0  -107.0   37.602   66.071    682.9    884.8
     1     1    21     2     5     5     0     1  -108.0   37.460   66.245    757.5    878.2
     1     1    21     2     5     4     0     2  -109.0   37.353   66.414    792.3    878.5
     1     1    21     2     5     3     0     3  -110.0   37.264   66.580    806.5    880.9
     1     1    21     2     5     2     0     2  -111.0   37.189   66.749    810.4    883.8
     1     1    21     2     5     1     0     1  -112.0   37.131   66.927    807.2    887.1
     1     1    21     2     5     0     0     0  -113.0   37.093   67.106    805.8    889.8
     1     1    21     2     4    23     0     1  -114.0   37.069   67.284    812.8    889.8
     1     1    21     2     4    22     0     2  -115.0   37.049   67.469    825.8    888.5
     1     1    21     2     4    21     0     3  -116.0   37.029   67.661    839.7    886.8
     1     1    21     2     4    20     0     2  -117.0   37.007   67.854    858.6    885.6
     1     1    21     2     4    19     0     1  -118.0   36.983   68.036    887.4    878.7
     1     1    21     2     4    18     0     0  -119.0   36.954   68.197    920.2    867.2
     1     1    21     2     4    17     0     1  -120.0   36.919   68.335    951.1    856.8
