     5     1
    GDAS    21     2     1     0     0
    GDAS    21     2     8     0     0
    GDAS    21     2    15     0     0
    GDAS    21     2    22     0     0
    GDAS    21     3     1     0     0
     1 BACKWARD OMEGA   
    21     2    17    17   37.820  111.540  1500.0
     1 PRESSURE
     1     1    21     2    17    17     0     1     0.0   37.820  111.540   1500.0    734.1
     1     1    21     2    17    16     0     2    -1.0   38.067  111.298   1577.9    730.2
     1     1    21     2    17    15     0     3    -2.0   38.314  111.054   1632.7    732.3
     1     1    21     2    17    14     0     2    -3.0   38.551  110.807   1653.7    733.0
     1     1    21     2    17    13     0     1    -4.0   38.780  110.553   1646.4    730.9
     1     1    21     2    17    12     0     0    -5.0   39.004  110.295   1618.6    727.0
     1     1    21     2    17    11     0     1    -6.0   39.226  110.040   1585.4    722.0
     1     1    21     2    17    10     0     2    -7.0   39.456  109.784   1569.8    718.1
     1     1    21     2    17     9     0     3    -8.0   39.705  109.514   1577.5    711.3
     1     1    21     2    17     8     0     2    -9.0   39.977  109.233   1604.3    700.9
     1     1    21     2    17     7     0     1   -10.0   40.257  108.946   1639.8    704.5
     1     1    21     2    17     6     0     0   -11.0   40.519  108.662   1661.3    716.2
     1     1    21     2    17     5     0     1   -12.0   40.762  108.389   1665.8    725.8
     1     1    21     2    17     4     0     2   -13.0   41.001  108.137   1656.4    733.0
     1     1    21     2    17     3     0     3   -14.0   41.252  107.898   1634.0    729.4
     1     1    21     2    17     2     0     2   -15.0   41.517  107.649   1610.9    724.7
     1     1    21     2    17     1     0     1   -16.0   41.786  107.383   1584.6    724.9
     1     1    21     2    17     0     0     0   -17.0   42.053  107.105   1565.5    728.3
     1     1    21     2    16    23     0     1   -18.0   42.317  106.811   1557.9    731.7
     1     1    21     2    16    22     0     2   -19.0   42.586  106.503   1576.5    729.7
     1     1    21     2    16    21     0     3   -20.0   42.873  106.196   1622.1    717.4
     1     1    21     2    16    20     0     2   -21.0   43.179  105.891   1666.5    702.6
     1     1    21     2    16    19     0     1   -22.0   43.494  105.581   1697.0    692.4
     1     1    21     2    16    18     0     0   -23.0   43.821  105.267   1724.4    686.7
     1     1    21     2    16    17     0     1   -24.0   44.154  104.948   1759.2    685.0
     1     1    21     2    16    16     0     2   -25.0   44.480  104.629   1783.4    690.2
     1     1    21     2    16    15     0     3   -26.0   44.800  104.323   1784.4    700.5
     1     1    21     2    16    14     0     2   -27.0   45.107  104.035   1782.0    705.2
     1     1    21     2    16    13     0     1   -28.0   45.402  103.741   1774.5    694.1
     1     1    21     2    16    12     0     0   -29.0   45.715  103.418   1793.6    681.5
     1     1    21     2    16    11     0     1   -30.0   46.078  103.081   1877.4    662.2
     1     1    21     2    16    10     0     2   -31.0   46.476  102.715   1970.9    636.6
     1     1    21     2    16     9     0     3   -32.0   46.879  102.320   2025.5    623.5
     1     1    21     2    16     8     0     2   -33.0   47.291  101.924   2092.3    618.0
     1     1    21     2    16     7     0     1   -34.0   47.721  101.552   2145.4    607.8
     1     1    21     2    16     6     0     0   -35.0   48.153  101.224   2118.0    614.9
     1     1    21     2    16     5     0     1   -36.0   48.577  100.905   2090.0    627.9
     1     1    21     2    16     4     0     2   -37.0   49.015  100.548   2138.8    626.7
     1     1    21     2    16     3     0     3   -38.0   49.488  100.167   2106.4    618.8
     1     1    21     2    16     2     0     2   -39.0   49.994   99.754   2013.3    630.2
     1     1    21     2    16     1     0     1   -40.0   50.522   99.198   2051.7    621.7
     1     1    21     2    16     0     0     0   -41.0   51.050   98.494   2293.0    595.3
     1     1    21     2    15    23     0     1   -42.0   51.522   97.762   2497.0    587.9
     1     1    21     2    15    22     0     2   -43.0   51.907   97.061   2551.7    617.3
     1     1    21     2    15    21     0     3   -44.0   52.241   96.365   2468.7    618.7
     1     1    21     2    15    20     0     2   -45.0   52.544   95.634   2390.8    636.4
     1     1    21     2    15    19     0     1   -46.0   52.804   94.860   2369.6    654.1
     1     1    21     2    15    18     0     0   -47.0   53.037   94.031   2413.8    651.8
     1     1    21     2    15    17     0     1   -48.0   53.232   93.180   2503.9    676.8
     1     1    21     2    15    16     0     2   -49.0   53.378   92.345   2511.6    688.8
     1     1    21     2    15    15     0     3   -50.0   53.497   91.522   2433.5    698.7
     1     1    21     2    15    14     0     2   -51.0   53.580   90.731   2257.1    710.8
     1     1    21     2    15    13     0     1   -52.0   53.652   89.914   2074.7    712.0
     1     1    21     2    15    12     0     0   -53.0   53.672   88.936   2144.5    691.9
     1     1    21     2    15    11     0     1   -54.0   53.648   87.973   2296.8    717.6
     1     1    21     2    15    10     0     2   -55.0   53.590   87.147   2238.0    740.9
     1     1    21     2    15     9     0     3   -56.0   53.508   86.352   2130.7    750.5
     1     1    21     2    15     8     0     2   -57.0   53.418   85.551   2067.2    759.9
     1     1    21     2    15     7     0     1   -58.0   53.325   84.785   2045.7    768.0
     1     1    21     2    15     6     0     0   -59.0   53.196   84.023   2004.1    780.8
     1     1    21     2    15     5     0     1   -60.0   53.065   83.283   1945.9    784.3
     1     1    21     2    15     4     0     2   -61.0   52.937   82.605   1911.1    786.4
     1     1    21     2    15     3     0     3   -62.0   52.773   81.977   1888.4    788.4
     1     1    21     2    15     2     0     2   -63.0   52.600   81.380   1864.7    791.1
     1     1    21     2    15     1     0     1   -64.0   52.445   80.807   1835.5    794.1
     1     1    21     2    15     0     0     0   -65.0   52.279   80.262   1806.8    798.9
     1     1    21     2    14    23     0     1   -66.0   52.107   79.742   1784.6    802.7
     1     1    21     2    14    22     0     2   -67.0   51.945   79.246   1772.8    805.7
     1     1    21     2    14    21     0     3   -68.0   51.774   78.777   1761.8    807.1
     1     1    21     2    14    20     0     2   -69.0   51.600   78.337   1745.2    809.2
     1     1    21     2    14    19     0     1   -70.0   51.433   77.933   1728.7    812.6
     1     1    21     2    14    18     0     0   -71.0   51.251   77.578   1718.6    812.8
     1     1    21     2    14    17     0     1   -72.0   51.064   77.257   1714.2    810.4
     1     1    21     2    14    16     0     2   -73.0   50.894   76.963   1710.5    804.0
     1     1    21     2    14    15     0     3   -74.0   50.735   76.709   1712.1    796.2
     1     1    21     2    14    14     0     2   -75.0   50.587   76.483   1719.4    788.2
     1     1    21     2    14    13     0     1   -76.0   50.449   76.273   1727.8    781.2
     1     1    21     2    14    12     0     0   -77.0   50.316   76.084   1736.0    775.0
     1     1    21     2    14    11     0     1   -78.0   50.190   75.918   1743.7    769.2
     1     1    21     2    14    10     0     2   -79.0   50.075   75.773   1750.7    764.2
     1     1    21     2    14     9     0     3   -80.0   49.969   75.654   1756.9    760.0
     1     1    21     2    14     8     0     2   -81.0   49.873   75.560   1766.8    756.5
     1     1    21     2    14     7     0     1   -82.0   49.786   75.490   1783.3    752.3
     1     1    21     2    14     6     0     0   -83.0   49.708   75.444   1805.2    748.1
     1     1    21     2    14     5     0     1   -84.0   49.643   75.411   1832.7    743.7
     1     1    21     2    14     4     0     2   -85.0   49.595   75.380   1866.3    739.3
     1     1    21     2    14     3     0     3   -86.0   49.562   75.350   1906.9    734.7
     1     1    21     2    14     2     0     2   -87.0   49.538   75.327   1947.9    729.5
     1     1    21     2    14     1     0     1   -88.0   49.514   75.318   1981.6    725.5
     1     1    21     2    14     0     0     0   -89.0   49.490   75.321   2005.9    722.3
     1     1    21     2    13    23     0     1   -90.0   49.471   75.337   2026.1    720.4
     1     1    21     2    13    22     0     2   -91.0   49.462   75.365   2049.8    718.0
     1     1    21     2    13    21     0     3   -92.0   49.463   75.405   2080.3    715.1
     1     1    21     2    13    20     0     2   -93.0   49.479   75.442   2112.5    711.7
     1     1    21     2    13    19     0     1   -94.0   49.515   75.464   2137.0    710.1
     1     1    21     2    13    18     0     0   -95.0   49.569   75.467   2150.1    710.1
     1     1    21     2    13    17     0     1   -96.0   49.634   75.451   2164.4    712.1
     1     1    21     2    13    16     0     2   -97.0   49.704   75.417   2193.3    711.4
     1     1    21     2    13    15     0     3   -98.0   49.779   75.370   2233.8    709.7
     1     1    21     2    13    14     0     2   -99.0   49.860   75.314   2277.8    707.0
     1     1    21     2    13    13     0     1  -100.0   49.945   75.251   2319.6    705.3
     1     1    21     2    13    12     0     0  -101.0   50.034   75.184   2361.3    703.6
     1     1    21     2    13    11     0     1  -102.0   50.124   75.107   2399.1    702.0
     1     1    21     2    13    10     0     2  -103.0   50.216   75.017   2428.6    701.4
     1     1    21     2    13     9     0     3  -104.0   50.306   74.918   2451.7    701.8
     1     1    21     2    13     8     0     2  -105.0   50.408   74.804   2475.7    702.9
     1     1    21     2    13     7     0     1  -106.0   50.532   74.676   2505.3    703.2
     1     1    21     2    13     6     0     0  -107.0   50.676   74.543   2541.3    703.1
     1     1    21     2    13     5     0     1  -108.0   50.837   74.388   2588.0    702.0
     1     1    21     2    13     4     0     2  -109.0   51.015   74.193   2653.1    698.9
     1     1    21     2    13     3     0     3  -110.0   51.212   73.956   2731.1    692.2
     1     1    21     2    13     2     0     2  -111.0   51.420   73.669   2802.1    684.8
     1     1    21     2    13     1     0     1  -112.0   51.634   73.324   2856.5    680.1
     1     1    21     2    13     0     0     0  -113.0   51.854   72.923   2888.4    679.4
     1     1    21     2    12    23     0     1  -114.0   52.064   72.495   2908.2    681.2
     1     1    21     2    12    22     0     2  -115.0   52.249   72.052   2929.8    678.9
     1     1    21     2    12    21     0     3  -116.0   52.410   71.589   2954.6    675.1
     1     1    21     2    12    20     0     2  -117.0   52.555   71.105   2974.5    671.9
     1     1    21     2    12    19     0     1  -118.0   52.694   70.587   2990.0    670.4
     1     1    21     2    12    18     0     0  -119.0   52.824   70.009   3005.2    668.0
     1     1    21     2    12    17     0     1  -120.0   52.949   69.390   3004.5    665.6
