     5     1
    GDAS    21     2     1     0     0
    GDAS    21     2     8     0     0
    GDAS    21     2    15     0     0
    GDAS    21     2    22     0     0
    GDAS    21     3     1     0     0
     1 BACKWARD OMEGA   
    21     2     7    17   37.820  111.540   500.0
     1 PRESSURE
     1     1    21     2     7    17     0     1     0.0   37.820  111.540    500.0    832.6
     1     1    21     2     7    16     0     2    -1.0   37.882  111.516    550.9    828.5
     1     1    21     2     7    15     0     3    -2.0   37.967  111.483    618.7    823.3
     1     1    21     2     7    14     0     2    -3.0   38.080  111.444    709.1    813.3
     1     1    21     2     7    13     0     1    -4.0   38.227  111.404    812.0    801.4
     1     1    21     2     7    12     0     0    -5.0   38.412  111.359    913.9    790.0
     1     1    21     2     7    11     0     1    -6.0   38.623  111.292   1010.6    782.3
     1     1    21     2     7    10     0     2    -7.0   38.844  111.197   1118.8    778.4
     1     1    21     2     7     9     0     3    -8.0   39.070  111.075   1246.3    772.7
     1     1    21     2     7     8     0     2    -9.0   39.301  110.914   1351.5    756.7
     1     1    21     2     7     7     0     1   -10.0   39.538  110.700   1423.1    741.4
     1     1    21     2     7     6     0     0   -11.0   39.778  110.421   1485.6    726.8
     1     1    21     2     7     5     0     1   -12.0   40.019  110.080   1549.1    712.7
     1     1    21     2     7     4     0     2   -13.0   40.263  109.707   1610.4    704.4
     1     1    21     2     7     3     0     3   -14.0   40.518  109.338   1665.9    706.2
     1     1    21     2     7     2     0     2   -15.0   40.775  108.995   1711.1    716.1
     1     1    21     2     7     1     0     1   -16.0   41.034  108.676   1742.7    721.9
     1     1    21     2     7     0     0     0   -17.0   41.309  108.348   1778.2    710.9
     1     1    21     2     6    23     0     1   -18.0   41.598  107.970   1829.2    699.5
     1     1    21     2     6    22     0     2   -19.0   41.881  107.561   1872.3    691.8
     1     1    21     2     6    21     0     3   -20.0   42.138  107.156   1898.5    692.5
     1     1    21     2     6    20     0     2   -21.0   42.388  106.761   1908.8    695.2
     1     1    21     2     6    19     0     1   -22.0   42.665  106.343   1927.5    691.7
     1     1    21     2     6    18     0     0   -23.0   42.969  105.880   1989.3    675.1
     1     1    21     2     6    17     0     1   -24.0   43.274  105.354   2087.0    648.4
     1     1    21     2     6    16     0     2   -25.0   43.560  104.787   2160.9    637.2
     1     1    21     2     6    15     0     3   -26.0   43.823  104.214   2152.2    644.3
     1     1    21     2     6    14     0     2   -27.0   44.054  103.689   2032.7    658.6
     1     1    21     2     6    13     0     1   -28.0   44.263  103.221   1901.0    673.9
     1     1    21     2     6    12     0     0   -29.0   44.482  102.759   1846.9    684.7
     1     1    21     2     6    11     0     1   -30.0   44.714  102.248   1874.7    683.3
     1     1    21     2     6    10     0     2   -31.0   44.950  101.683   1966.5    665.4
     1     1    21     2     6     9     0     3   -32.0   45.193  101.110   2062.5    640.5
     1     1    21     2     6     8     0     2   -33.0   45.430  100.574   2100.0    618.0
     1     1    21     2     6     7     0     1   -34.0   45.654  100.079   2078.2    613.5
     1     1    21     2     6     6     0     0   -35.0   45.872   99.625   2040.9    627.6
     1     1    21     2     6     5     0     1   -36.0   46.107   99.200   2026.7    629.9
     1     1    21     2     6     4     0     2   -37.0   46.377   98.776   2035.7    613.5
     1     1    21     2     6     3     0     3   -38.0   46.679   98.311   2079.9    583.1
     1     1    21     2     6     2     0     2   -39.0   47.002   97.765   2207.9    548.1
     1     1    21     2     6     1     0     1   -40.0   47.337   97.175   2369.9    542.8
     1     1    21     2     6     0     0     0   -41.0   47.674   96.594   2458.2    556.3
     1     1    21     2     5    23     0     1   -42.0   48.001   96.020   2490.5    571.5
     1     1    21     2     5    22     0     2   -43.0   48.312   95.453   2497.8    584.2
     1     1    21     2     5    21     0     3   -44.0   48.598   94.897   2552.4    599.8
     1     1    21     2     5    20     0     2   -45.0   48.860   94.358   2621.1    605.2
     1     1    21     2     5    19     0     1   -46.0   49.112   93.847   2679.5    611.1
     1     1    21     2     5    18     0     0   -47.0   49.367   93.363   2752.6    620.6
     1     1    21     2     5    17     0     1   -48.0   49.637   92.875   2833.1    625.9
     1     1    21     2     5    16     0     2   -49.0   49.951   92.343   2934.5    617.1
     1     1    21     2     5    15     0     3   -50.0   50.342   91.735   3018.5    571.7
     1     1    21     2     5    14     0     2   -51.0   50.768   91.033   3071.0    557.4
     1     1    21     2     5    13     0     1   -52.0   51.173   90.264   3012.4    566.7
     1     1    21     2     5    12     0     0   -53.0   51.565   89.443   2887.4    563.3
     1     1    21     2     5    11     0     1   -54.0   51.923   88.584   2873.3    590.4
     1     1    21     2     5    10     0     2   -55.0   52.194   87.761   2887.9    629.8
     1     1    21     2     5     9     0     3   -56.0   52.400   87.004   2909.7    664.0
     1     1    21     2     5     8     0     2   -57.0   52.585   86.277   2892.2    672.1
     1     1    21     2     5     7     0     1   -58.0   52.772   85.549   2878.6    676.5
     1     1    21     2     5     6     0     0   -59.0   52.974   84.826   2877.3    681.7
     1     1    21     2     5     5     0     1   -60.0   53.177   84.120   2887.5    687.5
     1     1    21     2     5     4     0     2   -61.0   53.372   83.417   2888.4    685.2
     1     1    21     2     5     3     0     3   -62.0   53.586   82.684   2900.5    682.5
     1     1    21     2     5     2     0     2   -63.0   53.817   81.913   2922.0    680.2
     1     1    21     2     5     1     0     1   -64.0   54.038   81.132   2933.4    683.4
     1     1    21     2     5     0     0     0   -65.0   54.267   80.346   2933.0    684.6
     1     1    21     2     4    23     0     1   -66.0   54.509   79.517   2956.0    683.2
     1     1    21     2     4    22     0     2   -67.0   54.743   78.651   2984.0    684.0
     1     1    21     2     4    21     0     3   -68.0   54.969   77.760   3027.3    680.8
     1     1    21     2     4    20     0     2   -69.0   55.187   76.839   3047.2    678.5
     1     1    21     2     4    19     0     1   -70.0   55.394   75.904   3061.3    677.5
     1     1    21     2     4    18     0     0   -71.0   55.588   74.965   3083.0    672.4
     1     1    21     2     4    17     0     1   -72.0   55.767   74.018   3105.0    673.3
     1     1    21     2     4    16     0     2   -73.0   55.936   73.052   3130.6    671.5
     1     1    21     2     4    15     0     3   -74.0   56.099   72.070   3154.6    668.4
     1     1    21     2     4    14     0     2   -75.0   56.242   71.090   3143.5    665.9
     1     1    21     2     4    13     0     1   -76.0   56.362   70.116   3125.0    667.9
     1     1    21     2     4    12     0     0   -77.0   56.464   69.148   3093.7    671.5
     1     1    21     2     4    11     0     1   -78.0   56.535   68.202   3063.0    675.0
     1     1    21     2     4    10     0     2   -79.0   56.571   67.286   3048.6    676.1
     1     1    21     2     4     9     0     3   -80.0   56.572   66.410   3016.9    680.3
     1     1    21     2     4     8     0     2   -81.0   56.544   65.590   2971.6    685.0
     1     1    21     2     4     7     0     1   -82.0   56.509   64.805   2935.0    687.0
     1     1    21     2     4     6     0     0   -83.0   56.459   64.052   2907.0    692.0
     1     1    21     2     4     5     0     1   -84.0   56.395   63.330   2873.2    691.3
     1     1    21     2     4     4     0     2   -85.0   56.325   62.630   2850.4    692.4
     1     1    21     2     4     3     0     3   -86.0   56.235   61.960   2842.9    692.7
     1     1    21     2     4     2     0     2   -87.0   56.123   61.316   2826.2    688.8
     1     1    21     2     4     1     0     1   -88.0   56.001   60.686   2796.4    685.9
     1     1    21     2     4     0     0     0   -89.0   55.869   60.079   2766.1    678.7
     1     1    21     2     3    23     0     1   -90.0   55.738   59.506   2749.8    676.6
     1     1    21     2     3    22     0     2   -91.0   55.619   58.973   2723.3    674.2
     1     1    21     2     3    21     0     3   -92.0   55.496   58.510   2695.2    682.7
     1     1    21     2     3    20     0     2   -93.0   55.375   58.109   2677.4    689.9
     1     1    21     2     3    19     0     1   -94.0   55.269   57.746   2671.2    694.3
     1     1    21     2     3    18     0     0   -95.0   55.181   57.424   2658.9    700.5
     1     1    21     2     3    17     0     1   -96.0   55.112   57.133   2633.4    709.2
     1     1    21     2     3    16     0     2   -97.0   55.067   56.853   2600.3    716.6
     1     1    21     2     3    15     0     3   -98.0   55.048   56.567   2574.7    720.1
     1     1    21     2     3    14     0     2   -99.0   55.050   56.258   2568.5    721.0
     1     1    21     2     3    13     0     1  -100.0   55.064   55.913   2576.5    719.8
     1     1    21     2     3    12     0     0  -101.0   55.089   55.529   2581.2    718.3
     1     1    21     2     3    11     0     1  -102.0   55.119   55.120   2584.6    719.1
     1     1    21     2     3    10     0     2  -103.0   55.151   54.688   2608.3    716.5
     1     1    21     2     3     9     0     3  -104.0   55.185   54.223   2667.5    709.6
     1     1    21     2     3     8     0     2  -105.0   55.230   53.726   2737.8    700.0
     1     1    21     2     3     7     0     1  -106.0   55.298   53.205   2789.4    695.6
     1     1    21     2     3     6     0     0  -107.0   55.392   52.656   2822.0    693.1
     1     1    21     2     3     5     0     1  -108.0   55.509   52.067   2852.9    690.4
     1     1    21     2     3     4     0     2  -109.0   55.647   51.435   2897.4    687.4
     1     1    21     2     3     3     0     3  -110.0   55.810   50.779   2957.8    683.2
     1     1    21     2     3     2     0     2  -111.0   55.986   50.075   3039.2    675.4
     1     1    21     2     3     1     0     1  -112.0   56.163   49.305   3134.5    666.5
     1     1    21     2     3     0     0     0  -113.0   56.347   48.468   3247.9    658.1
     1     1    21     2     2    23     0     1  -114.0   56.517   47.554   3384.1    646.1
     1     1    21     2     2    22     0     2  -115.0   56.671   46.571   3528.1    634.9
     1     1    21     2     2    21     0     3  -116.0   56.830   45.540   3664.4    621.9
     1     1    21     2     2    20     0     2  -117.0   56.981   44.455   3804.6    605.9
     1     1    21     2     2    19     0     1  -118.0   57.144   43.333   3933.6    598.8
     1     1    21     2     2    18     0     0  -119.0   57.309   42.156   4069.2    584.1
     1     1    21     2     2    17     0     1  -120.0   57.451   40.946   4199.7    575.3
