     5     1
    GDAS    21     2     1     0     0
    GDAS    21     2     8     0     0
    GDAS    21     2    15     0     0
    GDAS    21     2    22     0     0
    GDAS    21     3     1     0     0
     1 BACKWARD OMEGA   
    21     2    19    11   37.820  111.540  1500.0
     1 PRESSURE
     1     1    21     2    19    11     0     1     0.0   37.820  111.540   1500.0    729.0
     1     1    21     2    19    10     0     2    -1.0   38.117  111.026   1462.4    732.9
     1     1    21     2    19     9     0     3    -2.0   38.373  110.548   1357.5    758.3
     1     1    21     2    19     8     0     2    -3.0   38.639  110.067   1319.6    753.9
     1     1    21     2    19     7     0     1    -4.0   38.909  109.587   1307.3    742.9
     1     1    21     2    19     6     0     0    -5.0   39.180  109.099   1267.0    737.8
     1     1    21     2    19     5     0     1    -6.0   39.460  108.583   1240.5    742.2
     1     1    21     2    19     4     0     2    -7.0   39.748  108.075   1251.3    744.4
     1     1    21     2    19     3     0     3    -8.0   40.038  107.574   1282.3    744.3
     1     1    21     2    19     2     0     2    -9.0   40.324  107.044   1430.7    732.4
     1     1    21     2    19     1     0     1   -10.0   40.619  106.524   1568.2    710.4
     1     1    21     2    19     0     0     0   -11.0   40.960  106.027   1547.1    706.7
     1     1    21     2    18    23     0     1   -12.0   41.290  105.534   1466.2    727.3
     1     1    21     2    18    22     0     2   -13.0   41.569  105.061   1358.2    735.3
     1     1    21     2    18    21     0     3   -14.0   41.818  104.545   1251.6    755.4
     1     1    21     2    18    20     0     2   -15.0   42.040  103.976   1287.0    762.5
     1     1    21     2    18    19     0     1   -16.0   42.252  103.433   1363.5    735.2
     1     1    21     2    18    18     0     0   -17.0   42.460  102.895   1340.9    740.0
     1     1    21     2    18    17     0     1   -18.0   42.664  102.383   1305.2    736.2
     1     1    21     2    18    16     0     2   -19.0   42.878  101.941   1284.1    716.6
     1     1    21     2    18    15     0     3   -20.0   43.111  101.563   1041.3    714.5
     1     1    21     2    18    14     0     2   -21.0   43.316  101.012    687.5    788.5
     1     1    21     2    18    13     0     1   -22.0   43.442  100.447    464.3    843.1
     1     1    21     2    18    12     0     0   -23.0   43.562   99.876    471.2    827.4
     1     1    21     2    18    11     0     1   -24.0   43.691   99.348    534.6    814.5
     1     1    21     2    18    10     0     2   -25.0   43.830   98.819    627.5    798.3
     1     1    21     2    18     9     0     3   -26.0   43.954   98.273    703.3    776.7
     1     1    21     2    18     8     0     2   -27.0   44.062   97.702    781.6    776.0
     1     1    21     2    18     7     0     1   -28.0   44.199   97.107    897.8    779.5
     1     1    21     2    18     6     0     0   -29.0   44.338   96.530    972.5    776.7
     1     1    21     2    18     5     0     1   -30.0   44.449   96.016    999.1    783.1
     1     1    21     2    18     4     0     2   -31.0   44.543   95.555   1036.8    768.2
     1     1    21     2    18     3     0     3   -32.0   44.654   95.104   1129.1    725.9
     1     1    21     2    18     2     0     2   -33.0   44.795   94.618   1276.2    698.0
     1     1    21     2    18     1     0     1   -34.0   44.966   94.065   1422.2    693.3
     1     1    21     2    18     0     0     0   -35.0   45.149   93.515   1520.1    686.1
     1     1    21     2    17    23     0     1   -36.0   45.313   93.028   1592.3    677.9
     1     1    21     2    17    22     0     2   -37.0   45.453   92.567   1658.3    682.4
     1     1    21     2    17    21     0     3   -38.0   45.579   92.099   1732.2    692.3
     1     1    21     2    17    20     0     2   -39.0   45.701   91.637   1793.4    688.0
     1     1    21     2    17    19     0     1   -40.0   45.817   91.208   1842.2    681.3
     1     1    21     2    17    18     0     0   -41.0   45.918   90.824   1883.2    684.0
     1     1    21     2    17    17     0     1   -42.0   46.005   90.477   1917.5    693.1
     1     1    21     2    17    16     0     2   -43.0   46.079   90.157   1938.7    697.7
     1     1    21     2    17    15     0     3   -44.0   46.143   89.857   1957.6    702.8
     1     1    21     2    17    14     0     2   -45.0   46.197   89.571   1983.0    707.8
     1     1    21     2    17    13     0     1   -46.0   46.239   89.299   2015.5    712.7
     1     1    21     2    17    12     0     0   -47.0   46.269   89.041   2045.2    718.6
     1     1    21     2    17    11     0     1   -48.0   46.288   88.797   2061.7    721.5
     1     1    21     2    17    10     0     2   -49.0   46.296   88.561   2069.6    724.4
     1     1    21     2    17     9     0     3   -50.0   46.294   88.337   2073.7    727.4
     1     1    21     2    17     8     0     2   -51.0   46.286   88.123   2076.8    730.7
     1     1    21     2    17     7     0     1   -52.0   46.275   87.916   2079.2    733.2
     1     1    21     2    17     6     0     0   -53.0   46.261   87.718   2081.4    735.1
     1     1    21     2    17     5     0     1   -54.0   46.249   87.527   2087.6    736.4
     1     1    21     2    17     4     0     2   -55.0   46.242   87.338   2099.3    737.1
     1     1    21     2    17     3     0     3   -56.0   46.246   87.145   2116.3    737.2
     1     1    21     2    17     2     0     2   -57.0   46.256   86.944   2133.2    734.9
     1     1    21     2    17     1     0     1   -58.0   46.266   86.728   2141.3    729.0
     1     1    21     2    17     0     0     0   -59.0   46.280   86.499   2141.7    722.6
     1     1    21     2    16    23     0     1   -60.0   46.295   86.259   2133.4    716.1
     1     1    21     2    16    22     0     2   -61.0   46.305   86.006   2116.6    709.8
     1     1    21     2    16    21     0     3   -62.0   46.314   85.739   2103.9    704.0
     1     1    21     2    16    20     0     2   -63.0   46.335   85.462   2109.2    694.4
     1     1    21     2    16    19     0     1   -64.0   46.368   85.174   2138.4    681.3
     1     1    21     2    16    18     0     0   -65.0   46.405   84.868   2189.8    666.1
     1     1    21     2    16    17     0     1   -66.0   46.444   84.539   2238.4    652.3
     1     1    21     2    16    16     0     2   -67.0   46.477   84.190   2254.6    644.5
     1     1    21     2    16    15     0     3   -68.0   46.492   83.829   2236.9    646.0
     1     1    21     2    16    14     0     2   -69.0   46.492   83.462   2216.7    652.5
     1     1    21     2    16    13     0     1   -70.0   46.480   83.089   2198.6    655.3
     1     1    21     2    16    12     0     0   -71.0   46.453   82.742   2184.8    675.4
     1     1    21     2    16    11     0     1   -72.0   46.420   82.446   2186.0    700.8
     1     1    21     2    16    10     0     2   -73.0   46.393   82.193   2225.7    717.9
     1     1    21     2    16     9     0     3   -74.0   46.368   81.977   2294.3    727.0
     1     1    21     2    16     8     0     2   -75.0   46.335   81.777   2334.6    716.6
     1     1    21     2    16     7     0     1   -76.0   46.284   81.581   2335.9    713.0
     1     1    21     2    16     6     0     0   -77.0   46.218   81.398   2305.0    711.0
     1     1    21     2    16     5     0     1   -78.0   46.145   81.217   2251.3    709.4
     1     1    21     2    16     4     0     2   -79.0   46.071   81.017   2180.3    706.1
     1     1    21     2    16     3     0     3   -80.0   45.998   80.789   2126.1    716.4
     1     1    21     2    16     2     0     2   -81.0   45.931   80.527   2091.9    718.7
     1     1    21     2    16     1     0     1   -82.0   45.864   80.230   2077.7    713.3
     1     1    21     2    16     0     0     0   -83.0   45.790   79.900   2073.2    701.9
     1     1    21     2    15    23     0     1   -84.0   45.693   79.558   2077.5    691.1
     1     1    21     2    15    22     0     2   -85.0   45.567   79.222   2092.4    681.8
     1     1    21     2    15    21     0     3   -86.0   45.417   78.902   2126.1    676.0
     1     1    21     2    15    20     0     2   -87.0   45.260   78.623   2175.3    679.5
     1     1    21     2    15    19     0     1   -88.0   45.104   78.396   2234.4    687.6
     1     1    21     2    15    18     0     0   -89.0   44.943   78.197   2304.9    699.8
     1     1    21     2    15    17     0     1   -90.0   44.782   78.002   2354.9    708.5
     1     1    21     2    15    16     0     2   -91.0   44.641   77.800   2358.1    705.6
     1     1    21     2    15    15     0     3   -92.0   44.521   77.600   2351.2    705.6
     1     1    21     2    15    14     0     2   -93.0   44.410   77.416   2348.0    707.9
     1     1    21     2    15    13     0     1   -94.0   44.299   77.256   2358.2    708.1
     1     1    21     2    15    12     0     0   -95.0   44.182   77.113   2371.1    708.4
     1     1    21     2    15    11     0     1   -96.0   44.063   76.974   2381.6    709.8
     1     1    21     2    15    10     0     2   -97.0   43.955   76.827   2386.3    699.3
     1     1    21     2    15     9     0     3   -98.0   43.863   76.670   2395.5    680.8
     1     1    21     2    15     8     0     2   -99.0   43.783   76.509   2413.1    667.5
     1     1    21     2    15     7     0     1  -100.0   43.709   76.346   2435.1    658.1
     1     1    21     2    15     6     0     0  -101.0   43.635   76.186   2464.9    650.7
     1     1    21     2    15     5     0     1  -102.0   43.554   76.030   2515.5    644.0
     1     1    21     2    15     4     0     2  -103.0   43.474   75.885   2592.8    634.3
     1     1    21     2    15     3     0     3  -104.0   43.406   75.766   2696.2    623.9
     1     1    21     2    15     2     0     2  -105.0   43.353   75.672   2805.5    613.4
     1     1    21     2    15     1     0     1  -106.0   43.311   75.591   2902.4    606.7
     1     1    21     2    15     0     0     0  -107.0   43.277   75.520   2989.4    601.5
     1     1    21     2    14    23     0     1  -108.0   43.240   75.450   3083.3    597.3
     1     1    21     2    14    22     0     2  -109.0   43.194   75.371   3200.1    590.6
     1     1    21     2    14    21     0     3  -110.0   43.140   75.276   3334.1    583.8
     1     1    21     2    14    20     0     2  -111.0   43.083   75.147   3467.9    579.7
     1     1    21     2    14    19     0     1  -112.0   43.027   74.963   3584.3    581.6
     1     1    21     2    14    18     0     0  -113.0   42.979   74.730   3665.1    578.8
     1     1    21     2    14    17     0     1  -114.0   42.960   74.469   3738.6    576.8
     1     1    21     2    14    16     0     2  -115.0   42.967   74.188   3804.2    578.6
     1     1    21     2    14    15     0     3  -116.0   42.983   73.881   3833.8    582.5
     1     1    21     2    14    14     0     2  -117.0   42.996   73.546   3830.4    584.7
     1     1    21     2    14    13     0     1  -118.0   43.002   73.181   3814.5    584.0
     1     1    21     2    14    12     0     0  -119.0   42.999   72.781   3770.4    583.6
     1     1    21     2    14    11     0     1  -120.0   43.001   72.371   3689.2    585.3
