     5     1
    GDAS    21     2     1     0     0
    GDAS    21     2     8     0     0
    GDAS    21     2    15     0     0
    GDAS    21     2    22     0     0
    GDAS    21     3     1     0     0
     1 BACKWARD OMEGA   
    21     2    15    11   37.820  111.540  1500.0
     1 PRESSURE
     1     1    21     2    15    11     0     1     0.0   37.820  111.540   1500.0    725.1
     1     1    21     2    15    10     0     2    -1.0   38.217  110.943   1530.8    716.5
     1     1    21     2    15     9     0     3    -2.0   38.506  110.419   1320.2    751.6
     1     1    21     2    15     8     0     2    -3.0   38.764  109.874   1127.5    766.2
     1     1    21     2    15     7     0     1    -4.0   39.028  109.302    999.1    769.5
     1     1    21     2    15     6     0     0    -5.0   39.291  108.693    953.1    769.9
     1     1    21     2    15     5     0     1    -6.0   39.554  108.046    957.5    767.3
     1     1    21     2    15     4     0     2    -7.0   39.779  107.385   1019.2    768.3
     1     1    21     2    15     3     0     3    -8.0   39.994  106.711   1233.5    750.1
     1     1    21     2    15     2     0     2    -9.0   40.217  106.094   1387.1    732.3
     1     1    21     2    15     1     0     1   -10.0   40.438  105.542   1396.9    732.4
     1     1    21     2    15     0     0     0   -11.0   40.667  105.010   1434.9    717.5
     1     1    21     2    14    23     0     1   -12.0   40.890  104.513   1462.7    718.0
     1     1    21     2    14    22     0     2   -13.0   41.095  104.057   1461.0    725.1
     1     1    21     2    14    21     0     3   -14.0   41.276  103.637   1456.4    726.4
     1     1    21     2    14    20     0     2   -15.0   41.451  103.249   1466.7    726.1
     1     1    21     2    14    19     0     1   -16.0   41.638  102.884   1491.4    728.8
     1     1    21     2    14    18     0     0   -17.0   41.828  102.537   1530.0    736.7
     1     1    21     2    14    17     0     1   -18.0   42.027  102.190   1563.9    740.8
     1     1    21     2    14    16     0     2   -19.0   42.249  101.839   1547.7    731.0
     1     1    21     2    14    15     0     3   -20.0   42.499  101.518   1469.6    724.9
     1     1    21     2    14    14     0     2   -21.0   42.765  101.230   1343.1    724.2
     1     1    21     2    14    13     0     1   -22.0   43.047  100.948   1221.6    728.7
     1     1    21     2    14    12     0     0   -23.0   43.337  100.606   1209.1    749.9
     1     1    21     2    14    11     0     1   -24.0   43.627  100.219   1294.4    745.3
     1     1    21     2    14    10     0     2   -25.0   43.926   99.845   1445.5    734.3
     1     1    21     2    14     9     0     3   -26.0   44.269   99.498   1610.4    691.9
     1     1    21     2    14     8     0     2   -27.0   44.674   99.167   1658.0    651.2
     1     1    21     2    14     7     0     1   -28.0   45.133   98.840   1589.0    639.8
     1     1    21     2    14     6     0     0   -29.0   45.589   98.502   1545.8    659.5
     1     1    21     2    14     5     0     1   -30.0   46.046   98.096   1475.8    673.3
     1     1    21     2    14     4     0     2   -31.0   46.564   97.628   1455.3    652.7
     1     1    21     2    14     3     0     3   -32.0   47.202   97.168   1655.7    610.4
     1     1    21     2    14     2     0     2   -33.0   47.870   96.677   1799.3    599.2
     1     1    21     2    14     1     0     1   -34.0   48.481   96.114   1856.6    625.7
     1     1    21     2    14     0     0     0   -35.0   49.037   95.502   1914.7    643.0
     1     1    21     2    13    23     0     1   -36.0   49.495   94.900   1968.8    668.6
     1     1    21     2    13    22     0     2   -37.0   49.852   94.322   1989.8    685.1
     1     1    21     2    13    21     0     3   -38.0   50.164   93.754   2002.4    689.6
     1     1    21     2    13    20     0     2   -39.0   50.489   93.167   1990.4    668.7
     1     1    21     2    13    19     0     1   -40.0   50.884   92.505   1938.7    636.9
     1     1    21     2    13    18     0     0   -41.0   51.305   91.746   1950.1    647.4
     1     1    21     2    13    17     0     1   -42.0   51.697   90.953   2056.3    636.5
     1     1    21     2    13    16     0     2   -43.0   52.131   90.128   2204.0    635.2
     1     1    21     2    13    15     0     3   -44.0   52.479   89.327   2193.7    666.0
     1     1    21     2    13    14     0     2   -45.0   52.744   88.525   2185.9    689.3
     1     1    21     2    13    13     0     1   -46.0   52.937   87.772   2218.6    713.5
     1     1    21     2    13    12     0     0   -47.0   53.077   87.090   2215.5    736.8
     1     1    21     2    13    11     0     1   -48.0   53.185   86.460   2178.4    746.2
     1     1    21     2    13    10     0     2   -49.0   53.297   85.853   2158.2    747.1
     1     1    21     2    13     9     0     3   -50.0   53.420   85.261   2154.2    749.1
     1     1    21     2    13     8     0     2   -51.0   53.540   84.692   2158.8    753.6
     1     1    21     2    13     7     0     1   -52.0   53.646   84.151   2179.2    756.8
     1     1    21     2    13     6     0     0   -53.0   53.751   83.629   2221.7    752.8
     1     1    21     2    13     5     0     1   -54.0   53.871   83.121   2269.7    744.6
     1     1    21     2    13     4     0     2   -55.0   54.005   82.631   2301.3    740.9
     1     1    21     2    13     3     0     3   -56.0   54.148   82.163   2312.9    740.2
     1     1    21     2    13     2     0     2   -57.0   54.291   81.713   2330.8    743.0
     1     1    21     2    13     1     0     1   -58.0   54.435   81.266   2364.0    739.9
     1     1    21     2    13     0     0     0   -59.0   54.578   80.818   2377.8    737.5
     1     1    21     2    12    23     0     1   -60.0   54.714   80.374   2369.1    739.5
     1     1    21     2    12    22     0     2   -61.0   54.842   79.936   2356.8    741.3
     1     1    21     2    12    21     0     3   -62.0   54.968   79.515   2356.0    744.8
     1     1    21     2    12    20     0     2   -63.0   55.099   79.102   2366.5    745.0
     1     1    21     2    12    19     0     1   -64.0   55.238   78.685   2374.5    743.2
     1     1    21     2    12    18     0     0   -65.0   55.382   78.260   2378.8    741.8
     1     1    21     2    12    17     0     1   -66.0   55.529   77.824   2383.2    740.8
     1     1    21     2    12    16     0     2   -67.0   55.674   77.384   2389.4    741.0
     1     1    21     2    12    15     0     3   -68.0   55.817   76.948   2394.0    741.7
     1     1    21     2    12    14     0     2   -69.0   55.962   76.517   2407.0    741.6
     1     1    21     2    12    13     0     1   -70.0   56.114   76.083   2436.4    736.9
     1     1    21     2    12    12     0     0   -71.0   56.274   75.641   2464.7    730.9
     1     1    21     2    12    11     0     1   -72.0   56.447   75.181   2486.4    727.8
     1     1    21     2    12    10     0     2   -73.0   56.631   74.700   2507.0    727.5
     1     1    21     2    12     9     0     3   -74.0   56.824   74.208   2521.3    726.5
     1     1    21     2    12     8     0     2   -75.0   57.014   73.711   2525.2    726.4
     1     1    21     2    12     7     0     1   -76.0   57.192   73.207   2529.8    726.4
     1     1    21     2    12     6     0     0   -77.0   57.365   72.692   2550.7    724.9
     1     1    21     2    12     5     0     1   -78.0   57.537   72.166   2587.2    720.1
     1     1    21     2    12     4     0     2   -79.0   57.714   71.634   2617.7    715.6
     1     1    21     2    12     3     0     3   -80.0   57.900   71.099   2629.5    714.0
     1     1    21     2    12     2     0     2   -81.0   58.086   70.558   2630.5    714.6
     1     1    21     2    12     1     0     1   -82.0   58.268   70.008   2630.6    714.5
     1     1    21     2    12     0     0     0   -83.0   58.451   69.441   2632.9    716.4
     1     1    21     2    11    23     0     1   -84.0   58.625   68.868   2637.7    719.5
     1     1    21     2    11    22     0     2   -85.0   58.784   68.302   2640.2    721.1
     1     1    21     2    11    21     0     3   -86.0   58.936   67.740   2639.2    721.8
     1     1    21     2    11    20     0     2   -87.0   59.078   67.183   2638.5    721.7
     1     1    21     2    11    19     0     1   -88.0   59.209   66.632   2637.2    719.3
     1     1    21     2    11    18     0     0   -89.0   59.337   66.075   2642.6    716.3
     1     1    21     2    11    17     0     1   -90.0   59.464   65.527   2658.3    713.1
     1     1    21     2    11    16     0     2   -91.0   59.587   65.002   2689.0    709.0
     1     1    21     2    11    15     0     3   -92.0   59.716   64.485   2735.4    702.9
     1     1    21     2    11    14     0     2   -93.0   59.848   63.969   2765.5    698.3
     1     1    21     2    11    13     0     1   -94.0   59.976   63.453   2773.0    698.4
     1     1    21     2    11    12     0     0   -95.0   60.100   62.929   2774.5    698.6
     1     1    21     2    11    11     0     1   -96.0   60.218   62.409   2779.0    698.5
     1     1    21     2    11    10     0     2   -97.0   60.328   61.912   2797.3    697.0
     1     1    21     2    11     9     0     3   -98.0   60.428   61.445   2837.8    692.0
     1     1    21     2    11     8     0     2   -99.0   60.524   60.985   2893.4    683.3
     1     1    21     2    11     7     0     1  -100.0   60.633   60.520   2920.5    671.7
     1     1    21     2    11     6     0     0  -101.0   60.754   60.065   2901.9    667.4
     1     1    21     2    11     5     0     1  -102.0   60.883   59.607   2882.3    661.9
     1     1    21     2    11     4     0     2  -103.0   61.017   59.112   2923.0    647.4
     1     1    21     2    11     3     0     3  -104.0   61.155   58.591   3022.1    642.4
     1     1    21     2    11     2     0     2  -105.0   61.285   58.080   3089.2    646.6
     1     1    21     2    11     1     0     1  -106.0   61.409   57.575   3121.8    650.9
     1     1    21     2    11     0     0     0  -107.0   61.527   57.062   3150.6    651.2
     1     1    21     2    10    23     0     1  -108.0   61.640   56.550   3172.7    650.4
     1     1    21     2    10    22     0     2  -109.0   61.749   56.048   3212.0    648.7
     1     1    21     2    10    21     0     3  -110.0   61.849   55.556   3268.7    642.7
     1     1    21     2    10    20     0     2  -111.0   61.944   55.071   3309.6    637.8
     1     1    21     2    10    19     0     1  -112.0   62.041   54.585   3335.4    634.9
     1     1    21     2    10    18     0     0  -113.0   62.137   54.096   3385.9    629.1
     1     1    21     2    10    17     0     1  -114.0   62.230   53.598   3445.9    622.1
     1     1    21     2    10    16     0     2  -115.0   62.325   53.084   3485.9    619.9
     1     1    21     2    10    15     0     3  -116.0   62.418   52.553   3516.3    618.0
     1     1    21     2    10    14     0     2  -117.0   62.508   52.010   3544.2    616.7
     1     1    21     2    10    13     0     1  -118.0   62.595   51.460   3566.4    614.7
     1     1    21     2    10    12     0     0  -119.0   62.675   50.904   3588.2    613.1
     1     1    21     2    10    11     0     1  -120.0   62.751   50.342   3616.7    611.3
