     5     1
    GDAS    21     2     1     0     0
    GDAS    21     2     8     0     0
    GDAS    21     2    15     0     0
    GDAS    21     2    22     0     0
    GDAS    21     3     1     0     0
     1 BACKWARD OMEGA   
    21     2    21    17   37.820  111.540  1500.0
     1 PRESSURE
     1     1    21     2    21    17     0     1     0.0   37.820  111.540   1500.0    730.6
     1     1    21     2    21    16     0     2    -1.0   38.073  111.116   1591.8    729.7
     1     1    21     2    21    15     0     3    -2.0   38.323  110.746   1648.2    727.1
     1     1    21     2    21    14     0     2    -3.0   38.562  110.411   1668.3    725.3
     1     1    21     2    21    13     0     1    -4.0   38.803  110.041   1706.5    715.1
     1     1    21     2    21    12     0     0    -5.0   39.061  109.605   1733.0    700.7
     1     1    21     2    21    11     0     1    -6.0   39.313  109.114   1759.7    697.3
     1     1    21     2    21    10     0     2    -7.0   39.543  108.582   1841.6    685.8
     1     1    21     2    21     9     0     3    -8.0   39.762  108.051   1894.4    683.1
     1     1    21     2    21     8     0     2    -9.0   39.978  107.522   1933.7    683.6
     1     1    21     2    21     7     0     1   -10.0   40.190  106.965   2014.8    669.9
     1     1    21     2    21     6     0     0   -11.0   40.389  106.394   2087.3    672.6
     1     1    21     2    21     5     0     1   -12.0   40.571  105.811   2096.7    670.0
     1     1    21     2    21     4     0     2   -13.0   40.722  105.248   1967.1    664.7
     1     1    21     2    21     3     0     3   -14.0   40.849  104.772   1746.0    691.5
     1     1    21     2    21     2     0     2   -15.0   40.993  104.382   1578.5    718.5
     1     1    21     2    21     1     0     1   -16.0   41.172  104.043   1468.8    723.6
     1     1    21     2    21     0     0     0   -17.0   41.357  103.764   1345.3    736.7
     1     1    21     2    20    23     0     1   -18.0   41.569  103.480   1257.7    749.5
     1     1    21     2    20    22     0     2   -19.0   41.835  103.135   1224.1    754.0
     1     1    21     2    20    21     0     3   -20.0   42.172  102.756   1118.4    759.1
     1     1    21     2    20    20     0     2   -21.0   42.534  102.314   1139.8    768.2
     1     1    21     2    20    19     0     1   -22.0   42.832  101.785   1605.5    709.5
     1     1    21     2    20    18     0     0   -23.0   43.012  101.201   1792.1    639.3
     1     1    21     2    20    17     0     1   -24.0   43.219  100.627   1894.9    676.0
     1     1    21     2    20    16     0     2   -25.0   43.458  100.000   2015.7    672.6
     1     1    21     2    20    15     0     3   -26.0   43.730   99.383   2147.0    664.8
     1     1    21     2    20    14     0     2   -27.0   44.035   98.679   2443.2    637.6
     1     1    21     2    20    13     0     1   -28.0   44.374   97.778   2775.2    570.0
     1     1    21     2    20    12     0     0   -29.0   44.782   96.759   2945.2    580.0
     1     1    21     2    20    11     0     1   -30.0   45.149   95.708   2543.4    609.0
     1     1    21     2    20    10     0     2   -31.0   45.388   94.629   2420.4    590.0
     1     1    21     2    20     9     0     3   -32.0   45.542   93.351   2717.1    568.4
     1     1    21     2    20     8     0     2   -33.0   45.648   92.061   3287.1    558.8
     1     1    21     2    20     7     0     1   -34.0   45.684   90.824   3499.7    546.2
     1     1    21     2    20     6     0     0   -35.0   45.672   89.620   3590.0    576.4
     1     1    21     2    20     5     0     1   -36.0   45.663   88.513   3599.1    594.5
     1     1    21     2    20     4     0     2   -37.0   45.666   87.445   3644.4    602.4
     1     1    21     2    20     3     0     3   -38.0   45.659   86.376   3541.6    623.5
     1     1    21     2    20     2     0     2   -39.0   45.534   85.368   3337.2    633.7
     1     1    21     2    20     1     0     1   -40.0   45.347   84.466   3115.7    649.6
     1     1    21     2    20     0     0     0   -41.0   45.201   83.558   3134.3    646.8
     1     1    21     2    19    23     0     1   -42.0   45.060   82.812   3064.0    658.7
     1     1    21     2    19    22     0     2   -43.0   44.903   82.220   2774.7    660.1
     1     1    21     2    19    21     0     3   -44.0   44.770   81.662   2520.3    653.9
     1     1    21     2    19    20     0     2   -45.0   44.667   81.072   2360.4    642.5
     1     1    21     2    19    19     0     1   -46.0   44.572   80.402   2283.9    622.2
     1     1    21     2    19    18     0     0   -47.0   44.452   79.677   2335.6    626.6
     1     1    21     2    19    17     0     1   -48.0   44.308   79.024   2395.6    653.6
     1     1    21     2    19    16     0     2   -49.0   44.179   78.445   2394.7    668.8
     1     1    21     2    19    15     0     3   -50.0   44.050   77.984   2364.0    667.5
     1     1    21     2    19    14     0     2   -51.0   43.904   77.621   2294.9    663.8
     1     1    21     2    19    13     0     1   -52.0   43.797   77.226   2142.9    675.2
     1     1    21     2    19    12     0     0   -53.0   43.757   76.773   1996.0    690.6
     1     1    21     2    19    11     0     1   -54.0   43.773   76.337   1885.4    714.4
     1     1    21     2    19    10     0     2   -55.0   43.791   75.887   1824.7    728.6
     1     1    21     2    19     9     0     3   -56.0   43.755   75.310   1834.7    727.8
     1     1    21     2    19     8     0     2   -57.0   43.671   74.700   1823.7    729.4
     1     1    21     2    19     7     0     1   -58.0   43.633   73.986   1750.3    762.8
     1     1    21     2    19     6     0     0   -59.0   43.554   73.167   1614.0    779.2
     1     1    21     2    19     5     0     1   -60.0   43.417   72.460   1488.9    786.6
     1     1    21     2    19     4     0     2   -61.0   43.210   71.731   1481.3    789.4
     1     1    21     2    19     3     0     3   -62.0   42.752   70.949   2019.2    699.4
     1     1    21     2    19     2     0     2   -63.0   42.092   70.105   2512.7    590.9
     1     1    21     2    19     1     0     1   -64.0   41.505   69.289   2508.7    687.2
     1     1    21     2    19     0     0     0   -65.0   41.033   68.494   2315.2    736.4
     1     1    21     2    18    23     0     1   -66.0   40.504   67.824   2262.8    732.8
     1     1    21     2    18    22     0     2   -67.0   39.979   67.130   2036.4    699.3
     1     1    21     2    18    21     0     3   -68.0   39.522   66.547   1560.4    796.6
     1     1    21     2    18    20     0     2   -69.0   39.106   66.118   1341.5    824.1
     1     1    21     2    18    19     0     1   -70.0   38.711   65.811   1268.8    834.4
     1     1    21     2    18    18     0     0   -71.0   38.342   65.569   1285.2    829.3
     1     1    21     2    18    17     0     1   -72.0   38.001   65.354   1351.4    830.3
     1     1    21     2    18    16     0     2   -73.0   37.702   65.128   1447.0    825.4
     1     1    21     2    18    15     0     3   -74.0   37.445   64.898   1508.4    819.3
     1     1    21     2    18    14     0     2   -75.0   37.215   64.675   1523.8    814.0
     1     1    21     2    18    13     0     1   -76.0   36.999   64.459   1499.8    811.7
     1     1    21     2    18    12     0     0   -77.0   36.799   64.239   1450.7    806.3
     1     1    21     2    18    11     0     1   -78.0   36.615   64.022   1336.1    803.1
     1     1    21     2    18    10     0     2   -79.0   36.443   63.828   1097.2    824.2
     1     1    21     2    18     9     0     3   -80.0   36.270   63.678    830.6    854.2
     1     1    21     2    18     8     0     2   -81.0   36.090   63.579    637.2    874.5
     1     1    21     2    18     7     0     1   -82.0   35.901   63.521    525.7    876.7
     1     1    21     2    18     6     0     0   -83.0   35.708   63.499    466.5    871.9
     1     1    21     2    18     5     0     1   -84.0   35.529   63.517    443.3    862.5
     1     1    21     2    18     4     0     2   -85.0   35.377   63.577    447.0    850.8
     1     1    21     2    18     3     0     3   -86.0   35.252   63.667    473.5    836.4
     1     1    21     2    18     2     0     2   -87.0   35.154   63.777    513.2    820.5
     1     1    21     2    18     1     0     1   -88.0   35.081   63.894    557.5    805.7
     1     1    21     2    18     0     0     0   -89.0   35.028   64.014    602.7    791.2
     1     1    21     2    17    23     0     1   -90.0   34.979   64.113    640.4    773.7
     1     1    21     2    17    22     0     2   -91.0   34.920   64.173    662.5    760.8
     1     1    21     2    17    21     0     3   -92.0   34.851   64.204    668.9    752.0
     1     1    21     2    17    20     0     2   -93.0   34.775   64.216    672.3    745.5
     1     1    21     2    17    19     0     1   -94.0   34.699   64.214    681.6    738.6
     1     1    21     2    17    18     0     0   -95.0   34.622   64.199    694.5    732.0
     1     1    21     2    17    17     0     1   -96.0   34.549   64.181    704.9    725.4
     1     1    21     2    17    16     0     2   -97.0   34.482   64.170    707.0    719.9
     1     1    21     2    17    15     0     3   -98.0   34.423   64.167    699.1    715.4
     1     1    21     2    17    14     0     2   -99.0   34.378   64.153    689.7    713.5
     1     1    21     2    17    13     0     1  -100.0   34.354   64.109    689.3    713.1
     1     1    21     2    17    12     0     0  -101.0   34.351   64.038    708.3    714.3
     1     1    21     2    17    11     0     1  -102.0   34.350   63.947    733.2    713.4
     1     1    21     2    17    10     0     2  -103.0   34.339   63.844    723.0    715.7
     1     1    21     2    17     9     0     3  -104.0   34.323   63.734    668.2    722.3
     1     1    21     2    17     8     0     2  -105.0   34.306   63.634    595.7    732.8
     1     1    21     2    17     7     0     1  -106.0   34.290   63.555    545.5    738.8
     1     1    21     2    17     6     0     0  -107.0   34.271   63.495    530.8    740.4
     1     1    21     2    17     5     0     1  -108.0   34.258   63.438    541.8    738.1
     1     1    21     2    17     4     0     2  -109.0   34.255   63.371    566.8    737.5
     1     1    21     2    17     3     0     3  -110.0   34.261   63.292    608.4    736.9
     1     1    21     2    17     2     0     2  -111.0   34.271   63.204    655.1    734.8
     1     1    21     2    17     1     0     1  -112.0   34.276   63.116    693.5    734.1
     1     1    21     2    17     0     0     0  -113.0   34.277   63.030    720.6    733.8
     1     1    21     2    16    23     0     1  -114.0   34.267   62.943    736.7    736.7
     1     1    21     2    16    22     0     2  -115.0   34.242   62.846    743.8    741.0
     1     1    21     2    16    21     0     3  -116.0   34.200   62.737    743.6    745.8
     1     1    21     2    16    20     0     2  -117.0   34.147   62.623    743.4    751.2
     1     1    21     2    16    19     0     1  -118.0   34.088   62.511    746.1    756.4
     1     1    21     2    16    18     0     0  -119.0   34.023   62.404    749.2    762.0
     1     1    21     2    16    17     0     1  -120.0   33.950   62.310    759.5    771.8
