     5     1
    GDAS    21     2     1     0     0
    GDAS    21     2     8     0     0
    GDAS    21     2    15     0     0
    GDAS    21     2    22     0     0
    GDAS    21     3     1     0     0
     1 BACKWARD OMEGA   
    21     2    17    11   37.820  111.540  1000.0
     1 PRESSURE
     1     1    21     2    17    11     0     1     0.0   37.820  111.540   1000.0    781.3
     1     1    21     2    17    10     0     2    -1.0   38.039  111.287   1089.3    778.5
     1     1    21     2    17     9     0     3    -2.0   38.242  111.044   1180.7    774.0
     1     1    21     2    17     8     0     2    -3.0   38.432  110.804   1226.3    770.0
     1     1    21     2    17     7     0     1    -4.0   38.617  110.568   1224.4    770.0
     1     1    21     2    17     6     0     0    -5.0   38.802  110.341   1197.1    768.4
     1     1    21     2    17     5     0     1    -6.0   38.996  110.117   1148.0    766.5
     1     1    21     2    17     4     0     2    -7.0   39.210  109.878   1105.7    766.8
     1     1    21     2    17     3     0     3    -8.0   39.453  109.615   1097.0    761.8
     1     1    21     2    17     2     0     2    -9.0   39.722  109.335   1117.9    752.4
     1     1    21     2    17     1     0     1   -10.0   40.012  109.041   1170.8    739.2
     1     1    21     2    17     0     0     0   -11.0   40.298  108.735   1232.9    745.8
     1     1    21     2    16    23     0     1   -12.0   40.566  108.423   1253.2    756.7
     1     1    21     2    16    22     0     2   -13.0   40.821  108.100   1237.7    767.7
     1     1    21     2    16    21     0     3   -14.0   41.059  107.767   1194.7    771.7
     1     1    21     2    16    20     0     2   -15.0   41.276  107.440   1140.4    772.5
     1     1    21     2    16    19     0     1   -16.0   41.465  107.122   1095.6    775.1
     1     1    21     2    16    18     0     0   -17.0   41.621  106.803   1066.9    779.0
     1     1    21     2    16    17     0     1   -18.0   41.760  106.483   1055.2    784.2
     1     1    21     2    16    16     0     2   -19.0   41.893  106.182   1067.0    791.3
     1     1    21     2    16    15     0     3   -20.0   42.021  105.918   1109.0    791.9
     1     1    21     2    16    14     0     2   -21.0   42.164  105.662   1171.6    774.3
     1     1    21     2    16    13     0     1   -22.0   42.351  105.382   1235.3    754.5
     1     1    21     2    16    12     0     0   -23.0   42.588  105.088   1319.9    731.7
     1     1    21     2    16    11     0     1   -24.0   42.869  104.762   1441.0    707.5
     1     1    21     2    16    10     0     2   -25.0   43.161  104.400   1552.3    694.8
     1     1    21     2    16     9     0     3   -26.0   43.424  104.019   1607.1    696.1
     1     1    21     2    16     8     0     2   -27.0   43.654  103.641   1594.0    700.0
     1     1    21     2    16     7     0     1   -28.0   43.864  103.283   1502.9    705.0
     1     1    21     2    16     6     0     0   -29.0   44.039  102.953   1350.7    719.1
     1     1    21     2    16     5     0     1   -30.0   44.186  102.649   1230.0    747.8
     1     1    21     2    16     4     0     2   -31.0   44.336  102.350   1188.6    756.8
     1     1    21     2    16     3     0     3   -32.0   44.498  102.042   1224.0    755.6
     1     1    21     2    16     2     0     2   -33.0   44.676  101.739   1299.0    737.8
     1     1    21     2    16     1     0     1   -34.0   44.865  101.446   1371.5    722.9
     1     1    21     2    16     0     0     0   -35.0   45.076  101.152   1434.3    707.8
     1     1    21     2    15    23     0     1   -36.0   45.320  100.881   1500.1    688.8
     1     1    21     2    15    22     0     2   -37.0   45.605  100.659   1557.9    669.8
     1     1    21     2    15    21     0     3   -38.0   45.931  100.479   1521.0    663.9
     1     1    21     2    15    20     0     2   -39.0   46.304  100.332   1408.8    661.1
     1     1    21     2    15    19     0     1   -40.0   46.767  100.196   1392.6    630.4
     1     1    21     2    15    18     0     0   -41.0   47.330  100.016   1533.2    608.1
     1     1    21     2    15    17     0     1   -42.0   47.925   99.723   1687.9    609.3
     1     1    21     2    15    16     0     2   -43.0   48.499   99.355   1731.7    615.1
     1     1    21     2    15    15     0     3   -44.0   49.060   98.940   1687.2    623.1
     1     1    21     2    15    14     0     2   -45.0   49.650   98.454   1693.7    634.7
     1     1    21     2    15    13     0     1   -46.0   50.291   97.874   1834.9    620.2
     1     1    21     2    15    12     0     0   -47.0   50.865   97.286   2023.1    636.9
     1     1    21     2    15    11     0     1   -48.0   51.368   96.723   2092.7    649.7
     1     1    21     2    15    10     0     2   -49.0   51.858   96.138   2053.7    645.1
     1     1    21     2    15     9     0     3   -50.0   52.338   95.495   2050.0    659.0
     1     1    21     2    15     8     0     2   -51.0   52.789   94.810   2080.7    675.3
     1     1    21     2    15     7     0     1   -52.0   53.201   94.109   2137.8    685.5
     1     1    21     2    15     6     0     0   -53.0   53.550   93.419   2181.6    705.2
     1     1    21     2    15     5     0     1   -54.0   53.827   92.779   2132.7    736.7
     1     1    21     2    15     4     0     2   -55.0   54.081   92.156   2069.3    749.9
     1     1    21     2    15     3     0     3   -56.0   54.334   91.535   2020.4    749.9
     1     1    21     2    15     2     0     2   -57.0   54.592   90.909   1988.6    753.8
     1     1    21     2    15     1     0     1   -58.0   54.861   90.254   1946.1    748.1
     1     1    21     2    15     0     0     0   -59.0   55.131   89.571   1882.2    747.3
     1     1    21     2    14    23     0     1   -60.0   55.385   88.868   1812.9    757.5
     1     1    21     2    14    22     0     2   -61.0   55.603   88.160   1776.3    779.1
     1     1    21     2    14    21     0     3   -62.0   55.786   87.471   1747.4    793.9
     1     1    21     2    14    20     0     2   -63.0   55.944   86.800   1708.1    803.7
     1     1    21     2    14    19     0     1   -64.0   56.092   86.132   1679.6    807.7
     1     1    21     2    14    18     0     0   -65.0   56.245   85.473   1664.4    812.3
     1     1    21     2    14    17     0     1   -66.0   56.399   84.809   1648.3    816.9
     1     1    21     2    14    16     0     2   -67.0   56.552   84.128   1627.3    823.7
     1     1    21     2    14    15     0     3   -68.0   56.710   83.432   1608.2    826.4
     1     1    21     2    14    14     0     2   -69.0   56.875   82.710   1597.8    826.7
     1     1    21     2    14    13     0     1   -70.0   57.046   81.950   1586.4    828.1
     1     1    21     2    14    12     0     0   -71.0   57.228   81.145   1566.8    825.9
     1     1    21     2    14    11     0     1   -72.0   57.404   80.311   1552.8    827.8
     1     1    21     2    14    10     0     2   -73.0   57.551   79.454   1546.0    828.8
     1     1    21     2    14     9     0     3   -74.0   57.666   78.560   1524.9    829.4
     1     1    21     2    14     8     0     2   -75.0   57.766   77.634   1487.6    832.6
     1     1    21     2    14     7     0     1   -76.0   57.835   76.712   1434.1    842.1
     1     1    21     2    14     6     0     0   -77.0   57.863   75.804   1387.3    846.3
     1     1    21     2    14     5     0     1   -78.0   57.883   74.882   1358.4    845.6
     1     1    21     2    14     4     0     2   -79.0   57.902   73.957   1318.4    854.1
     1     1    21     2    14     3     0     3   -80.0   57.879   73.071   1230.5    863.9
     1     1    21     2    14     2     0     2   -81.0   57.823   72.219   1157.3    873.5
     1     1    21     2    14     1     0     1   -82.0   57.747   71.372   1123.4    876.3
     1     1    21     2    14     0     0     0   -83.0   57.642   70.549   1088.6    880.2
     1     1    21     2    13    23     0     1   -84.0   57.530   69.750   1047.8    884.8
     1     1    21     2    13    22     0     2   -85.0   57.409   68.985   1006.9    889.4
     1     1    21     2    13    21     0     3   -86.0   57.283   68.304    973.6    895.6
     1     1    21     2    13    20     0     2   -87.0   57.146   67.698    954.1    897.4
     1     1    21     2    13    19     0     1   -88.0   56.996   67.111    937.8    897.3
     1     1    21     2    13    18     0     0   -89.0   56.854   66.534    915.3    898.9
     1     1    21     2    13    17     0     1   -90.0   56.725   65.989    878.0    903.3
     1     1    21     2    13    16     0     2   -91.0   56.597   65.460    833.5    908.4
     1     1    21     2    13    15     0     3   -92.0   56.484   64.907    802.0    910.5
     1     1    21     2    13    14     0     2   -93.0   56.368   64.350    782.0    913.7
     1     1    21     2    13    13     0     1   -94.0   56.229   63.808    765.0    915.6
     1     1    21     2    13    12     0     0   -95.0   56.088   63.275    753.8    913.6
     1     1    21     2    13    11     0     1   -96.0   55.949   62.787    751.0    911.4
     1     1    21     2    13    10     0     2   -97.0   55.791   62.345    750.3    911.0
     1     1    21     2    13     9     0     3   -98.0   55.624   61.921    749.9    910.4
     1     1    21     2    13     8     0     2   -99.0   55.463   61.495    757.1    905.5
     1     1    21     2    13     7     0     1  -100.0   55.316   61.061    780.8    897.3
     1     1    21     2    13     6     0     0  -101.0   55.199   60.616    824.3    885.2
     1     1    21     2    13     5     0     1  -102.0   55.118   60.138    875.3    870.7
     1     1    21     2    13     4     0     2  -103.0   55.058   59.619    899.6    856.0
     1     1    21     2    13     3     0     3  -104.0   55.008   59.021    866.8    845.7
     1     1    21     2    13     2     0     2  -105.0   54.905   58.358    843.0    866.3
     1     1    21     2    13     1     0     1  -106.0   54.731   57.718    834.4    871.5
     1     1    21     2    13     0     0     0  -107.0   54.497   57.156    783.7    885.0
     1     1    21     2    12    23     0     1  -108.0   54.206   56.675    732.9    897.8
     1     1    21     2    12    22     0     2  -109.0   53.886   56.264    727.2    902.5
     1     1    21     2    12    21     0     3  -110.0   53.560   55.924    731.1    904.6
     1     1    21     2    12    20     0     2  -111.0   53.236   55.651    720.8    905.2
     1     1    21     2    12    19     0     1  -112.0   52.932   55.429    706.4    905.3
     1     1    21     2    12    18     0     0  -113.0   52.648   55.254    691.5    909.4
     1     1    21     2    12    17     0     1  -114.0   52.382   55.097    679.6    914.6
     1     1    21     2    12    16     0     2  -115.0   52.138   54.939    688.6    917.9
     1     1    21     2    12    15     0     3  -116.0   51.923   54.776    722.9    914.2
     1     1    21     2    12    14     0     2  -117.0   51.728   54.585    755.0    907.9
     1     1    21     2    12    13     0     1  -118.0   51.538   54.347    764.1    908.0
     1     1    21     2    12    12     0     0  -119.0   51.361   54.056    751.8    911.6
     1     1    21     2    12    11     0     1  -120.0   51.197   53.766    730.5    918.2
