     5     1
    GDAS    21     2     1     0     0
    GDAS    21     2     8     0     0
    GDAS    21     2    15     0     0
    GDAS    21     2    22     0     0
    GDAS    21     3     1     0     0
     1 BACKWARD OMEGA   
    21     2    15    11   37.820  111.540   500.0
     1 PRESSURE
     1     1    21     2    15    11     0     1     0.0   37.820  111.540    500.0    824.0
     1     1    21     2    15    10     0     2    -1.0   37.890  111.133    454.9    828.1
     1     1    21     2    15     9     0     3    -2.0   37.918  110.819    356.9    850.8
     1     1    21     2    15     8     0     2    -3.0   37.943  110.547    286.6    864.4
     1     1    21     2    15     7     0     1    -4.0   37.977  110.285    262.8    868.9
     1     1    21     2    15     6     0     0    -5.0   38.016  110.023    272.6    869.9
     1     1    21     2    15     5     0     1    -6.0   38.063  109.754    298.7    862.2
     1     1    21     2    15     4     0     2    -7.0   38.115  109.483    327.6    855.3
     1     1    21     2    15     3     0     3    -8.0   38.161  109.211    359.3    848.5
     1     1    21     2    15     2     0     2    -9.0   38.224  108.933    382.7    840.5
     1     1    21     2    15     1     0     1   -10.0   38.320  108.644    395.6    833.7
     1     1    21     2    15     0     0     0   -11.0   38.437  108.347    413.8    826.3
     1     1    21     2    14    23     0     1   -12.0   38.564  108.028    446.8    816.7
     1     1    21     2    14    22     0     2   -13.0   38.687  107.694    484.2    815.2
     1     1    21     2    14    21     0     3   -14.0   38.775  107.380    507.8    819.4
     1     1    21     2    14    20     0     2   -15.0   38.838  107.100    541.3    825.8
     1     1    21     2    14    19     0     1   -16.0   38.930  106.822    630.4    808.9
     1     1    21     2    14    18     0     0   -17.0   39.092  106.494    793.2    764.2
     1     1    21     2    14    17     0     1   -18.0   39.312  106.130    968.1    733.3
     1     1    21     2    14    16     0     2   -19.0   39.558  105.775   1124.1    739.7
     1     1    21     2    14    15     0     3   -20.0   39.831  105.415   1234.8    740.5
     1     1    21     2    14    14     0     2   -21.0   40.151  105.009   1281.8    724.8
     1     1    21     2    14    13     0     1   -22.0   40.493  104.593   1310.1    731.8
     1     1    21     2    14    12     0     0   -23.0   40.825  104.207   1318.4    735.1
     1     1    21     2    14    11     0     1   -24.0   41.136  103.823   1312.5    739.8
     1     1    21     2    14    10     0     2   -25.0   41.426  103.438   1338.5    741.0
     1     1    21     2    14     9     0     3   -26.0   41.700  103.076   1439.1    736.7
     1     1    21     2    14     8     0     2   -27.0   41.990  102.729   1576.1    729.9
     1     1    21     2    14     7     0     1   -28.0   42.300  102.362   1669.9    712.1
     1     1    21     2    14     6     0     0   -29.0   42.619  101.943   1690.9    689.9
     1     1    21     2    14     5     0     1   -30.0   42.936  101.495   1645.9    678.2
     1     1    21     2    14     4     0     2   -31.0   43.234  101.064   1605.3    696.9
     1     1    21     2    14     3     0     3   -32.0   43.542  100.675   1607.5    708.6
     1     1    21     2    14     2     0     2   -33.0   43.866  100.319   1619.1    713.6
     1     1    21     2    14     1     0     1   -34.0   44.202   99.969   1627.1    698.6
     1     1    21     2    14     0     0     0   -35.0   44.577   99.592   1640.2    665.4
     1     1    21     2    13    23     0     1   -36.0   45.018   99.160   1547.5    635.9
     1     1    21     2    13    22     0     2   -37.0   45.431   98.741   1454.1    665.7
     1     1    21     2    13    21     0     3   -38.0   45.787   98.354   1424.5    675.1
     1     1    21     2    13    20     0     2   -39.0   46.159   97.954   1416.4    670.9
     1     1    21     2    13    19     0     1   -40.0   46.581   97.519   1460.7    640.9
     1     1    21     2    13    18     0     0   -41.0   47.051   97.034   1611.7    617.1
     1     1    21     2    13    17     0     1   -42.0   47.514   96.547   1769.6    615.2
     1     1    21     2    13    16     0     2   -43.0   47.936   96.100   1865.8    622.9
     1     1    21     2    13    15     0     3   -44.0   48.339   95.656   1941.1    625.3
     1     1    21     2    13    14     0     2   -45.0   48.712   95.212   2007.6    637.5
     1     1    21     2    13    13     0     1   -46.0   49.049   94.772   2075.5    650.3
     1     1    21     2    13    12     0     0   -47.0   49.352   94.331   2134.1    657.2
     1     1    21     2    13    11     0     1   -48.0   49.620   93.891   2183.8    667.3
     1     1    21     2    13    10     0     2   -49.0   49.854   93.468   2229.8    679.1
     1     1    21     2    13     9     0     3   -50.0   50.068   93.058   2249.2    683.9
     1     1    21     2    13     8     0     2   -51.0   50.285   92.647   2216.6    662.8
     1     1    21     2    13     7     0     1   -52.0   50.513   92.238   2207.1    642.4
     1     1    21     2    13     6     0     0   -53.0   50.771   91.829   2244.5    621.1
     1     1    21     2    13     5     0     1   -54.0   51.054   91.401   2314.0    620.1
     1     1    21     2    13     4     0     2   -55.0   51.344   90.948   2377.0    619.7
     1     1    21     2    13     3     0     3   -56.0   51.664   90.500   2462.8    603.2
     1     1    21     2    13     2     0     2   -57.0   52.025   90.046   2591.5    593.8
     1     1    21     2    13     1     0     1   -58.0   52.382   89.557   2727.6    608.2
     1     1    21     2    13     0     0     0   -59.0   52.723   89.067   2810.3    615.3
     1     1    21     2    12    23     0     1   -60.0   53.041   88.598   2877.8    628.3
     1     1    21     2    12    22     0     2   -61.0   53.318   88.134   2918.9    641.2
     1     1    21     2    12    21     0     3   -62.0   53.564   87.677   2968.0    654.5
     1     1    21     2    12    20     0     2   -63.0   53.785   87.242   3022.4    658.5
     1     1    21     2    12    19     0     1   -64.0   53.992   86.825   3062.7    656.1
     1     1    21     2    12    18     0     0   -65.0   54.208   86.408   3092.6    649.4
     1     1    21     2    12    17     0     1   -66.0   54.434   85.982   3122.8    645.8
     1     1    21     2    12    16     0     2   -67.0   54.650   85.554   3155.5    650.1
     1     1    21     2    12    15     0     3   -68.0   54.855   85.125   3172.5    652.0
     1     1    21     2    12    14     0     2   -69.0   55.042   84.684   3182.8    653.4
     1     1    21     2    12    13     0     1   -70.0   55.207   84.218   3199.3    653.1
     1     1    21     2    12    12     0     0   -71.0   55.366   83.725   3215.9    653.6
     1     1    21     2    12    11     0     1   -72.0   55.501   83.223   3240.6    653.5
     1     1    21     2    12    10     0     2   -73.0   55.599   82.726   3276.9    649.2
     1     1    21     2    12     9     0     3   -74.0   55.678   82.224   3317.8    645.2
     1     1    21     2    12     8     0     2   -75.0   55.746   81.730   3354.2    641.1
     1     1    21     2    12     7     0     1   -76.0   55.798   81.253   3378.4    639.0
     1     1    21     2    12     6     0     0   -77.0   55.835   80.783   3391.8    637.7
     1     1    21     2    12     5     0     1   -78.0   55.865   80.318   3398.4    637.5
     1     1    21     2    12     4     0     2   -79.0   55.896   79.866   3403.1    637.2
     1     1    21     2    12     3     0     3   -80.0   55.928   79.429   3405.2    637.0
     1     1    21     2    12     2     0     2   -81.0   55.957   78.996   3405.4    637.2
     1     1    21     2    12     1     0     1   -82.0   55.978   78.546   3405.5    637.2
     1     1    21     2    12     0     0     0   -83.0   56.001   78.081   3405.4    637.1
     1     1    21     2    11    23     0     1   -84.0   56.020   77.624   3408.6    639.0
     1     1    21     2    11    22     0     2   -85.0   56.021   77.197   3412.3    641.2
     1     1    21     2    11    21     0     3   -86.0   55.998   76.808   3417.5    642.3
     1     1    21     2    11    20     0     2   -87.0   55.970   76.440   3428.5    641.5
     1     1    21     2    11    19     0     1   -88.0   55.958   76.082   3448.7    639.7
     1     1    21     2    11    18     0     0   -89.0   55.958   75.740   3469.0    635.9
     1     1    21     2    11    17     0     1   -90.0   55.970   75.403   3483.1    632.6
     1     1    21     2    11    16     0     2   -91.0   55.993   75.062   3496.2    630.0
     1     1    21     2    11    15     0     3   -92.0   56.025   74.715   3522.9    629.2
     1     1    21     2    11    14     0     2   -93.0   56.066   74.360   3551.9    627.6
     1     1    21     2    11    13     0     1   -94.0   56.105   74.007   3570.5    627.6
     1     1    21     2    11    12     0     0   -95.0   56.136   73.651   3576.9    627.0
     1     1    21     2    11    11     0     1   -96.0   56.165   73.291   3579.6    627.0
     1     1    21     2    11    10     0     2   -97.0   56.195   72.939   3580.9    626.5
     1     1    21     2    11     9     0     3   -98.0   56.222   72.595   3575.4    626.5
     1     1    21     2    11     8     0     2   -99.0   56.258   72.256   3575.2    627.5
     1     1    21     2    11     7     0     1  -100.0   56.313   71.924   3594.9    625.1
     1     1    21     2    11     6     0     0  -101.0   56.385   71.601   3627.6    620.4
     1     1    21     2    11     5     0     1  -102.0   56.471   71.284   3659.8    615.6
     1     1    21     2    11     4     0     2  -103.0   56.566   70.976   3685.5    613.1
     1     1    21     2    11     3     0     3  -104.0   56.663   70.691   3711.2    611.2
     1     1    21     2    11     2     0     2  -105.0   56.760   70.429   3734.9    609.2
     1     1    21     2    11     1     0     1  -106.0   56.858   70.191   3752.5    607.7
     1     1    21     2    11     0     0     0  -107.0   56.957   69.986   3763.5    607.0
     1     1    21     2    10    23     0     1  -108.0   57.056   69.807   3782.4    606.7
     1     1    21     2    10    22     0     2  -109.0   57.155   69.631   3821.5    602.7
     1     1    21     2    10    21     0     3  -110.0   57.255   69.455   3871.0    597.7
     1     1    21     2    10    20     0     2  -111.0   57.369   69.270   3920.6    592.7
     1     1    21     2    10    19     0     1  -112.0   57.505   69.079   3969.6    588.4
     1     1    21     2    10    18     0     0  -113.0   57.656   68.905   4022.7    584.0
     1     1    21     2    10    17     0     1  -114.0   57.821   68.761   4084.5    579.6
     1     1    21     2    10    16     0     2  -115.0   58.002   68.665   4157.0    573.9
     1     1    21     2    10    15     0     3  -116.0   58.205   68.604   4239.2    567.9
     1     1    21     2    10    14     0     2  -117.0   58.435   68.550   4323.8    561.2
     1     1    21     2    10    13     0     1  -118.0   58.685   68.520   4403.5    555.1
     1     1    21     2    10    12     0     0  -119.0   58.943   68.566   4475.4    549.5
     1     1    21     2    10    11     0     1  -120.0   59.203   68.690   4545.1    543.8
