     5     1
    GDAS    21     2     1     0     0
    GDAS    21     2     8     0     0
    GDAS    21     2    15     0     0
    GDAS    21     2    22     0     0
    GDAS    21     3     1     0     0
     1 BACKWARD OMEGA   
    21     2    25    23   37.820  111.540  1000.0
     1 PRESSURE
     1     1    21     2    25    23     0     1     0.0   37.820  111.540   1000.0    777.6
     1     1    21     2    25    22     0     2    -1.0   37.625  111.761   1005.2    777.8
     1     1    21     2    25    21     0     3    -2.0   37.476  111.992   1022.4    777.2
     1     1    21     2    25    20     0     2    -3.0   37.371  112.224   1040.5    778.7
     1     1    21     2    25    19     0     1    -4.0   37.304  112.459   1060.5    778.2
     1     1    21     2    25    18     0     0    -5.0   37.276  112.706   1081.2    777.5
     1     1    21     2    25    17     0     1    -6.0   37.274  112.969   1101.3    775.9
     1     1    21     2    25    16     0     2    -7.0   37.290  113.243   1109.3    787.2
     1     1    21     2    25    15     0     3    -8.0   37.324  113.512   1085.7    804.4
     1     1    21     2    25    14     0     2    -9.0   37.384  113.751   1053.6    823.8
     1     1    21     2    25    13     0     1   -10.0   37.462  113.950   1041.9    838.0
     1     1    21     2    25    12     0     0   -11.0   37.544  114.120   1058.7    848.4
     1     1    21     2    25    11     0     1   -12.0   37.623  114.271   1092.6    853.1
     1     1    21     2    25    10     0     2   -13.0   37.699  114.408   1126.7    858.2
     1     1    21     2    25     9     0     3   -14.0   37.768  114.534   1160.6    861.9
     1     1    21     2    25     8     0     2   -15.0   37.834  114.648   1190.6    865.0
     1     1    21     2    25     7     0     1   -16.0   37.901  114.747   1212.2    867.9
     1     1    21     2    25     6     0     0   -17.0   37.968  114.827   1220.0    871.0
     1     1    21     2    25     5     0     1   -18.0   38.025  114.901   1199.8    875.1
     1     1    21     2    25     4     0     2   -19.0   38.068  114.990   1141.5    885.1
     1     1    21     2    25     3     0     3   -20.0   38.108  115.101   1053.0    895.4
     1     1    21     2    25     2     0     2   -21.0   38.153  115.229    988.7    906.3
     1     1    21     2    25     1     0     1   -22.0   38.199  115.359    976.1    905.6
     1     1    21     2    25     0     0     0   -23.0   38.241  115.484    991.8    902.3
     1     1    21     2    24    23     0     1   -24.0   38.274  115.590   1005.3    898.7
     1     1    21     2    24    22     0     2   -25.0   38.294  115.667   1002.2    899.9
     1     1    21     2    24    21     0     3   -26.0   38.302  115.722    990.4    902.0
     1     1    21     2    24    20     0     2   -27.0   38.301  115.761    987.4    904.4
     1     1    21     2    24    19     0     1   -28.0   38.296  115.786   1005.2    902.6
     1     1    21     2    24    18     0     0   -29.0   38.287  115.793   1042.8    898.4
     1     1    21     2    24    17     0     1   -30.0   38.263  115.800   1076.8    892.4
     1     1    21     2    24    16     0     2   -31.0   38.216  115.831   1087.0    892.2
     1     1    21     2    24    15     0     3   -32.0   38.150  115.897   1070.9    894.7
     1     1    21     2    24    14     0     2   -33.0   38.080  116.008   1031.9    899.9
     1     1    21     2    24    13     0     1   -34.0   38.020  116.148    973.6    905.5
     1     1    21     2    24    12     0     0   -35.0   37.972  116.298    890.3    914.5
     1     1    21     2    24    11     0     1   -36.0   37.932  116.437    817.3    927.4
     1     1    21     2    24    10     0     2   -37.0   37.881  116.551    799.4    929.5
     1     1    21     2    24     9     0     3   -38.0   37.814  116.645    838.7    925.4
     1     1    21     2    24     8     0     2   -39.0   37.742  116.737    901.5    914.3
     1     1    21     2    24     7     0     1   -40.0   37.676  116.840    951.8    908.5
     1     1    21     2    24     6     0     0   -41.0   37.615  116.950    996.9    903.7
     1     1    21     2    24     5     0     1   -42.0   37.543  117.042   1039.3    899.4
     1     1    21     2    24     4     0     2   -43.0   37.442  117.095   1082.9    896.1
     1     1    21     2    24     3     0     3   -44.0   37.314  117.105   1148.4    891.0
     1     1    21     2    24     2     0     2   -45.0   37.178  117.101   1238.6    879.4
     1     1    21     2    24     1     0     1   -46.0   37.067  117.118   1330.4    868.6
     1     1    21     2    24     0     0     0   -47.0   36.988  117.162   1416.5    858.7
     1     1    21     2    23    23     0     1   -48.0   36.932  117.209   1464.4    849.3
     1     1    21     2    23    22     0     2   -49.0   36.894  117.247   1446.1    851.3
     1     1    21     2    23    21     0     3   -50.0   36.878  117.278   1379.2    859.3
     1     1    21     2    23    20     0     2   -51.0   36.883  117.298   1317.9    870.9
     1     1    21     2    23    19     0     1   -52.0   36.899  117.304   1286.5    873.7
     1     1    21     2    23    18     0     0   -53.0   36.922  117.296   1275.5    875.2
     1     1    21     2    23    17     0     1   -54.0   36.942  117.269   1275.2    875.0
     1     1    21     2    23    16     0     2   -55.0   36.944  117.217   1276.2    875.0
     1     1    21     2    23    15     0     3   -56.0   36.929  117.141   1272.2    875.1
     1     1    21     2    23    14     0     2   -57.0   36.880  117.065   1266.8    876.0
     1     1    21     2    23    13     0     1   -58.0   36.791  117.022   1267.7    874.7
     1     1    21     2    23    12     0     0   -59.0   36.675  117.011   1268.7    872.6
     1     1    21     2    23    11     0     1   -60.0   36.556  117.032   1269.6    871.4
     1     1    21     2    23    10     0     2   -61.0   36.443  117.075   1275.6    868.9
     1     1    21     2    23     9     0     3   -62.0   36.333  117.132   1289.1    865.0
     1     1    21     2    23     8     0     2   -63.0   36.229  117.179   1304.0    859.8
     1     1    21     2    23     7     0     1   -64.0   36.137  117.206   1313.3    856.6
     1     1    21     2    23     6     0     0   -65.0   36.051  117.217   1318.6    854.4
     1     1    21     2    23     5     0     1   -66.0   35.966  117.219   1304.1    854.4
     1     1    21     2    23     4     0     2   -67.0   35.871  117.238   1260.3    861.4
     1     1    21     2    23     3     0     3   -68.0   35.760  117.283   1204.0    869.9
     1     1    21     2    23     2     0     2   -69.0   35.641  117.366   1161.2    876.1
     1     1    21     2    23     1     0     1   -70.0   35.529  117.478   1134.3    877.5
     1     1    21     2    23     0     0     0   -71.0   35.425  117.611   1112.6    878.9
     1     1    21     2    22    23     0     1   -72.0   35.345  117.772   1106.8    880.2
     1     1    21     2    22    22     0     2   -73.0   35.308  117.952   1127.2    876.3
     1     1    21     2    22    21     0     3   -74.0   35.320  118.139   1168.4    872.4
     1     1    21     2    22    20     0     2   -75.0   35.373  118.318   1210.3    867.4
     1     1    21     2    22    19     0     1   -76.0   35.461  118.485   1249.6    864.4
     1     1    21     2    22    18     0     0   -77.0   35.589  118.634   1304.5    859.1
     1     1    21     2    22    17     0     1   -78.0   35.764  118.737   1371.6    849.3
     1     1    21     2    22    16     0     2   -79.0   35.993  118.778   1420.8    839.3
     1     1    21     2    22    15     0     3   -80.0   36.271  118.781   1440.3    843.1
     1     1    21     2    22    14     0     2   -81.0   36.589  118.773   1451.2    850.6
     1     1    21     2    22    13     0     1   -82.0   36.932  118.735   1465.6    854.7
     1     1    21     2    22    12     0     0   -83.0   37.308  118.671   1494.7    855.3
     1     1    21     2    22    11     0     1   -84.0   37.727  118.562   1596.1    846.4
     1     1    21     2    22    10     0     2   -85.0   38.166  118.360   1766.7    825.6
     1     1    21     2    22     9     0     3   -86.0   38.594  118.032   1992.9    803.6
     1     1    21     2    22     8     0     2   -87.0   39.018  117.566   2304.9    773.2
     1     1    21     2    22     7     0     1   -88.0   39.440  116.961   2658.8    731.8
     1     1    21     2    22     6     0     0   -89.0   39.858  116.245   2898.8    678.1
     1     1    21     2    22     5     0     1   -90.0   40.311  115.433   2924.5    615.8
     1     1    21     2    22     4     0     2   -91.0   40.791  114.513   2861.6    603.9
     1     1    21     2    22     3     0     3   -92.0   41.248  113.556   2897.4    588.6
     1     1    21     2    22     2     0     2   -93.0   41.716  112.555   2979.0    578.7
     1     1    21     2    22     1     0     1   -94.0   42.179  111.550   3103.6    578.0
     1     1    21     2    22     0     0     0   -95.0   42.588  110.575   3185.1    583.5
     1     1    21     2    21    23     0     1   -96.0   42.954  109.564   3248.2    579.5
     1     1    21     2    21    22     0     2   -97.0   43.297  108.551   3349.5    584.6
     1     1    21     2    21    21     0     3   -98.0   43.594  107.574   3345.0    577.6
     1     1    21     2    21    20     0     2   -99.0   43.861  106.551   3271.8    565.9
     1     1    21     2    21    19     0     1  -100.0   44.118  105.526   3241.0    561.7
     1     1    21     2    21    18     0     0  -101.0   44.328  104.555   3124.7    574.7
     1     1    21     2    21    17     0     1  -102.0   44.472  103.679   3003.0    589.8
     1     1    21     2    21    16     0     2  -103.0   44.618  102.827   2921.4    592.9
     1     1    21     2    21    15     0     3  -104.0   44.718  102.011   2952.5    592.4
     1     1    21     2    21    14     0     2  -105.0   44.817  101.201   2980.6    581.4
     1     1    21     2    21    13     0     1  -106.0   44.953  100.388   2859.5    561.9
     1     1    21     2    21    12     0     0  -107.0   45.083   99.596   2734.3    556.6
     1     1    21     2    21    11     0     1  -108.0   45.273   98.722   2762.2    549.9
     1     1    21     2    21    10     0     2  -109.0   45.502   97.796   2752.2    552.3
     1     1    21     2    21     9     0     3  -110.0   45.687   96.918   2784.8    567.1
     1     1    21     2    21     8     0     2  -111.0   45.842   96.124   2749.6    597.0
     1     1    21     2    21     7     0     1  -112.0   45.987   95.453   2744.5    609.1
     1     1    21     2    21     6     0     0  -113.0   46.127   94.816   2736.3    597.1
     1     1    21     2    21     5     0     1  -114.0   46.310   94.012   2629.5    555.9
     1     1    21     2    21     4     0     2  -115.0   46.542   93.042   2608.3    565.1
     1     1    21     2    21     3     0     3  -116.0   46.777   92.062   2433.2    542.4
     1     1    21     2    21     2     0     2  -117.0   46.982   91.010   2337.2    558.4
     1     1    21     2    21     1     0     1  -118.0   47.138   89.952   2542.3    580.8
     1     1    21     2    21     0     0     0  -119.0   47.246   89.055   2676.1    620.8
     1     1    21     2    20    23     0     1  -120.0   47.309   88.301   2715.9    636.0
