     5     1
    GDAS    21     2     1     0     0
    GDAS    21     2     8     0     0
    GDAS    21     2    15     0     0
    GDAS    21     2    22     0     0
    GDAS    21     3     1     0     0
     1 BACKWARD OMEGA   
    21     2     3    17   37.820  111.540   500.0
     1 PRESSURE
     1     1    21     2     3    17     0     1     0.0   37.820  111.540    500.0    831.5
     1     1    21     2     3    16     0     2    -1.0   37.898  111.396    536.2    830.6
     1     1    21     2     3    15     0     3    -2.0   38.001  111.255    578.3    830.4
     1     1    21     2     3    14     0     2    -3.0   38.133  111.120    618.8    828.8
     1     1    21     2     3    13     0     1    -4.0   38.286  110.997    640.3    830.6
     1     1    21     2     3    12     0     0    -5.0   38.442  110.879    629.7    832.4
     1     1    21     2     3    11     0     1    -6.0   38.595  110.764    607.7    837.0
     1     1    21     2     3    10     0     2    -7.0   38.750  110.646    596.1    836.8
     1     1    21     2     3     9     0     3    -8.0   38.913  110.520    595.5    834.0
     1     1    21     2     3     8     0     2    -9.0   39.092  110.379    600.7    826.8
     1     1    21     2     3     7     0     1   -10.0   39.292  110.217    618.7    818.0
     1     1    21     2     3     6     0     0   -11.0   39.508  110.030    653.2    805.9
     1     1    21     2     3     5     0     1   -12.0   39.758  109.818    696.0    795.0
     1     1    21     2     3     4     0     2   -13.0   40.065  109.569    732.1    784.3
     1     1    21     2     3     3     0     3   -14.0   40.389  109.306    737.3    789.8
     1     1    21     2     3     2     0     2   -15.0   40.697  109.063    696.7    808.3
     1     1    21     2     3     1     0     1   -16.0   40.980  108.858    607.9    832.2
     1     1    21     2     3     0     0     0   -17.0   41.259  108.672    502.1    837.0
     1     1    21     2     2    23     0     1   -18.0   41.551  108.449    419.6    835.9
     1     1    21     2     2    22     0     2   -19.0   41.843  108.167    353.8    835.1
     1     1    21     2     2    21     0     3   -20.0   42.122  107.855    282.6    846.3
     1     1    21     2     2    20     0     2   -21.0   42.360  107.571    218.4    864.5
     1     1    21     2     2    19     0     1   -22.0   42.578  107.329    185.1    870.7
     1     1    21     2     2    18     0     0   -23.0   42.859  107.118    192.5    868.6
     1     1    21     2     2    17     0     1   -24.0   43.238  106.905    263.9    851.8
     1     1    21     2     2    16     0     2   -25.0   43.631  106.654    350.3    826.9
     1     1    21     2     2    15     0     3   -26.0   43.987  106.383    315.8    817.2
     1     1    21     2     2    14     0     2   -27.0   44.259  106.081    207.3    842.2
     1     1    21     2     2    13     0     1   -28.0   44.449  105.787    131.7    855.0
     1     1    21     2     2    12     0     0   -29.0   44.592  105.473     99.6    854.7
     1     1    21     2     2    11     0     1   -30.0   44.702  105.136     90.1    852.3
     1     1    21     2     2    10     0     2   -31.0   44.770  104.794     83.5    854.4
     1     1    21     2     2     9     0     3   -32.0   44.794  104.468     70.8    859.5
     1     1    21     2     2     8     0     2   -33.0   44.790  104.173     56.8    866.8
     1     1    21     2     2     7     0     1   -34.0   44.783  103.893     48.6    869.7
     1     1    21     2     2     6     0     0   -35.0   44.778  103.587     50.7    866.1
     1     1    21     2     2     5     0     1   -36.0   44.770  103.235     69.6    859.1
     1     1    21     2     2     4     0     2   -37.0   44.766  102.843    108.3    851.5
     1     1    21     2     2     3     0     3   -38.0   44.780  102.465    133.1    846.5
     1     1    21     2     2     2     0     2   -39.0   44.821  102.145    123.9    847.2
     1     1    21     2     2     1     0     1   -40.0   44.887  101.872     97.1    848.2
     1     1    21     2     2     0     0     0   -41.0   44.959  101.650     73.7    849.1
     1     1    21     2     1    23     0     1   -42.0   45.024  101.474     59.3    847.0
     1     1    21     2     1    22     0     2   -43.0   45.077  101.338     50.6    844.5
     1     1    21     2     1    21     0     3   -44.0   45.122  101.230     48.4    841.9
     1     1    21     2     1    20     0     2   -45.0   45.156  101.143     51.8    839.4
     1     1    21     2     1    19     0     1   -46.0   45.179  101.075     59.4    836.9
     1     1    21     2     1    18     0     0   -47.0   45.191  101.019     69.6    834.6
     1     1    21     2     1    17     0     1   -48.0   45.201  100.962     81.1    831.2
     1     1    21     2     1    16     0     2   -49.0   45.216  100.892     93.0    826.5
     1     1    21     2     1    15     0     3   -50.0   45.237  100.807    105.3    821.3
     1     1    21     2     1    14     0     2   -51.0   45.266  100.705    110.5    815.4
     1     1    21     2     1    13     0     1   -52.0   45.299  100.593    103.9    811.7
     1     1    21     2     1    12     0     0   -53.0   45.332  100.476     91.0    809.0
     1     1    21     2     1    11     0     1   -54.0   45.361  100.368     81.0    807.2
     1     1    21     2     1    10     0     2   -55.0   45.382  100.268     80.8    804.1
     1     1    21     2     1     9     0     3   -56.0   45.395  100.171     93.0    800.0
     1     1    21     2     1     8     0     2   -57.0   45.396  100.071    116.3    795.2
     1     1    21     2     1     7     0     1   -58.0   45.381   99.964    142.6    790.3
     1     1    21     2     1     6     0     0   -59.0   45.354   99.845    163.4    787.1
     1     1    21     2     1     5     0     1   -60.0   45.329   99.724    174.4    785.3
     1     1    21     2     1     4     0     2   -61.0   45.320   99.613    177.6    784.8
     1     1    21     2     1     3     0     3   -62.0   45.325   99.516    176.1    785.5
     1     1    21     2     1     2     0     2   -63.0   45.343   99.437    172.0    786.5
     1     1    21     2     1     1     0     1   -64.0   45.372   99.374    166.0    788.3
     1     1    21     2     1     0     0     0   -65.0   45.411   99.329    158.1    790.7
