     5     1
    GDAS    21     2     1     0     0
    GDAS    21     2     8     0     0
    GDAS    21     2    15     0     0
    GDAS    21     2    22     0     0
    GDAS    21     3     1     0     0
     1 BACKWARD OMEGA   
    21     2     1    11   37.820  111.540  1000.0
     1 PRESSURE
     1     1    21     2     1    11     0     1     0.0   37.820  111.540   1000.0    776.5
     1     1    21     2     1    10     0     2    -1.0   38.115  111.216   1122.5    774.3
     1     1    21     2     1     9     0     3    -2.0   38.422  110.895   1226.5    763.9
     1     1    21     2     1     8     0     2    -3.0   38.724  110.585   1251.5    760.1
     1     1    21     2     1     7     0     1    -4.0   39.019  110.269   1237.0    755.0
     1     1    21     2     1     6     0     0    -5.0   39.309  109.925   1208.3    746.3
     1     1    21     2     1     5     0     1    -6.0   39.609  109.521   1211.3    741.8
     1     1    21     2     1     4     0     2    -7.0   39.933  109.023   1257.2    723.5
     1     1    21     2     1     3     0     3    -8.0   40.253  108.521   1277.4    734.9
     1     1    21     2     1     2     0     2    -9.0   40.541  108.123   1236.8    756.6
     1     1    21     2     1     1     0     1   -10.0   40.797  107.786   1175.6    767.0
     1     1    21     2     1     0     0     0   -11.0   41.010  107.486   1129.8    773.5
