     5     1
    GDAS    21     2     1     0     0
    GDAS    21     2     8     0     0
    GDAS    21     2    15     0     0
    GDAS    21     2    22     0     0
    GDAS    21     3     1     0     0
     1 BACKWARD OMEGA   
    21     2    15    23   37.820  111.540   500.0
     1 PRESSURE
     1     1    21     2    15    23     0     1     0.0   37.820  111.540    500.0    825.4
     1     1    21     2    15    22     0     2    -1.0   38.285  111.291    822.5    797.6
     1     1    21     2    15    21     0     3    -2.0   38.786  111.008   1022.3    779.8
     1     1    21     2    15    20     0     2    -3.0   39.291  110.739   1098.5    772.6
     1     1    21     2    15    19     0     1    -4.0   39.802  110.407   1180.9    752.9
     1     1    21     2    15    18     0     0    -5.0   40.364  109.935   1262.5    728.0
     1     1    21     2    15    17     0     1    -6.0   40.971  109.454   1228.2    741.9
     1     1    21     2    15    16     0     2    -7.0   41.572  109.093   1092.3    751.4
     1     1    21     2    15    15     0     3    -8.0   42.150  108.828    933.0    761.1
     1     1    21     2    15    14     0     2    -9.0   42.686  108.654    863.4    797.5
     1     1    21     2    15    13     0     1   -10.0   43.195  108.501    886.9    808.5
     1     1    21     2    15    12     0     0   -11.0   43.741  108.281    939.9    806.4
     1     1    21     2    15    11     0     1   -12.0   44.347  107.952    960.5    792.9
     1     1    21     2    15    10     0     2   -13.0   44.903  107.614   1028.4    784.7
     1     1    21     2    15     9     0     3   -14.0   45.447  107.229   1113.7    752.2
     1     1    21     2    15     8     0     2   -15.0   46.068  106.779   1187.2    728.9
     1     1    21     2    15     7     0     1   -16.0   46.690  106.264   1223.0    726.5
     1     1    21     2    15     6     0     0   -17.0   47.224  105.800   1200.5    739.0
     1     1    21     2    15     5     0     1   -18.0   47.698  105.429   1222.0    750.0
     1     1    21     2    15     4     0     2   -19.0   48.130  105.105   1338.5    750.8
     1     1    21     2    15     3     0     3   -20.0   48.543  104.808   1429.8    739.7
     1     1    21     2    15     2     0     2   -21.0   48.949  104.556   1410.6    733.6
     1     1    21     2    15     1     0     1   -22.0   49.356  104.304   1341.1    732.7
     1     1    21     2    15     0     0     0   -23.0   49.739  104.001   1340.2    722.1
     1     1    21     2    14    23     0     1   -24.0   50.140  103.623   1422.7    705.8
     1     1    21     2    14    22     0     2   -25.0   50.658  103.082   1596.1    671.0
     1     1    21     2    14    21     0     3   -26.0   51.361  102.231   1882.7    625.6
     1     1    21     2    14    20     0     2   -27.0   52.215  101.047   1849.7    607.6
     1     1    21     2    14    19     0     1   -28.0   52.940   99.837   1585.3    636.1
     1     1    21     2    14    18     0     0   -29.0   53.405   98.749   1330.6    702.2
     1     1    21     2    14    17     0     1   -30.0   53.693   97.674   1137.5    720.9
     1     1    21     2    14    16     0     2   -31.0   53.949   96.564   1028.8    711.3
     1     1    21     2    14    15     0     3   -32.0   54.075   95.738    838.2    767.2
     1     1    21     2    14    14     0     2   -33.0   54.085   95.124    599.7    834.9
     1     1    21     2    14    13     0     1   -34.0   54.058   94.645    423.8    879.9
     1     1    21     2    14    12     0     0   -35.0   54.018   94.295    313.0    907.0
     1     1    21     2    14    11     0     1   -36.0   53.972   94.050    248.5    922.9
     1     1    21     2    14    10     0     2   -37.0   53.921   93.883    220.0    925.5
     1     1    21     2    14     9     0     3   -38.0   53.860   93.755    211.1    925.5
     1     1    21     2    14     8     0     2   -39.0   53.790   93.654    216.9    923.3
     1     1    21     2    14     7     0     1   -40.0   53.715   93.575    235.4    919.5
     1     1    21     2    14     6     0     0   -41.0   53.630   93.514    269.4    913.2
     1     1    21     2    14     5     0     1   -42.0   53.533   93.430    313.3    904.7
     1     1    21     2    14     4     0     2   -43.0   53.424   93.300    375.7    897.5
     1     1    21     2    14     3     0     3   -44.0   53.311   93.118    472.9    888.5
     1     1    21     2    14     2     0     2   -45.0   53.211   92.832    560.1    873.8
     1     1    21     2    14     1     0     1   -46.0   53.135   92.439    591.9    869.2
     1     1    21     2    14     0     0     0   -47.0   53.075   91.989    584.9    872.5
     1     1    21     2    13    23     0     1   -48.0   52.996   91.491    600.6    876.8
     1     1    21     2    13    22     0     2   -49.0   52.898   90.844    657.3    862.7
     1     1    21     2    13    21     0     3   -50.0   52.826   90.089    687.3    851.8
     1     1    21     2    13    20     0     2   -51.0   52.773   89.403    652.5    837.8
     1     1    21     2    13    19     0     1   -52.0   52.719   88.873    598.6    838.3
     1     1    21     2    13    18     0     0   -53.0   52.659   88.487    566.5    853.9
     1     1    21     2    13    17     0     1   -54.0   52.589   88.186    557.3    860.0
     1     1    21     2    13    16     0     2   -55.0   52.512   87.938    549.2    866.5
     1     1    21     2    13    15     0     3   -56.0   52.432   87.732    537.8    875.8
     1     1    21     2    13    14     0     2   -57.0   52.356   87.561    524.7    884.2
     1     1    21     2    13    13     0     1   -58.0   52.290   87.418    511.1    892.0
     1     1    21     2    13    12     0     0   -59.0   52.235   87.297    497.7    899.4
     1     1    21     2    13    11     0     1   -60.0   52.193   87.195    491.0    905.9
     1     1    21     2    13    10     0     2   -61.0   52.165   87.104    497.3    909.8
     1     1    21     2    13     9     0     3   -62.0   52.150   87.017    518.9    912.3
     1     1    21     2    13     8     0     2   -63.0   52.131   86.928    549.7    909.0
     1     1    21     2    13     7     0     1   -64.0   52.097   86.846    576.2    905.7
     1     1    21     2    13     6     0     0   -65.0   52.050   86.777    592.5    903.5
     1     1    21     2    13     5     0     1   -66.0   51.992   86.731    601.6    901.4
     1     1    21     2    13     4     0     2   -67.0   51.925   86.705    607.7    892.3
     1     1    21     2    13     3     0     3   -68.0   51.850   86.692    614.4    881.9
     1     1    21     2    13     2     0     2   -69.0   51.776   86.676    625.8    871.3
     1     1    21     2    13     1     0     1   -70.0   51.707   86.632    645.6    860.4
     1     1    21     2    13     0     0     0   -71.0   51.641   86.555    675.4    849.8
     1     1    21     2    12    23     0     1   -72.0   51.578   86.447    711.3    839.5
     1     1    21     2    12    22     0     2   -73.0   51.515   86.311    746.4    831.0
     1     1    21     2    12    21     0     3   -74.0   51.450   86.151    777.9    823.9
     1     1    21     2    12    20     0     2   -75.0   51.383   85.973    806.8    817.8
     1     1    21     2    12    19     0     1   -76.0   51.316   85.773    832.3    809.1
     1     1    21     2    12    18     0     0   -77.0   51.251   85.544    851.7    801.9
     1     1    21     2    12    17     0     1   -78.0   51.177   85.300    870.5    795.8
     1     1    21     2    12    16     0     2   -79.0   51.087   85.064    896.9    787.7
     1     1    21     2    12    15     0     3   -80.0   50.989   84.854    928.2    775.2
     1     1    21     2    12    14     0     2   -81.0   50.896   84.649    948.8    768.1
     1     1    21     2    12    13     0     1   -82.0   50.814   84.431    947.7    767.8
     1     1    21     2    12    12     0     0   -83.0   50.740   84.208    945.3    769.4
     1     1    21     2    12    11     0     1   -84.0   50.674   83.993    957.6    770.9
     1     1    21     2    12    10     0     2   -85.0   50.605   83.794    984.4    778.8
     1     1    21     2    12     9     0     3   -86.0   50.524   83.618   1011.9    786.9
     1     1    21     2    12     8     0     2   -87.0   50.433   83.461   1032.1    794.9
     1     1    21     2    12     7     0     1   -88.0   50.333   83.320   1039.1    804.8
     1     1    21     2    12     6     0     0   -89.0   50.223   83.203   1035.5    815.2
     1     1    21     2    12     5     0     1   -90.0   50.107   83.118   1024.9    825.1
     1     1    21     2    12     4     0     2   -91.0   49.991   83.068   1011.4    833.0
     1     1    21     2    12     3     0     3   -92.0   49.875   83.035    995.4    834.4
     1     1    21     2    12     2     0     2   -93.0   49.762   82.993    980.1    835.5
     1     1    21     2    12     1     0     1   -94.0   49.657   82.933    963.8    836.0
     1     1    21     2    12     0     0     0   -95.0   49.563   82.849    945.9    837.1
     1     1    21     2    11    23     0     1   -96.0   49.475   82.748    929.7    838.7
     1     1    21     2    11    22     0     2   -97.0   49.389   82.631    917.9    839.5
     1     1    21     2    11    21     0     3   -98.0   49.307   82.496    910.7    839.7
     1     1    21     2    11    20     0     2   -99.0   49.230   82.349    909.6    839.3
     1     1    21     2    11    19     0     1  -100.0   49.158   82.200    916.9    837.6
     1     1    21     2    11    18     0     0  -101.0   49.092   82.053    932.9    834.8
     1     1    21     2    11    17     0     1  -102.0   49.050   81.897    953.2    832.3
     1     1    21     2    11    16     0     2  -103.0   49.053   81.725    972.0    832.6
     1     1    21     2    11    15     0     3  -104.0   49.099   81.541    987.0    835.0
     1     1    21     2    11    14     0     2  -105.0   49.157   81.340    998.3    838.0
     1     1    21     2    11    13     0     1  -106.0   49.200   81.113   1005.2    841.0
     1     1    21     2    11    12     0     0  -107.0   49.226   80.854   1008.3    842.6
     1     1    21     2    11    11     0     1  -108.0   49.241   80.575   1009.9    842.7
     1     1    21     2    11    10     0     2  -109.0   49.245   80.290   1011.4    842.5
     1     1    21     2    11     9     0     3  -110.0   49.238   79.997   1011.9    842.0
     1     1    21     2    11     8     0     2  -111.0   49.224   79.704   1017.2    838.9
     1     1    21     2    11     7     0     1  -112.0   49.211   79.412   1029.4    833.6
     1     1    21     2    11     6     0     0  -113.0   49.200   79.110   1037.0    828.6
     1     1    21     2    11     5     0     1  -114.0   49.214   78.792   1036.1    825.3
     1     1    21     2    11     4     0     2  -115.0   49.266   78.453   1042.5    823.0
     1     1    21     2    11     3     0     3  -116.0   49.352   78.078   1079.2    817.8
     1     1    21     2    11     2     0     2  -117.0   49.447   77.637   1125.7    805.8
     1     1    21     2    11     1     0     1  -118.0   49.536   77.131   1145.5    797.5
     1     1    21     2    11     0     0     0  -119.0   49.624   76.595   1145.1    797.8
     1     1    21     2    10    23     0     1  -120.0   49.712   76.071   1145.0    801.5
