     5     1
    GDAS    21     2     1     0     0
    GDAS    21     2     8     0     0
    GDAS    21     2    15     0     0
    GDAS    21     2    22     0     0
    GDAS    21     3     1     0     0
     1 BACKWARD OMEGA   
    21     2    23    23   37.820  111.540   500.0
     1 PRESSURE
     1     1    21     2    23    23     0     1     0.0   37.820  111.540    500.0    825.6
     1     1    21     2    23    22     0     2    -1.0   37.788  111.600    448.9    829.0
     1     1    21     2    23    21     0     3    -2.0   37.762  111.665    386.1    836.1
     1     1    21     2    23    20     0     2    -3.0   37.730  111.743    343.5    842.6
     1     1    21     2    23    19     0     1    -4.0   37.675  111.831    337.8    843.1
     1     1    21     2    23    18     0     0    -5.0   37.598  111.922    368.1    841.4
     1     1    21     2    23    17     0     1    -6.0   37.501  112.015    423.8    836.7
     1     1    21     2    23    16     0     2    -7.0   37.389  112.115    481.8    832.4
     1     1    21     2    23    15     0     3    -8.0   37.265  112.220    533.9    829.5
     1     1    21     2    23    14     0     2    -9.0   37.141  112.334    571.4    827.0
     1     1    21     2    23    13     0     1   -10.0   37.021  112.474    578.7    827.1
     1     1    21     2    23    12     0     0   -11.0   36.890  112.671    560.3    830.6
     1     1    21     2    23    11     0     1   -12.0   36.745  112.914    501.6    837.3
     1     1    21     2    23    10     0     2   -13.0   36.613  113.163    384.9    860.2
     1     1    21     2    23     9     0     3   -14.0   36.509  113.372    225.4    894.1
     1     1    21     2    23     8     0     2   -15.0   36.420  113.527    112.6    927.5
     1     1    21     2    23     7     0     1   -16.0   36.328  113.651     56.0    943.5
     1     1    21     2    23     6     0     0   -17.0   36.225  113.767     29.0    956.6
     1     1    21     2    23     5     0     1   -18.0   36.123  113.879     14.3    969.6
     1     1    21     2    23     4     0     2   -19.0   36.039  113.981      5.4    981.7
     1     1    21     2    23     3     0     3   -20.0   35.967  114.068      0.2    989.0
     1     1    21     2    23     2     0     2   -21.0   35.908  114.143      0.0    992.6
     1     1    21     2    23     1     0     1   -22.0   35.870  114.207      0.0    995.3
     1     1    21     2    23     0     0     0   -23.0   35.849  114.257      0.0    997.1
     1     1    21     2    22    23     0     1   -24.0   35.831  114.306      0.0    999.1
     1     1    21     2    22    22     0     2   -25.0   35.798  114.372      0.0   1001.7
     1     1    21     2    22    21     0     3   -26.0   35.748  114.455      0.0   1004.9
     1     1    21     2    22    20     0     2   -27.0   35.695  114.557      0.0   1008.1
     1     1    21     2    22    19     0     1   -28.0   35.650  114.675      0.0   1011.2
     1     1    21     2    22    18     0     0   -29.0   35.610  114.818      0.0   1014.4
     1     1    21     2    22    17     0     1   -30.0   35.574  114.979      0.0   1017.7
     1     1    21     2    22    16     0     2   -31.0   35.548  115.144      0.0   1018.5
     1     1    21     2    22    15     0     3   -32.0   35.534  115.308      0.0   1019.0
     1     1    21     2    22    14     0     2   -33.0   35.533  115.464      0.0   1019.1
     1     1    21     2    22    13     0     1   -34.0   35.545  115.603      0.0   1019.0
     1     1    21     2    22    12     0     0   -35.0   35.570  115.720      0.0   1018.6
     1     1    21     2    22    11     0     1   -36.0   35.613  115.841      0.0   1018.3
     1     1    21     2    22    10     0     2   -37.0   35.678  115.993      0.0   1018.4
     1     1    21     2    22     9     0     3   -38.0   35.769  116.177      0.0   1016.9
     1     1    21     2    22     8     0     2   -39.0   35.880  116.383      0.3   1014.7
     1     1    21     2    22     7     0     1   -40.0   36.003  116.597      2.1   1011.8
     1     1    21     2    22     6     0     0   -41.0   36.123  116.825      4.7   1010.4
     1     1    21     2    22     5     0     1   -42.0   36.235  117.069      8.0   1008.9
     1     1    21     2    22     4     0     2   -43.0   36.360  117.330     13.0   1005.5
     1     1    21     2    22     3     0     3   -44.0   36.510  117.606     21.9   1003.9
     1     1    21     2    22     2     0     2   -45.0   36.665  117.895     34.4   1003.2
     1     1    21     2    22     1     0     1   -46.0   36.815  118.182     44.1   1008.1
     1     1    21     2    22     0     0     0   -47.0   36.970  118.456     44.6   1014.5
     1     1    21     2    21    23     0     1   -48.0   37.155  118.727     36.7   1015.6
     1     1    21     2    21    22     0     2   -49.0   37.398  119.019     27.0   1015.8
     1     1    21     2    21    21     0     3   -50.0   37.705  119.347     23.1   1014.3
     1     1    21     2    21    20     0     2   -51.0   38.077  119.729     25.6   1015.1
     1     1    21     2    21    19     0     1   -52.0   38.497  120.122     30.3   1012.9
     1     1    21     2    21    18     0     0   -53.0   38.952  120.476     33.5   1011.2
     1     1    21     2    21    17     0     1   -54.0   39.414  120.782     36.8   1010.7
     1     1    21     2    21    16     0     2   -55.0   39.853  121.055     43.2   1008.6
     1     1    21     2    21    15     0     3   -56.0   40.248  121.294     52.4   1004.2
     1     1    21     2    21    14     0     2   -57.0   40.590  121.485     68.2   1001.0
     1     1    21     2    21    13     0     1   -58.0   40.897  121.634     96.4    997.9
     1     1    21     2    21    12     0     0   -59.0   41.192  121.765    143.1    990.0
     1     1    21     2    21    11     0     1   -60.0   41.510  121.855    201.4    975.1
     1     1    21     2    21    10     0     2   -61.0   41.847  121.866    264.4    962.4
     1     1    21     2    21     9     0     3   -62.0   42.184  121.800    341.2    945.9
     1     1    21     2    21     8     0     2   -63.0   42.513  121.683    420.3    928.8
     1     1    21     2    21     7     0     1   -64.0   42.833  121.526    486.0    913.5
     1     1    21     2    21     6     0     0   -65.0   43.123  121.348    533.8    904.9
     1     1    21     2    21     5     0     1   -66.0   43.359  121.188    558.1    902.2
     1     1    21     2    21     4     0     2   -67.0   43.542  121.079    556.0    903.4
     1     1    21     2    21     3     0     3   -68.0   43.687  121.034    539.4    906.6
     1     1    21     2    21     2     0     2   -69.0   43.790  121.075    509.7    910.2
     1     1    21     2    21     1     0     1   -70.0   43.851  121.211    467.6    917.1
     1     1    21     2    21     0     0     0   -71.0   43.877  121.437    423.2    926.0
     1     1    21     2    20    23     0     1   -72.0   43.889  121.739    391.9    934.8
     1     1    21     2    20    22     0     2   -73.0   43.907  122.110    379.7    940.1
     1     1    21     2    20    21     0     3   -74.0   43.918  122.545    390.7    940.2
     1     1    21     2    20    20     0     2   -75.0   43.907  123.013    414.8    936.0
     1     1    21     2    20    19     0     1   -76.0   43.889  123.479    419.2    931.1
     1     1    21     2    20    18     0     0   -77.0   43.878  123.930    394.0    930.9
     1     1    21     2    20    17     0     1   -78.0   43.879  124.353    378.3    936.1
     1     1    21     2    20    16     0     2   -79.0   43.890  124.717    391.7    933.1
     1     1    21     2    20    15     0     3   -80.0   43.901  125.013    420.2    929.5
     1     1    21     2    20    14     0     2   -81.0   43.905  125.241    451.6    924.5
     1     1    21     2    20    13     0     1   -82.0   43.905  125.417    478.9    920.3
     1     1    21     2    20    12     0     0   -83.0   43.896  125.544    498.8    917.3
     1     1    21     2    20    11     0     1   -84.0   43.875  125.619    522.7    915.6
     1     1    21     2    20    10     0     2   -85.0   43.835  125.623    555.7    910.6
     1     1    21     2    20     9     0     3   -86.0   43.774  125.563    589.5    905.6
     1     1    21     2    20     8     0     2   -87.0   43.703  125.456    618.3    901.6
     1     1    21     2    20     7     0     1   -88.0   43.645  125.326    649.2    898.0
     1     1    21     2    20     6     0     0   -89.0   43.607  125.192    690.9    893.3
     1     1    21     2    20     5     0     1   -90.0   43.599  125.003    732.8    887.6
     1     1    21     2    20     4     0     2   -91.0   43.629  124.733    756.7    886.5
     1     1    21     2    20     3     0     3   -92.0   43.710  124.415    768.7    888.4
     1     1    21     2    20     2     0     2   -93.0   43.842  124.068    810.2    887.2
     1     1    21     2    20     1     0     1   -94.0   43.972  123.682    905.8    878.6
     1     1    21     2    20     0     0     0   -95.0   44.087  123.251   1054.5    864.7
     1     1    21     2    19    23     0     1   -96.0   44.256  122.829   1180.3    843.4
     1     1    21     2    19    22     0     2   -97.0   44.519  122.456   1241.1    838.4
     1     1    21     2    19    21     0     3   -98.0   44.933  122.095   1295.0    830.4
     1     1    21     2    19    20     0     2   -99.0   45.479  121.655   1311.0    805.8
     1     1    21     2    19    19     0     1  -100.0   46.058  120.922   1465.4    770.2
     1     1    21     2    19    18     0     0  -101.0   46.654  119.811   1866.4    689.9
     1     1    21     2    19    17     0     1  -102.0   47.253  118.657   2265.9    664.6
     1     1    21     2    19    16     0     2  -103.0   47.777  117.616   2339.7    682.5
     1     1    21     2    19    15     0     3  -104.0   48.298  116.602   2311.6    682.6
     1     1    21     2    19    14     0     2  -105.0   48.856  115.577   2349.9    672.8
     1     1    21     2    19    13     0     1  -106.0   49.459  114.532   2440.1    653.4
     1     1    21     2    19    12     0     0  -107.0   50.068  113.443   2364.4    652.1
     1     1    21     2    19    11     0     1  -108.0   50.689  112.326   2340.2    641.7
     1     1    21     2    19    10     0     2  -109.0   51.294  111.186   2439.7    636.3
     1     1    21     2    19     9     0     3  -110.0   51.873  110.040   2557.8    644.9
     1     1    21     2    19     8     0     2  -111.0   52.406  108.870   2683.4    637.1
     1     1    21     2    19     7     0     1  -112.0   52.888  107.702   2827.2    650.1
     1     1    21     2    19     6     0     0  -113.0   53.370  106.510   3007.2    617.5
     1     1    21     2    19     5     0     1  -114.0   53.938  105.167   3071.9    597.0
     1     1    21     2    19     4     0     2  -115.0   54.482  103.808   3121.2    611.8
     1     1    21     2    19     3     0     3  -116.0   54.959  102.568   3153.2    619.4
     1     1    21     2    19     2     0     2  -117.0   55.396  101.356   3176.8    621.2
     1     1    21     2    19     1     0     1  -118.0   55.792  100.121   3197.8    626.9
     1     1    21     2    19     0     0     0  -119.0   56.152   98.942   3222.4    631.8
     1     1    21     2    18    23     0     1  -120.0   56.500   97.729   3270.0    630.7
