     5     1
    GDAS    21     2     1     0     0
    GDAS    21     2     8     0     0
    GDAS    21     2    15     0     0
    GDAS    21     2    22     0     0
    GDAS    21     3     1     0     0
     1 BACKWARD OMEGA   
    21     2     3    23   37.820  111.540  1000.0
     1 PRESSURE
     1     1    21     2     3    23     0     1     0.0   37.820  111.540   1000.0    779.7
     1     1    21     2     3    22     0     2    -1.0   37.860  111.192   1009.4    781.7
     1     1    21     2     3    21     0     3    -2.0   37.898  110.904    999.9    788.0
     1     1    21     2     3    20     0     2    -3.0   37.941  110.655    989.4    793.5
     1     1    21     2     3    19     0     1    -4.0   37.994  110.427    984.9    795.6
     1     1    21     2     3    18     0     0    -5.0   38.051  110.225    969.6    797.4
     1     1    21     2     3    17     0     1    -6.0   38.110  110.041    949.0    800.8
     1     1    21     2     3    16     0     2    -7.0   38.179  109.856    936.3    799.7
     1     1    21     2     3    15     0     3    -8.0   38.262  109.656    935.9    796.4
     1     1    21     2     3    14     0     2    -9.0   38.350  109.440    962.5    790.9
     1     1    21     2     3    13     0     1   -10.0   38.445  109.211   1027.2    780.3
     1     1    21     2     3    12     0     0   -11.0   38.555  108.973   1125.1    766.6
     1     1    21     2     3    11     0     1   -12.0   38.693  108.725   1218.8    748.5
     1     1    21     2     3    10     0     2   -13.0   38.862  108.463   1286.2    737.2
     1     1    21     2     3     9     0     3   -14.0   39.052  108.190   1334.9    728.4
     1     1    21     2     3     8     0     2   -15.0   39.251  107.902   1362.7    728.1
     1     1    21     2     3     7     0     1   -16.0   39.446  107.603   1363.8    732.6
     1     1    21     2     3     6     0     0   -17.0   39.637  107.308   1352.7    734.3
     1     1    21     2     3     5     0     1   -18.0   39.834  107.027   1368.0    729.9
     1     1    21     2     3     4     0     2   -19.0   40.045  106.748   1417.9    728.5
     1     1    21     2     3     3     0     3   -20.0   40.260  106.461   1474.0    731.4
     1     1    21     2     3     2     0     2   -21.0   40.486  106.168   1532.7    727.5
     1     1    21     2     3     1     0     1   -22.0   40.751  105.855   1604.2    712.8
     1     1    21     2     3     0     0     0   -23.0   41.073  105.501   1674.4    698.9
     1     1    21     2     2    23     0     1   -24.0   41.405  105.134   1701.2    701.9
     1     1    21     2     2    22     0     2   -25.0   41.703  104.799   1662.8    708.7
     1     1    21     2     2    21     0     3   -26.0   41.952  104.524   1548.1    723.2
     1     1    21     2     2    20     0     2   -27.0   42.193  104.298   1425.9    735.3
     1     1    21     2     2    19     0     1   -28.0   42.484  104.048   1365.6    732.3
     1     1    21     2     2    18     0     0   -29.0   42.822  103.765   1382.9    724.4
     1     1    21     2     2    17     0     1   -30.0   43.190  103.464   1434.8    713.6
     1     1    21     2     2    16     0     2   -31.0   43.573  103.210   1441.2    710.5
     1     1    21     2     2    15     0     3   -32.0   43.941  103.074   1386.7    709.3
     1     1    21     2     2    14     0     2   -33.0   44.308  102.983   1239.7    722.7
     1     1    21     2     2    13     0     1   -34.0   44.683  102.884   1050.3    756.0
     1     1    21     2     2    12     0     0   -35.0   45.068  102.813    991.7    771.2
     1     1    21     2     2    11     0     1   -36.0   45.454  102.662   1029.1    741.9
     1     1    21     2     2    10     0     2   -37.0   45.810  102.338   1140.7    699.9
     1     1    21     2     2     9     0     3   -38.0   46.150  101.977   1317.5    661.7
     1     1    21     2     2     8     0     2   -39.0   46.540  101.511   1434.4    634.7
     1     1    21     2     2     7     0     1   -40.0   46.979  100.929   1370.7    608.8
     1     1    21     2     2     6     0     0   -41.0   47.441  100.296   1461.9    626.0
     1     1    21     2     2     5     0     1   -42.0   47.917   99.558   1566.9    604.2
     1     1    21     2     2     4     0     2   -43.0   48.394   98.839   1506.2    617.7
     1     1    21     2     2     3     0     3   -44.0   48.870   98.180   1458.2    635.6
     1     1    21     2     2     2     0     2   -45.0   49.338   97.533   1488.9    643.0
     1     1    21     2     2     1     0     1   -46.0   49.821   96.842   1626.5    628.0
     1     1    21     2     2     0     0     0   -47.0   50.293   96.130   1751.9    642.2
     1     1    21     2     1    23     0     1   -48.0   50.680   95.483   1723.4    683.2
     1     1    21     2     1    22     0     2   -49.0   50.971   94.915   1635.3    716.5
     1     1    21     2     1    21     0     3   -50.0   51.211   94.392   1588.8    700.0
     1     1    21     2     1    20     0     2   -51.0   51.455   93.865   1639.7    686.5
     1     1    21     2     1    19     0     1   -52.0   51.693   93.344   1666.5    687.5
     1     1    21     2     1    18     0     0   -53.0   51.910   92.838   1632.2    694.7
     1     1    21     2     1    17     0     1   -54.0   52.102   92.367   1570.3    708.4
     1     1    21     2     1    16     0     2   -55.0   52.276   91.942   1518.4    721.0
     1     1    21     2     1    15     0     3   -56.0   52.431   91.568   1481.8    729.1
     1     1    21     2     1    14     0     2   -57.0   52.567   91.219   1455.9    738.5
     1     1    21     2     1    13     0     1   -58.0   52.678   90.887   1428.6    752.1
     1     1    21     2     1    12     0     0   -59.0   52.764   90.591   1404.7    767.8
     1     1    21     2     1    11     0     1   -60.0   52.824   90.336   1404.1    777.9
     1     1    21     2     1    10     0     2   -61.0   52.864   90.119   1441.6    780.0
     1     1    21     2     1     9     0     3   -62.0   52.890   89.921   1512.0    773.7
     1     1    21     2     1     8     0     2   -63.0   52.925   89.734   1594.3    761.7
     1     1    21     2     1     7     0     1   -64.0   52.979   89.565   1682.4    753.0
     1     1    21     2     1     6     0     0   -65.0   53.049   89.419   1780.2    740.0
     1     1    21     2     1     5     0     1   -66.0   53.147   89.285   1877.6    723.2
     1     1    21     2     1     4     0     2   -67.0   53.284   89.160   1965.9    708.7
     1     1    21     2     1     3     0     3   -68.0   53.467   89.049   2048.2    695.0
     1     1    21     2     1     2     0     2   -69.0   53.689   88.929   2130.3    686.3
     1     1    21     2     1     1     0     1   -70.0   53.942   88.789   2217.8    683.8
     1     1    21     2     1     0     0     0   -71.0   54.223   88.647   2324.3    685.7
