     5     1
    GDAS    21     2     1     0     0
    GDAS    21     2     8     0     0
    GDAS    21     2    15     0     0
    GDAS    21     2    22     0     0
    GDAS    21     3     1     0     0
     1 BACKWARD OMEGA   
    21     2    15    17   37.820  111.540  1000.0
     1 PRESSURE
     1     1    21     2    15    17     0     1     0.0   37.820  111.540   1000.0    774.1
     1     1    21     2    15    16     0     2    -1.0   38.194  111.143   1011.6    778.7
     1     1    21     2    15    15     0     3    -2.0   38.561  110.829    969.2    790.1
     1     1    21     2    15    14     0     2    -3.0   38.922  110.549    891.3    797.2
     1     1    21     2    15    13     0     1    -4.0   39.289  110.172    809.9    790.8
     1     1    21     2    15    12     0     0    -5.0   39.686  109.692    743.6    784.8
     1     1    21     2    15    11     0     1    -6.0   40.072  109.187    661.9    781.7
     1     1    21     2    15    10     0     2    -7.0   40.419  108.693    568.3    812.8
     1     1    21     2    15     9     0     3    -8.0   40.729  108.207    539.2    836.9
     1     1    21     2    15     8     0     2    -9.0   40.972  107.771    621.8    829.8
     1     1    21     2    15     7     0     1   -10.0   41.155  107.373    743.6    806.2
     1     1    21     2    15     6     0     0   -11.0   41.324  106.932    888.8    789.8
     1     1    21     2    15     5     0     1   -12.0   41.534  106.376    918.7    776.1
     1     1    21     2    15     4     0     2   -13.0   41.712  105.742    840.8    802.2
     1     1    21     2    15     3     0     3   -14.0   41.911  105.045    811.6    799.7
     1     1    21     2    15     2     0     2   -15.0   42.147  104.340    805.1    794.6
     1     1    21     2    15     1     0     1   -16.0   42.377  103.685    776.9    789.0
     1     1    21     2    15     0     0     0   -17.0   42.595  103.089    695.0    799.3
     1     1    21     2    14    23     0     1   -18.0   42.799  102.566    665.6    800.0
     1     1    21     2    14    22     0     2   -19.0   43.038  102.073    783.0    765.0
     1     1    21     2    14    21     0     3   -20.0   43.289  101.594    880.1    751.3
     1     1    21     2    14    20     0     2   -21.0   43.496  101.161    868.7    771.7
     1     1    21     2    14    19     0     1   -22.0   43.681  100.740    856.8    786.9
     1     1    21     2    14    18     0     0   -23.0   43.841  100.342    854.2    788.3
     1     1    21     2    14    17     0     1   -24.0   43.970   99.977    815.3    791.5
     1     1    21     2    14    16     0     2   -25.0   44.099   99.639    766.1    790.0
     1     1    21     2    14    15     0     3   -26.0   44.290   99.309    773.4    773.1
     1     1    21     2    14    14     0     2   -27.0   44.575   98.974    834.7    743.1
     1     1    21     2    14    13     0     1   -28.0   44.968   98.637    909.2    694.4
     1     1    21     2    14    12     0     0   -29.0   45.411   98.272   1010.8    692.9
     1     1    21     2    14    11     0     1   -30.0   45.834   97.826   1082.9    703.2
     1     1    21     2    14    10     0     2   -31.0   46.224   97.364   1148.4    693.8
     1     1    21     2    14     9     0     3   -32.0   46.650   96.949   1248.2    668.2
     1     1    21     2    14     8     0     2   -33.0   47.114   96.539   1381.2    667.0
     1     1    21     2    14     7     0     1   -34.0   47.562   96.105   1473.3    668.8
     1     1    21     2    14     6     0     0   -35.0   47.995   95.653   1505.7    665.8
     1     1    21     2    14     5     0     1   -36.0   48.410   95.189   1539.1    676.9
     1     1    21     2    14     4     0     2   -37.0   48.760   94.723   1566.7    695.3
     1     1    21     2    14     3     0     3   -38.0   49.050   94.280   1591.9    704.5
     1     1    21     2    14     2     0     2   -39.0   49.298   93.853   1621.9    714.0
     1     1    21     2    14     1     0     1   -40.0   49.492   93.441   1644.4    726.1
     1     1    21     2    14     0     0     0   -41.0   49.629   93.066   1660.2    737.8
     1     1    21     2    13    23     0     1   -42.0   49.736   92.722   1666.5    734.0
     1     1    21     2    13    22     0     2   -43.0   49.834   92.396   1666.8    727.5
     1     1    21     2    13    21     0     3   -44.0   49.907   92.098   1643.5    724.3
     1     1    21     2    13    20     0     2   -45.0   49.982   91.817   1589.0    715.2
     1     1    21     2    13    19     0     1   -46.0   50.100   91.515   1514.7    695.6
     1     1    21     2    13    18     0     0   -47.0   50.273   91.144   1457.4    680.2
     1     1    21     2    13    17     0     1   -48.0   50.465   90.709   1447.9    683.6
     1     1    21     2    13    16     0     2   -49.0   50.662   90.228   1470.0    685.2
     1     1    21     2    13    15     0     3   -50.0   50.872   89.739   1451.8    677.8
     1     1    21     2    13    14     0     2   -51.0   51.101   89.214   1372.4    661.7
     1     1    21     2    13    13     0     1   -52.0   51.292   88.648   1325.9    684.1
     1     1    21     2    13    12     0     0   -53.0   51.382   88.149   1301.5    711.0
     1     1    21     2    13    11     0     1   -54.0   51.408   87.733   1277.6    728.1
     1     1    21     2    13    10     0     2   -55.0   51.416   87.356   1261.3    741.7
     1     1    21     2    13     9     0     3   -56.0   51.419   86.993   1268.7    751.9
     1     1    21     2    13     8     0     2   -57.0   51.417   86.650   1294.0    756.2
     1     1    21     2    13     7     0     1   -58.0   51.409   86.337   1320.7    759.6
     1     1    21     2    13     6     0     0   -59.0   51.394   86.046   1339.9    762.9
     1     1    21     2    13     5     0     1   -60.0   51.381   85.771   1353.3    763.0
     1     1    21     2    13     4     0     2   -61.0   51.379   85.500   1375.9    762.4
     1     1    21     2    13     3     0     3   -62.0   51.390   85.229   1421.0    760.5
     1     1    21     2    13     2     0     2   -63.0   51.417   84.942   1479.5    755.7
     1     1    21     2    13     1     0     1   -64.0   51.463   84.625   1522.4    753.2
     1     1    21     2    13     0     0     0   -65.0   51.521   84.282   1532.9    756.6
     1     1    21     2    12    23     0     1   -66.0   51.578   83.919   1524.5    767.2
     1     1    21     2    12    22     0     2   -67.0   51.625   83.552   1525.6    780.5
     1     1    21     2    12    21     0     3   -68.0   51.666   83.188   1543.0    789.3
     1     1    21     2    12    20     0     2   -69.0   51.702   82.824   1567.8    795.3
     1     1    21     2    12    19     0     1   -70.0   51.735   82.463   1583.5    802.3
     1     1    21     2    12    18     0     0   -71.0   51.765   82.106   1581.9    810.1
     1     1    21     2    12    17     0     1   -72.0   51.794   81.758   1568.0    814.0
     1     1    21     2    12    16     0     2   -73.0   51.829   81.417   1557.4    814.1
     1     1    21     2    12    15     0     3   -74.0   51.876   81.078   1554.1    812.8
     1     1    21     2    12    14     0     2   -75.0   51.936   80.731   1549.0    813.5
     1     1    21     2    12    13     0     1   -76.0   52.002   80.372   1536.3    817.9
     1     1    21     2    12    12     0     0   -77.0   52.075   80.005   1530.6    822.8
     1     1    21     2    12    11     0     1   -78.0   52.151   79.645   1539.6    824.8
     1     1    21     2    12    10     0     2   -79.0   52.225   79.296   1555.8    824.6
     1     1    21     2    12     9     0     3   -80.0   52.301   78.950   1564.2    824.6
     1     1    21     2    12     8     0     2   -81.0   52.377   78.601   1570.1    824.9
     1     1    21     2    12     7     0     1   -82.0   52.450   78.242   1585.8    822.0
     1     1    21     2    12     6     0     0   -83.0   52.522   77.874   1608.0    819.3
     1     1    21     2    12     5     0     1   -84.0   52.589   77.505   1630.5    818.7
     1     1    21     2    12     4     0     2   -85.0   52.649   77.141   1643.7    819.3
     1     1    21     2    12     3     0     3   -86.0   52.701   76.777   1645.4    819.7
     1     1    21     2    12     2     0     2   -87.0   52.747   76.415   1637.7    820.0
     1     1    21     2    12     1     0     1   -88.0   52.793   76.061   1618.3    821.6
     1     1    21     2    12     0     0     0   -89.0   52.837   75.716   1583.9    825.6
     1     1    21     2    11    23     0     1   -90.0   52.880   75.379   1550.3    831.5
     1     1    21     2    11    22     0     2   -91.0   52.923   75.042   1540.2    833.4
     1     1    21     2    11    21     0     3   -92.0   52.967   74.704   1559.9    831.5
     1     1    21     2    11    20     0     2   -93.0   53.014   74.363   1597.4    826.0
     1     1    21     2    11    19     0     1   -94.0   53.065   74.011   1643.0    821.4
     1     1    21     2    11    18     0     0   -95.0   53.114   73.641   1688.4    815.0
     1     1    21     2    11    17     0     1   -96.0   53.161   73.256   1712.5    811.5
     1     1    21     2    11    16     0     2   -97.0   53.209   72.868   1716.6    810.5
     1     1    21     2    11    15     0     3   -98.0   53.262   72.483   1714.4    807.3
     1     1    21     2    11    14     0     2   -99.0   53.321   72.092   1715.7    804.1
     1     1    21     2    11    13     0     1  -100.0   53.386   71.689   1727.6    801.7
     1     1    21     2    11    12     0     0  -101.0   53.455   71.275   1753.6    798.5
     1     1    21     2    11    11     0     1  -102.0   53.523   70.858   1788.8    793.4
     1     1    21     2    11    10     0     2  -103.0   53.586   70.451   1822.6    787.8
     1     1    21     2    11     9     0     3  -104.0   53.644   70.050   1850.2    783.0
     1     1    21     2    11     8     0     2  -105.0   53.703   69.656   1875.2    781.2
     1     1    21     2    11     7     0     1  -106.0   53.770   69.268   1897.1    779.7
     1     1    21     2    11     6     0     0  -107.0   53.849   68.892   1909.3    779.3
     1     1    21     2    11     5     0     1  -108.0   53.944   68.513   1917.8    781.0
     1     1    21     2    11     4     0     2  -109.0   54.054   68.112   1942.3    780.2
     1     1    21     2    11     3     0     3  -110.0   54.173   67.683   1984.1    774.4
     1     1    21     2    11     2     0     2  -111.0   54.293   67.226   2022.3    768.9
     1     1    21     2    11     1     0     1  -112.0   54.406   66.748   2056.1    766.2
     1     1    21     2    11     0     0     0  -113.0   54.513   66.256   2094.9    761.7
     1     1    21     2    10    23     0     1  -114.0   54.614   65.751   2126.4    758.2
     1     1    21     2    10    22     0     2  -115.0   54.707   65.233   2142.0    759.3
     1     1    21     2    10    21     0     3  -116.0   54.795   64.702   2146.9    759.4
     1     1    21     2    10    20     0     2  -117.0   54.885   64.160   2147.6    756.2
     1     1    21     2    10    19     0     1  -118.0   54.972   63.613   2148.5    754.9
     1     1    21     2    10    18     0     0  -119.0   55.049   63.065   2150.9    754.6
     1     1    21     2    10    17     0     1  -120.0   55.127   62.529   2161.5    753.9
