     5     1
    GDAS    21     2     1     0     0
    GDAS    21     2     8     0     0
    GDAS    21     2    15     0     0
    GDAS    21     2    22     0     0
    GDAS    21     3     1     0     0
     1 BACKWARD OMEGA   
    21     2    23    11   37.820  111.540   500.0
     1 PRESSURE
     1     1    21     2    23    11     0     1     0.0   37.820  111.540    500.0    824.7
     1     1    21     2    23    10     0     2    -1.0   37.736  111.733    530.2    815.9
     1     1    21     2    23     9     0     3    -2.0   37.650  111.900    482.8    821.6
     1     1    21     2    23     8     0     2    -3.0   37.592  112.053    380.2    835.4
     1     1    21     2    23     7     0     1    -4.0   37.559  112.197    271.5    850.7
     1     1    21     2    23     6     0     0    -5.0   37.533  112.318    183.8    861.3
     1     1    21     2    23     5     0     1    -6.0   37.503  112.415    125.6    870.0
     1     1    21     2    23     4     0     2    -7.0   37.461  112.494     92.0    874.0
     1     1    21     2    23     3     0     3    -8.0   37.407  112.552     70.4    878.0
     1     1    21     2    23     2     0     2    -9.0   37.351  112.598     56.2    880.7
     1     1    21     2    23     1     0     1   -10.0   37.303  112.648     47.1    882.3
     1     1    21     2    23     0     0     0   -11.0   37.269  112.708     41.7    883.8
     1     1    21     2    22    23     0     1   -12.0   37.238  112.770     37.3    885.0
     1     1    21     2    22    22     0     2   -13.0   37.198  112.821     32.4    886.5
     1     1    21     2    22    21     0     3   -14.0   37.148  112.862     27.5    888.0
     1     1    21     2    22    20     0     2   -15.0   37.093  112.896     22.9    889.2
     1     1    21     2    22    19     0     1   -16.0   37.034  112.928     18.6    890.4
     1     1    21     2    22    18     0     0   -17.0   36.973  112.959     14.9    891.7
     1     1    21     2    22    17     0     1   -18.0   36.908  112.994     12.2    894.2
     1     1    21     2    22    16     0     2   -19.0   36.837  113.033     10.4    898.6
     1     1    21     2    22    15     0     3   -20.0   36.759  113.074      9.2    903.2
     1     1    21     2    22    14     0     2   -21.0   36.677  113.112      7.6    905.2
     1     1    21     2    22    13     0     1   -22.0   36.597  113.137      4.7    906.6
     1     1    21     2    22    12     0     0   -23.0   36.520  113.148      0.2    907.0
     1     1    21     2    22    11     0     1   -24.0   36.447  113.160      0.0    909.1
     1     1    21     2    22    10     0     2   -25.0   36.382  113.194      0.0    912.6
     1     1    21     2    22     9     0     3   -26.0   36.336  113.253      0.0    917.7
     1     1    21     2    22     8     0     2   -27.0   36.316  113.328      0.0    923.1
     1     1    21     2    22     7     0     1   -28.0   36.323  113.404      0.0    928.2
     1     1    21     2    22     6     0     0   -29.0   36.355  113.484      0.0    932.9
     1     1    21     2    22     5     0     1   -30.0   36.416  113.571      0.0    938.3
     1     1    21     2    22     4     0     2   -31.0   36.507  113.667      0.0    943.2
     1     1    21     2    22     3     0     3   -32.0   36.621  113.763      0.0    947.2
     1     1    21     2    22     2     0     2   -33.0   36.742  113.854      0.0    948.4
     1     1    21     2    22     1     0     1   -34.0   36.859  113.941      0.0    948.9
     1     1    21     2    22     0     0     0   -35.0   36.972  114.023      0.0    949.0
     1     1    21     2    21    23     0     1   -36.0   37.078  114.100      0.0    953.6
     1     1    21     2    21    22     0     2   -37.0   37.174  114.178      0.0    958.9
     1     1    21     2    21    21     0     3   -38.0   37.264  114.267      0.0    964.5
     1     1    21     2    21    20     0     2   -39.0   37.349  114.339      0.0    968.6
     1     1    21     2    21    19     0     1   -40.0   37.420  114.346      0.0    968.6
     1     1    21     2    21    18     0     0   -41.0   37.470  114.277     13.1    963.5
     1     1    21     2    21    17     0     1   -42.0   37.501  114.147     94.5    951.2
     1     1    21     2    21    16     0     2   -43.0   37.591  113.965    263.9    916.5
     1     1    21     2    21    15     0     3   -44.0   37.762  113.735    369.3    886.9
     1     1    21     2    21    14     0     2   -45.0   37.967  113.468    451.6    866.2
     1     1    21     2    21    13     0     1   -46.0   38.193  113.174    590.1    829.0
     1     1    21     2    21    12     0     0   -47.0   38.430  112.871    754.4    792.0
     1     1    21     2    21    11     0     1   -48.0   38.640  112.545    831.5    766.9
     1     1    21     2    21    10     0     2   -49.0   38.789  112.204    823.3    757.1
     1     1    21     2    21     9     0     3   -50.0   38.882  111.850    801.8    757.3
     1     1    21     2    21     8     0     2   -51.0   38.937  111.535    746.2    780.4
     1     1    21     2    21     7     0     1   -52.0   38.957  111.296    674.8    807.6
     1     1    21     2    21     6     0     0   -53.0   38.949  111.120    663.1    824.6
     1     1    21     2    21     5     0     1   -54.0   38.968  110.975    681.3    824.8
     1     1    21     2    21     4     0     2   -55.0   39.041  110.844    655.3    824.2
     1     1    21     2    21     3     0     3   -56.0   39.189  110.702    615.7    824.1
     1     1    21     2    21     2     0     2   -57.0   39.406  110.527    600.4    817.8
     1     1    21     2    21     1     0     1   -58.0   39.682  110.308    621.6    805.7
     1     1    21     2    21     0     0     0   -59.0   40.007  110.037    655.9    790.5
     1     1    21     2    20    23     0     1   -60.0   40.343  109.732    660.9    786.8
     1     1    21     2    20    22     0     2   -61.0   40.645  109.421    620.5    798.5
     1     1    21     2    20    21     0     3   -62.0   40.862  109.094    516.0    822.1
     1     1    21     2    20    20     0     2   -63.0   40.977  108.751    392.3    848.2
     1     1    21     2    20    19     0     1   -64.0   41.034  108.417    316.4    859.1
     1     1    21     2    20    18     0     0   -65.0   41.086  108.070    310.6    857.9
     1     1    21     2    20    17     0     1   -66.0   41.178  107.683    378.6    844.8
     1     1    21     2    20    16     0     2   -67.0   41.346  107.246    490.7    826.7
     1     1    21     2    20    15     0     3   -68.0   41.573  106.758    555.2    814.5
     1     1    21     2    20    14     0     2   -69.0   41.765  106.203    534.0    825.4
     1     1    21     2    20    13     0     1   -70.0   41.938  105.582    538.9    834.0
     1     1    21     2    20    12     0     0   -71.0   42.221  104.916    583.0    805.6
     1     1    21     2    20    11     0     1   -72.0   42.535  104.287    620.8    789.7
     1     1    21     2    20    10     0     2   -73.0   42.766  103.738    590.2    787.8
     1     1    21     2    20     9     0     3   -74.0   42.895  103.284    529.1    805.0
     1     1    21     2    20     8     0     2   -75.0   42.994  102.896    503.6    808.9
     1     1    21     2    20     7     0     1   -76.0   43.109  102.502    537.6    793.5
     1     1    21     2    20     6     0     0   -77.0   43.262  102.058    643.7    776.7
     1     1    21     2    20     5     0     1   -78.0   43.448  101.580    657.2    772.6
     1     1    21     2    20     4     0     2   -79.0   43.590  101.057    533.5    800.8
     1     1    21     2    20     3     0     3   -80.0   43.670  100.529    412.0    824.5
     1     1    21     2    20     2     0     2   -81.0   43.725  100.069    322.9    830.7
     1     1    21     2    20     1     0     1   -82.0   43.777   99.666    273.0    836.6
     1     1    21     2    20     0     0     0   -83.0   43.871   99.242    302.6    831.0
     1     1    21     2    19    23     0     1   -84.0   44.011   98.714    397.0    808.5
     1     1    21     2    19    22     0     2   -85.0   44.157   98.077    511.0    772.0
     1     1    21     2    19    21     0     3   -86.0   44.300   97.437    631.7    773.0
     1     1    21     2    19    20     0     2   -87.0   44.436   96.911    719.9    781.9
     1     1    21     2    19    19     0     1   -88.0   44.559   96.508    768.0    781.9
     1     1    21     2    19    18     0     0   -89.0   44.663   96.222    789.0    784.9
     1     1    21     2    19    17     0     1   -90.0   44.742   96.046    792.5    786.9
     1     1    21     2    19    16     0     2   -91.0   44.787   95.939    794.6    785.8
     1     1    21     2    19    15     0     3   -92.0   44.801   95.842    839.5    776.8
     1     1    21     2    19    14     0     2   -93.0   44.779   95.677    969.3    754.2
     1     1    21     2    19    13     0     1   -94.0   44.705   95.346   1216.8    719.1
     1     1    21     2    19    12     0     0   -95.0   44.556   94.844   1577.7    693.6
     1     1    21     2    19    11     0     1   -96.0   44.388   94.373   1826.7    690.1
     1     1    21     2    19    10     0     2   -97.0   44.243   94.013   1924.0    701.7
     1     1    21     2    19     9     0     3   -98.0   44.102   93.713   2014.9    695.2
     1     1    21     2    19     8     0     2   -99.0   43.933   93.421   2095.1    667.0
     1     1    21     2    19     7     0     1  -100.0   43.735   93.089   2062.2    660.9
     1     1    21     2    19     6     0     0  -101.0   43.513   92.748   1912.3    690.6
     1     1    21     2    19     5     0     1  -102.0   43.305   92.493   1760.7    740.0
     1     1    21     2    19     4     0     2  -103.0   43.123   92.315   1657.5    770.5
     1     1    21     2    19     3     0     3  -104.0   42.948   92.207   1526.6    795.3
     1     1    21     2    19     2     0     2  -105.0   42.792   92.136   1372.9    811.0
     1     1    21     2    19     1     0     1  -106.0   42.658   92.047   1257.2    818.1
     1     1    21     2    19     0     0     0  -107.0   42.547   91.931   1179.2    820.0
     1     1    21     2    18    23     0     1  -108.0   42.455   91.793   1125.2    816.9
     1     1    21     2    18    22     0     2  -109.0   42.373   91.650   1083.8    813.8
     1     1    21     2    18    21     0     3  -110.0   42.302   91.511   1056.8    809.8
     1     1    21     2    18    20     0     2  -111.0   42.236   91.369   1031.3    804.8
     1     1    21     2    18    19     0     1  -112.0   42.172   91.216    987.3    802.1
     1     1    21     2    18    18     0     0  -113.0   42.109   91.060    913.3    802.3
     1     1    21     2    18    17     0     1  -114.0   42.044   90.898    836.6    810.2
     1     1    21     2    18    16     0     2  -115.0   41.972   90.717    791.5    817.8
     1     1    21     2    18    15     0     3  -116.0   41.890   90.520    781.6    824.6
     1     1    21     2    18    14     0     2  -117.0   41.807   90.307    793.1    826.4
     1     1    21     2    18    13     0     1  -118.0   41.735   90.061    813.3    826.7
     1     1    21     2    18    12     0     0  -119.0   41.679   89.775    829.5    825.6
     1     1    21     2    18    11     0     1  -120.0   41.640   89.473    833.9    827.3
