     5     1
    GDAS    21     2     1     0     0
    GDAS    21     2     8     0     0
    GDAS    21     2    15     0     0
    GDAS    21     2    22     0     0
    GDAS    21     3     1     0     0
     1 BACKWARD OMEGA   
    21     2    21    11   37.820  111.540   500.0
     1 PRESSURE
     1     1    21     2    21    11     0     1     0.0   37.820  111.540    500.0    824.2
     1     1    21     2    21    10     0     2    -1.0   37.918  111.317    522.3    824.3
     1     1    21     2    21     9     0     3    -2.0   37.992  111.144    521.4    828.3
     1     1    21     2    21     8     0     2    -3.0   38.041  111.017    500.5    833.2
     1     1    21     2    21     7     0     1    -4.0   38.072  110.915    475.5    838.4
     1     1    21     2    21     6     0     0    -5.0   38.102  110.821    463.9    840.3
     1     1    21     2    21     5     0     1    -6.0   38.145  110.735    465.6    840.3
     1     1    21     2    21     4     0     2    -7.0   38.213  110.660    470.2    840.0
     1     1    21     2    21     3     0     3    -8.0   38.314  110.592    472.2    839.7
     1     1    21     2    21     2     0     2    -9.0   38.457  110.504    460.7    838.6
     1     1    21     2    21     1     0     1   -10.0   38.654  110.364    439.2    838.5
     1     1    21     2    21     0     0     0   -11.0   38.927  110.171    443.8    833.0
     1     1    21     2    20    23     0     1   -12.0   39.263  109.930    483.4    817.0
     1     1    21     2    20    22     0     2   -13.0   39.606  109.648    526.9    804.5
     1     1    21     2    20    21     0     3   -14.0   39.954  109.346    600.6    791.3
     1     1    21     2    20    20     0     2   -15.0   40.289  109.028    698.3    784.3
     1     1    21     2    20    19     0     1   -16.0   40.592  108.682    746.6    793.4
     1     1    21     2    20    18     0     0   -17.0   40.894  108.300    766.4    808.7
     1     1    21     2    20    17     0     1   -18.0   41.254  107.872    842.4    798.6
     1     1    21     2    20    16     0     2   -19.0   41.675  107.408    902.6    777.4
     1     1    21     2    20    15     0     3   -20.0   42.079  106.916    801.9    783.5
     1     1    21     2    20    14     0     2   -21.0   42.425  106.331    739.0    815.4
     1     1    21     2    20    13     0     1   -22.0   42.935  105.660    968.3    771.2
     1     1    21     2    20    12     0     0   -23.0   43.511  104.927   1305.9    702.4
     1     1    21     2    20    11     0     1   -24.0   44.072  104.131   1527.3    707.7
     1     1    21     2    20    10     0     2   -25.0   44.578  103.321   1684.0    695.7
     1     1    21     2    20     9     0     3   -26.0   44.976  102.431   1948.2    667.6
     1     1    21     2    20     8     0     2   -27.0   45.448  101.423   2137.4    624.5
     1     1    21     2    20     7     0     1   -28.0   45.932  100.392   2283.7    601.5
     1     1    21     2    20     6     0     0   -29.0   46.431   99.223   2318.3    580.7
     1     1    21     2    20     5     0     1   -30.0   46.948   97.809   2619.7    542.7
     1     1    21     2    20     4     0     2   -31.0   47.443   96.154   3135.7    533.5
     1     1    21     2    20     3     0     3   -32.0   47.934   94.607   2720.5    585.4
     1     1    21     2    20     2     0     2   -33.0   48.355   93.102   2108.0    667.1
     1     1    21     2    20     1     0     1   -34.0   48.642   91.414   2133.6    610.5
     1     1    21     2    20     0     0     0   -35.0   48.741   89.194   2800.0    528.6
     1     1    21     2    19    23     0     1   -36.0   48.701   86.921   3137.4    536.8
     1     1    21     2    19    22     0     2   -37.0   48.563   85.153   3066.2    581.8
     1     1    21     2    19    21     0     3   -38.0   48.332   83.582   2885.0    658.0
     1     1    21     2    19    20     0     2   -39.0   48.072   82.098   2762.1    657.8
     1     1    21     2    19    19     0     1   -40.0   47.757   80.560   2706.7    658.2
     1     1    21     2    19    18     0     0   -41.0   47.399   79.133   2537.5    689.3
     1     1    21     2    19    17     0     1   -42.0   47.060   77.824   2337.1    710.8
     1     1    21     2    19    16     0     2   -43.0   46.781   76.576   2410.8    708.5
     1     1    21     2    19    15     0     3   -44.0   46.480   75.370   2389.0    719.1
     1     1    21     2    19    14     0     2   -45.0   46.236   74.194   2393.5    717.9
     1     1    21     2    19    13     0     1   -46.0   45.977   73.067   2425.4    712.0
     1     1    21     2    19    12     0     0   -47.0   45.658   71.950   2482.9    703.9
     1     1    21     2    19    11     0     1   -48.0   45.331   70.904   2436.3    717.4
     1     1    21     2    19    10     0     2   -49.0   45.029   69.999   2369.6    733.8
     1     1    21     2    19     9     0     3   -50.0   44.762   69.184   2304.3    737.7
     1     1    21     2    19     8     0     2   -51.0   44.506   68.386   2257.6    727.7
     1     1    21     2    19     7     0     1   -52.0   44.218   67.619   2215.3    725.3
     1     1    21     2    19     6     0     0   -53.0   44.027   66.965   2169.1    757.6
     1     1    21     2    19     5     0     1   -54.0   43.888   66.391   2086.3    767.2
     1     1    21     2    19     4     0     2   -55.0   43.689   65.813   2054.0    769.4
     1     1    21     2    19     3     0     3   -56.0   43.476   65.256   2040.0    765.0
     1     1    21     2    19     2     0     2   -57.0   43.254   64.783   1948.8    767.6
     1     1    21     2    19     1     0     1   -58.0   43.006   64.455   1750.1    789.0
     1     1    21     2    19     0     0     0   -59.0   42.764   64.254   1555.8    816.9
     1     1    21     2    18    23     0     1   -60.0   42.534   64.114   1411.4    830.6
     1     1    21     2    18    22     0     2   -61.0   42.330   64.047   1282.6    844.4
     1     1    21     2    18    21     0     3   -62.0   42.146   64.080   1194.3    858.3
     1     1    21     2    18    20     0     2   -63.0   41.979   64.128   1118.7    860.9
     1     1    21     2    18    19     0     1   -64.0   41.915   64.186    967.6    873.8
     1     1    21     2    18    18     0     0   -65.0   42.000   64.250    749.9    901.6
     1     1    21     2    18    17     0     1   -66.0   42.212   64.270    595.3    927.8
     1     1    21     2    18    16     0     2   -67.0   42.445   64.188    533.1    931.2
     1     1    21     2    18    15     0     3   -68.0   42.676   64.004    570.3    926.9
     1     1    21     2    18    14     0     2   -69.0   42.880   63.734    685.0    909.1
     1     1    21     2    18    13     0     1   -70.0   43.051   63.407    757.0    897.5
     1     1    21     2    18    12     0     0   -71.0   43.211   63.017    751.2    902.7
     1     1    21     2    18    11     0     1   -72.0   43.362   62.569    723.0    913.2
     1     1    21     2    18    10     0     2   -73.0   43.488   62.056    768.9    916.0
     1     1    21     2    18     9     0     3   -74.0   43.531   61.401    954.4    895.0
     1     1    21     2    18     8     0     2   -75.0   43.471   60.685   1171.1    869.0
     1     1    21     2    18     7     0     1   -76.0   43.355   59.938   1377.1    848.0
     1     1    21     2    18     6     0     0   -77.0   43.202   59.112   1568.9    825.7
     1     1    21     2    18     5     0     1   -78.0   43.008   58.195   1732.4    807.9
     1     1    21     2    18     4     0     2   -79.0   42.738   57.189   1852.0    787.0
     1     1    21     2    18     3     0     3   -80.0   42.401   56.140   1955.4    780.0
     1     1    21     2    18     2     0     2   -81.0   41.992   55.111   2173.0    758.3
     1     1    21     2    18     1     0     1   -82.0   41.530   54.170   2487.1    735.9
     1     1    21     2    18     0     0     0   -83.0   41.036   53.306   2704.6    723.5
     1     1    21     2    17    23     0     1   -84.0   40.547   52.478   2742.0    721.3
     1     1    21     2    17    22     0     2   -85.0   40.061   51.706   2756.3    722.4
     1     1    21     2    17    21     0     3   -86.0   39.566   50.904   2683.9    726.5
     1     1    21     2    17    20     0     2   -87.0   39.051   50.149   2590.8    738.8
     1     1    21     2    17    19     0     1   -88.0   38.532   49.482   2659.9    733.6
     1     1    21     2    17    18     0     0   -89.0   37.977   48.739   2782.9    672.0
     1     1    21     2    17    17     0     1   -90.0   37.302   47.842   2078.1    649.4
     1     1    21     2    17    16     0     2   -91.0   36.561   46.939   2449.6    585.5
     1     1    21     2    17    15     0     3   -92.0   35.637   45.835   2905.7    583.6
     1     1    21     2    17    14     0     2   -93.0   34.930   45.042   2889.0    663.5
     1     1    21     2    17    13     0     1   -94.0   34.379   44.409   2714.1    713.3
     1     1    21     2    17    12     0     0   -95.0   33.882   43.794   2636.1    737.0
     1     1    21     2    17    11     0     1   -96.0   33.348   43.127   2550.6    722.3
     1     1    21     2    17    10     0     2   -97.0   32.789   42.464   2435.2    727.5
     1     1    21     2    17     9     0     3   -98.0   32.185   41.752   2350.9    719.2
     1     1    21     2    17     8     0     2   -99.0   31.548   41.026   2329.4    713.1
     1     1    21     2    17     7     0     1  -100.0   30.860   40.273   2370.0    689.4
     1     1    21     2    17     6     0     0  -101.0   30.174   39.530   2353.8    693.5
     1     1    21     2    17     5     0     1  -102.0   29.557   38.833   2173.9    703.9
     1     1    21     2    17     4     0     2  -103.0   29.016   38.191   2025.1    723.9
     1     1    21     2    17     3     0     3  -104.0   28.477   37.469   1855.0    703.4
     1     1    21     2    17     2     0     2  -105.0   28.035   36.746   1515.4    729.7
     1     1    21     2    17     1     0     1  -106.0   27.759   36.157   1417.9    787.0
     1     1    21     2    17     0     0     0  -107.0   27.545   35.620   1538.4    799.8
     1     1    21     2    16    23     0     1  -108.0   27.402   35.126   1690.6    818.7
     1     1    21     2    16    22     0     2  -109.0   27.306   34.631   1916.5    805.7
     1     1    21     2    16    21     0     3  -110.0   27.192   34.054   2211.3    764.7
     1     1    21     2    16    20     0     2  -111.0   27.038   33.406   2356.2    727.0
     1     1    21     2    16    19     0     1  -112.0   26.872   32.734   2436.5    717.6
     1     1    21     2    16    18     0     0  -113.0   26.675   31.987   2549.2    707.1
     1     1    21     2    16    17     0     1  -114.0   26.534   31.221   2617.8    708.4
     1     1    21     2    16    16     0     2  -115.0   26.470   30.440   2648.5    704.7
     1     1    21     2    16    15     0     3  -116.0   26.442   29.581   2693.0    699.2
     1     1    21     2    16    14     0     2  -117.0   26.458   28.697   2750.1    697.4
     1     1    21     2    16    13     0     1  -118.0   26.504   27.856   2781.0    702.5
     1     1    21     2    16    12     0     0  -119.0   26.567   27.011   2850.8    691.3
     1     1    21     2    16    11     0     1  -120.0   26.662   26.166   2996.3    678.4
