     5     1
    GDAS    21     2     1     0     0
    GDAS    21     2     8     0     0
    GDAS    21     2    15     0     0
    GDAS    21     2    22     0     0
    GDAS    21     3     1     0     0
     1 BACKWARD OMEGA   
    21     2     5    23   37.820  111.540   500.0
     1 PRESSURE
     1     1    21     2     5    23     0     1     0.0   37.820  111.540    500.0    824.0
     1     1    21     2     5    22     0     2    -1.0   37.964  111.176    473.4    830.4
     1     1    21     2     5    21     0     3    -2.0   38.086  110.896    424.5    844.7
     1     1    21     2     5    20     0     2    -3.0   38.200  110.631    389.2    851.3
     1     1    21     2     5    19     0     1    -4.0   38.325  110.311    381.8    849.7
     1     1    21     2     5    18     0     0    -5.0   38.466  109.920    381.7    843.7
     1     1    21     2     5    17     0     1    -6.0   38.616  109.442    378.9    836.9
     1     1    21     2     5    16     0     2    -7.0   38.764  108.888    378.7    829.8
     1     1    21     2     5    15     0     3    -8.0   38.895  108.317    367.9    820.2
     1     1    21     2     5    14     0     2    -9.0   38.987  107.791    341.8    824.0
     1     1    21     2     5    13     0     1   -10.0   39.038  107.337    310.7    839.1
     1     1    21     2     5    12     0     0   -11.0   39.060  106.948    293.6    845.7
     1     1    21     2     5    11     0     1   -12.0   39.083  106.556    320.2    812.1
     1     1    21     2     5    10     0     2   -13.0   39.131  106.070    526.5    763.6
     1     1    21     2     5     9     0     3   -14.0   39.300  105.440    889.2    747.6
     1     1    21     2     5     8     0     2   -15.0   39.537  104.779   1053.7    743.4
     1     1    21     2     5     7     0     1   -16.0   39.772  104.134   1086.8    750.1
     1     1    21     2     5     6     0     0   -17.0   40.006  103.493   1034.9    742.9
     1     1    21     2     5     5     0     1   -18.0   40.236  102.844    956.1    755.1
     1     1    21     2     5     4     0     2   -19.0   40.481  102.197    942.0    777.3
     1     1    21     2     5     3     0     3   -20.0   40.767  101.570    944.4    784.9
     1     1    21     2     5     2     0     2   -21.0   41.067  100.991    926.9    800.2
     1     1    21     2     5     1     0     1   -22.0   41.361  100.408    883.6    802.1
     1     1    21     2     5     0     0     0   -23.0   41.672   99.721    818.2    804.2
     1     1    21     2     4    23     0     1   -24.0   41.990   98.968   1125.1    787.0
     1     1    21     2     4    22     0     2   -25.0   42.348   98.246   1371.7    686.0
     1     1    21     2     4    21     0     3   -26.0   42.728   97.469   1289.1    720.1
     1     1    21     2     4    20     0     2   -27.0   43.069   96.653   1377.4    730.3
     1     1    21     2     4    19     0     1   -28.0   43.296   95.964   1405.0    750.9
     1     1    21     2     4    18     0     0   -29.0   43.489   95.321   1371.8    743.8
     1     1    21     2     4    17     0     1   -30.0   43.682   94.670   1267.4    761.8
     1     1    21     2     4    16     0     2   -31.0   43.844   94.057    919.5    793.7
     1     1    21     2     4    15     0     3   -32.0   43.897   93.673    610.5    837.8
     1     1    21     2     4    14     0     2   -33.0   43.877   93.378    460.9    838.7
     1     1    21     2     4    13     0     1   -34.0   43.809   93.006    474.6    816.7
     1     1    21     2     4    12     0     0   -35.0   43.756   92.586    495.6    805.4
     1     1    21     2     4    11     0     1   -36.0   43.734   92.203    492.7    809.6
     1     1    21     2     4    10     0     2   -37.0   43.733   91.861    484.5    817.7
     1     1    21     2     4     9     0     3   -38.0   43.747   91.569    471.1    830.0
     1     1    21     2     4     8     0     2   -39.0   43.761   91.345    459.3    842.6
     1     1    21     2     4     7     0     1   -40.0   43.769   91.183    467.4    849.3
     1     1    21     2     4     6     0     0   -41.0   43.775   91.060    495.7    851.9
     1     1    21     2     4     5     0     1   -42.0   43.776   90.948    529.3    851.0
     1     1    21     2     4     4     0     2   -43.0   43.769   90.837    559.0    851.4
     1     1    21     2     4     3     0     3   -44.0   43.754   90.726    588.1    852.1
     1     1    21     2     4     2     0     2   -45.0   43.736   90.610    612.2    852.6
     1     1    21     2     4     1     0     1   -46.0   43.715   90.490    629.4    854.4
     1     1    21     2     4     0     0     0   -47.0   43.689   90.370    643.3    856.5
     1     1    21     2     3    23     0     1   -48.0   43.668   90.257    656.0    858.2
     1     1    21     2     3    22     0     2   -49.0   43.662   90.156    668.4    859.0
     1     1    21     2     3    21     0     3   -50.0   43.673   90.065    681.0    859.0
     1     1    21     2     3    20     0     2   -51.0   43.693   89.981    698.6    858.7
     1     1    21     2     3    19     0     1   -52.0   43.709   89.897    725.4    856.6
     1     1    21     2     3    18     0     0   -53.0   43.721   89.811    761.2    853.7
     1     1    21     2     3    17     0     1   -54.0   43.726   89.728    802.2    850.1
     1     1    21     2     3    16     0     2   -55.0   43.716   89.656    844.5    847.4
     1     1    21     2     3    15     0     3   -56.0   43.694   89.593    887.5    844.6
     1     1    21     2     3    14     0     2   -57.0   43.670   89.528    922.3    841.9
     1     1    21     2     3    13     0     1   -58.0   43.654   89.453    941.2    841.6
     1     1    21     2     3    12     0     0   -59.0   43.645   89.370    940.8    843.0
     1     1    21     2     3    11     0     1   -60.0   43.650   89.280    930.9    846.3
     1     1    21     2     3    10     0     2   -61.0   43.671   89.179    927.8    847.0
     1     1    21     2     3     9     0     3   -62.0   43.707   89.065    938.9    845.3
     1     1    21     2     3     8     0     2   -63.0   43.748   88.953    955.7    838.5
     1     1    21     2     3     7     0     1   -64.0   43.790   88.852    963.0    830.8
     1     1    21     2     3     6     0     0   -65.0   43.833   88.759    952.9    825.6
     1     1    21     2     3     5     0     1   -66.0   43.874   88.668    933.8    823.7
     1     1    21     2     3     4     0     2   -67.0   43.910   88.579    923.1    820.8
     1     1    21     2     3     3     0     3   -68.0   43.941   88.498    930.1    816.7
     1     1    21     2     3     2     0     2   -69.0   43.975   88.424    952.6    810.2
     1     1    21     2     3     1     0     1   -70.0   44.020   88.354    984.1    804.9
     1     1    21     2     3     0     0     0   -71.0   44.081   88.276   1023.7    801.3
     1     1    21     2     2    23     0     1   -72.0   44.162   88.188   1072.4    798.3
     1     1    21     2     2    22     0     2   -73.0   44.263   88.089   1125.2    795.3
     1     1    21     2     2    21     0     3   -74.0   44.388   87.967   1161.7    796.0
     1     1    21     2     2    20     0     2   -75.0   44.527   87.791   1170.6    806.9
     1     1    21     2     2    19     0     1   -76.0   44.670   87.547   1162.1    823.0
     1     1    21     2     2    18     0     0   -77.0   44.830   87.243   1167.9    838.3
     1     1    21     2     2    17     0     1   -78.0   45.026   86.912   1174.4    845.7
     1     1    21     2     2    16     0     2   -79.0   45.243   86.594   1137.2    851.2
     1     1    21     2     2    15     0     3   -80.0   45.440   86.301   1091.5    860.5
     1     1    21     2     2    14     0     2   -81.0   45.609   86.020   1068.1    866.3
     1     1    21     2     2    13     0     1   -82.0   45.770   85.712   1081.2    857.3
     1     1    21     2     2    12     0     0   -83.0   45.975   85.303   1150.0    831.4
     1     1    21     2     2    11     0     1   -84.0   46.197   84.766   1294.3    769.9
     1     1    21     2     2    10     0     2   -85.0   46.337   84.168   1576.6    715.6
     1     1    21     2     2     9     0     3   -86.0   46.358   83.541   1846.1    670.8
     1     1    21     2     2     8     0     2   -87.0   46.297   82.910   1955.7    666.5
     1     1    21     2     2     7     0     1   -88.0   46.208   82.316   1952.2    727.4
     1     1    21     2     2     6     0     0   -89.0   46.115   81.731   1830.3    765.2
     1     1    21     2     2     5     0     1   -90.0   45.971   81.002   1717.3    751.4
     1     1    21     2     2     4     0     2   -91.0   45.769   80.214   1651.9    731.9
     1     1    21     2     2     3     0     3   -92.0   45.574   79.530   1656.0    708.6
     1     1    21     2     2     2     0     2   -93.0   45.368   78.926   1850.4    696.4
     1     1    21     2     2     1     0     1   -94.0   45.173   78.352   2033.1    703.0
     1     1    21     2     2     0     0     0   -95.0   45.004   77.779   2019.3    745.1
     1     1    21     2     1    23     0     1   -96.0   44.882   77.180   1893.0    770.0
     1     1    21     2     1    22     0     2   -97.0   44.812   76.569   1812.7    777.2
     1     1    21     2     1    21     0     3   -98.0   44.771   75.968   1740.8    779.3
     1     1    21     2     1    20     0     2   -99.0   44.761   75.372   1693.7    787.0
     1     1    21     2     1    19     0     1  -100.0   44.771   74.779   1697.8    787.3
     1     1    21     2     1    18     0     0  -101.0   44.787   74.196   1695.2    788.2
     1     1    21     2     1    17     0     1  -102.0   44.816   73.623   1658.7    793.3
     1     1    21     2     1    16     0     2  -103.0   44.857   73.055   1653.9    792.4
     1     1    21     2     1    15     0     3  -104.0   44.910   72.498   1687.6    792.6
     1     1    21     2     1    14     0     2  -105.0   44.964   71.977   1703.9    799.1
     1     1    21     2     1    13     0     1  -106.0   45.006   71.486   1691.0    800.9
     1     1    21     2     1    12     0     0  -107.0   45.043   71.005   1647.8    802.9
     1     1    21     2     1    11     0     1  -108.0   45.075   70.536   1597.9    813.6
     1     1    21     2     1    10     0     2  -109.0   45.100   70.081   1558.9    818.7
     1     1    21     2     1     9     0     3  -110.0   45.125   69.637   1512.3    823.0
     1     1    21     2     1     8     0     2  -111.0   45.152   69.243   1469.9    828.9
     1     1    21     2     1     7     0     1  -112.0   45.178   68.916   1445.8    831.1
     1     1    21     2     1     6     0     0  -113.0   45.204   68.632   1439.5    833.5
     1     1    21     2     1     5     0     1  -114.0   45.206   68.371   1444.5    833.2
     1     1    21     2     1     4     0     2  -115.0   45.151   68.134   1451.3    834.4
     1     1    21     2     1     3     0     3  -116.0   45.023   67.932   1478.0    834.1
     1     1    21     2     1     2     0     2  -117.0   44.851   67.724   1508.6    820.7
     1     1    21     2     1     1     0     1  -118.0   44.689   67.487   1508.1    817.3
     1     1    21     2     1     0     0     0  -119.0   44.530   67.264   1472.0    821.9
