     5     1
    GDAS    21     2     1     0     0
    GDAS    21     2     8     0     0
    GDAS    21     2    15     0     0
    GDAS    21     2    22     0     0
    GDAS    21     3     1     0     0
     1 BACKWARD OMEGA   
    21     2    11    23   37.820  111.540   500.0
     1 PRESSURE
     1     1    21     2    11    23     0     1     0.0   37.820  111.540    500.0    826.8
     1     1    21     2    11    22     0     2    -1.0   37.941  111.418    562.5    822.7
     1     1    21     2    11    21     0     3    -2.0   38.053  111.266    614.5    819.6
     1     1    21     2    11    20     0     2    -3.0   38.146  111.119    640.8    820.2
     1     1    21     2    11    19     0     1    -4.0   38.221  110.996    639.1    824.8
     1     1    21     2    11    18     0     0    -5.0   38.283  110.883    614.7    828.6
     1     1    21     2    11    17     0     1    -6.0   38.345  110.758    587.9    832.7
     1     1    21     2    11    16     0     2    -7.0   38.424  110.609    570.6    833.7
     1     1    21     2    11    15     0     3    -8.0   38.526  110.428    557.9    832.8
     1     1    21     2    11    14     0     2    -9.0   38.642  110.202    534.7    829.7
     1     1    21     2    11    13     0     1   -10.0   38.771  109.918    505.6    827.5
     1     1    21     2    11    12     0     0   -11.0   38.909  109.575    498.9    824.3
     1     1    21     2    11    11     0     1   -12.0   39.047  109.184    516.6    816.3
     1     1    21     2    11    10     0     2   -13.0   39.184  108.764    534.6    807.7
     1     1    21     2    11     9     0     3   -14.0   39.310  108.327    541.8    805.6
     1     1    21     2    11     8     0     2   -15.0   39.416  107.877    555.4    808.3
     1     1    21     2    11     7     0     1   -16.0   39.493  107.433    569.7    807.9
     1     1    21     2    11     6     0     0   -17.0   39.519  107.018    547.5    809.6
     1     1    21     2    11     5     0     1   -18.0   39.518  106.644    518.7    809.5
     1     1    21     2    11     4     0     2   -19.0   39.530  106.290    564.1    799.2
     1     1    21     2    11     3     0     3   -20.0   39.581  105.950    680.4    785.6
     1     1    21     2    11     2     0     2   -21.0   39.731  105.577    798.9    779.1
     1     1    21     2    11     1     0     1   -22.0   40.008  105.097    883.0    765.2
     1     1    21     2    11     0     0     0   -23.0   40.364  104.471    918.8    758.5
     1     1    21     2    10    23     0     1   -24.0   40.706  103.749    852.2    774.9
     1     1    21     2    10    22     0     2   -25.0   41.009  102.947    888.8    767.6
     1     1    21     2    10    21     0     3   -26.0   41.289  102.165    938.7    784.8
     1     1    21     2    10    20     0     2   -27.0   41.568  101.436    895.7    805.5
     1     1    21     2    10    19     0     1   -28.0   41.855  100.694    851.6    818.2
     1     1    21     2    10    18     0     0   -29.0   42.142   99.928    873.2    811.0
     1     1    21     2    10    17     0     1   -30.0   42.460   99.103    970.5    767.5
     1     1    21     2    10    16     0     2   -31.0   42.777   98.190    944.5    750.1
     1     1    21     2    10    15     0     3   -32.0   43.020   97.286    784.7    783.0
     1     1    21     2    10    14     0     2   -33.0   43.253   96.475    909.1    782.7
     1     1    21     2    10    13     0     1   -34.0   43.536   95.803   1023.6    789.0
     1     1    21     2    10    12     0     0   -35.0   43.852   95.141   1304.2    795.7
     1     1    21     2    10    11     0     1   -36.0   44.159   94.320   1615.9    740.8
     1     1    21     2    10    10     0     2   -37.0   44.384   93.318   1827.1    671.4
     1     1    21     2    10     9     0     3   -38.0   44.579   92.378   1920.5    660.4
     1     1    21     2    10     8     0     2   -39.0   44.729   91.423   2119.0    648.2
     1     1    21     2    10     7     0     1   -40.0   44.829   90.506   2151.7    666.1
     1     1    21     2    10     6     0     0   -41.0   44.872   89.730   2109.8    699.5
     1     1    21     2    10     5     0     1   -42.0   44.900   89.061   2065.7    721.1
     1     1    21     2    10     4     0     2   -43.0   44.962   88.531   1984.4    731.5
     1     1    21     2    10     3     0     3   -44.0   45.093   88.108   1910.8    746.8
     1     1    21     2    10     2     0     2   -45.0   45.259   87.668   1810.0    754.2
     1     1    21     2    10     1     0     1   -46.0   45.442   87.198   1632.9    780.5
     1     1    21     2    10     0     0     0   -47.0   45.637   86.780   1413.2    810.1
     1     1    21     2     9    23     0     1   -48.0   45.812   86.454   1255.9    838.6
     1     1    21     2     9    22     0     2   -49.0   45.970   86.175   1228.8    844.0
     1     1    21     2     9    21     0     3   -50.0   46.110   85.771   1269.4    808.7
     1     1    21     2     9    20     0     2   -51.0   46.160   85.110   1310.5    768.7
     1     1    21     2     9    19     0     1   -52.0   46.108   84.319   1441.6    730.2
     1     1    21     2     9    18     0     0   -53.0   45.928   83.470   1671.0    683.6
     1     1    21     2     9    17     0     1   -54.0   45.731   82.757   1684.5    720.2
     1     1    21     2     9    16     0     2   -55.0   45.582   82.213   1625.7    768.5
     1     1    21     2     9    15     0     3   -56.0   45.470   81.739   1522.4    766.1
     1     1    21     2     9    14     0     2   -57.0   45.347   81.286   1372.9    732.7
     1     1    21     2     9    13     0     1   -58.0   45.210   80.866   1127.7    704.0
     1     1    21     2     9    12     0     0   -59.0   45.057   80.429    826.4    670.4
     1     1    21     2     9    11     0     1   -60.0   44.873   79.878    773.0    668.6
     1     1    21     2     9    10     0     2   -61.0   44.689   79.275   1053.1    731.7
     1     1    21     2     9     9     0     3   -62.0   44.547   78.522   1255.7    753.6
     1     1    21     2     9     8     0     2   -63.0   44.475   77.791   1369.3    784.3
     1     1    21     2     9     7     0     1   -64.0   44.413   77.051   1422.8    796.6
     1     1    21     2     9     6     0     0   -65.0   44.324   76.247   1446.0    795.5
     1     1    21     2     9     5     0     1   -66.0   44.221   75.194   1387.2    776.1
     1     1    21     2     9     4     0     2   -67.0   44.124   74.034   1239.5    823.9
     1     1    21     2     9     3     0     3   -68.0   44.005   72.974   1150.2    838.8
     1     1    21     2     9     2     0     2   -69.0   43.885   72.004   1089.8    844.3
     1     1    21     2     9     1     0     1   -70.0   43.692   71.093   1048.6    849.7
     1     1    21     2     9     0     0     0   -71.0   43.456   70.318    995.6    839.5
     1     1    21     2     8    23     0     1   -72.0   43.158   69.532   1120.3    823.5
     1     1    21     2     8    22     0     2   -73.0   42.949   68.845   1105.0    861.2
     1     1    21     2     8    21     0     3   -74.0   42.850   68.262   1074.6    875.8
     1     1    21     2     8    20     0     2   -75.0   42.779   67.664   1094.4    871.0
     1     1    21     2     8    19     0     1   -76.0   42.731   67.081   1104.6    872.5
     1     1    21     2     8    18     0     0   -77.0   42.699   66.511   1120.9    870.2
     1     1    21     2     8    17     0     1   -78.0   42.672   65.900   1141.2    863.1
     1     1    21     2     8    16     0     2   -79.0   42.665   65.259   1152.4    861.9
     1     1    21     2     8    15     0     3   -80.0   42.684   64.624   1152.1    861.5
     1     1    21     2     8    14     0     2   -81.0   42.727   64.037   1147.6    864.1
     1     1    21     2     8    13     0     1   -82.0   42.790   63.472   1166.5    866.1
     1     1    21     2     8    12     0     0   -83.0   42.875   62.892   1185.1    863.1
     1     1    21     2     8    11     0     1   -84.0   42.969   62.341   1129.3    868.1
     1     1    21     2     8    10     0     2   -85.0   43.077   61.894   1033.4    887.6
     1     1    21     2     8     9     0     3   -86.0   43.210   61.524    976.5    896.4
     1     1    21     2     8     8     0     2   -87.0   43.353   61.152    960.3    894.4
     1     1    21     2     8     7     0     1   -88.0   43.514   60.762    958.3    895.5
     1     1    21     2     8     6     0     0   -89.0   43.698   60.366    986.8    896.5
     1     1    21     2     8     5     0     1   -90.0   43.894   59.946   1054.8    891.8
     1     1    21     2     8     4     0     2   -91.0   44.087   59.456   1102.4    881.0
     1     1    21     2     8     3     0     3   -92.0   44.289   58.916   1102.8    881.4
     1     1    21     2     8     2     0     2   -93.0   44.476   58.278   1122.4    869.4
     1     1    21     2     8     1     0     1   -94.0   44.622   57.500   1176.0    855.4
     1     1    21     2     8     0     0     0   -95.0   44.762   56.697   1213.1    855.3
     1     1    21     2     7    23     0     1   -96.0   44.895   55.905   1266.7    854.2
     1     1    21     2     7    22     0     2   -97.0   45.014   55.123   1366.7    843.9
     1     1    21     2     7    21     0     3   -98.0   45.156   54.334   1437.5    841.4
     1     1    21     2     7    20     0     2   -99.0   45.311   53.571   1444.8    845.0
     1     1    21     2     7    19     0     1  -100.0   45.460   52.811   1441.1    846.5
     1     1    21     2     7    18     0     0  -101.0   45.594   52.052   1439.8    848.1
     1     1    21     2     7    17     0     1  -102.0   45.713   51.299   1430.6    849.3
     1     1    21     2     7    16     0     2  -103.0   45.832   50.560   1424.5    850.4
     1     1    21     2     7    15     0     3  -104.0   45.948   49.839   1428.7    849.8
     1     1    21     2     7    14     0     2  -105.0   46.061   49.128   1457.4    848.2
     1     1    21     2     7    13     0     1  -106.0   46.179   48.409   1503.2    840.3
     1     1    21     2     7    12     0     0  -107.0   46.310   47.685   1537.1    835.4
     1     1    21     2     7    11     0     1  -108.0   46.453   46.955   1567.1    831.8
     1     1    21     2     7    10     0     2  -109.0   46.619   46.202   1608.0    827.1
     1     1    21     2     7     9     0     3  -110.0   46.797   45.410   1642.4    821.1
     1     1    21     2     7     8     0     2  -111.0   46.964   44.597   1653.8    816.5
     1     1    21     2     7     7     0     1  -112.0   47.135   43.734   1685.3    806.8
     1     1    21     2     7     6     0     0  -113.0   47.311   42.878   1703.0    806.7
     1     1    21     2     7     5     0     1  -114.0   47.498   42.053   1709.0    804.0
     1     1    21     2     7     4     0     2  -115.0   47.702   41.235   1735.5    803.0
     1     1    21     2     7     3     0     3  -116.0   47.929   40.412   1781.8    788.5
     1     1    21     2     7     2     0     2  -117.0   48.169   39.554   1840.1    780.5
     1     1    21     2     7     1     0     1  -118.0   48.424   38.709   1882.7    780.0
     1     1    21     2     7     0     0     0  -119.0   48.695   37.864   1923.5    776.2
     1     1    21     2     6    23     0     1  -120.0   48.976   37.043   1968.4    769.8
