     5     1
    GDAS    21     2     1     0     0
    GDAS    21     2     8     0     0
    GDAS    21     2    15     0     0
    GDAS    21     2    22     0     0
    GDAS    21     3     1     0     0
     1 BACKWARD OMEGA   
    21     2     3    11   37.820  111.540   500.0
     1 PRESSURE
     1     1    21     2     3    11     0     1     0.0   37.820  111.540    500.0    830.5
     1     1    21     2     3    10     0     2    -1.0   38.071  111.377    660.1    820.4
     1     1    21     2     3     9     0     3    -2.0   38.353  111.210    842.5    801.7
     1     1    21     2     3     8     0     2    -3.0   38.627  111.040    968.5    793.4
     1     1    21     2     3     7     0     1    -4.0   38.890  110.874    999.6    794.0
     1     1    21     2     3     6     0     0    -5.0   39.167  110.704    991.1    791.8
     1     1    21     2     3     5     0     1    -6.0   39.475  110.506   1016.4    780.2
     1     1    21     2     3     4     0     2    -7.0   39.825  110.261   1069.0    761.7
     1     1    21     2     3     3     0     3    -8.0   40.224  109.968   1082.8    749.0
     1     1    21     2     3     2     0     2    -9.0   40.638  109.663   1042.2    758.4
     1     1    21     2     3     1     0     1   -10.0   41.035  109.383    952.7    778.5
     1     1    21     2     3     0     0     0   -11.0   41.432  109.133    833.0    788.9
     1     1    21     2     2    23     0     1   -12.0   41.848  108.852    742.5    783.3
     1     1    21     2     2    22     0     2   -13.0   42.250  108.548    691.1    796.4
     1     1    21     2     2    21     0     3   -14.0   42.631  108.297    651.8    818.7
     1     1    21     2     2    20     0     2   -15.0   42.996  108.120    577.5    842.3
     1     1    21     2     2    19     0     1   -16.0   43.361  107.965    500.6    856.0
     1     1    21     2     2    18     0     0   -17.0   43.770  107.801    526.1    847.7
     1     1    21     2     2    17     0     1   -18.0   44.216  107.624    639.6    820.4
     1     1    21     2     2    16     0     2   -19.0   44.650  107.446    738.4    800.9
     1     1    21     2     2    15     0     3   -20.0   45.068  107.309    771.5    796.5
     1     1    21     2     2    14     0     2   -21.0   45.493  107.170    796.0    786.2
     1     1    21     2     2    13     0     1   -22.0   45.946  106.952    907.8    763.2
     1     1    21     2     2    12     0     0   -23.0   46.398  106.657   1051.8    739.8
     1     1    21     2     2    11     0     1   -24.0   46.815  106.378   1128.8    736.9
     1     1    21     2     2    10     0     2   -25.0   47.191  106.123   1167.8    739.5
     1     1    21     2     2     9     0     3   -26.0   47.531  105.887   1182.0    739.5
     1     1    21     2     2     8     0     2   -27.0   47.830  105.688   1174.3    745.0
     1     1    21     2     2     7     0     1   -28.0   48.089  105.500   1160.8    754.8
     1     1    21     2     2     6     0     0   -29.0   48.312  105.298   1152.1    766.5
     1     1    21     2     2     5     0     1   -30.0   48.507  105.089   1148.0    775.3
     1     1    21     2     2     4     0     2   -31.0   48.685  104.868   1137.8    777.4
     1     1    21     2     2     3     0     3   -32.0   48.870  104.601   1117.2    771.3
     1     1    21     2     2     2     0     2   -33.0   49.091  104.286   1099.1    757.6
     1     1    21     2     2     1     0     1   -34.0   49.345  103.946   1091.6    742.6
     1     1    21     2     2     0     0     0   -35.0   49.605  103.553   1074.4    736.8
     1     1    21     2     1    23     0     1   -36.0   49.854  103.097   1033.1    736.1
     1     1    21     2     1    22     0     2   -37.0   50.085  102.618   1020.3    736.7
     1     1    21     2     1    21     0     3   -38.0   50.309  102.136   1079.6    721.3
     1     1    21     2     1    20     0     2   -39.0   50.567  101.662   1183.1    697.6
     1     1    21     2     1    19     0     1   -40.0   50.876  101.214   1252.8    675.7
     1     1    21     2     1    18     0     0   -41.0   51.211  100.750   1301.8    665.1
     1     1    21     2     1    17     0     1   -42.0   51.587  100.216   1387.5    651.9
     1     1    21     2     1    16     0     2   -43.0   51.975   99.651   1417.1    638.2
     1     1    21     2     1    15     0     3   -44.0   52.317   99.113   1408.1    644.9
     1     1    21     2     1    14     0     2   -45.0   52.613   98.620   1416.3    663.4
     1     1    21     2     1    13     0     1   -46.0   52.857   98.180   1415.9    687.5
     1     1    21     2     1    12     0     0   -47.0   53.072   97.761   1416.6    702.3
     1     1    21     2     1    11     0     1   -48.0   53.290   97.336   1413.4    701.6
     1     1    21     2     1    10     0     2   -49.0   53.520   96.907   1401.7    693.7
     1     1    21     2     1     9     0     3   -50.0   53.744   96.495   1388.8    693.2
     1     1    21     2     1     8     0     2   -51.0   53.952   96.126   1374.1    694.4
     1     1    21     2     1     7     0     1   -52.0   54.138   95.816   1382.6    718.9
     1     1    21     2     1     6     0     0   -53.0   54.298   95.558   1405.9    742.6
     1     1    21     2     1     5     0     1   -54.0   54.446   95.332   1427.3    757.7
     1     1    21     2     1     4     0     2   -55.0   54.589   95.125   1432.7    770.8
     1     1    21     2     1     3     0     3   -56.0   54.726   94.940   1424.4    780.6
     1     1    21     2     1     2     0     2   -57.0   54.858   94.761   1411.3    786.3
     1     1    21     2     1     1     0     1   -58.0   54.985   94.572   1399.2    788.5
     1     1    21     2     1     0     0     0   -59.0   55.114   94.384   1390.0    791.8
