     5     1
    GDAS    21     2     1     0     0
    GDAS    21     2     8     0     0
    GDAS    21     2    15     0     0
    GDAS    21     2    22     0     0
    GDAS    21     3     1     0     0
     1 BACKWARD OMEGA   
    21     2    11    23   37.820  111.540  1500.0
     1 PRESSURE
     1     1    21     2    11    23     0     1     0.0   37.820  111.540   1500.0    730.1
     1     1    21     2    11    22     0     2    -1.0   37.947  111.355   1586.1    725.3
     1     1    21     2    11    21     0     3    -2.0   38.077  111.135   1676.2    721.0
     1     1    21     2    11    20     0     2    -3.0   38.214  110.887   1758.2    717.8
     1     1    21     2    11    19     0     1    -4.0   38.365  110.623   1816.1    711.6
     1     1    21     2    11    18     0     0    -5.0   38.541  110.347   1840.9    706.7
     1     1    21     2    11    17     0     1    -6.0   38.747  110.059   1845.5    701.7
     1     1    21     2    11    16     0     2    -7.0   38.984  109.743   1856.1    694.9
     1     1    21     2    11    15     0     3    -8.0   39.261  109.372   1896.9    686.4
     1     1    21     2    11    14     0     2    -9.0   39.567  108.911   1998.3    671.0
     1     1    21     2    11    13     0     1   -10.0   39.870  108.372   2128.9    660.9
     1     1    21     2    11    12     0     0   -11.0   40.177  107.773   2255.7    659.8
     1     1    21     2    11    11     0     1   -12.0   40.496  107.081   2405.0    643.1
     1     1    21     2    11    10     0     2   -13.0   40.815  106.316   2573.9    630.8
     1     1    21     2    11     9     0     3   -14.0   41.136  105.502   2895.4    595.8
     1     1    21     2    11     8     0     2   -15.0   41.434  104.614   3050.8    590.6
     1     1    21     2    11     7     0     1   -16.0   41.707  103.681   3234.6    580.3
     1     1    21     2    11     6     0     0   -17.0   41.988  102.735   3432.3    572.4
     1     1    21     2    11     5     0     1   -18.0   42.263  101.757   3707.7    547.5
     1     1    21     2    11     4     0     2   -19.0   42.514  100.764   3371.6    564.4
     1     1    21     2    11     3     0     3   -20.0   42.785   99.746   3210.1    578.0
     1     1    21     2    11     2     0     2   -21.0   43.094   98.697   2471.7    627.4
     1     1    21     2    11     1     0     1   -22.0   43.445   97.662   2206.1    649.0
     1     1    21     2    11     0     0     0   -23.0   43.827   96.531   2331.5    660.2
     1     1    21     2    10    23     0     1   -24.0   44.138   95.240   2562.0    661.5
     1     1    21     2    10    22     0     2   -25.0   44.388   93.971   2890.2    609.4
     1     1    21     2    10    21     0     3   -26.0   44.632   92.658   3110.5    562.1
     1     1    21     2    10    20     0     2   -27.0   44.868   91.334   3268.5    563.1
     1     1    21     2    10    19     0     1   -28.0   45.080   90.022   3545.2    566.8
     1     1    21     2    10    18     0     0   -29.0   45.236   88.729   3618.7    589.7
     1     1    21     2    10    17     0     1   -30.0   45.365   87.476   3589.9    605.9
     1     1    21     2    10    16     0     2   -31.0   45.479   86.266   3611.4    615.8
     1     1    21     2    10    15     0     3   -32.0   45.584   85.071   3596.1    604.2
     1     1    21     2    10    14     0     2   -33.0   45.723   83.869   3516.8    567.8
     1     1    21     2    10    13     0     1   -34.0   45.914   82.604   3790.1    549.3
     1     1    21     2    10    12     0     0   -35.0   46.068   81.283   4025.4    551.6
     1     1    21     2    10    11     0     1   -36.0   46.210   79.973   3951.0    581.1
     1     1    21     2    10    10     0     2   -37.0   46.317   78.728   3893.9    588.7
     1     1    21     2    10     9     0     3   -38.0   46.421   77.506   3827.6    592.8
     1     1    21     2    10     8     0     2   -39.0   46.538   76.305   3800.2    595.8
     1     1    21     2    10     7     0     1   -40.0   46.669   75.125   3747.7    600.9
     1     1    21     2    10     6     0     0   -41.0   46.817   73.956   3722.0    598.7
     1     1    21     2    10     5     0     1   -42.0   46.976   72.779   3777.6    582.5
     1     1    21     2    10     4     0     2   -43.0   47.142   71.589   3823.2    580.7
     1     1    21     2    10     3     0     3   -44.0   47.311   70.406   3835.3    589.1
     1     1    21     2    10     2     0     2   -45.0   47.488   69.245   3867.4    593.5
     1     1    21     2    10     1     0     1   -46.0   47.679   68.100   3885.6    588.7
     1     1    21     2    10     0     0     0   -47.0   47.890   66.956   3849.0    585.8
     1     1    21     2     9    23     0     1   -48.0   48.136   65.832   3871.8    592.7
     1     1    21     2     9    22     0     2   -49.0   48.409   64.729   3974.1    598.5
     1     1    21     2     9    21     0     3   -50.0   48.686   63.614   4014.9    599.6
     1     1    21     2     9    20     0     2   -51.0   48.988   62.486   4002.1    597.8
     1     1    21     2     9    19     0     1   -52.0   49.342   61.348   3980.1    595.4
     1     1    21     2     9    18     0     0   -53.0   49.728   60.202   4000.3    585.1
     1     1    21     2     9    17     0     1   -54.0   50.120   59.002   3949.4    587.1
     1     1    21     2     9    16     0     2   -55.0   50.536   57.742   3964.3    580.1
     1     1    21     2     9    15     0     3   -56.0   50.985   56.470   4023.0    580.7
     1     1    21     2     9    14     0     2   -57.0   51.419   55.195   4073.4    585.2
     1     1    21     2     9    13     0     1   -58.0   51.810   53.867   4107.8    580.3
     1     1    21     2     9    12     0     0   -59.0   52.179   52.489   4168.9    577.8
     1     1    21     2     9    11     0     1   -60.0   52.528   51.143   4207.6    576.9
     1     1    21     2     9    10     0     2   -61.0   52.819   49.855   4254.2    576.9
     1     1    21     2     9     9     0     3   -62.0   53.039   48.595   4281.7    572.1
     1     1    21     2     9     8     0     2   -63.0   53.237   47.349   4246.0    564.3
     1     1    21     2     9     7     0     1   -64.0   53.436   46.170   4278.9    562.8
     1     1    21     2     9     6     0     0   -65.0   53.628   45.050   4341.2    558.8
     1     1    21     2     9     5     0     1   -66.0   53.825   43.948   4403.1    556.7
     1     1    21     2     9     4     0     2   -67.0   54.036   42.888   4422.3    555.7
     1     1    21     2     9     3     0     3   -68.0   54.265   41.880   4426.0    556.0
     1     1    21     2     9     2     0     2   -69.0   54.495   40.885   4465.0    555.2
     1     1    21     2     9     1     0     1   -70.0   54.711   39.860   4534.1    549.9
     1     1    21     2     9     0     0     0   -71.0   54.919   38.803   4560.9    543.8
     1     1    21     2     8    23     0     1   -72.0   55.105   37.796   4556.3    545.3
     1     1    21     2     8    22     0     2   -73.0   55.261   36.833   4560.6    543.2
     1     1    21     2     8    21     0     3   -74.0   55.397   35.889   4576.0    539.2
     1     1    21     2     8    20     0     2   -75.0   55.522   34.979   4610.3    535.8
     1     1    21     2     8    19     0     1   -76.0   55.637   34.130   4630.6    534.6
     1     1    21     2     8    18     0     0   -77.0   55.762   33.357   4671.7    531.6
     1     1    21     2     8    17     0     1   -78.0   55.913   32.638   4757.2    524.4
     1     1    21     2     8    16     0     2   -79.0   56.056   31.937   4831.2    518.2
     1     1    21     2     8    15     0     3   -80.0   56.181   31.253   4900.7    517.6
     1     1    21     2     8    14     0     2   -81.0   56.308   30.599   4981.9    515.3
     1     1    21     2     8    13     0     1   -82.0   56.453   29.974   5091.6    507.8
     1     1    21     2     8    12     0     0   -83.0   56.621   29.365   5235.2    498.6
     1     1    21     2     8    11     0     1   -84.0   56.817   28.786   5403.9    486.2
     1     1    21     2     8    10     0     2   -85.0   57.032   28.258   5556.6    474.6
     1     1    21     2     8     9     0     3   -86.0   57.249   27.788   5663.4    468.1
     1     1    21     2     8     8     0     2   -87.0   57.479   27.362   5749.8    463.9
     1     1    21     2     8     7     0     1   -88.0   57.744   26.977   5850.6    456.1
     1     1    21     2     8     6     0     0   -89.0   58.055   26.660   5990.2    447.5
     1     1    21     2     8     5     0     1   -90.0   58.420   26.397   6152.3    435.0
     1     1    21     2     8     4     0     2   -91.0   58.854   26.186   6304.0    424.6
     1     1    21     2     8     3     0     3   -92.0   59.364   26.031   6429.6    417.5
     1     1    21     2     8     2     0     2   -93.0   59.916   25.932   6521.8    415.0
     1     1    21     2     8     1     0     1   -94.0   60.502   25.890   6585.8    409.6
     1     1    21     2     8     0     0     0   -95.0   61.140   25.918   6670.0    401.0
     1     1    21     2     7    23     0     1   -96.0   61.826   26.005   6744.7    391.6
     1     1    21     2     7    22     0     2   -97.0   62.533   26.132   6827.4    389.2
     1     1    21     2     7    21     0     3   -98.0   63.271   26.309   6947.8    381.4
     1     1    21     2     7    20     0     2   -99.0   64.030   26.512   7040.7    374.3
     1     1    21     2     7    19     0     1  -100.0   64.802   26.724   7123.5    370.9
     1     1    21     2     7    18     0     0  -101.0   65.600   26.954   7209.5    362.6
     1     1    21     2     7    17     0     1  -102.0   66.406   27.218   7246.5    359.1
     1     1    21     2     7    16     0     2  -103.0   67.214   27.509   7317.3    355.3
     1     1    21     2     7    15     0     3  -104.0   68.051   27.848   7493.5    344.0
     1     1    21     2     7    14     0     2  -105.0   68.896   28.245   7679.5    337.2
     1     1    21     2     7    13     0     1  -106.0   69.726   28.701   7703.4    337.8
     1     1    21     2     7    12     0     0  -107.0   70.565   29.256   7766.6    341.2
     1     1    21     2     7    11     0     1  -108.0   71.394   29.846   7857.5    338.8
     1     1    21     2     7    10     0     2  -109.0   72.208   30.405   7917.6    335.9
     1     1    21     2     7     9     0     3  -110.0   73.020   30.958   7959.4    333.7
     1     1    21     2     7     8     0     2  -111.0   73.811   31.537   7975.9    333.5
     1     1    21     2     7     7     0     1  -112.0   74.560   32.150   7987.6    333.5
     1     1    21     2     7     6     0     0  -113.0   75.270   32.798   8008.6    332.2
     1     1    21     2     7     5     0     1  -114.0   75.954   33.488   8005.8    332.9
     1     1    21     2     7     4     0     2  -115.0   76.619   34.274   8011.2    334.0
     1     1    21     2     7     3     0     3  -116.0   77.272   35.212   8014.2    333.5
     1     1    21     2     7     2     0     2  -117.0   77.903   36.310   8027.5    333.5
     1     1    21     2     7     1     0     1  -118.0   78.505   37.581   8070.4    331.4
     1     1    21     2     7     0     0     0  -119.0   79.083   39.019   8098.7    329.8
     1     1    21     2     6    23     0     1  -120.0   79.633   40.608   8096.6    330.8
