     5     1
    GDAS    21     2     1     0     0
    GDAS    21     2     8     0     0
    GDAS    21     2    15     0     0
    GDAS    21     2    22     0     0
    GDAS    21     3     1     0     0
     1 BACKWARD OMEGA   
    21     2    25    17   37.820  111.540  1500.0
     1 PRESSURE
     1     1    21     2    25    17     0     1     0.0   37.820  111.540   1500.0    731.1
     1     1    21     2    25    16     0     2    -1.0   37.738  111.752   1506.3    729.0
     1     1    21     2    25    15     0     3    -2.0   37.686  111.967   1512.2    728.5
     1     1    21     2    25    14     0     2    -3.0   37.670  112.173   1503.7    728.0
     1     1    21     2    25    13     0     1    -4.0   37.690  112.359   1473.5    732.4
     1     1    21     2    25    12     0     0    -5.0   37.740  112.528   1457.1    735.4
     1     1    21     2    25    11     0     1    -6.0   37.817  112.673   1472.2    733.1
     1     1    21     2    25    10     0     2    -7.0   37.916  112.784   1497.8    728.0
     1     1    21     2    25     9     0     3    -8.0   38.033  112.861   1501.4    725.1
     1     1    21     2    25     8     0     2    -9.0   38.154  112.922   1487.4    727.8
     1     1    21     2    25     7     0     1   -10.0   38.271  112.980   1468.6    730.1
     1     1    21     2    25     6     0     0   -11.0   38.384  113.038   1447.2    734.7
     1     1    21     2    25     5     0     1   -12.0   38.499  113.101   1436.6    740.3
     1     1    21     2    25     4     0     2   -13.0   38.620  113.170   1450.0    742.0
     1     1    21     2    25     3     0     3   -14.0   38.750  113.241   1484.4    740.7
     1     1    21     2    25     2     0     2   -15.0   38.893  113.303   1527.4    736.1
     1     1    21     2    25     1     0     1   -16.0   39.049  113.347   1575.7    731.1
     1     1    21     2    25     0     0     0   -17.0   39.222  113.358   1641.6    724.1
     1     1    21     2    24    23     0     1   -18.0   39.404  113.306   1699.7    712.7
     1     1    21     2    24    22     0     2   -19.0   39.586  113.194   1712.2    706.9
     1     1    21     2    24    21     0     3   -20.0   39.762  113.047   1671.9    705.3
     1     1    21     2    24    20     0     2   -21.0   39.929  112.891   1616.2    709.6
     1     1    21     2    24    19     0     1   -22.0   40.080  112.722   1577.5    708.4
     1     1    21     2    24    18     0     0   -23.0   40.212  112.525   1551.2    705.9
     1     1    21     2    24    17     0     1   -24.0   40.326  112.306   1526.5    702.9
     1     1    21     2    24    16     0     2   -25.0   40.427  112.094   1489.3    702.7
     1     1    21     2    24    15     0     3   -26.0   40.520  111.910   1436.2    705.7
     1     1    21     2    24    14     0     2   -27.0   40.617  111.753   1373.7    710.3
     1     1    21     2    24    13     0     1   -28.0   40.725  111.608   1319.6    712.1
     1     1    21     2    24    12     0     0   -29.0   40.836  111.469   1283.9    710.4
     1     1    21     2    24    11     0     1   -30.0   40.944  111.321   1256.8    705.0
     1     1    21     2    24    10     0     2   -31.0   41.049  111.147   1206.2    703.1
     1     1    21     2    24     9     0     3   -32.0   41.150  110.957   1092.1    714.9
     1     1    21     2    24     8     0     2   -33.0   41.243  110.765    938.3    741.7
     1     1    21     2    24     7     0     1   -34.0   41.313  110.576    803.8    761.8
     1     1    21     2    24     6     0     0   -35.0   41.346  110.397    687.0    777.0
     1     1    21     2    24     5     0     1   -36.0   41.348  110.241    600.5    790.8
     1     1    21     2    24     4     0     2   -37.0   41.325  110.109    561.4    797.3
     1     1    21     2    24     3     0     3   -38.0   41.281  109.997    570.8    799.0
     1     1    21     2    24     2     0     2   -39.0   41.230  109.899    602.6    795.9
     1     1    21     2    24     1     0     1   -40.0   41.192  109.811    625.7    795.9
     1     1    21     2    24     0     0     0   -41.0   41.162  109.735    640.2    796.9
     1     1    21     2    23    23     0     1   -42.0   41.149  109.649    644.7    799.1
     1     1    21     2    23    22     0     2   -43.0   41.165  109.534    641.6    803.0
     1     1    21     2    23    21     0     3   -44.0   41.208  109.394    638.7    806.9
     1     1    21     2    23    20     0     2   -45.0   41.262  109.228    637.0    809.8
     1     1    21     2    23    19     0     1   -46.0   41.320  109.037    627.4    813.1
     1     1    21     2    23    18     0     0   -47.0   41.386  108.819    602.7    815.0
     1     1    21     2    23    17     0     1   -48.0   41.442  108.589    582.6    818.9
     1     1    21     2    23    16     0     2   -49.0   41.478  108.370    581.4    819.4
     1     1    21     2    23    15     0     3   -50.0   41.507  108.168    584.6    819.7
     1     1    21     2    23    14     0     2   -51.0   41.531  107.984    589.3    820.1
     1     1    21     2    23    13     0     1   -52.0   41.541  107.806    599.4    818.7
     1     1    21     2    23    12     0     0   -53.0   41.536  107.632    613.5    816.7
     1     1    21     2    23    11     0     1   -54.0   41.526  107.479    632.2    815.5
     1     1    21     2    23    10     0     2   -55.0   41.512  107.361    666.3    813.0
     1     1    21     2    23     9     0     3   -56.0   41.493  107.265    730.5    807.4
     1     1    21     2    23     8     0     2   -57.0   41.471  107.197    832.3    797.6
     1     1    21     2    23     7     0     1   -58.0   41.448  107.163    955.9    783.9
     1     1    21     2    23     6     0     0   -59.0   41.427  107.153   1079.9    771.5
     1     1    21     2    23     5     0     1   -60.0   41.425  107.141   1202.6    760.3
     1     1    21     2    23     4     0     2   -61.0   41.452  107.109   1337.0    748.6
     1     1    21     2    23     3     0     3   -62.0   41.498  107.049   1498.4    734.5
     1     1    21     2    23     2     0     2   -63.0   41.564  106.937   1662.1    716.4
     1     1    21     2    23     1     0     1   -64.0   41.656  106.776   1792.7    705.4
     1     1    21     2    23     0     0     0   -65.0   41.780  106.594   1901.2    698.9
     1     1    21     2    22    23     0     1   -66.0   41.913  106.387   2009.0    694.9
     1     1    21     2    22    22     0     2   -67.0   42.027  106.129   2089.6    690.9
     1     1    21     2    22    21     0     3   -68.0   42.115  105.821   2103.5    686.1
     1     1    21     2    22    20     0     2   -69.0   42.185  105.475   2102.9    681.4
     1     1    21     2    22    19     0     1   -70.0   42.241  105.094   2142.9    670.2
     1     1    21     2    22    18     0     0   -71.0   42.284  104.687   2214.6    659.3
     1     1    21     2    22    17     0     1   -72.0   42.328  104.286   2270.9    653.8
     1     1    21     2    22    16     0     2   -73.0   42.384  103.907   2302.4    651.5
     1     1    21     2    22    15     0     3   -74.0   42.450  103.551   2301.2    651.6
     1     1    21     2    22    14     0     2   -75.0   42.531  103.196   2282.1    656.9
     1     1    21     2    22    13     0     1   -76.0   42.639  102.808   2277.3    656.2
     1     1    21     2    22    12     0     0   -77.0   42.784  102.366   2295.2    642.6
     1     1    21     2    22    11     0     1   -78.0   42.959  101.872   2297.0    621.5
     1     1    21     2    22    10     0     2   -79.0   43.149  101.400   2275.5    630.5
     1     1    21     2    22     9     0     3   -80.0   43.356  100.981   2207.9    647.2
     1     1    21     2    22     8     0     2   -81.0   43.560  100.541   2212.5    665.8
     1     1    21     2    22     7     0     1   -82.0   43.770  100.001   2373.3    651.8
     1     1    21     2    22     6     0     0   -83.0   44.038   99.390   2595.0    624.2
     1     1    21     2    22     5     0     1   -84.0   44.321   98.619   2774.2    579.3
     1     1    21     2    22     4     0     2   -85.0   44.552   97.673   2967.3    551.1
     1     1    21     2    22     3     0     3   -86.0   44.805   96.733   3133.7    570.1
     1     1    21     2    22     2     0     2   -87.0   45.073   95.797   3251.6    557.5
     1     1    21     2    22     1     0     1   -88.0   45.249   94.658   3375.2    506.0
     1     1    21     2    22     0     0     0   -89.0   45.377   93.447   3374.2    525.4
     1     1    21     2    21    23     0     1   -90.0   45.504   92.202   3573.7    536.7
     1     1    21     2    21    22     0     2   -91.0   45.579   90.970   3731.9    523.2
     1     1    21     2    21    21     0     3   -92.0   45.651   89.789   3891.1    549.6
     1     1    21     2    21    20     0     2   -93.0   45.691   88.692   4017.1    558.0
     1     1    21     2    21    19     0     1   -94.0   45.642   87.661   4092.0    563.5
     1     1    21     2    21    18     0     0   -95.0   45.548   86.641   4126.1    572.8
     1     1    21     2    21    17     0     1   -96.0   45.476   85.715   4007.8    585.9
     1     1    21     2    21    16     0     2   -97.0   45.367   84.893   3891.0    588.3
     1     1    21     2    21    15     0     3   -98.0   45.170   84.196   3764.2    600.5
     1     1    21     2    21    14     0     2   -99.0   44.982   83.644   3636.3    622.8
     1     1    21     2    21    13     0     1  -100.0   44.846   83.155   3419.0    612.3
     1     1    21     2    21    12     0     0  -101.0   44.722   82.662   3150.0    613.2
     1     1    21     2    21    11     0     1  -102.0   44.595   82.164   2935.7    625.6
     1     1    21     2    21    10     0     2  -103.0   44.471   81.625   2828.1    624.3
     1     1    21     2    21     9     0     3  -104.0   44.355   81.107   2702.4    628.9
     1     1    21     2    21     8     0     2  -105.0   44.269   80.675   2549.4    653.8
     1     1    21     2    21     7     0     1  -106.0   44.195   80.279   2458.9    667.5
     1     1    21     2    21     6     0     0  -107.0   44.128   79.938   2402.9    680.7
     1     1    21     2    21     5     0     1  -108.0   44.088   79.660   2378.3    691.7
     1     1    21     2    21     4     0     2  -109.0   44.071   79.389   2387.8    687.9
     1     1    21     2    21     3     0     3  -110.0   44.052   79.118   2418.3    682.8
     1     1    21     2    21     2     0     2  -111.0   44.024   78.841   2448.2    675.8
     1     1    21     2    21     1     0     1  -112.0   43.987   78.539   2465.4    666.7
     1     1    21     2    21     0     0     0  -113.0   43.916   78.154   2479.7    646.3
     1     1    21     2    20    23     0     1  -114.0   43.800   77.650   2483.0    632.1
     1     1    21     2    20    22     0     2  -115.0   43.662   77.125   2398.2    625.1
     1     1    21     2    20    21     0     3  -116.0   43.499   76.625   2363.1    623.7
     1     1    21     2    20    20     0     2  -117.0   43.306   76.120   2496.7    614.7
     1     1    21     2    20    19     0     1  -118.0   43.108   75.584   2709.4    607.2
     1     1    21     2    20    18     0     0  -119.0   42.921   75.032   2831.5    620.7
     1     1    21     2    20    17     0     1  -120.0   42.723   74.486   2840.7    612.9
