     5     1
    GDAS    21     2     1     0     0
    GDAS    21     2     8     0     0
    GDAS    21     2    15     0     0
    GDAS    21     2    22     0     0
    GDAS    21     3     1     0     0
     1 BACKWARD OMEGA   
    21     2    27    17   37.820  111.540  1500.0
     1 PRESSURE
     1     1    21     2    27    17     0     1     0.0   37.820  111.540   1500.0    727.6
     1     1    21     2    27    16     0     2    -1.0   37.635  111.306   1375.0    741.8
     1     1    21     2    27    15     0     3    -2.0   37.417  111.119   1287.4    746.0
     1     1    21     2    27    14     0     2    -3.0   37.175  110.950   1223.6    745.3
     1     1    21     2    27    13     0     1    -4.0   36.923  110.803   1149.4    750.6
     1     1    21     2    27    12     0     0    -5.0   36.663  110.704   1067.1    763.6
     1     1    21     2    27    11     0     1    -6.0   36.387  110.649   1029.4    771.1
     1     1    21     2    27    10     0     2    -7.0   36.094  110.619   1048.2    767.7
     1     1    21     2    27     9     0     3    -8.0   35.788  110.618   1124.1    776.0
     1     1    21     2    27     8     0     2    -9.0   35.477  110.638   1236.1    785.5
     1     1    21     2    27     7     0     1   -10.0   35.162  110.665   1355.0    796.2
     1     1    21     2    27     6     0     0   -11.0   34.834  110.682   1441.5    789.9
     1     1    21     2    27     5     0     1   -12.0   34.525  110.654   1479.5    773.5
     1     1    21     2    27     4     0     2   -13.0   34.253  110.561   1487.1    761.2
     1     1    21     2    27     3     0     3   -14.0   34.004  110.390   1469.1    750.1
     1     1    21     2    27     2     0     2   -15.0   33.768  110.186   1470.1    758.9
     1     1    21     2    27     1     0     1   -16.0   33.568  110.026   1500.3    760.7
     1     1    21     2    27     0     0     0   -17.0   33.407  109.892   1550.3    759.6
     1     1    21     2    26    23     0     1   -18.0   33.270  109.748   1602.2    754.8
     1     1    21     2    26    22     0     2   -19.0   33.135  109.569   1632.0    751.5
     1     1    21     2    26    21     0     3   -20.0   32.998  109.351   1622.6    749.8
     1     1    21     2    26    20     0     2   -21.0   32.864  109.122   1601.9    741.9
     1     1    21     2    26    19     0     1   -22.0   32.751  108.891   1632.0    730.0
     1     1    21     2    26    18     0     0   -23.0   32.654  108.665   1711.1    723.4
     1     1    21     2    26    17     0     1   -24.0   32.567  108.449   1792.9    716.0
     1     1    21     2    26    16     0     2   -25.0   32.483  108.253   1836.8    716.4
     1     1    21     2    26    15     0     3   -26.0   32.395  108.087   1841.2    721.0
     1     1    21     2    26    14     0     2   -27.0   32.297  107.944   1823.3    727.1
     1     1    21     2    26    13     0     1   -28.0   32.195  107.816   1798.8    729.5
     1     1    21     2    26    12     0     0   -29.0   32.098  107.704   1766.2    731.9
     1     1    21     2    26    11     0     1   -30.0   32.004  107.602   1720.2    736.0
     1     1    21     2    26    10     0     2   -31.0   31.907  107.498   1669.4    746.6
     1     1    21     2    26     9     0     3   -32.0   31.809  107.392   1620.3    757.2
     1     1    21     2    26     8     0     2   -33.0   31.703  107.283   1571.5    768.1
     1     1    21     2    26     7     0     1   -34.0   31.588  107.168   1516.5    780.7
     1     1    21     2    26     6     0     0   -35.0   31.472  107.045   1449.1    794.7
     1     1    21     2    26     5     0     1   -36.0   31.367  106.942   1364.9    808.6
     1     1    21     2    26     4     0     2   -37.0   31.273  106.886   1262.9    823.1
     1     1    21     2    26     3     0     3   -38.0   31.186  106.874   1141.1    839.7
     1     1    21     2    26     2     0     2   -39.0   31.114  106.910   1037.3    857.5
     1     1    21     2    26     1     0     1   -40.0   31.058  106.979    986.1    865.1
     1     1    21     2    26     0     0     0   -41.0   31.015  107.068    988.6    865.5
     1     1    21     2    25    23     0     1   -42.0   30.974  107.155    998.4    857.5
     1     1    21     2    25    22     0     2   -43.0   30.935  107.255    981.6    857.0
     1     1    21     2    25    21     0     3   -44.0   30.901  107.374    948.8    857.6
     1     1    21     2    25    20     0     2   -45.0   30.869  107.521    914.7    859.0
     1     1    21     2    25    19     0     1   -46.0   30.834  107.691    889.9    857.8
     1     1    21     2    25    18     0     0   -47.0   30.799  107.875    877.2    854.9
     1     1    21     2    25    17     0     1   -48.0   30.760  108.077    887.5    849.7
     1     1    21     2    25    16     0     2   -49.0   30.709  108.297    924.5    840.1
     1     1    21     2    25    15     0     3   -50.0   30.643  108.527    979.4    827.7
     1     1    21     2    25    14     0     2   -51.0   30.564  108.733   1040.4    814.0
     1     1    21     2    25    13     0     1   -52.0   30.476  108.882   1101.9    801.7
     1     1    21     2    25    12     0     0   -53.0   30.371  108.966   1162.4    789.5
     1     1    21     2    25    11     0     1   -54.0   30.217  108.994   1178.5    777.2
     1     1    21     2    25    10     0     2   -55.0   29.986  108.999   1154.8    774.4
     1     1    21     2    25     9     0     3   -56.0   29.729  109.023   1114.2    786.5
     1     1    21     2    25     8     0     2   -57.0   29.521  109.112   1055.7    801.6
     1     1    21     2    25     7     0     1   -58.0   29.378  109.250   1000.1    812.1
     1     1    21     2    25     6     0     0   -59.0   29.289  109.431    935.9    821.5
     1     1    21     2    25     5     0     1   -60.0   29.245  109.660    872.3    832.4
     1     1    21     2    25     4     0     2   -61.0   29.232  109.920    837.5    838.2
     1     1    21     2    25     3     0     3   -62.0   29.258  110.185    836.3    843.2
     1     1    21     2    25     2     0     2   -63.0   29.329  110.435    838.0    846.1
     1     1    21     2    25     1     0     1   -64.0   29.442  110.669    837.5    851.5
     1     1    21     2    25     0     0     0   -65.0   29.577  110.889    854.5    854.5
     1     1    21     2    24    23     0     1   -66.0   29.714  111.079    875.6    855.6
     1     1    21     2    24    22     0     2   -67.0   29.851  111.231    869.9    859.8
     1     1    21     2    24    21     0     3   -68.0   30.007  111.368    809.7    870.2
     1     1    21     2    24    20     0     2   -69.0   30.206  111.498    728.0    890.0
     1     1    21     2    24    19     0     1   -70.0   30.458  111.625    682.3    902.4
     1     1    21     2    24    18     0     0   -71.0   30.771  111.751    691.8    905.9
     1     1    21     2    24    17     0     1   -72.0   31.089  111.875    713.9    904.5
     1     1    21     2    24    16     0     2   -73.0   31.386  112.005    670.8    914.7
     1     1    21     2    24    15     0     3   -74.0   31.684  112.153    530.8    933.7
     1     1    21     2    24    14     0     2   -75.0   31.950  112.275    397.4    959.5
     1     1    21     2    24    13     0     1   -76.0   32.164  112.396    330.1    968.5
     1     1    21     2    24    12     0     0   -77.0   32.334  112.555    331.3    964.2
     1     1    21     2    24    11     0     1   -78.0   32.495  112.767    359.5    955.4
     1     1    21     2    24    10     0     2   -79.0   32.684  113.028    377.4    952.2
     1     1    21     2    24     9     0     3   -80.0   32.918  113.327    374.2    954.1
     1     1    21     2    24     8     0     2   -81.0   33.153  113.602    359.7    960.2
     1     1    21     2    24     7     0     1   -82.0   33.339  113.836    353.3    964.0
     1     1    21     2    24     6     0     0   -83.0   33.487  114.064    366.3    965.0
     1     1    21     2    24     5     0     1   -84.0   33.604  114.310    379.4    964.5
     1     1    21     2    24     4     0     2   -85.0   33.692  114.570    361.2    970.2
     1     1    21     2    24     3     0     3   -86.0   33.749  114.822    313.9    980.4
     1     1    21     2    24     2     0     2   -87.0   33.785  115.063    262.1    991.4
     1     1    21     2    24     1     0     1   -88.0   33.809  115.300    228.6    995.8
     1     1    21     2    24     0     0     0   -89.0   33.829  115.538    225.7    996.9
     1     1    21     2    23    23     0     1   -90.0   33.854  115.800    246.4    993.3
     1     1    21     2    23    22     0     2   -91.0   33.889  116.115    269.5    988.9
     1     1    21     2    23    21     0     3   -92.0   33.930  116.503    283.2    982.9
     1     1    21     2    23    20     0     2   -93.0   33.965  116.962    313.9    977.5
     1     1    21     2    23    19     0     1   -94.0   33.977  117.463    367.8    972.6
     1     1    21     2    23    18     0     0   -95.0   33.974  117.982    394.6    972.4
     1     1    21     2    23    17     0     1   -96.0   33.968  118.499    391.8    976.2
     1     1    21     2    23    16     0     2   -97.0   33.964  119.003    379.3    977.7
     1     1    21     2    23    15     0     3   -98.0   33.964  119.493    359.8    981.6
     1     1    21     2    23    14     0     2   -99.0   33.981  119.968    350.2    983.8
     1     1    21     2    23    13     0     1  -100.0   34.039  120.427    354.0    982.5
     1     1    21     2    23    12     0     0  -101.0   34.149  120.868    360.7    981.3
     1     1    21     2    23    11     0     1  -102.0   34.304  121.292    368.5    980.8
     1     1    21     2    23    10     0     2  -103.0   34.491  121.691    380.6    979.7
     1     1    21     2    23     9     0     3  -104.0   34.704  122.052    392.2    978.3
     1     1    21     2    23     8     0     2  -105.0   34.939  122.376    401.8    977.7
     1     1    21     2    23     7     0     1  -106.0   35.195  122.670    417.2    976.1
     1     1    21     2    23     6     0     0  -107.0   35.473  122.939    436.5    973.0
     1     1    21     2    23     5     0     1  -108.0   35.780  123.185    457.8    971.3
     1     1    21     2    23     4     0     2  -109.0   36.119  123.388    486.8    968.6
     1     1    21     2    23     3     0     3  -110.0   36.471  123.537    527.0    964.4
     1     1    21     2    23     2     0     2  -111.0   36.828  123.634    575.1    958.0
     1     1    21     2    23     1     0     1  -112.0   37.195  123.686    622.3    952.2
     1     1    21     2    23     0     0     0  -113.0   37.574  123.696    677.1    946.8
     1     1    21     2    22    23     0     1  -114.0   37.953  123.663    754.2    937.3
     1     1    21     2    22    22     0     2  -115.0   38.331  123.604    844.1    925.2
     1     1    21     2    22    21     0     3  -116.0   38.715  123.524    934.6    914.2
     1     1    21     2    22    20     0     2  -117.0   39.138  123.412   1026.4    901.3
     1     1    21     2    22    19     0     1  -118.0   39.641  123.236   1160.9    882.4
     1     1    21     2    22    18     0     0  -119.0   40.205  122.916   1356.1    849.0
     1     1    21     2    22    17     0     1  -120.0   40.752  122.513   1528.2    830.8
