     5     1
    GDAS    21     2     1     0     0
    GDAS    21     2     8     0     0
    GDAS    21     2    15     0     0
    GDAS    21     2    22     0     0
    GDAS    21     3     1     0     0
     1 BACKWARD OMEGA   
    21     2     1    23   37.820  111.540   500.0
     1 PRESSURE
     1     1    21     2     1    23     0     1     0.0   37.820  111.540    500.0    829.5
     1     1    21     2     1    22     0     2    -1.0   37.983  111.282    559.7    828.3
     1     1    21     2     1    21     0     3    -2.0   38.122  111.065    601.4    829.0
     1     1    21     2     1    20     0     2    -3.0   38.248  110.875    628.4    830.7
     1     1    21     2     1    19     0     1    -4.0   38.381  110.687    646.6    828.7
     1     1    21     2     1    18     0     0    -5.0   38.519  110.490    655.6    826.1
     1     1    21     2     1    17     0     1    -6.0   38.658  110.287    660.3    822.5
     1     1    21     2     1    16     0     2    -7.0   38.799  110.078    665.5    816.3
     1     1    21     2     1    15     0     3    -8.0   38.941  109.870    675.6    810.2
     1     1    21     2     1    14     0     2    -9.0   39.092  109.663    710.6    803.9
     1     1    21     2     1    13     0     1   -10.0   39.266  109.445    782.4    791.1
     1     1    21     2     1    12     0     0   -11.0   39.472  109.204    883.4    774.2
     1     1    21     2     1    11     0     1   -12.0   39.731  108.902   1007.8    755.4
     1     1    21     2     1    10     0     2   -13.0   40.026  108.566   1147.0    745.5
     1     1    21     2     1     9     0     3   -14.0   40.319  108.242   1248.5    746.4
     1     1    21     2     1     8     0     2   -15.0   40.598  107.935   1279.0    753.0
     1     1    21     2     1     7     0     1   -16.0   40.858  107.636   1247.7    757.2
     1     1    21     2     1     6     0     0   -17.0   41.086  107.366   1182.1    764.9
     1     1    21     2     1     5     0     1   -18.0   41.292  107.127   1137.3    770.2
     1     1    21     2     1     4     0     2   -19.0   41.513  106.907   1160.9    767.7
     1     1    21     2     1     3     0     3   -20.0   41.786  106.702   1260.4    760.2
     1     1    21     2     1     2     0     2   -21.0   42.113  106.501   1426.6    746.2
     1     1    21     2     1     1     0     1   -22.0   42.483  106.240   1630.8    719.3
     1     1    21     2     1     0     0     0   -23.0   42.894  105.837   1858.9    679.7
