     5     1
    GDAS    21     2     1     0     0
    GDAS    21     2     8     0     0
    GDAS    21     2    15     0     0
    GDAS    21     2    22     0     0
    GDAS    21     3     1     0     0
     1 BACKWARD OMEGA   
    21     2    19    11   37.820  111.540  1000.0
     1 PRESSURE
     1     1    21     2    19    11     0     1     0.0   37.820  111.540   1000.0    776.0
     1     1    21     2    19    10     0     2    -1.0   38.059  111.044    934.2    788.4
     1     1    21     2    19     9     0     3    -2.0   38.258  110.596    870.6    805.0
     1     1    21     2    19     8     0     2    -3.0   38.470  110.115    842.3    801.5
     1     1    21     2    19     7     0     1    -4.0   38.698  109.600    830.1    793.8
     1     1    21     2    19     6     0     0    -5.0   38.935  109.061    799.9    786.3
     1     1    21     2    19     5     0     1    -6.0   39.177  108.473    770.2    786.5
     1     1    21     2    19     4     0     2    -7.0   39.420  107.837    764.1    788.1
     1     1    21     2    19     3     0     3    -8.0   39.652  107.193    781.2    790.7
     1     1    21     2    19     2     0     2    -9.0   39.891  106.560    831.5    787.1
     1     1    21     2    19     1     0     1   -10.0   40.168  105.950    827.7    798.6
     1     1    21     2    19     0     0     0   -11.0   40.486  105.311    831.3    788.1
     1     1    21     2    18    23     0     1   -12.0   40.822  104.624    960.5    767.5
     1     1    21     2    18    22     0     2   -13.0   41.112  103.907   1026.0    761.6
     1     1    21     2    18    21     0     3   -14.0   41.354  103.177   1093.6    764.0
     1     1    21     2    18    20     0     2   -15.0   41.562  102.503   1167.8    758.1
     1     1    21     2    18    19     0     1   -16.0   41.739  101.841   1140.2    781.6
     1     1    21     2    18    18     0     0   -17.0   41.922  101.167   1156.7    798.0
     1     1    21     2    18    17     0     1   -18.0   42.118  100.552   1177.9    776.4
     1     1    21     2    18    16     0     2   -19.0   42.317  100.024   1143.5    784.2
     1     1    21     2    18    15     0     3   -20.0   42.537   99.531   1181.8    765.3
     1     1    21     2    18    14     0     2   -21.0   42.802   99.045   1218.2    741.3
     1     1    21     2    18    13     0     1   -22.0   43.119   98.496   1150.0    743.5
     1     1    21     2    18    12     0     0   -23.0   43.412   97.926   1088.0    751.8
     1     1    21     2    18    11     0     1   -24.0   43.652   97.354   1107.7    761.3
     1     1    21     2    18    10     0     2   -25.0   43.862   96.714   1149.7    768.4
     1     1    21     2    18     9     0     3   -26.0   44.081   95.973   1185.7    777.7
     1     1    21     2    18     8     0     2   -27.0   44.287   95.316   1258.0    770.0
     1     1    21     2    18     7     0     1   -28.0   44.447   94.766   1374.7    737.0
     1     1    21     2    18     6     0     0   -29.0   44.578   94.239   1452.8    715.3
     1     1    21     2    18     5     0     1   -30.0   44.709   93.712   1444.6    713.9
     1     1    21     2    18     4     0     2   -31.0   44.861   93.215   1441.4    713.0
     1     1    21     2    18     3     0     3   -32.0   45.030   92.778   1483.4    713.4
     1     1    21     2    18     2     0     2   -33.0   45.206   92.376   1527.6    708.4
     1     1    21     2    18     1     0     1   -34.0   45.383   91.958   1551.9    714.7
     1     1    21     2    18     0     0     0   -35.0   45.566   91.515   1573.8    709.2
     1     1    21     2    17    23     0     1   -36.0   45.745   91.076   1612.6    701.9
     1     1    21     2    17    22     0     2   -37.0   45.896   90.667   1658.9    709.8
     1     1    21     2    17    21     0     3   -38.0   46.005   90.293   1708.5    719.2
     1     1    21     2    17    20     0     2   -39.0   46.081   89.950   1756.2    720.9
     1     1    21     2    17    19     0     1   -40.0   46.133   89.634   1785.9    724.2
     1     1    21     2    17    18     0     0   -41.0   46.159   89.349   1790.2    732.1
     1     1    21     2    17    17     0     1   -42.0   46.166   89.093   1782.9    742.7
     1     1    21     2    17    16     0     2   -43.0   46.161   88.852   1779.0    748.9
     1     1    21     2    17    15     0     3   -44.0   46.150   88.620   1786.1    751.9
     1     1    21     2    17    14     0     2   -45.0   46.132   88.394   1800.3    752.9
     1     1    21     2    17    13     0     1   -46.0   46.105   88.172   1810.7    754.5
     1     1    21     2    17    12     0     0   -47.0   46.070   87.956   1812.5    756.8
     1     1    21     2    17    11     0     1   -48.0   46.028   87.746   1810.8    761.0
     1     1    21     2    17    10     0     2   -49.0   45.980   87.543   1812.3    764.6
     1     1    21     2    17     9     0     3   -50.0   45.921   87.354   1815.9    767.9
     1     1    21     2    17     8     0     2   -51.0   45.855   87.182   1819.9    771.3
     1     1    21     2    17     7     0     1   -52.0   45.789   87.028   1823.0    774.6
     1     1    21     2    17     6     0     0   -53.0   45.727   86.890   1824.8    776.9
     1     1    21     2    17     5     0     1   -54.0   45.674   86.755   1825.9    778.4
     1     1    21     2    17     4     0     2   -55.0   45.631   86.612   1826.0    780.0
     1     1    21     2    17     3     0     3   -56.0   45.598   86.461   1824.4    781.6
     1     1    21     2    17     2     0     2   -57.0   45.566   86.302   1819.4    783.4
     1     1    21     2    17     1     0     1   -58.0   45.531   86.134   1810.0    785.7
     1     1    21     2    17     0     0     0   -59.0   45.495   85.956   1796.6    787.5
     1     1    21     2    16    23     0     1   -60.0   45.460   85.776   1786.9    786.7
     1     1    21     2    16    22     0     2   -61.0   45.431   85.603   1789.4    784.3
     1     1    21     2    16    21     0     3   -62.0   45.405   85.438   1799.4    781.7
     1     1    21     2    16    20     0     2   -63.0   45.379   85.281   1810.5    779.4
     1     1    21     2    16    19     0     1   -64.0   45.349   85.134   1818.1    778.4
     1     1    21     2    16    18     0     0   -65.0   45.310   84.996   1821.3    778.6
     1     1    21     2    16    17     0     1   -66.0   45.264   84.868   1821.8    778.9
     1     1    21     2    16    16     0     2   -67.0   45.215   84.753   1823.5    779.8
     1     1    21     2    16    15     0     3   -68.0   45.163   84.656   1825.4    781.7
     1     1    21     2    16    14     0     2   -69.0   45.110   84.574   1832.4    784.2
     1     1    21     2    16    13     0     1   -70.0   45.061   84.496   1849.0    785.4
     1     1    21     2    16    12     0     0   -71.0   45.015   84.424   1874.7    785.9
     1     1    21     2    16    11     0     1   -72.0   44.968   84.355   1892.1    776.7
     1     1    21     2    16    10     0     2   -73.0   44.918   84.287   1899.5    763.4
     1     1    21     2    16     9     0     3   -74.0   44.865   84.220   1905.3    749.0
     1     1    21     2    16     8     0     2   -75.0   44.813   84.146   1920.0    734.4
     1     1    21     2    16     7     0     1   -76.0   44.767   84.061   1950.3    718.0
     1     1    21     2    16     6     0     0   -77.0   44.726   83.964   1994.0    702.5
     1     1    21     2    16     5     0     1   -78.0   44.690   83.853   2043.3    690.3
     1     1    21     2    16     4     0     2   -79.0   44.658   83.722   2089.5    681.5
     1     1    21     2    16     3     0     3   -80.0   44.632   83.574   2132.7    675.2
     1     1    21     2    16     2     0     2   -81.0   44.605   83.414   2171.5    670.2
     1     1    21     2    16     1     0     1   -82.0   44.574   83.244   2205.5    665.3
     1     1    21     2    16     0     0     0   -83.0   44.536   83.063   2233.0    660.7
     1     1    21     2    15    23     0     1   -84.0   44.489   82.880   2257.7    655.4
     1     1    21     2    15    22     0     2   -85.0   44.434   82.706   2289.7    648.7
     1     1    21     2    15    21     0     3   -86.0   44.373   82.543   2331.2    642.4
     1     1    21     2    15    20     0     2   -87.0   44.307   82.392   2372.5    636.9
     1     1    21     2    15    19     0     1   -88.0   44.239   82.254   2400.0    634.8
     1     1    21     2    15    18     0     0   -89.0   44.167   82.127   2407.4    635.8
     1     1    21     2    15    17     0     1   -90.0   44.092   82.018   2407.4    639.8
     1     1    21     2    15    16     0     2   -91.0   44.023   81.935   2419.8    640.5
     1     1    21     2    15    15     0     3   -92.0   43.963   81.875   2453.5    639.1
     1     1    21     2    15    14     0     2   -93.0   43.911   81.829   2501.6    634.6
     1     1    21     2    15    13     0     1   -94.0   43.862   81.796   2554.9    629.7
     1     1    21     2    15    12     0     0   -95.0   43.815   81.775   2614.8    623.4
     1     1    21     2    15    11     0     1   -96.0   43.775   81.756   2682.0    616.6
     1     1    21     2    15    10     0     2   -97.0   43.747   81.735   2754.0    610.1
     1     1    21     2    15     9     0     3   -98.0   43.727   81.717   2827.5    603.8
     1     1    21     2    15     8     0     2   -99.0   43.714   81.703   2894.4    598.2
     1     1    21     2    15     7     0     1  -100.0   43.710   81.691   2948.5    594.5
     1     1    21     2    15     6     0     0  -101.0   43.714   81.681   2991.2    592.1
     1     1    21     2    15     5     0     1  -102.0   43.727   81.667   3026.5    590.9
     1     1    21     2    15     4     0     2  -103.0   43.747   81.644   3056.9    590.6
     1     1    21     2    15     3     0     3  -104.0   43.775   81.611   3080.2    591.8
     1     1    21     2    15     2     0     2  -105.0   43.805   81.569   3094.8    594.5
     1     1    21     2    15     1     0     1  -106.0   43.833   81.524   3100.8    598.0
     1     1    21     2    15     0     0     0  -107.0   43.859   81.476   3098.2    602.4
     1     1    21     2    14    23     0     1  -108.0   43.890   81.422   3090.9    608.3
     1     1    21     2    14    22     0     2  -109.0   43.931   81.357   3081.6    615.6
     1     1    21     2    14    21     0     3  -110.0   43.988   81.280   3067.4    625.3
     1     1    21     2    14    20     0     2  -111.0   44.044   81.195   3034.8    631.5
     1     1    21     2    14    19     0     1  -112.0   44.081   81.102   2995.8    637.4
     1     1    21     2    14    18     0     0  -113.0   44.099   80.999   2962.1    644.1
     1     1    21     2    14    17     0     1  -114.0   44.099   80.903   2926.2    646.7
     1     1    21     2    14    16     0     2  -115.0   44.086   80.831   2888.9    651.2
     1     1    21     2    14    15     0     3  -116.0   44.058   80.781   2847.0    658.1
     1     1    21     2    14    14     0     2  -117.0   44.029   80.748   2817.3    666.0
     1     1    21     2    14    13     0     1  -118.0   44.014   80.728   2814.8    668.1
     1     1    21     2    14    12     0     0  -119.0   44.015   80.724   2839.6    665.6
     1     1    21     2    14    11     0     1  -120.0   44.019   80.727   2878.8    660.2
