     5     1
    GDAS    21     2     1     0     0
    GDAS    21     2     8     0     0
    GDAS    21     2    15     0     0
    GDAS    21     2    22     0     0
    GDAS    21     3     1     0     0
     1 BACKWARD OMEGA   
    21     2    17    11   37.820  111.540  1500.0
     1 PRESSURE
     1     1    21     2    17    11     0     1     0.0   37.820  111.540   1500.0    733.0
     1     1    21     2    17    10     0     2    -1.0   38.147  111.284   1618.6    725.2
     1     1    21     2    17     9     0     3    -2.0   38.453  111.009   1719.5    725.7
     1     1    21     2    17     8     0     2    -3.0   38.740  110.719   1782.5    719.1
     1     1    21     2    17     7     0     1    -4.0   39.031  110.421   1814.8    709.4
     1     1    21     2    17     6     0     0    -5.0   39.338  110.126   1821.5    698.1
     1     1    21     2    17     5     0     1    -6.0   39.662  109.835   1832.5    691.2
     1     1    21     2    17     4     0     2    -7.0   40.009  109.538   1869.1    680.5
     1     1    21     2    17     3     0     3    -8.0   40.373  109.235   1924.7    681.2
     1     1    21     2    17     2     0     2    -9.0   40.723  108.929   1942.7    692.1
     1     1    21     2    17     1     0     1   -10.0   41.048  108.630   1901.1    706.5
     1     1    21     2    17     0     0     0   -11.0   41.369  108.335   1843.8    705.5
     1     1    21     2    16    23     0     1   -12.0   41.703  108.020   1820.4    701.0
     1     1    21     2    16    22     0     2   -13.0   42.050  107.677   1816.1    698.5
     1     1    21     2    16    21     0     3   -14.0   42.399  107.323   1829.0    704.9
     1     1    21     2    16    20     0     2   -15.0   42.741  106.974   1849.4    702.3
     1     1    21     2    16    19     0     1   -16.0   43.087  106.623   1874.7    693.9
     1     1    21     2    16    18     0     0   -17.0   43.446  106.260   1899.6    684.6
     1     1    21     2    16    17     0     1   -18.0   43.815  105.895   1916.6    677.1
     1     1    21     2    16    16     0     2   -19.0   44.183  105.522   1920.2    674.5
     1     1    21     2    16    15     0     3   -20.0   44.549  105.141   1922.0    677.1
     1     1    21     2    16    14     0     2   -21.0   44.906  104.762   1934.1    683.7
     1     1    21     2    16    13     0     1   -22.0   45.244  104.391   1938.2    683.4
     1     1    21     2    16    12     0     0   -23.0   45.574  104.010   1918.1    677.5
     1     1    21     2    16    11     0     1   -24.0   45.926  103.616   1897.1    667.4
     1     1    21     2    16    10     0     2   -25.0   46.310  103.219   1931.7    656.2
     1     1    21     2    16     9     0     3   -26.0   46.705  102.811   1992.6    638.6
     1     1    21     2    16     8     0     2   -27.0   47.108  102.391   2064.8    626.7
     1     1    21     2    16     7     0     1   -28.0   47.527  101.985   2170.0    617.7
     1     1    21     2    16     6     0     0   -29.0   47.961  101.617   2212.4    608.9
     1     1    21     2    16     5     0     1   -30.0   48.394  101.283   2188.3    618.6
     1     1    21     2    16     4     0     2   -31.0   48.833  100.943   2234.8    623.6
     1     1    21     2    16     3     0     3   -32.0   49.308  100.575   2300.3    607.4
     1     1    21     2    16     2     0     2   -33.0   49.823  100.181   2209.6    611.7
     1     1    21     2    16     1     0     1   -34.0   50.366   99.704   2151.3    618.4
     1     1    21     2    16     0     0     0   -35.0   50.931   99.047   2354.2    593.1
     1     1    21     2    15    23     0     1   -36.0   51.473   98.285   2665.2    563.6
     1     1    21     2    15    22     0     2   -37.0   51.924   97.537   2810.6    580.5
     1     1    21     2    15    21     0     3   -38.0   52.296   96.828   2805.3    600.3
     1     1    21     2    15    20     0     2   -39.0   52.632   96.120   2721.1    607.6
     1     1    21     2    15    19     0     1   -40.0   52.941   95.372   2677.7    630.4
     1     1    21     2    15    18     0     0   -41.0   53.226   94.559   2681.0    635.5
     1     1    21     2    15    17     0     1   -42.0   53.461   93.717   2727.8    651.9
     1     1    21     2    15    16     0     2   -43.0   53.625   92.870   2775.0    671.7
     1     1    21     2    15    15     0     3   -44.0   53.736   92.028   2745.9    678.5
     1     1    21     2    15    14     0     2   -45.0   53.816   91.233   2639.6    684.5
     1     1    21     2    15    13     0     1   -46.0   53.898   90.460   2430.4    686.3
     1     1    21     2    15    12     0     0   -47.0   53.991   89.604   2259.4    684.3
     1     1    21     2    15    11     0     1   -48.0   54.035   88.583   2501.6    669.8
     1     1    21     2    15    10     0     2   -49.0   54.011   87.659   2581.8    704.5
     1     1    21     2    15     9     0     3   -50.0   53.938   86.844   2481.5    719.4
     1     1    21     2    15     8     0     2   -51.0   53.861   86.036   2347.3    721.2
     1     1    21     2    15     7     0     1   -52.0   53.790   85.226   2297.5    738.9
     1     1    21     2    15     6     0     0   -53.0   53.686   84.425   2279.4    746.8
     1     1    21     2    15     5     0     1   -54.0   53.550   83.646   2220.8    756.9
     1     1    21     2    15     4     0     2   -55.0   53.434   82.923   2174.3    759.5
     1     1    21     2    15     3     0     3   -56.0   53.285   82.238   2134.9    762.3
     1     1    21     2    15     2     0     2   -57.0   53.112   81.574   2096.8    770.0
     1     1    21     2    15     1     0     1   -58.0   52.946   80.936   2071.7    776.3
     1     1    21     2    15     0     0     0   -59.0   52.758   80.336   2054.2    779.1
     1     1    21     2    14    23     0     1   -60.0   52.556   79.773   2037.9    781.2
     1     1    21     2    14    22     0     2   -61.0   52.365   79.239   2023.0    782.9
     1     1    21     2    14    21     0     3   -62.0   52.170   78.733   2004.0    784.1
     1     1    21     2    14    20     0     2   -63.0   51.969   78.258   1976.0    786.2
     1     1    21     2    14    19     0     1   -64.0   51.777   77.821   1947.5    791.1
     1     1    21     2    14    18     0     0   -65.0   51.577   77.441   1926.4    793.5
     1     1    21     2    14    17     0     1   -66.0   51.375   77.101   1912.7    793.3
     1     1    21     2    14    16     0     2   -67.0   51.192   76.782   1903.7    790.5
     1     1    21     2    14    15     0     3   -68.0   51.022   76.501   1898.7    787.4
     1     1    21     2    14    14     0     2   -69.0   50.859   76.251   1893.8    780.6
     1     1    21     2    14    13     0     1   -70.0   50.707   76.016   1888.5    774.2
     1     1    21     2    14    12     0     0   -71.0   50.565   75.799   1886.2    769.0
     1     1    21     2    14    11     0     1   -72.0   50.430   75.606   1889.0    763.2
     1     1    21     2    14    10     0     2   -73.0   50.303   75.439   1893.0    757.9
     1     1    21     2    14     9     0     3   -74.0   50.186   75.305   1895.6    753.5
     1     1    21     2    14     8     0     2   -75.0   50.077   75.204   1899.5    749.9
     1     1    21     2    14     7     0     1   -76.0   49.976   75.131   1908.0    746.0
     1     1    21     2    14     6     0     0   -77.0   49.884   75.085   1922.5    742.4
     1     1    21     2    14     5     0     1   -78.0   49.807   75.055   1942.5    738.6
     1     1    21     2    14     4     0     2   -79.0   49.749   75.027   1966.5    735.1
     1     1    21     2    14     3     0     3   -80.0   49.709   75.003   1995.3    731.6
     1     1    21     2    14     2     0     2   -81.0   49.680   74.985   2028.1    727.7
     1     1    21     2    14     1     0     1   -82.0   49.656   74.976   2062.2    723.8
     1     1    21     2    14     0     0     0   -83.0   49.634   74.977   2094.4    720.0
     1     1    21     2    13    23     0     1   -84.0   49.618   74.989   2127.3    717.0
     1     1    21     2    13    22     0     2   -85.0   49.609   75.014   2168.4    713.2
     1     1    21     2    13    21     0     3   -86.0   49.609   75.051   2224.6    708.2
     1     1    21     2    13    20     0     2   -87.0   49.624   75.086   2283.6    701.4
     1     1    21     2    13    19     0     1   -88.0   49.661   75.110   2326.5    698.0
     1     1    21     2    13    18     0     0   -89.0   49.718   75.122   2347.9    697.0
     1     1    21     2    13    17     0     1   -90.0   49.787   75.119   2361.8    699.0
     1     1    21     2    13    16     0     2   -91.0   49.861   75.102   2385.1    698.5
     1     1    21     2    13    15     0     3   -92.0   49.941   75.074   2415.9    697.5
     1     1    21     2    13    14     0     2   -93.0   50.026   75.040   2448.4    696.0
     1     1    21     2    13    13     0     1   -94.0   50.116   74.997   2478.2    695.6
     1     1    21     2    13    12     0     0   -95.0   50.211   74.941   2505.5    695.8
     1     1    21     2    13    11     0     1   -96.0   50.308   74.872   2530.3    696.0
     1     1    21     2    13    10     0     2   -97.0   50.405   74.792   2552.1    696.2
     1     1    21     2    13     9     0     3   -98.0   50.498   74.705   2569.2    696.6
     1     1    21     2    13     8     0     2   -99.0   50.601   74.608   2587.3    697.8
     1     1    21     2    13     7     0     1  -100.0   50.724   74.503   2614.3    698.0
     1     1    21     2    13     6     0     0  -101.0   50.865   74.406   2656.1    697.2
     1     1    21     2    13     5     0     1  -102.0   51.025   74.292   2715.2    694.0
     1     1    21     2    13     4     0     2  -103.0   51.209   74.126   2784.8    689.1
     1     1    21     2    13     3     0     3  -104.0   51.415   73.913   2857.7    683.7
     1     1    21     2    13     2     0     2  -105.0   51.635   73.656   2923.4    678.0
     1     1    21     2    13     1     0     1  -106.0   51.861   73.346   2969.6    675.5
     1     1    21     2    13     0     0     0  -107.0   52.092   72.987   2989.9    676.0
     1     1    21     2    12    23     0     1  -108.0   52.314   72.585   3003.4    677.4
     1     1    21     2    12    22     0     2  -109.0   52.514   72.156   3029.6    673.8
     1     1    21     2    12    21     0     3  -110.0   52.694   71.708   3059.8    669.4
     1     1    21     2    12    20     0     2  -111.0   52.860   71.242   3083.9    666.0
     1     1    21     2    12    19     0     1  -112.0   53.017   70.736   3097.3    663.6
     1     1    21     2    12    18     0     0  -113.0   53.166   70.170   3109.9    662.3
     1     1    21     2    12    17     0     1  -114.0   53.313   69.569   3114.9    661.5
     1     1    21     2    12    16     0     2  -115.0   53.445   68.959   3095.9    665.4
     1     1    21     2    12    15     0     3  -116.0   53.547   68.328   3071.9    670.2
     1     1    21     2    12    14     0     2  -117.0   53.620   67.667   3057.8    673.7
     1     1    21     2    12    13     0     1  -118.0   53.660   66.964   3027.0    677.4
     1     1    21     2    12    12     0     0  -119.0   53.674   66.234   2982.3    683.7
     1     1    21     2    12    11     0     1  -120.0   53.671   65.509   2961.4    687.1
