     5     1
    GDAS    21     2     1     0     0
    GDAS    21     2     8     0     0
    GDAS    21     2    15     0     0
    GDAS    21     2    22     0     0
    GDAS    21     3     1     0     0
     1 BACKWARD OMEGA   
    21     2    27    23   37.820  111.540  1000.0
     1 PRESSURE
     1     1    21     2    27    23     0     1     0.0   37.820  111.540   1000.0    773.8
     1     1    21     2    27    22     0     2    -1.0   37.792  111.491   1051.2    769.0
     1     1    21     2    27    21     0     3    -2.0   37.759  111.416   1103.8    764.5
     1     1    21     2    27    20     0     2    -3.0   37.703  111.304   1132.9    759.5
     1     1    21     2    27    19     0     1    -4.0   37.608  111.159   1106.7    761.7
     1     1    21     2    27    18     0     0    -5.0   37.484  110.991   1023.3    767.5
     1     1    21     2    27    17     0     1    -6.0   37.332  110.822    914.7    781.7
     1     1    21     2    27    16     0     2    -7.0   37.156  110.667    827.1    792.8
     1     1    21     2    27    15     0     3    -8.0   36.968  110.520    785.4    800.2
     1     1    21     2    27    14     0     2    -9.0   36.791  110.399    771.3    801.2
     1     1    21     2    27    13     0     1   -10.0   36.621  110.329    754.0    803.5
     1     1    21     2    27    12     0     0   -11.0   36.433  110.307    741.9    803.8
     1     1    21     2    27    11     0     1   -12.0   36.214  110.318    758.5    801.5
     1     1    21     2    27    10     0     2   -13.0   35.967  110.352    811.6    795.7
     1     1    21     2    27     9     0     3   -14.0   35.704  110.435    917.8    804.7
     1     1    21     2    27     8     0     2   -15.0   35.424  110.538   1063.9    808.0
     1     1    21     2    27     7     0     1   -16.0   35.121  110.630   1226.7    812.7
     1     1    21     2    27     6     0     0   -17.0   34.798  110.681   1350.5    796.5
     1     1    21     2    27     5     0     1   -18.0   34.490  110.666   1410.2    777.9
     1     1    21     2    27     4     0     2   -19.0   34.216  110.577   1423.3    765.2
     1     1    21     2    27     3     0     3   -20.0   33.963  110.413   1405.6    757.6
     1     1    21     2    27     2     0     2   -21.0   33.729  110.237   1403.4    767.4
     1     1    21     2    27     1     0     1   -22.0   33.530  110.109   1429.8    770.1
     1     1    21     2    27     0     0     0   -23.0   33.374  110.011   1475.0    770.2
     1     1    21     2    26    23     0     1   -24.0   33.242  109.908   1523.8    766.8
     1     1    21     2    26    22     0     2   -25.0   33.114  109.778   1555.6    764.4
     1     1    21     2    26    21     0     3   -26.0   32.984  109.620   1554.3    762.8
     1     1    21     2    26    20     0     2   -27.0   32.858  109.456   1549.2    757.5
     1     1    21     2    26    19     0     1   -28.0   32.750  109.273   1587.5    741.7
     1     1    21     2    26    18     0     0   -29.0   32.668  109.054   1662.5    720.6
     1     1    21     2    26    17     0     1   -30.0   32.609  108.810   1753.9    709.9
     1     1    21     2    26    16     0     2   -31.0   32.560  108.579   1821.8    708.8
     1     1    21     2    26    15     0     3   -32.0   32.514  108.372   1855.4    711.4
     1     1    21     2    26    14     0     2   -33.0   32.456  108.188   1861.2    716.9
     1     1    21     2    26    13     0     1   -34.0   32.374  108.022   1849.6    723.2
     1     1    21     2    26    12     0     0   -35.0   32.282  107.876   1824.1    727.1
     1     1    21     2    26    11     0     1   -36.0   32.185  107.743   1790.3    730.4
     1     1    21     2    26    10     0     2   -37.0   32.084  107.613   1745.4    734.5
     1     1    21     2    26     9     0     3   -38.0   31.983  107.477   1689.5    741.1
     1     1    21     2    26     8     0     2   -39.0   31.878  107.338   1632.4    754.1
     1     1    21     2    26     7     0     1   -40.0   31.761  107.202   1576.1    767.1
     1     1    21     2    26     6     0     0   -41.0   31.640  107.064   1516.9    780.7
     1     1    21     2    26     5     0     1   -42.0   31.526  106.949   1446.3    793.7
     1     1    21     2    26     4     0     2   -43.0   31.425  106.882   1360.5    806.9
     1     1    21     2    26     3     0     3   -44.0   31.334  106.858   1259.5    821.0
     1     1    21     2    26     2     0     2   -45.0   31.257  106.869   1172.2    836.7
     1     1    21     2    26     1     0     1   -46.0   31.196  106.901   1129.4    843.5
     1     1    21     2    26     0     0     0   -47.0   31.144  106.942   1132.6    845.4
     1     1    21     2    25    23     0     1   -48.0   31.092  106.975   1137.7    842.1
     1     1    21     2    25    22     0     2   -49.0   31.045  107.014   1112.0    846.7
     1     1    21     2    25    21     0     3   -50.0   31.008  107.078   1064.4    851.8
     1     1    21     2    25    20     0     2   -51.0   30.975  107.185   1010.5    856.8
     1     1    21     2    25    19     0     1   -52.0   30.938  107.331    961.8    858.9
     1     1    21     2    25    18     0     0   -53.0   30.900  107.506    921.2    859.5
     1     1    21     2    25    17     0     1   -54.0   30.864  107.707    903.0    857.8
     1     1    21     2    25    16     0     2   -55.0   30.822  107.930    917.0    850.5
     1     1    21     2    25    15     0     3   -56.0   30.765  108.169    959.9    839.9
     1     1    21     2    25    14     0     2   -57.0   30.698  108.387   1013.9    827.1
     1     1    21     2    25    13     0     1   -58.0   30.630  108.556   1066.2    816.6
     1     1    21     2    25    12     0     0   -59.0   30.560  108.673   1116.9    806.9
     1     1    21     2    25    11     0     1   -60.0   30.456  108.751   1119.2    796.6
     1     1    21     2    25    10     0     2   -61.0   30.294  108.828   1057.4    796.5
     1     1    21     2    25     9     0     3   -62.0   30.067  108.915    955.4    796.8
     1     1    21     2    25     8     0     2   -63.0   29.819  109.034    865.0    811.3
     1     1    21     2    25     7     0     1   -64.0   29.635  109.177    805.8    821.4
     1     1    21     2    25     6     0     0   -65.0   29.518  109.334    751.5    829.5
     1     1    21     2    25     5     0     1   -66.0   29.445  109.502    694.9    838.5
     1     1    21     2    25     4     0     2   -67.0   29.401  109.676    645.9    846.6
     1     1    21     2    25     3     0     3   -68.0   29.373  109.854    618.5    851.5
     1     1    21     2    25     2     0     2   -69.0   29.359  110.033    604.2    852.8
     1     1    21     2    25     1     0     1   -70.0   29.374  110.209    587.5    860.5
     1     1    21     2    25     0     0     0   -71.0   29.428  110.384    573.2    866.7
     1     1    21     2    24    23     0     1   -72.0   29.510  110.555    575.3    870.0
     1     1    21     2    24    22     0     2   -73.0   29.601  110.713    596.7    870.5
     1     1    21     2    24    21     0     3   -74.0   29.686  110.853    631.1    869.8
     1     1    21     2    24    20     0     2   -75.0   29.756  110.975    652.9    869.1
     1     1    21     2    24    19     0     1   -76.0   29.826  111.086    641.4    875.0
     1     1    21     2    24    18     0     0   -77.0   29.911  111.185    603.7    884.6
     1     1    21     2    24    17     0     1   -78.0   30.014  111.277    554.6    894.5
     1     1    21     2    24    16     0     2   -79.0   30.137  111.370    512.8    905.3
     1     1    21     2    24    15     0     3   -80.0   30.279  111.465    491.3    913.1
     1     1    21     2    24    14     0     2   -81.0   30.436  111.565    490.7    917.8
     1     1    21     2    24    13     0     1   -82.0   30.608  111.680    504.4    921.1
     1     1    21     2    24    12     0     0   -83.0   30.802  111.818    523.2    924.9
     1     1    21     2    24    11     0     1   -84.0   31.018  111.974    528.0    930.3
     1     1    21     2    24    10     0     2   -85.0   31.219  112.127    493.2    935.4
     1     1    21     2    24     9     0     3   -86.0   31.398  112.270    437.0    945.5
     1     1    21     2    24     8     0     2   -87.0   31.562  112.403    394.4    953.7
     1     1    21     2    24     7     0     1   -88.0   31.701  112.538    377.8    955.2
     1     1    21     2    24     6     0     0   -89.0   31.813  112.697    384.0    953.8
     1     1    21     2    24     5     0     1   -90.0   31.911  112.882    400.0    951.1
     1     1    21     2    24     4     0     2   -91.0   32.015  113.066    415.8    949.6
     1     1    21     2    24     3     0     3   -92.0   32.132  113.243    421.6    948.5
     1     1    21     2    24     2     0     2   -93.0   32.256  113.442    414.4    950.1
     1     1    21     2    24     1     0     1   -94.0   32.375  113.667    395.4    952.5
     1     1    21     2    24     0     0     0   -95.0   32.484  113.897    356.9    957.7
     1     1    21     2    23    23     0     1   -96.0   32.594  114.135    289.5    968.5
     1     1    21     2    23    22     0     2   -97.0   32.716  114.399    211.7    985.2
     1     1    21     2    23    21     0     3   -98.0   32.850  114.691    157.6    998.5
     1     1    21     2    23    20     0     2   -99.0   32.980  115.006    137.9   1004.9
     1     1    21     2    23    19     0     1  -100.0   33.092  115.348    132.8   1004.0
     1     1    21     2    23    18     0     0  -101.0   33.179  115.715    125.5   1004.9
     1     1    21     2    23    17     0     1  -102.0   33.234  116.097    118.9   1005.9
     1     1    21     2    23    16     0     2  -103.0   33.262  116.491    114.5   1006.1
     1     1    21     2    23    15     0     3  -104.0   33.278  116.909    110.3   1005.9
     1     1    21     2    23    14     0     2  -105.0   33.286  117.333    107.9   1006.9
     1     1    21     2    23    13     0     1  -106.0   33.286  117.742    108.1   1007.4
     1     1    21     2    23    12     0     0  -107.0   33.282  118.143    107.0   1007.9
     1     1    21     2    23    11     0     1  -108.0   33.276  118.531    102.4   1008.9
     1     1    21     2    23    10     0     2  -109.0   33.275  118.905     93.6   1010.4
     1     1    21     2    23     9     0     3  -110.0   33.290  119.274     83.0   1012.4
     1     1    21     2    23     8     0     2  -111.0   33.319  119.623     74.3   1014.8
     1     1    21     2    23     7     0     1  -112.0   33.356  119.947     68.6   1016.2
     1     1    21     2    23     6     0     0  -113.0   33.407  120.258     64.3   1017.6
     1     1    21     2    23     5     0     1  -114.0   33.481  120.567     61.1   1019.3
     1     1    21     2    23     4     0     2  -115.0   33.588  120.884     59.4   1020.1
     1     1    21     2    23     3     0     3  -116.0   33.737  121.214     59.0   1020.4
     1     1    21     2    23     2     0     2  -117.0   33.936  121.553     59.9   1019.9
     1     1    21     2    23     1     0     1  -118.0   34.185  121.895     63.9   1019.6
     1     1    21     2    23     0     0     0  -119.0   34.473  122.217     71.5   1018.8
     1     1    21     2    22    23     0     1  -120.0   34.779  122.492     79.6   1018.4
