     5     1
    GDAS    21     2     1     0     0
    GDAS    21     2     8     0     0
    GDAS    21     2    15     0     0
    GDAS    21     2    22     0     0
    GDAS    21     3     1     0     0
     1 BACKWARD OMEGA   
    21     2    19    23   37.820  111.540   500.0
     1 PRESSURE
     1     1    21     2    19    23     0     1     0.0   37.820  111.540    500.0    824.1
     1     1    21     2    19    22     0     2    -1.0   37.911  111.236    580.6    819.1
     1     1    21     2    19    21     0     3    -2.0   37.982  110.983    576.4    821.0
     1     1    21     2    19    20     0     2    -3.0   38.024  110.774    493.1    837.0
     1     1    21     2    19    19     0     1    -4.0   38.089  110.518    412.8    849.0
     1     1    21     2    19    18     0     0    -5.0   38.199  110.176    363.7    854.2
     1     1    21     2    19    17     0     1    -6.0   38.348  109.733    344.3    849.7
     1     1    21     2    19    16     0     2    -7.0   38.488  109.245    342.5    843.4
     1     1    21     2    19    15     0     3    -8.0   38.615  108.740    363.5    834.2
     1     1    21     2    19    14     0     2    -9.0   38.740  108.235    405.9    820.9
     1     1    21     2    19    13     0     1   -10.0   38.864  107.757    474.1    815.3
     1     1    21     2    19    12     0     0   -11.0   38.972  107.333    588.1    815.9
     1     1    21     2    19    11     0     1   -12.0   39.079  106.931    723.0    801.0
     1     1    21     2    19    10     0     2   -13.0   39.203  106.493    911.5    759.6
     1     1    21     2    19     9     0     3   -14.0   39.378  105.999   1227.1    715.9
     1     1    21     2    19     8     0     2   -15.0   39.594  105.517   1497.5    700.5
     1     1    21     2    19     7     0     1   -16.0   39.828  105.065   1629.2    698.6
     1     1    21     2    19     6     0     0   -17.0   40.062  104.648   1653.8    688.3
     1     1    21     2    19     5     0     1   -18.0   40.300  104.217   1439.9    711.2
     1     1    21     2    19     4     0     2   -19.0   40.549  103.641   1143.5    756.5
     1     1    21     2    19     3     0     3   -20.0   40.797  102.942   1209.1    759.6
     1     1    21     2    19     2     0     2   -21.0   41.012  102.305   1437.5    726.5
     1     1    21     2    19     1     0     1   -22.0   41.179  101.710   1535.7    733.9
     1     1    21     2    19     0     0     0   -23.0   41.323  101.160   1548.6    743.4
     1     1    21     2    18    23     0     1   -24.0   41.463  100.649   1514.3    748.2
     1     1    21     2    18    22     0     2   -25.0   41.630  100.158   1430.1    755.5
     1     1    21     2    18    21     0     3   -26.0   41.823   99.667   1347.4    762.7
     1     1    21     2    18    20     0     2   -27.0   42.000   99.174   1420.3    748.5
     1     1    21     2    18    19     0     1   -28.0   42.146   98.730   1536.0    712.3
     1     1    21     2    18    18     0     0   -29.0   42.290   98.331   1582.9    699.2
     1     1    21     2    18    17     0     1   -30.0   42.462   97.951   1544.0    699.9
     1     1    21     2    18    16     0     2   -31.0   42.677   97.563   1435.4    711.7
     1     1    21     2    18    15     0     3   -32.0   42.933   97.111   1307.3    730.5
     1     1    21     2    18    14     0     2   -33.0   43.166   96.615   1246.3    758.6
     1     1    21     2    18    13     0     1   -34.0   43.334   96.156   1251.6    771.0
     1     1    21     2    18    12     0     0   -35.0   43.480   95.713   1276.6    765.6
     1     1    21     2    18    11     0     1   -36.0   43.637   95.250   1286.4    768.9
     1     1    21     2    18    10     0     2   -37.0   43.806   94.769   1307.7    788.9
     1     1    21     2    18     9     0     3   -38.0   43.957   94.208   1431.9    784.9
     1     1    21     2    18     8     0     2   -39.0   44.040   93.635   1593.2    726.8
     1     1    21     2    18     7     0     1   -40.0   44.098   93.172   1660.2    691.6
     1     1    21     2    18     6     0     0   -41.0   44.165   92.793   1673.0    680.1
     1     1    21     2    18     5     0     1   -42.0   44.256   92.450   1673.1    681.1
     1     1    21     2    18     4     0     2   -43.0   44.384   92.117   1677.2    683.0
     1     1    21     2    18     3     0     3   -44.0   44.539   91.794   1686.0    692.1
     1     1    21     2    18     2     0     2   -45.0   44.702   91.476   1696.4    698.0
     1     1    21     2    18     1     0     1   -46.0   44.864   91.148   1714.2    695.3
     1     1    21     2    18     0     0     0   -47.0   45.025   90.798   1747.6    696.2
     1     1    21     2    17    23     0     1   -48.0   45.173   90.446   1785.7    707.5
     1     1    21     2    17    22     0     2   -49.0   45.291   90.122   1810.7    718.9
     1     1    21     2    17    21     0     3   -50.0   45.377   89.823   1827.6    727.3
     1     1    21     2    17    20     0     2   -51.0   45.439   89.548   1843.9    733.0
     1     1    21     2    17    19     0     1   -52.0   45.484   89.296   1862.7    737.6
     1     1    21     2    17    18     0     0   -53.0   45.512   89.068   1884.2    741.4
     1     1    21     2    17    17     0     1   -54.0   45.529   88.851   1908.7    742.4
     1     1    21     2    17    16     0     2   -55.0   45.542   88.635   1939.7    741.6
     1     1    21     2    17    15     0     3   -56.0   45.549   88.419   1980.9    740.0
     1     1    21     2    17    14     0     2   -57.0   45.549   88.203   2021.8    736.9
     1     1    21     2    17    13     0     1   -58.0   45.541   87.991   2049.1    736.3
     1     1    21     2    17    12     0     0   -59.0   45.526   87.783   2065.8    738.6
     1     1    21     2    17    11     0     1   -60.0   45.508   87.586   2079.0    741.6
     1     1    21     2    17    10     0     2   -61.0   45.484   87.403   2093.6    743.3
     1     1    21     2    17     9     0     3   -62.0   45.449   87.234   2105.1    745.1
     1     1    21     2    17     8     0     2   -63.0   45.408   87.074   2113.2    748.0
     1     1    21     2    17     7     0     1   -64.0   45.368   86.918   2120.1    750.0
     1     1    21     2    17     6     0     0   -65.0   45.334   86.764   2126.6    751.1
     1     1    21     2    17     5     0     1   -66.0   45.307   86.608   2129.3    751.8
     1     1    21     2    17     4     0     2   -67.0   45.286   86.450   2122.8    753.5
     1     1    21     2    17     3     0     3   -68.0   45.265   86.288   2103.6    756.4
     1     1    21     2    17     2     0     2   -69.0   45.239   86.120   2077.2    760.6
     1     1    21     2    17     1     0     1   -70.0   45.206   85.942   2051.2    763.8
     1     1    21     2    17     0     0     0   -71.0   45.172   85.753   2028.8    765.7
     1     1    21     2    16    23     0     1   -72.0   45.144   85.563   2015.8    767.5
     1     1    21     2    16    22     0     2   -73.0   45.120   85.378   2013.6    768.1
     1     1    21     2    16    21     0     3   -74.0   45.096   85.194   2018.8    768.4
     1     1    21     2    16    20     0     2   -75.0   45.063   85.013   2024.6    769.2
     1     1    21     2    16    19     0     1   -76.0   45.022   84.838   2027.0    770.8
     1     1    21     2    16    18     0     0   -77.0   44.976   84.659   2023.8    767.5
     1     1    21     2    16    17     0     1   -78.0   44.931   84.481   2016.6    757.7
     1     1    21     2    16    16     0     2   -79.0   44.891   84.311   2014.0    747.3
     1     1    21     2    16    15     0     3   -80.0   44.857   84.149   2017.2    736.8
     1     1    21     2    16    14     0     2   -81.0   44.829   83.989   2027.0    726.5
     1     1    21     2    16    13     0     1   -82.0   44.802   83.819   2043.4    719.7
     1     1    21     2    16    12     0     0   -83.0   44.771   83.638   2057.2    713.5
     1     1    21     2    16    11     0     1   -84.0   44.735   83.447   2066.0    707.3
     1     1    21     2    16    10     0     2   -85.0   44.691   83.249   2068.1    701.4
     1     1    21     2    16     9     0     3   -86.0   44.639   83.047   2060.9    696.1
     1     1    21     2    16     8     0     2   -87.0   44.586   82.846   2058.3    690.9
     1     1    21     2    16     7     0     1   -88.0   44.535   82.651   2079.4    684.1
     1     1    21     2    16     6     0     0   -89.0   44.484   82.465   2123.7    677.7
     1     1    21     2    16     5     0     1   -90.0   44.434   82.279   2169.0    671.8
     1     1    21     2    16     4     0     2   -91.0   44.386   82.090   2190.4    672.3
     1     1    21     2    16     3     0     3   -92.0   44.340   81.903   2184.3    674.9
     1     1    21     2    16     2     0     2   -93.0   44.295   81.727   2169.4    678.9
     1     1    21     2    16     1     0     1   -94.0   44.252   81.565   2162.3    682.8
     1     1    21     2    16     0     0     0   -95.0   44.215   81.420   2159.3    687.9
     1     1    21     2    15    23     0     1   -96.0   44.179   81.292   2163.4    694.1
     1     1    21     2    15    22     0     2   -97.0   44.144   81.180   2177.3    699.6
     1     1    21     2    15    21     0     3   -98.0   44.109   81.080   2197.0    705.1
     1     1    21     2    15    20     0     2   -99.0   44.073   80.994   2213.3    710.8
     1     1    21     2    15    19     0     1  -100.0   44.029   80.929   2216.8    715.7
     1     1    21     2    15    18     0     0  -101.0   43.976   80.881   2208.3    718.1
     1     1    21     2    15    17     0     1  -102.0   43.920   80.840   2192.3    715.1
     1     1    21     2    15    16     0     2  -103.0   43.868   80.797   2182.6    711.2
     1     1    21     2    15    15     0     3  -104.0   43.820   80.754   2180.3    706.9
     1     1    21     2    15    14     0     2  -105.0   43.778   80.707   2189.2    702.1
     1     1    21     2    15    13     0     1  -106.0   43.743   80.654   2212.1    696.2
     1     1    21     2    15    12     0     0  -107.0   43.713   80.599   2246.9    689.7
     1     1    21     2    15    11     0     1  -108.0   43.688   80.536   2289.1    682.7
     1     1    21     2    15    10     0     2  -109.0   43.668   80.458   2336.4    676.3
     1     1    21     2    15     9     0     3  -110.0   43.652   80.371   2393.1    669.5
     1     1    21     2    15     8     0     2  -111.0   43.638   80.283   2450.8    662.1
     1     1    21     2    15     7     0     1  -112.0   43.627   80.197   2496.9    656.7
     1     1    21     2    15     6     0     0  -113.0   43.619   80.115   2529.4    652.9
     1     1    21     2    15     5     0     1  -114.0   43.619   80.032   2547.7    651.1
     1     1    21     2    15     4     0     2  -115.0   43.630   79.943   2551.7    651.4
     1     1    21     2    15     3     0     3  -116.0   43.651   79.845   2543.5    653.5
     1     1    21     2    15     2     0     2  -117.0   43.674   79.742   2534.7    656.6
     1     1    21     2    15     1     0     1  -118.0   43.694   79.638   2533.8    657.4
     1     1    21     2    15     0     0     0  -119.0   43.710   79.532   2538.3    657.2
     1     1    21     2    14    23     0     1  -120.0   43.726   79.432   2544.0    656.8
