     5     1
    GDAS    21     2     1     0     0
    GDAS    21     2     8     0     0
    GDAS    21     2    15     0     0
    GDAS    21     2    22     0     0
    GDAS    21     3     1     0     0
     1 BACKWARD OMEGA   
    21     2    19    23   37.820  111.540  1500.0
     1 PRESSURE
     1     1    21     2    19    23     0     1     0.0   37.820  111.540   1500.0    728.2
     1     1    21     2    19    22     0     2    -1.0   38.043  111.121   1626.2    714.3
     1     1    21     2    19    21     0     3    -2.0   38.259  110.733   1577.8    727.5
     1     1    21     2    19    20     0     2    -3.0   38.473  110.354   1480.0    742.3
     1     1    21     2    19    19     0     1    -4.0   38.684  109.980   1466.1    741.4
     1     1    21     2    19    18     0     0    -5.0   38.901  109.609   1520.2    724.5
     1     1    21     2    19    17     0     1    -6.0   39.151  109.215   1568.5    713.2
     1     1    21     2    19    16     0     2    -7.0   39.444  108.780   1641.2    704.8
     1     1    21     2    19    15     0     3    -8.0   39.770  108.329   1758.1    696.4
     1     1    21     2    19    14     0     2    -9.0   40.116  107.867   1912.1    693.2
     1     1    21     2    19    13     0     1   -10.0   40.472  107.359   2100.4    673.8
     1     1    21     2    19    12     0     0   -11.0   40.839  106.799   2176.7    657.9
     1     1    21     2    19    11     0     1   -12.0   41.203  106.222   2227.1    665.2
     1     1    21     2    19    10     0     2   -13.0   41.549  105.643   2273.3    658.0
     1     1    21     2    19     9     0     3   -14.0   41.876  105.091   2138.5    665.9
     1     1    21     2    19     8     0     2   -15.0   42.179  104.532   1982.0    690.4
     1     1    21     2    19     7     0     1   -16.0   42.467  103.901   1972.4    684.4
     1     1    21     2    19     6     0     0   -17.0   42.739  103.249   2034.0    674.0
     1     1    21     2    19     5     0     1   -18.0   42.977  102.632   2051.3    660.4
     1     1    21     2    19     4     0     2   -19.0   43.175  102.054   2007.4    652.3
     1     1    21     2    19     3     0     3   -20.0   43.348  101.519   1945.4    670.0
     1     1    21     2    19     2     0     2   -21.0   43.498  101.033   1852.4    683.9
     1     1    21     2    19     1     0     1   -22.0   43.625  100.571   1781.3    701.9
     1     1    21     2    19     0     0     0   -23.0   43.742  100.110   1815.4    702.1
     1     1    21     2    18    23     0     1   -24.0   43.855   99.672   1884.3    687.9
     1     1    21     2    18    22     0     2   -25.0   43.967   99.270   1914.3    680.8
     1     1    21     2    18    21     0     3   -26.0   44.096   98.880   1911.6    672.3
     1     1    21     2    18    20     0     2   -27.0   44.269   98.476   1922.0    654.8
     1     1    21     2    18    19     0     1   -28.0   44.492   98.030   1951.4    624.6
     1     1    21     2    18    18     0     0   -29.0   44.756   97.548   2022.9    625.4
     1     1    21     2    18    17     0     1   -30.0   45.056   97.079   2146.5    636.7
     1     1    21     2    18    16     0     2   -31.0   45.376   96.597   2267.8    631.6
     1     1    21     2    18    15     0     3   -32.0   45.694   96.103   2376.1    637.5
     1     1    21     2    18    14     0     2   -33.0   46.003   95.612   2471.5    634.3
     1     1    21     2    18    13     0     1   -34.0   46.301   95.124   2498.6    629.0
     1     1    21     2    18    12     0     0   -35.0   46.609   94.600   2429.2    615.7
     1     1    21     2    18    11     0     1   -36.0   46.901   94.035   2356.8    626.1
     1     1    21     2    18    10     0     2   -37.0   47.146   93.437   2337.9    627.4
     1     1    21     2    18     9     0     3   -38.0   47.363   92.759   2340.3    607.9
     1     1    21     2    18     8     0     2   -39.0   47.576   91.991   2183.6    606.4
     1     1    21     2    18     7     0     1   -40.0   47.770   91.135   2691.9    538.6
     1     1    21     2    18     6     0     0   -41.0   48.020   90.195   3820.9    421.2
     1     1    21     2    18     5     0     1   -42.0   48.296   89.228   4138.3    445.4
     1     1    21     2    18     4     0     2   -43.0   48.562   88.260   4349.8    435.9
     1     1    21     2    18     3     0     3   -44.0   48.852   87.179   4733.8    414.7
     1     1    21     2    18     2     0     2   -45.0   49.139   85.995   4780.0    420.5
     1     1    21     2    18     1     0     1   -46.0   49.420   84.782   4958.1    438.3
     1     1    21     2    18     0     0     0   -47.0   49.628   83.529   5363.2    456.9
     1     1    21     2    17    23     0     1   -48.0   49.781   82.215   5497.1    472.9
     1     1    21     2    17    22     0     2   -49.0   49.900   80.885   5534.3    477.2
     1     1    21     2    17    21     0     3   -50.0   49.977   79.530   5438.1    488.8
     1     1    21     2    17    20     0     2   -51.0   49.981   78.175   5403.7    482.2
     1     1    21     2    17    19     0     1   -52.0   49.993   76.816   5412.2    466.8
     1     1    21     2    17    18     0     0   -53.0   49.975   75.436   5407.5    466.6
     1     1    21     2    17    17     0     1   -54.0   49.895   74.045   5387.4    470.7
     1     1    21     2    17    16     0     2   -55.0   49.820   72.701   5470.2    471.7
     1     1    21     2    17    15     0     3   -56.0   49.727   71.369   5639.6    464.1
     1     1    21     2    17    14     0     2   -57.0   49.592   70.053   5702.4    463.4
     1     1    21     2    17    13     0     1   -58.0   49.471   68.701   5636.3    466.1
     1     1    21     2    17    12     0     0   -59.0   49.308   67.344   5547.4    468.4
     1     1    21     2    17    11     0     1   -60.0   49.111   66.010   5591.5    479.0
     1     1    21     2    17    10     0     2   -61.0   48.930   64.639   5623.8    484.5
     1     1    21     2    17     9     0     3   -62.0   48.716   63.237   5772.5    477.3
     1     1    21     2    17     8     0     2   -63.0   48.439   61.861   5791.7    475.1
     1     1    21     2    17     7     0     1   -64.0   48.136   60.489   5732.6    477.3
     1     1    21     2    17     6     0     0   -65.0   47.784   59.105   5812.5    469.0
     1     1    21     2    17     5     0     1   -66.0   47.391   57.817   5808.1    470.1
     1     1    21     2    17     4     0     2   -67.0   46.987   56.590   5822.4    476.3
     1     1    21     2    17     3     0     3   -68.0   46.524   55.403   6004.8    463.9
     1     1    21     2    17     2     0     2   -69.0   46.048   54.303   6021.1    471.0
     1     1    21     2    17     1     0     1   -70.0   45.604   53.206   6161.3    460.6
     1     1    21     2    17     0     0     0   -71.0   45.143   52.140   6222.2    453.2
     1     1    21     2    16    23     0     1   -72.0   44.666   51.170   6083.6    465.2
     1     1    21     2    16    22     0     2   -73.0   44.208   50.161   6002.5    472.1
     1     1    21     2    16    21     0     3   -74.0   43.758   49.139   5853.1    478.9
     1     1    21     2    16    20     0     2   -75.0   43.296   48.151   5608.8    497.0
     1     1    21     2    16    19     0     1   -76.0   42.805   47.108   5230.3    473.4
     1     1    21     2    16    18     0     0   -77.0   42.176   45.914   5297.4    404.4
     1     1    21     2    16    17     0     1   -78.0   41.517   44.821   4686.1    475.7
     1     1    21     2    16    16     0     2   -79.0   40.760   43.719   4616.2    430.9
     1     1    21     2    16    15     0     3   -80.0   39.928   42.655   4115.7    446.8
     1     1    21     2    16    14     0     2   -81.0   39.075   41.744   3262.7    549.2
     1     1    21     2    16    13     0     1   -82.0   38.229   41.060   3153.8    614.6
     1     1    21     2    16    12     0     0   -83.0   37.439   40.521   3183.1    630.1
     1     1    21     2    16    11     0     1   -84.0   36.720   40.076   2910.8    671.9
     1     1    21     2    16    10     0     2   -85.0   36.091   39.665   2731.5    703.7
     1     1    21     2    16     9     0     3   -86.0   35.498   39.261   2634.2    701.1
     1     1    21     2    16     8     0     2   -87.0   34.936   38.861   2511.4    698.0
     1     1    21     2    16     7     0     1   -88.0   34.397   38.442   2327.2    692.5
     1     1    21     2    16     6     0     0   -89.0   33.879   38.052   2104.5    715.2
     1     1    21     2    16     5     0     1   -90.0   33.417   37.693   1953.9    735.2
     1     1    21     2    16     4     0     2   -91.0   33.003   37.325   1850.2    737.0
     1     1    21     2    16     3     0     3   -92.0   32.652   36.985   1726.1    754.9
     1     1    21     2    16     2     0     2   -93.0   32.341   36.634   1610.7    765.9
     1     1    21     2    16     1     0     1   -94.0   32.045   36.262   1487.4    771.2
     1     1    21     2    16     0     0     0   -95.0   31.786   35.911   1354.0    782.4
     1     1    21     2    15    23     0     1   -96.0   31.587   35.592   1269.7    810.9
     1     1    21     2    15    22     0     2   -97.0   31.433   35.283   1230.9    822.8
     1     1    21     2    15    21     0     3   -98.0   31.320   34.984   1174.0    837.8
     1     1    21     2    15    20     0     2   -99.0   31.249   34.710   1116.5    855.5
     1     1    21     2    15    19     0     1  -100.0   31.201   34.461   1089.9    866.5
     1     1    21     2    15    18     0     0  -101.0   31.167   34.230   1095.9    874.0
     1     1    21     2    15    17     0     1  -102.0   31.148   34.014   1132.2    877.8
     1     1    21     2    15    16     0     2  -103.0   31.141   33.810   1179.8    873.6
     1     1    21     2    15    15     0     3  -104.0   31.141   33.605   1223.7    869.9
     1     1    21     2    15    14     0     2  -105.0   31.149   33.407   1260.5    867.8
     1     1    21     2    15    13     0     1  -106.0   31.159   33.223   1289.4    866.1
     1     1    21     2    15    12     0     0  -107.0   31.166   33.059   1306.3    865.3
     1     1    21     2    15    11     0     1  -108.0   31.177   32.915   1312.2    866.2
     1     1    21     2    15    10     0     2  -109.0   31.202   32.792   1315.9    866.7
     1     1    21     2    15     9     0     3  -110.0   31.244   32.689   1324.5    866.6
     1     1    21     2    15     8     0     2  -111.0   31.301   32.594   1337.8    864.7
     1     1    21     2    15     7     0     1  -112.0   31.371   32.493   1352.1    862.9
     1     1    21     2    15     6     0     0  -113.0   31.452   32.385   1365.8    861.1
     1     1    21     2    15     5     0     1  -114.0   31.538   32.261   1376.8    860.0
     1     1    21     2    15     4     0     2  -115.0   31.619   32.109   1383.0    859.4
     1     1    21     2    15     3     0     3  -116.0   31.692   31.927   1381.7    859.5
     1     1    21     2    15     2     0     2  -117.0   31.763   31.731   1385.0    860.6
     1     1    21     2    15     1     0     1  -118.0   31.833   31.532   1405.3    858.4
     1     1    21     2    15     0     0     0  -119.0   31.896   31.323   1436.3    854.8
     1     1    21     2    14    23     0     1  -120.0   31.946   31.105   1459.7    851.5
