     5     1
    GDAS    21     2     1     0     0
    GDAS    21     2     8     0     0
    GDAS    21     2    15     0     0
    GDAS    21     2    22     0     0
    GDAS    21     3     1     0     0
     1 BACKWARD OMEGA   
    21     2     5    17   37.820  111.540   500.0
     1 PRESSURE
     1     1    21     2     5    17     0     1     0.0   37.820  111.540    500.0    823.9
     1     1    21     2     5    16     0     2    -1.0   38.045  111.088    496.5    835.2
     1     1    21     2     5    15     0     3    -2.0   38.250  110.663    503.2    838.1
     1     1    21     2     5    14     0     2    -3.0   38.425  110.210    501.0    834.0
     1     1    21     2     5    13     0     1    -4.0   38.589  109.703    497.5    828.4
     1     1    21     2     5    12     0     0    -5.0   38.757  109.126    529.4    818.8
     1     1    21     2     5    11     0     1    -6.0   38.935  108.475    577.6    800.4
     1     1    21     2     5    10     0     2    -7.0   39.108  107.805    598.6    796.5
     1     1    21     2     5     9     0     3    -8.0   39.243  107.169    489.1    809.0
     1     1    21     2     5     8     0     2    -9.0   39.328  106.624    345.6    825.0
     1     1    21     2     5     7     0     1   -10.0   39.382  106.093    425.9    800.1
     1     1    21     2     5     6     0     0   -11.0   39.462  105.487    704.2    773.1
     1     1    21     2     5     5     0     1   -12.0   39.602  104.855    823.4    763.7
     1     1    21     2     5     4     0     2   -13.0   39.785  104.235    833.6    776.9
     1     1    21     2     5     3     0     3   -14.0   39.994  103.601    828.1    769.5
     1     1    21     2     5     2     0     2   -15.0   40.216  102.911    773.0    766.1
     1     1    21     2     5     1     0     1   -16.0   40.450  102.214    704.8    798.2
     1     1    21     2     5     0     0     0   -17.0   40.676  101.558    647.0    814.6
     1     1    21     2     4    23     0     1   -18.0   40.877  100.940    594.6    831.0
     1     1    21     2     4    22     0     2   -19.0   41.091  100.290    605.9    832.3
     1     1    21     2     4    21     0     3   -20.0   41.341   99.505    681.7    804.2
     1     1    21     2     4    20     0     2   -21.0   41.584   98.633    847.8    769.5
     1     1    21     2     4    19     0     1   -22.0   41.841   97.792    904.1    748.0
     1     1    21     2     4    18     0     0   -23.0   42.117   96.875   1010.9    726.9
     1     1    21     2     4    17     0     1   -24.0   42.329   95.977   1145.8    710.4
     1     1    21     2     4    16     0     2   -25.0   42.435   95.305   1163.4    722.7
     1     1    21     2     4    15     0     3   -26.0   42.499   94.823   1131.0    730.2
     1     1    21     2     4    14     0     2   -27.0   42.545   94.420   1121.4    740.8
     1     1    21     2     4    13     0     1   -28.0   42.591   94.021   1142.1    742.0
     1     1    21     2     4    12     0     0   -29.0   42.628   93.623   1144.6    761.7
     1     1    21     2     4    11     0     1   -30.0   42.652   93.250   1133.0    791.8
     1     1    21     2     4    10     0     2   -31.0   42.667   92.921   1139.0    810.2
     1     1    21     2     4     9     0     3   -32.0   42.670   92.636   1160.0    815.3
     1     1    21     2     4     8     0     2   -33.0   42.670   92.375   1188.5    816.2
     1     1    21     2     4     7     0     1   -34.0   42.667   92.140   1206.0    820.0
     1     1    21     2     4     6     0     0   -35.0   42.662   91.929   1210.5    821.6
     1     1    21     2     4     5     0     1   -36.0   42.653   91.723   1195.4    820.0
     1     1    21     2     4     4     0     2   -37.0   42.642   91.507   1160.7    821.1
     1     1    21     2     4     3     0     3   -38.0   42.632   91.282   1112.8    823.4
     1     1    21     2     4     2     0     2   -39.0   42.624   91.055   1062.9    825.8
     1     1    21     2     4     1     0     1   -40.0   42.616   90.833   1022.5    829.1
     1     1    21     2     4     0     0     0   -41.0   42.609   90.617    997.8    831.9
     1     1    21     2     3    23     0     1   -42.0   42.601   90.413    986.9    832.4
     1     1    21     2     3    22     0     2   -43.0   42.597   90.227    982.6    833.0
     1     1    21     2     3    21     0     3   -44.0   42.607   90.062    984.3    833.5
     1     1    21     2     3    20     0     2   -45.0   42.626   89.917    988.5    836.3
     1     1    21     2     3    19     0     1   -46.0   42.645   89.788    992.7    840.9
     1     1    21     2     3    18     0     0   -47.0   42.662   89.673   1000.5    845.0
     1     1    21     2     3    17     0     1   -48.0   42.672   89.573   1007.6    847.4
     1     1    21     2     3    16     0     2   -49.0   42.669   89.490   1004.1    850.2
     1     1    21     2     3    15     0     3   -50.0   42.655   89.420    987.5    853.7
     1     1    21     2     3    14     0     2   -51.0   42.640   89.355    964.1    858.1
     1     1    21     2     3    13     0     1   -52.0   42.635   89.291    938.3    862.4
     1     1    21     2     3    12     0     0   -53.0   42.640   89.228    905.5    868.0
     1     1    21     2     3    11     0     1   -54.0   42.659   89.170    880.0    875.4
     1     1    21     2     3    10     0     2   -55.0   42.691   89.118    882.0    878.6
     1     1    21     2     3     9     0     3   -56.0   42.735   89.069    913.1    879.0
     1     1    21     2     3     8     0     2   -57.0   42.790   89.021    959.5    877.7
     1     1    21     2     3     7     0     1   -58.0   42.851   88.979   1012.7    875.4
     1     1    21     2     3     6     0     0   -59.0   42.914   88.940   1081.4    869.4
     1     1    21     2     3     5     0     1   -60.0   42.968   88.902   1146.6    859.8
     1     1    21     2     3     4     0     2   -61.0   43.006   88.861   1177.9    854.1
     1     1    21     2     3     3     0     3   -62.0   43.033   88.817   1171.8    849.4
     1     1    21     2     3     2     0     2   -63.0   43.063   88.772   1155.0    848.5
     1     1    21     2     3     1     0     1   -64.0   43.105   88.729   1153.7    842.6
     1     1    21     2     3     0     0     0   -65.0   43.161   88.683   1169.5    834.4
     1     1    21     2     2    23     0     1   -66.0   43.226   88.639   1187.7    824.3
     1     1    21     2     2    22     0     2   -67.0   43.296   88.600   1189.3    818.1
     1     1    21     2     2    21     0     3   -68.0   43.369   88.568   1173.3    814.6
     1     1    21     2     2    20     0     2   -69.0   43.446   88.526   1159.1    812.5
     1     1    21     2     2    19     0     1   -70.0   43.528   88.463   1156.2    805.6
     1     1    21     2     2    18     0     0   -71.0   43.617   88.382   1152.6    798.1
     1     1    21     2     2    17     0     1   -72.0   43.714   88.294   1134.3    792.7
     1     1    21     2     2    16     0     2   -73.0   43.819   88.205   1104.7    790.7
     1     1    21     2     2    15     0     3   -74.0   43.935   88.117   1074.8    789.5
     1     1    21     2     2    14     0     2   -75.0   44.064   88.032   1018.7    791.9
     1     1    21     2     2    13     0     1   -76.0   44.193   87.946    933.1    809.5
     1     1    21     2     2    12     0     0   -77.0   44.311   87.855    831.0    830.2
     1     1    21     2     2    11     0     1   -78.0   44.399   87.758    749.4    849.0
     1     1    21     2     2    10     0     2   -79.0   44.456   87.651    701.5    858.2
     1     1    21     2     2     9     0     3   -80.0   44.495   87.545    668.4    865.6
     1     1    21     2     2     8     0     2   -81.0   44.520   87.440    651.5    873.1
     1     1    21     2     2     7     0     1   -82.0   44.534   87.328    658.0    876.5
     1     1    21     2     2     6     0     0   -83.0   44.543   87.207    688.2    877.4
     1     1    21     2     2     5     0     1   -84.0   44.555   87.081    723.4    875.3
     1     1    21     2     2     4     0     2   -85.0   44.578   86.960    742.4    875.6
     1     1    21     2     2     3     0     3   -86.0   44.607   86.852    744.9    875.1
     1     1    21     2     2     2     0     2   -87.0   44.635   86.754    742.1    876.2
     1     1    21     2     2     1     0     1   -88.0   44.659   86.661    743.4    876.1
     1     1    21     2     2     0     0     0   -89.0   44.679   86.570    749.6    875.5
     1     1    21     2     1    23     0     1   -90.0   44.703   86.490    753.7    874.9
     1     1    21     2     1    22     0     2   -91.0   44.735   86.429    748.0    876.8
     1     1    21     2     1    21     0     3   -92.0   44.776   86.392    731.8    880.9
     1     1    21     2     1    20     0     2   -93.0   44.815   86.369    716.9    886.5
     1     1    21     2     1    19     0     1   -94.0   44.843   86.342    713.6    888.7
     1     1    21     2     1    18     0     0   -95.0   44.861   86.308    721.0    889.2
     1     1    21     2     1    17     0     1   -96.0   44.875   86.267    731.7    888.0
     1     1    21     2     1    16     0     2   -97.0   44.891   86.219    740.4    888.2
     1     1    21     2     1    15     0     3   -98.0   44.912   86.163    752.7    888.6
     1     1    21     2     1    14     0     2   -99.0   44.942   86.122    770.7    888.6
     1     1    21     2     1    13     0     1  -100.0   44.980   86.122    789.2    889.0
     1     1    21     2     1    12     0     0  -101.0   45.020   86.160    805.5    888.1
     1     1    21     2     1    11     0     1  -102.0   45.039   86.224    814.0    885.8
     1     1    21     2     1    10     0     2  -103.0   45.020   86.308    810.2    885.3
     1     1    21     2     1     9     0     3  -104.0   44.965   86.415    794.0    883.9
     1     1    21     2     1     8     0     2  -105.0   44.896   86.525    779.0    882.4
     1     1    21     2     1     7     0     1  -106.0   44.833   86.626    776.6    879.1
     1     1    21     2     1     6     0     0  -107.0   44.776   86.720    786.0    875.3
     1     1    21     2     1     5     0     1  -108.0   44.716   86.813    804.2    870.5
     1     1    21     2     1     4     0     2  -109.0   44.644   86.911    829.9    865.3
     1     1    21     2     1     3     0     3  -110.0   44.549   87.021    865.6    858.3
     1     1    21     2     1     2     0     2  -111.0   44.426   87.169    891.2    843.8
     1     1    21     2     1     1     0     1  -112.0   44.295   87.343    892.3    832.8
     1     1    21     2     1     0     0     0  -113.0   44.176   87.514    881.9    823.3
