     5     1
    GDAS    21     2     1     0     0
    GDAS    21     2     8     0     0
    GDAS    21     2    15     0     0
    GDAS    21     2    22     0     0
    GDAS    21     3     1     0     0
     1 BACKWARD OMEGA   
    21     2     5    17   37.820  111.540  1000.0
     1 PRESSURE
     1     1    21     2     5    17     0     1     0.0   37.820  111.540   1000.0    773.8
     1     1    21     2     5    16     0     2    -1.0   38.141  110.963    968.2    788.4
     1     1    21     2     5    15     0     3    -2.0   38.424  110.419    923.8    794.4
     1     1    21     2     5    14     0     2    -3.0   38.683  109.820    899.7    787.9
     1     1    21     2     5    13     0     1    -4.0   38.950  109.135    909.0    777.5
     1     1    21     2     5    12     0     0    -5.0   39.214  108.397    956.9    764.9
     1     1    21     2     5    11     0     1    -6.0   39.442  107.662    968.8    759.3
     1     1    21     2     5    10     0     2    -7.0   39.603  106.949    870.0    770.9
     1     1    21     2     5     9     0     3    -8.0   39.737  106.248    865.1    789.6
     1     1    21     2     5     8     0     2    -9.0   39.928  105.515    991.1    763.5
     1     1    21     2     5     7     0     1   -10.0   40.158  104.774   1042.4    745.7
     1     1    21     2     5     6     0     0   -11.0   40.389  104.045   1071.7    754.6
     1     1    21     2     5     5     0     1   -12.0   40.627  103.298   1096.3    745.7
     1     1    21     2     5     4     0     2   -13.0   40.907  102.497   1167.8    749.5
     1     1    21     2     5     3     0     3   -14.0   41.204  101.758   1248.6    760.5
     1     1    21     2     5     2     0     2   -15.0   41.523  101.055   1278.4    768.6
     1     1    21     2     5     1     0     1   -16.0   41.863  100.343   1158.0    772.3
     1     1    21     2     5     0     0     0   -17.0   42.211   99.586   1085.5    790.0
     1     1    21     2     4    23     0     1   -18.0   42.602   98.813   1319.8    725.4
     1     1    21     2     4    22     0     2   -19.0   43.027   97.980   1177.8    728.6
     1     1    21     2     4    21     0     3   -20.0   43.364   97.080   1078.1    758.5
     1     1    21     2     4    20     0     2   -21.0   43.602   96.203   1179.8    768.4
     1     1    21     2     4    19     0     1   -22.0   43.789   95.399   1224.6    781.8
     1     1    21     2     4    18     0     0   -23.0   43.990   94.675   1086.4    821.0
     1     1    21     2     4    17     0     1   -24.0   44.144   94.111    836.8    823.5
     1     1    21     2     4    16     0     2   -25.0   44.244   93.665    676.2    818.1
     1     1    21     2     4    15     0     3   -26.0   44.309   93.211    608.0    798.4
     1     1    21     2     4    14     0     2   -27.0   44.356   92.723    594.1    784.3
     1     1    21     2     4    13     0     1   -28.0   44.415   92.252    589.8    781.9
     1     1    21     2     4    12     0     0   -29.0   44.491   91.833    582.0    789.8
     1     1    21     2     4    11     0     1   -30.0   44.571   91.460    587.8    800.5
     1     1    21     2     4    10     0     2   -31.0   44.658   91.098    612.2    801.0
     1     1    21     2     4     9     0     3   -32.0   44.757   90.742    651.2    807.1
     1     1    21     2     4     8     0     2   -33.0   44.867   90.387    707.8    816.2
     1     1    21     2     4     7     0     1   -34.0   44.986   90.015    745.3    825.4
     1     1    21     2     4     6     0     0   -35.0   45.095   89.665    738.6    839.4
     1     1    21     2     4     5     0     1   -36.0   45.168   89.364    725.7    851.9
     1     1    21     2     4     4     0     2   -37.0   45.209   89.099    719.5    860.6
     1     1    21     2     4     3     0     3   -38.0   45.224   88.853    716.0    865.2
     1     1    21     2     4     2     0     2   -39.0   45.225   88.612    710.3    867.3
     1     1    21     2     4     1     0     1   -40.0   45.216   88.376    698.5    870.5
     1     1    21     2     4     0     0     0   -41.0   45.192   88.143    679.6    874.7
     1     1    21     2     3    23     0     1   -42.0   45.163   87.923    661.7    881.1
     1     1    21     2     3    22     0     2   -43.0   45.140   87.725    653.3    886.9
     1     1    21     2     3    21     0     3   -44.0   45.123   87.549    652.6    891.2
     1     1    21     2     3    20     0     2   -45.0   45.105   87.393    652.9    894.3
     1     1    21     2     3    19     0     1   -46.0   45.082   87.257    648.0    898.1
     1     1    21     2     3    18     0     0   -47.0   45.051   87.139    636.4    902.5
     1     1    21     2     3    17     0     1   -48.0   45.007   87.033    619.4    907.7
     1     1    21     2     3    16     0     2   -49.0   44.949   86.928    598.8    909.6
     1     1    21     2     3    15     0     3   -50.0   44.885   86.826    577.6    910.0
     1     1    21     2     3    14     0     2   -51.0   44.826   86.731    564.3    909.6
     1     1    21     2     3    13     0     1   -52.0   44.780   86.642    563.0    906.8
     1     1    21     2     3    12     0     0   -53.0   44.744   86.557    569.0    903.6
     1     1    21     2     3    11     0     1   -54.0   44.716   86.467    576.6    900.0
     1     1    21     2     3    10     0     2   -55.0   44.694   86.363    581.8    897.2
     1     1    21     2     3     9     0     3   -56.0   44.677   86.242    585.4    894.6
     1     1    21     2     3     8     0     2   -57.0   44.669   86.111    583.6    893.0
     1     1    21     2     3     7     0     1   -58.0   44.671   85.978    572.1    893.0
     1     1    21     2     3     6     0     0   -59.0   44.682   85.844    555.3    892.3
     1     1    21     2     3     5     0     1   -60.0   44.693   85.718    549.8    891.2
     1     1    21     2     3     4     0     2   -61.0   44.694   85.603    565.5    886.0
     1     1    21     2     3     3     0     3   -62.0   44.686   85.494    601.8    877.3
     1     1    21     2     3     2     0     2   -63.0   44.675   85.390    645.8    865.5
     1     1    21     2     3     1     0     1   -64.0   44.668   85.294    685.0    856.3
     1     1    21     2     3     0     0     0   -65.0   44.664   85.209    717.6    848.7
     1     1    21     2     2    23     0     1   -66.0   44.659   85.139    746.3    842.5
     1     1    21     2     2    22     0     2   -67.0   44.650   85.087    771.6    836.0
     1     1    21     2     2    21     0     3   -68.0   44.637   85.056    791.6    830.0
     1     1    21     2     2    20     0     2   -69.0   44.618   85.032    820.8    823.9
     1     1    21     2     2    19     0     1   -70.0   44.590   85.000    870.4    811.7
     1     1    21     2     2    18     0     0   -71.0   44.555   84.957    944.6    794.9
     1     1    21     2     2    17     0     1   -72.0   44.533   84.904   1014.8    777.7
     1     1    21     2     2    16     0     2   -73.0   44.538   84.852   1053.7    773.1
     1     1    21     2     2    15     0     3   -74.0   44.570   84.803   1065.8    777.0
     1     1    21     2     2    14     0     2   -75.0   44.628   84.761   1054.3    789.3
     1     1    21     2     2    13     0     1   -76.0   44.712   84.727   1026.4    810.0
     1     1    21     2     2    12     0     0   -77.0   44.824   84.698    995.9    839.0
     1     1    21     2     2    11     0     1   -78.0   44.940   84.632    984.6    867.9
     1     1    21     2     2    10     0     2   -79.0   45.028   84.480    990.4    877.7
     1     1    21     2     2     9     0     3   -80.0   45.091   84.230    998.7    869.1
     1     1    21     2     2     8     0     2   -81.0   45.132   83.935   1022.2    861.3
     1     1    21     2     2     7     0     1   -82.0   45.148   83.666   1052.7    853.8
     1     1    21     2     2     6     0     0   -83.0   45.137   83.434   1063.2    852.2
     1     1    21     2     2     5     0     1   -84.0   45.112   83.249   1054.3    856.8
     1     1    21     2     2     4     0     2   -85.0   45.084   83.113   1041.9    861.9
     1     1    21     2     2     3     0     3   -86.0   45.052   83.017   1033.9    867.0
     1     1    21     2     2     2     0     2   -87.0   45.022   82.945   1028.7    868.7
     1     1    21     2     2     1     0     1   -88.0   44.998   82.884   1019.9    868.6
     1     1    21     2     2     0     0     0   -89.0   44.980   82.827   1002.1    863.8
     1     1    21     2     1    23     0     1   -90.0   44.966   82.773    978.1    861.5
     1     1    21     2     1    22     0     2   -91.0   44.955   82.727    949.9    860.5
     1     1    21     2     1    21     0     3   -92.0   44.946   82.691    919.2    860.8
     1     1    21     2     1    20     0     2   -93.0   44.936   82.665    890.6    861.9
     1     1    21     2     1    19     0     1   -94.0   44.923   82.647    866.2    861.6
     1     1    21     2     1    18     0     0   -95.0   44.904   82.633    843.3    860.3
     1     1    21     2     1    17     0     1   -96.0   44.884   82.623    826.9    858.9
     1     1    21     2     1    16     0     2   -97.0   44.866   82.615    823.2    856.0
     1     1    21     2     1    15     0     3   -98.0   44.851   82.608    831.6    852.4
     1     1    21     2     1    14     0     2   -99.0   44.837   82.611    841.2    847.9
     1     1    21     2     1    13     0     1  -100.0   44.820   82.633    841.0    845.5
     1     1    21     2     1    12     0     0  -101.0   44.799   82.676    830.8    843.7
     1     1    21     2     1    11     0     1  -102.0   44.775   82.739    816.2    842.0
     1     1    21     2     1    10     0     2  -103.0   44.747   82.821    805.7    838.7
     1     1    21     2     1     9     0     3  -104.0   44.717   82.926    804.2    833.6
     1     1    21     2     1     8     0     2  -105.0   44.683   83.045    810.4    824.5
     1     1    21     2     1     7     0     1  -106.0   44.649   83.150    820.3    812.8
     1     1    21     2     1     6     0     0  -107.0   44.616   83.235    837.5    801.1
     1     1    21     2     1     5     0     1  -108.0   44.587   83.304    861.4    788.8
     1     1    21     2     1     4     0     2  -109.0   44.564   83.364    888.6    777.9
     1     1    21     2     1     3     0     3  -110.0   44.545   83.419    918.3    768.0
     1     1    21     2     1     2     0     2  -111.0   44.526   83.466    949.6    758.1
     1     1    21     2     1     1     0     1  -112.0   44.502   83.499    983.1    747.0
     1     1    21     2     1     0     0     0  -113.0   44.469   83.517   1020.7    734.2
