     5     1
    GDAS    21     2     1     0     0
    GDAS    21     2     8     0     0
    GDAS    21     2    15     0     0
    GDAS    21     2    22     0     0
    GDAS    21     3     1     0     0
     1 BACKWARD OMEGA   
    21     2    17    23   37.820  111.540   500.0
     1 PRESSURE
     1     1    21     2    17    23     0     1     0.0   37.820  111.540    500.0    832.6
     1     1    21     2    17    22     0     2    -1.0   37.908  111.324    490.1    836.1
     1     1    21     2    17    21     0     3    -2.0   37.970  111.144    460.3    843.3
     1     1    21     2    17    20     0     2    -3.0   38.002  110.993    415.3    852.7
     1     1    21     2    17    19     0     1    -4.0   38.016  110.859    372.1    859.4
     1     1    21     2    17    18     0     0    -5.0   38.029  110.729    341.9    863.2
     1     1    21     2    17    17     0     1    -6.0   38.040  110.605    324.2    866.1
     1     1    21     2    17    16     0     2    -7.0   38.051  110.485    319.8    867.2
     1     1    21     2    17    15     0     3    -8.0   38.063  110.358    327.1    867.2
     1     1    21     2    17    14     0     2    -9.0   38.086  110.231    335.1    865.4
     1     1    21     2    17    13     0     1   -10.0   38.126  110.120    326.8    865.4
     1     1    21     2    17    12     0     0   -11.0   38.178  110.032    298.5    867.4
     1     1    21     2    17    11     0     1   -12.0   38.241  109.945    272.0    870.7
     1     1    21     2    17    10     0     2   -13.0   38.327  109.833    265.1    868.0
     1     1    21     2    17     9     0     3   -14.0   38.439  109.699    274.2    862.8
     1     1    21     2    17     8     0     2   -15.0   38.574  109.549    290.1    856.2
     1     1    21     2    17     7     0     1   -16.0   38.722  109.380    301.9    850.5
     1     1    21     2    17     6     0     0   -17.0   38.884  109.184    302.5    845.9
     1     1    21     2    17     5     0     1   -18.0   39.053  108.956    297.6    843.2
     1     1    21     2    17     4     0     2   -19.0   39.209  108.702    290.9    839.5
     1     1    21     2    17     3     0     3   -20.0   39.345  108.434    281.1    840.2
     1     1    21     2    17     2     0     2   -21.0   39.464  108.152    264.0    842.9
     1     1    21     2    17     1     0     1   -22.0   39.561  107.859    229.3    849.0
     1     1    21     2    17     0     0     0   -23.0   39.623  107.577    186.8    854.5
     1     1    21     2    16    23     0     1   -24.0   39.639  107.311    147.5    858.2
     1     1    21     2    16    22     0     2   -25.0   39.612  107.064    113.1    861.7
     1     1    21     2    16    21     0     3   -26.0   39.558  106.846     87.3    863.1
     1     1    21     2    16    20     0     2   -27.0   39.502  106.653     73.6    859.8
     1     1    21     2    16    19     0     1   -28.0   39.452  106.474     71.8    852.4
     1     1    21     2    16    18     0     0   -29.0   39.409  106.300     82.0    842.1
     1     1    21     2    16    17     0     1   -30.0   39.375  106.129    108.8    829.2
     1     1    21     2    16    16     0     2   -31.0   39.356  105.961    160.3    817.6
     1     1    21     2    16    15     0     3   -32.0   39.358  105.794    238.4    815.4
     1     1    21     2    16    14     0     2   -33.0   39.389  105.629    325.5    813.2
     1     1    21     2    16    13     0     1   -34.0   39.448  105.463    401.1    812.3
     1     1    21     2    16    12     0     0   -35.0   39.534  105.291    447.9    812.1
     1     1    21     2    16    11     0     1   -36.0   39.643  105.110    475.6    812.5
     1     1    21     2    16    10     0     2   -37.0   39.775  104.917    509.5    807.8
     1     1    21     2    16     9     0     3   -38.0   39.926  104.708    564.7    802.1
     1     1    21     2    16     8     0     2   -39.0   40.082  104.483    634.5    796.6
     1     1    21     2    16     7     0     1   -40.0   40.237  104.257    689.5    793.4
     1     1    21     2    16     6     0     0   -41.0   40.388  104.047    717.8    794.2
     1     1    21     2    16     5     0     1   -42.0   40.538  103.846    713.6    793.1
     1     1    21     2    16     4     0     2   -43.0   40.687  103.641    689.5    795.4
     1     1    21     2    16     3     0     3   -44.0   40.834  103.444    669.2    796.8
     1     1    21     2    16     2     0     2   -45.0   40.976  103.256    649.3    796.2
     1     1    21     2    16     1     0     1   -46.0   41.108  103.073    619.5    799.5
     1     1    21     2    16     0     0     0   -47.0   41.225  102.899    586.8    807.9
     1     1    21     2    15    23     0     1   -48.0   41.314  102.749    574.8    816.4
     1     1    21     2    15    22     0     2   -49.0   41.380  102.627    593.4    817.8
     1     1    21     2    15    21     0     3   -50.0   41.430  102.532    631.0    816.6
     1     1    21     2    15    20     0     2   -51.0   41.503  102.443    649.3    814.7
     1     1    21     2    15    19     0     1   -52.0   41.611  102.379    613.3    822.9
     1     1    21     2    15    18     0     0   -53.0   41.749  102.345    533.3    835.6
     1     1    21     2    15    17     0     1   -54.0   41.901  102.315    455.6    851.6
     1     1    21     2    15    16     0     2   -55.0   42.074  102.245    414.6    855.0
     1     1    21     2    15    15     0     3   -56.0   42.315  102.102    460.3    840.6
     1     1    21     2    15    14     0     2   -57.0   42.660  101.878    716.4    796.3
     1     1    21     2    15    13     0     1   -58.0   43.058  101.647   1130.3    728.1
     1     1    21     2    15    12     0     0   -59.0   43.434  101.405   1395.2    704.8
     1     1    21     2    15    11     0     1   -60.0   43.784  101.150   1570.5    720.4
     1     1    21     2    15    10     0     2   -61.0   44.134  100.891   1823.1    703.7
     1     1    21     2    15     9     0     3   -62.0   44.537  100.621   2137.9    650.2
     1     1    21     2    15     8     0     2   -63.0   45.022  100.313   2580.5    588.2
     1     1    21     2    15     7     0     1   -64.0   45.517   99.914   2998.0    529.6
     1     1    21     2    15     6     0     0   -65.0   45.963   99.474   2987.3    538.3
     1     1    21     2    15     5     0     1   -66.0   46.443   99.055   2666.5    567.0
     1     1    21     2    15     4     0     2   -67.0   47.085   98.617   2550.9    551.2
     1     1    21     2    15     3     0     3   -68.0   47.795   98.070   2779.2    516.0
     1     1    21     2    15     2     0     2   -69.0   48.484   97.423   3158.9    493.8
     1     1    21     2    15     1     0     1   -70.0   49.155   96.753   3431.6    505.2
     1     1    21     2    15     0     0     0   -71.0   49.827   96.048   3627.2    495.0
     1     1    21     2    14    23     0     1   -72.0   50.494   95.321   3725.4    527.0
     1     1    21     2    14    22     0     2   -73.0   51.163   94.583   3787.4    531.9
     1     1    21     2    14    21     0     3   -74.0   51.847   93.813   3988.9    513.4
     1     1    21     2    14    20     0     2   -75.0   52.523   92.984   4027.4    531.2
     1     1    21     2    14    19     0     1   -76.0   53.170   92.079   4153.8    545.9
     1     1    21     2    14    18     0     0   -77.0   53.793   91.169   4080.7    560.7
     1     1    21     2    14    17     0     1   -78.0   54.410   90.220   3906.9    567.0
     1     1    21     2    14    16     0     2   -79.0   55.024   89.209   3793.5    565.8
     1     1    21     2    14    15     0     3   -80.0   55.641   88.145   3684.0    608.9
     1     1    21     2    14    14     0     2   -81.0   56.231   87.003   3679.5    619.9
     1     1    21     2    14    13     0     1   -82.0   56.788   85.788   3622.0    627.7
     1     1    21     2    14    12     0     0   -83.0   57.335   84.490   3592.5    634.0
     1     1    21     2    14    11     0     1   -84.0   57.851   83.112   3601.2    635.6
     1     1    21     2    14    10     0     2   -85.0   58.317   81.667   3636.6    632.2
     1     1    21     2    14     9     0     3   -86.0   58.731   80.132   3660.0    629.5
     1     1    21     2    14     8     0     2   -87.0   59.083   78.552   3651.1    629.7
     1     1    21     2    14     7     0     1   -88.0   59.364   76.943   3632.1    630.5
     1     1    21     2    14     6     0     0   -89.0   59.585   75.337   3602.0    633.2
     1     1    21     2    14     5     0     1   -90.0   59.748   73.746   3593.5    633.4
     1     1    21     2    14     4     0     2   -91.0   59.835   72.151   3576.1    635.0
     1     1    21     2    14     3     0     3   -92.0   59.858   70.582   3575.1    634.8
     1     1    21     2    14     2     0     2   -93.0   59.827   69.080   3543.6    643.8
     1     1    21     2    14     1     0     1   -94.0   59.739   67.619   3417.4    655.5
     1     1    21     2    14     0     0     0   -95.0   59.603   66.195   3240.0    668.5
     1     1    21     2    13    23     0     1   -96.0   59.423   64.843   3028.4    682.4
     1     1    21     2    13    22     0     2   -97.0   59.158   63.586   2827.2    699.2
     1     1    21     2    13    21     0     3   -98.0   58.823   62.350   2705.3    710.9
     1     1    21     2    13    20     0     2   -99.0   58.409   61.189   2649.5    709.8
     1     1    21     2    13    19     0     1  -100.0   57.928   60.146   2639.0    706.7
     1     1    21     2    13    18     0     0  -101.0   57.393   59.256   2636.4    696.7
     1     1    21     2    13    17     0     1  -102.0   56.844   58.541   2585.9    703.4
     1     1    21     2    13    16     0     2  -103.0   56.290   57.959   2511.7    714.0
     1     1    21     2    13    15     0     3  -104.0   55.752   57.465   2411.4    723.8
     1     1    21     2    13    14     0     2  -105.0   55.233   57.008   2312.5    743.1
     1     1    21     2    13    13     0     1  -106.0   54.713   56.593   2191.1    752.1
     1     1    21     2    13    12     0     0  -107.0   54.184   56.231   2080.0    762.5
     1     1    21     2    13    11     0     1  -108.0   53.634   55.918   2005.6    771.8
     1     1    21     2    13    10     0     2  -109.0   53.057   55.668   1944.7    776.3
     1     1    21     2    13     9     0     3  -110.0   52.477   55.487   1881.4    784.6
     1     1    21     2    13     8     0     2  -111.0   51.917   55.370   1831.2    798.6
     1     1    21     2    13     7     0     1  -112.0   51.385   55.305   1795.4    797.8
     1     1    21     2    13     6     0     0  -113.0   50.889   55.281   1727.0    802.0
     1     1    21     2    13     5     0     1  -114.0   50.422   55.291   1638.0    814.8
     1     1    21     2    13     4     0     2  -115.0   49.977   55.330   1560.9    823.1
     1     1    21     2    13     3     0     3  -116.0   49.553   55.402   1501.7    831.7
     1     1    21     2    13     2     0     2  -117.0   49.157   55.496   1461.3    835.9
     1     1    21     2    13     1     0     1  -118.0   48.787   55.614   1435.4    838.5
     1     1    21     2    13     0     0     0  -119.0   48.444   55.759   1430.2    839.7
     1     1    21     2    12    23     0     1  -120.0   48.128   55.928   1453.1    838.3
