     5     1
    GDAS    21     2     1     0     0
    GDAS    21     2     8     0     0
    GDAS    21     2    15     0     0
    GDAS    21     2    22     0     0
    GDAS    21     3     1     0     0
     1 BACKWARD OMEGA   
    21     2     5    17   37.820  111.540  1500.0
     1 PRESSURE
     1     1    21     2     5    17     0     1     0.0   37.820  111.540   1500.0    726.1
     1     1    21     2     5    16     0     2    -1.0   38.164  110.912   1485.5    733.8
     1     1    21     2     5    15     0     3    -2.0   38.485  110.326   1409.6    747.1
     1     1    21     2     5    14     0     2    -3.0   38.806  109.684   1372.5    739.6
     1     1    21     2     5    13     0     1    -4.0   39.144  108.958   1385.9    728.2
     1     1    21     2     5    12     0     0    -5.0   39.500  108.193   1459.8    716.1
     1     1    21     2     5    11     0     1    -6.0   39.808  107.411   1449.2    720.0
     1     1    21     2     5    10     0     2    -7.0   40.072  106.591   1548.0    714.3
     1     1    21     2     5     9     0     3    -8.0   40.367  105.782   1568.2    718.0
     1     1    21     2     5     8     0     2    -9.0   40.708  104.929   1634.6    697.7
     1     1    21     2     5     7     0     1   -10.0   41.055  104.054   1714.1    696.5
     1     1    21     2     5     6     0     0   -11.0   41.379  103.156   1788.3    691.3
     1     1    21     2     5     5     0     1   -12.0   41.685  102.288   1874.7    698.7
     1     1    21     2     5     4     0     2   -13.0   41.994  101.481   1787.1    724.5
     1     1    21     2     5     3     0     3   -14.0   42.348  100.661   1544.6    728.4
     1     1    21     2     5     2     0     2   -15.0   42.704   99.883   1429.6    737.2
     1     1    21     2     5     1     0     1   -16.0   43.105   99.091   1586.3    698.3
     1     1    21     2     5     0     0     0   -17.0   43.511   98.288   1533.2    699.5
     1     1    21     2     4    23     0     1   -18.0   43.878   97.445   1543.9    709.7
     1     1    21     2     4    22     0     2   -19.0   44.225   96.519   1600.2    719.3
     1     1    21     2     4    21     0     3   -20.0   44.504   95.532   1667.9    702.5
     1     1    21     2     4    20     0     2   -21.0   44.776   94.609   1814.0    649.1
     1     1    21     2     4    19     0     1   -22.0   45.087   93.666   2147.7    625.6
     1     1    21     2     4    18     0     0   -23.0   45.403   92.768   2374.2    611.8
     1     1    21     2     4    17     0     1   -24.0   45.746   91.815   2535.8    617.4
     1     1    21     2     4    16     0     2   -25.0   46.055   90.837   2568.8    617.3
     1     1    21     2     4    15     0     3   -26.0   46.295   89.916   2629.9    628.8
     1     1    21     2     4    14     0     2   -27.0   46.500   89.061   2661.8    656.1
     1     1    21     2     4    13     0     1   -28.0   46.653   88.293   2639.2    673.8
     1     1    21     2     4    12     0     0   -29.0   46.748   87.607   2571.6    683.2
     1     1    21     2     4    11     0     1   -30.0   46.872   86.956   2513.2    677.8
     1     1    21     2     4    10     0     2   -31.0   47.059   86.208   2402.6    607.5
     1     1    21     2     4     9     0     3   -32.0   47.275   85.322   2464.5    613.4
     1     1    21     2     4     8     0     2   -33.0   47.473   84.453   2630.6    635.2
     1     1    21     2     4     7     0     1   -34.0   47.619   83.638   2635.5    667.8
     1     1    21     2     4     6     0     0   -35.0   47.711   82.840   2638.4    680.3
     1     1    21     2     4     5     0     1   -36.0   47.791   82.031   2604.0    674.1
     1     1    21     2     4     4     0     2   -37.0   47.848   81.206   2588.4    671.6
     1     1    21     2     4     3     0     3   -38.0   47.880   80.387   2480.9    676.2
     1     1    21     2     4     2     0     2   -39.0   47.931   79.683   2064.8    727.2
     1     1    21     2     4     1     0     1   -40.0   47.961   79.032   1868.8    763.0
     1     1    21     2     4     0     0     0   -41.0   47.972   78.377   1831.3    754.7
     1     1    21     2     3    23     0     1   -42.0   47.979   77.737   1833.5    751.9
     1     1    21     2     3    22     0     2   -43.0   47.985   77.122   1821.5    745.0
     1     1    21     2     3    21     0     3   -44.0   47.985   76.545   1765.3    753.5
     1     1    21     2     3    20     0     2   -45.0   47.984   75.976   1691.0    766.0
     1     1    21     2     3    19     0     1   -46.0   47.990   75.398   1616.4    766.8
     1     1    21     2     3    18     0     0   -47.0   48.006   74.824   1552.2    768.5
     1     1    21     2     3    17     0     1   -48.0   48.019   74.257   1505.1    777.7
     1     1    21     2     3    16     0     2   -49.0   48.031   73.697   1464.3    780.4
     1     1    21     2     3    15     0     3   -50.0   48.064   73.143   1415.6    781.8
     1     1    21     2     3    14     0     2   -51.0   48.112   72.581   1381.8    790.0
     1     1    21     2     3    13     0     1   -52.0   48.150   71.998   1377.0    795.7
     1     1    21     2     3    12     0     0   -53.0   48.177   71.395   1379.6    803.8
     1     1    21     2     3    11     0     1   -54.0   48.188   70.807   1372.9    813.9
     1     1    21     2     3    10     0     2   -55.0   48.178   70.257   1367.7    821.4
     1     1    21     2     3     9     0     3   -56.0   48.151   69.740   1366.7    826.3
     1     1    21     2     3     8     0     2   -57.0   48.115   69.249   1362.4    829.5
     1     1    21     2     3     7     0     1   -58.0   48.076   68.776   1348.7    831.9
     1     1    21     2     3     6     0     0   -59.0   48.035   68.315   1333.2    831.9
     1     1    21     2     3     5     0     1   -60.0   47.996   67.862   1324.9    830.3
     1     1    21     2     3     4     0     2   -61.0   47.965   67.418   1315.1    827.6
     1     1    21     2     3     3     0     3   -62.0   47.941   66.981   1290.8    827.4
     1     1    21     2     3     2     0     2   -63.0   47.920   66.546   1266.4    835.2
     1     1    21     2     3     1     0     1   -64.0   47.891   66.109   1251.7    840.3
     1     1    21     2     3     0     0     0   -65.0   47.848   65.677   1240.5    850.8
     1     1    21     2     2    23     0     1   -66.0   47.790   65.268   1232.1    862.7
     1     1    21     2     2    22     0     2   -67.0   47.722   64.893   1229.0    870.0
     1     1    21     2     2    21     0     3   -68.0   47.642   64.548   1227.8    872.7
     1     1    21     2     2    20     0     2   -69.0   47.560   64.232   1228.4    874.8
     1     1    21     2     2    19     0     1   -70.0   47.484   63.938   1226.1    877.0
     1     1    21     2     2    18     0     0   -71.0   47.416   63.659   1218.2    879.1
     1     1    21     2     2    17     0     1   -72.0   47.351   63.389   1206.6    881.3
     1     1    21     2     2    16     0     2   -73.0   47.281   63.122   1192.3    883.2
     1     1    21     2     2    15     0     3   -74.0   47.206   62.857   1176.0    884.5
     1     1    21     2     2    14     0     2   -75.0   47.129   62.593   1164.1    885.5
     1     1    21     2     2    13     0     1   -76.0   47.048   62.328   1158.0    885.4
     1     1    21     2     2    12     0     0   -77.0   46.960   62.066   1150.5    885.7
     1     1    21     2     2    11     0     1   -78.0   46.865   61.823   1148.8    887.3
     1     1    21     2     2    10     0     2   -79.0   46.765   61.610   1162.4    886.3
     1     1    21     2     2     9     0     3   -80.0   46.662   61.428   1187.1    884.3
     1     1    21     2     2     8     0     2   -81.0   46.565   61.275   1224.2    881.8
     1     1    21     2     2     7     0     1   -82.0   46.482   61.147   1278.0    877.1
     1     1    21     2     2     6     0     0   -83.0   46.412   61.043   1349.1    870.6
     1     1    21     2     2     5     0     1   -84.0   46.350   60.945   1410.9    861.5
     1     1    21     2     2     4     0     2   -85.0   46.291   60.838   1437.5    858.9
     1     1    21     2     2     3     0     3   -86.0   46.235   60.718   1438.8    859.6
     1     1    21     2     2     2     0     2   -87.0   46.182   60.594   1434.2    861.4
     1     1    21     2     2     1     0     1   -88.0   46.133   60.475   1432.8    861.7
     1     1    21     2     2     0     0     0   -89.0   46.087   60.360   1429.6    862.2
     1     1    21     2     1    23     0     1   -90.0   46.040   60.250   1427.3    863.5
     1     1    21     2     1    22     0     2   -91.0   45.991   60.142   1433.0    863.6
     1     1    21     2     1    21     0     3   -92.0   45.941   60.041   1451.4    861.8
     1     1    21     2     1    20     0     2   -93.0   45.898   59.957   1480.1    857.6
     1     1    21     2     1    19     0     1   -94.0   45.867   59.894   1508.9    853.1
     1     1    21     2     1    18     0     0   -95.0   45.849   59.846   1531.0    849.7
     1     1    21     2     1    17     0     1   -96.0   45.845   59.795   1554.4    847.7
     1     1    21     2     1    16     0     2   -97.0   45.855   59.720   1588.8    843.3
     1     1    21     2     1    15     0     3   -98.0   45.879   59.624   1638.6    837.3
     1     1    21     2     1    14     0     2   -99.0   45.900   59.513   1688.1    828.8
     1     1    21     2     1    13     0     1  -100.0   45.902   59.395   1721.5    824.3
     1     1    21     2     1    12     0     0  -101.0   45.884   59.274   1745.5    820.9
     1     1    21     2     1    11     0     1  -102.0   45.855   59.165   1766.6    818.2
     1     1    21     2     1    10     0     2  -103.0   45.825   59.083   1783.9    815.5
     1     1    21     2     1     9     0     3  -104.0   45.796   59.027   1792.1    814.1
     1     1    21     2     1     8     0     2  -105.0   45.772   58.992   1797.3    813.8
     1     1    21     2     1     7     0     1  -106.0   45.757   58.976   1807.8    812.2
     1     1    21     2     1     6     0     0  -107.0   45.752   58.976   1824.0    810.2
     1     1    21     2     1     5     0     1  -108.0   45.758   58.985   1842.0    807.6
     1     1    21     2     1     4     0     2  -109.0   45.778   58.994   1856.3    805.6
     1     1    21     2     1     3     0     3  -110.0   45.812   59.003   1866.2    803.9
     1     1    21     2     1     2     0     2  -111.0   45.846   59.006   1876.4    802.5
     1     1    21     2     1     1     0     1  -112.0   45.867   59.006   1893.3    800.2
     1     1    21     2     1     0     0     0  -113.0   45.872   59.004   1918.1    797.2
