     5     1
    GDAS    21     2     1     0     0
    GDAS    21     2     8     0     0
    GDAS    21     2    15     0     0
    GDAS    21     2    22     0     0
    GDAS    21     3     1     0     0
     1 BACKWARD OMEGA   
    21     2     3    17   37.820  111.540  1000.0
     1 PRESSURE
     1     1    21     2     3    17     0     1     0.0   37.820  111.540   1000.0    780.1
     1     1    21     2     3    16     0     2    -1.0   37.969  111.268   1013.5    784.0
     1     1    21     2     3    15     0     3    -2.0   38.133  111.024   1022.0    789.8
     1     1    21     2     3    14     0     2    -3.0   38.301  110.801   1025.3    791.9
     1     1    21     2     3    13     0     1    -4.0   38.471  110.587   1031.9    790.5
     1     1    21     2     3    12     0     0    -5.0   38.641  110.378   1048.0    785.8
     1     1    21     2     3    11     0     1    -6.0   38.824  110.162   1076.6    777.3
     1     1    21     2     3    10     0     2    -7.0   39.039  109.916   1119.1    765.4
     1     1    21     2     3     9     0     3    -8.0   39.292  109.639   1172.6    753.5
     1     1    21     2     3     8     0     2    -9.0   39.579  109.342   1225.4    740.3
     1     1    21     2     3     7     0     1   -10.0   39.898  109.006   1274.3    726.2
     1     1    21     2     3     6     0     0   -11.0   40.229  108.638   1315.7    735.1
     1     1    21     2     3     5     0     1   -12.0   40.530  108.293   1332.7    749.4
     1     1    21     2     3     4     0     2   -13.0   40.796  107.977   1345.7    757.1
     1     1    21     2     3     3     0     3   -14.0   41.030  107.661   1364.4    755.1
     1     1    21     2     3     2     0     2   -15.0   41.272  107.358   1366.8    745.8
     1     1    21     2     3     1     0     1   -16.0   41.541  107.074   1328.9    746.5
     1     1    21     2     3     0     0     0   -17.0   41.815  106.801   1288.9    755.9
     1     1    21     2     2    23     0     1   -18.0   42.109  106.545   1294.5    760.9
     1     1    21     2     2    22     0     2   -19.0   42.459  106.305   1329.3    750.6
     1     1    21     2     2    21     0     3   -20.0   42.895  106.055   1331.5    734.7
     1     1    21     2     2    20     0     2   -21.0   43.392  105.759   1378.1    727.8
     1     1    21     2     2    19     0     1   -22.0   43.909  105.361   1550.1    700.9
     1     1    21     2     2    18     0     0   -23.0   44.436  104.896   1778.5    680.1
     1     1    21     2     2    17     0     1   -24.0   44.934  104.428   1879.4    674.6
     1     1    21     2     2    16     0     2   -25.0   45.425  103.966   1783.3    682.8
     1     1    21     2     2    15     0     3   -26.0   45.969  103.535   1607.1    681.5
     1     1    21     2     2    14     0     2   -27.0   46.514  103.106   1512.2    689.9
     1     1    21     2     2    13     0     1   -28.0   47.010  102.625   1509.2    668.6
     1     1    21     2     2    12     0     0   -29.0   47.486  102.165   1583.5    669.1
     1     1    21     2     2    11     0     1   -30.0   47.966  101.736   1749.5    648.8
     1     1    21     2     2    10     0     2   -31.0   48.446  101.310   1845.1    634.7
     1     1    21     2     2     9     0     3   -32.0   48.910  100.884   1855.6    640.5
     1     1    21     2     2     8     0     2   -33.0   49.375  100.483   1845.2    642.2
     1     1    21     2     2     7     0     1   -34.0   49.849  100.139   1819.8    641.6
     1     1    21     2     2     6     0     0   -35.0   50.324   99.792   1820.4    634.4
     1     1    21     2     2     5     0     1   -36.0   50.816   99.356   1911.3    614.6
     1     1    21     2     2     4     0     2   -37.0   51.335   98.863   2070.1    591.5
     1     1    21     2     2     3     0     3   -38.0   51.819   98.382   2171.5    586.0
     1     1    21     2     2     2     0     2   -39.0   52.248   97.915   2145.7    611.5
     1     1    21     2     2     1     0     1   -40.0   52.636   97.441   2051.8    645.5
     1     1    21     2     2     0     0     0   -41.0   53.005   96.916   1970.3    666.0
     1     1    21     2     1    23     0     1   -42.0   53.356   96.357   1899.4    665.9
     1     1    21     2     1    22     0     2   -43.0   53.665   95.802   1845.7    673.1
     1     1    21     2     1    21     0     3   -44.0   53.906   95.258   1786.4    698.0
     1     1    21     2     1    20     0     2   -45.0   54.072   94.773   1711.6    734.0
     1     1    21     2     1    19     0     1   -46.0   54.191   94.359   1638.5    756.2
     1     1    21     2     1    18     0     0   -47.0   54.281   94.001   1562.8    771.9
     1     1    21     2     1    17     0     1   -48.0   54.353   93.691   1480.1    785.1
     1     1    21     2     1    16     0     2   -49.0   54.417   93.415   1402.4    796.4
     1     1    21     2     1    15     0     3   -50.0   54.475   93.168   1335.1    805.7
     1     1    21     2     1    14     0     2   -51.0   54.523   92.938   1277.2    813.4
     1     1    21     2     1    13     0     1   -52.0   54.561   92.717   1228.2    819.9
     1     1    21     2     1    12     0     0   -53.0   54.591   92.506   1190.9    825.4
     1     1    21     2     1    11     0     1   -54.0   54.606   92.299   1169.5    829.4
     1     1    21     2     1    10     0     2   -55.0   54.600   92.094   1164.2    831.2
     1     1    21     2     1     9     0     3   -56.0   54.576   91.892   1168.8    832.0
     1     1    21     2     1     8     0     2   -57.0   54.543   91.710   1185.5    832.3
     1     1    21     2     1     7     0     1   -58.0   54.514   91.564   1218.6    829.7
     1     1    21     2     1     6     0     0   -59.0   54.494   91.451   1268.9    825.0
     1     1    21     2     1     5     0     1   -60.0   54.495   91.362   1325.4    818.1
     1     1    21     2     1     4     0     2   -61.0   54.525   91.296   1375.9    813.2
     1     1    21     2     1     3     0     3   -62.0   54.584   91.256   1418.2    809.6
     1     1    21     2     1     2     0     2   -63.0   54.665   91.224   1456.0    807.6
     1     1    21     2     1     1     0     1   -64.0   54.758   91.181   1494.7    805.3
     1     1    21     2     1     0     0     0   -65.0   54.862   91.125   1534.9    803.4
