     5     1
    GDAS    21     2     1     0     0
    GDAS    21     2     8     0     0
    GDAS    21     2    15     0     0
    GDAS    21     2    22     0     0
    GDAS    21     3     1     0     0
     1 BACKWARD OMEGA   
    21     2     9    11   37.820  111.540  1500.0
     1 PRESSURE
     1     1    21     2     9    11     0     1     0.0   37.820  111.540   1500.0    729.8
     1     1    21     2     9    10     0     2    -1.0   38.004  111.166   1553.3    730.8
     1     1    21     2     9     9     0     3    -2.0   38.177  110.804   1596.5    732.1
     1     1    21     2     9     8     0     2    -3.0   38.335  110.429   1625.7    728.4
     1     1    21     2     9     7     0     1    -4.0   38.487  110.020   1651.6    722.9
     1     1    21     2     9     6     0     0    -5.0   38.631  109.584   1673.6    713.3
     1     1    21     2     9     5     0     1    -6.0   38.763  109.148   1677.4    708.5
     1     1    21     2     9     4     0     2    -7.0   38.898  108.709   1677.8    703.7
     1     1    21     2     9     3     0     3    -8.0   39.034  108.272   1707.2    697.3
     1     1    21     2     9     2     0     2    -9.0   39.174  107.841   1766.1    691.8
     1     1    21     2     9     1     0     1   -10.0   39.327  107.413   1814.1    692.1
     1     1    21     2     9     0     0     0   -11.0   39.504  106.995   1857.3    690.0
     1     1    21     2     8    23     0     1   -12.0   39.700  106.585   1942.3    679.5
     1     1    21     2     8    22     0     2   -13.0   39.897  106.168   2072.3    678.8
     1     1    21     2     8    21     0     3   -14.0   40.100  105.733   2148.0    670.4
     1     1    21     2     8    20     0     2   -15.0   40.326  105.291   2142.6    656.6
     1     1    21     2     8    19     0     1   -16.0   40.570  104.855   2131.8    656.9
     1     1    21     2     8    18     0     0   -17.0   40.826  104.422   2164.5    661.2
     1     1    21     2     8    17     0     1   -18.0   41.097  103.981   2233.2    658.4
     1     1    21     2     8    16     0     2   -19.0   41.375  103.537   2292.4    651.4
     1     1    21     2     8    15     0     3   -20.0   41.659  103.103   2331.7    651.6
     1     1    21     2     8    14     0     2   -21.0   41.941  102.670   2376.5    660.0
     1     1    21     2     8    13     0     1   -22.0   42.214  102.234   2369.4    655.0
     1     1    21     2     8    12     0     0   -23.0   42.498  101.807   2239.5    649.7
     1     1    21     2     8    11     0     1   -24.0   42.778  101.394   2081.5    658.7
     1     1    21     2     8    10     0     2   -25.0   43.043  100.982   1999.1    659.8
     1     1    21     2     8     9     0     3   -26.0   43.286  100.562   2002.3    670.5
     1     1    21     2     8     8     0     2   -27.0   43.500  100.150   2021.2    672.9
     1     1    21     2     8     7     0     1   -28.0   43.691   99.755   2028.1    674.3
     1     1    21     2     8     6     0     0   -29.0   43.880   99.367   2031.3    671.6
     1     1    21     2     8     5     0     1   -30.0   44.084   98.968   2028.7    663.1
     1     1    21     2     8     4     0     2   -31.0   44.318   98.544   2025.3    640.4
     1     1    21     2     8     3     0     3   -32.0   44.581   98.079   1999.7    609.3
     1     1    21     2     8     2     0     2   -33.0   44.855   97.591   2013.0    615.7
     1     1    21     2     8     1     0     1   -34.0   45.112   97.125   2105.1    631.9
     1     1    21     2     8     0     0     0   -35.0   45.345   96.682   2220.8    631.5
     1     1    21     2     7    23     0     1   -36.0   45.552   96.243   2303.9    632.0
     1     1    21     2     7    22     0     2   -37.0   45.728   95.814   2337.9    636.0
     1     1    21     2     7    21     0     3   -38.0   45.882   95.423   2404.7    636.7
     1     1    21     2     7    20     0     2   -39.0   46.022   95.077   2521.7    634.7
     1     1    21     2     7    19     0     1   -40.0   46.174   94.742   2551.6    606.7
     1     1    21     2     7    18     0     0   -41.0   46.365   94.385   2541.9    590.2
     1     1    21     2     7    17     0     1   -42.0   46.579   94.006   2543.5    584.2
     1     1    21     2     7    16     0     2   -43.0   46.791   93.613   2563.4    590.3
     1     1    21     2     7    15     0     3   -44.0   47.004   93.195   2591.7    586.8
     1     1    21     2     7    14     0     2   -45.0   47.223   92.751   2626.0    575.7
     1     1    21     2     7    13     0     1   -46.0   47.446   92.278   2643.1    568.9
     1     1    21     2     7    12     0     0   -47.0   47.676   91.731   2639.7    568.1
     1     1    21     2     7    11     0     1   -48.0   47.899   91.105   2771.7    517.3
     1     1    21     2     7    10     0     2   -49.0   48.098   90.432   3046.0    477.6
     1     1    21     2     7     9     0     3   -50.0   48.281   89.701   3215.9    481.1
     1     1    21     2     7     8     0     2   -51.0   48.430   88.958   3268.4    502.5
     1     1    21     2     7     7     0     1   -52.0   48.522   88.213   3284.4    498.8
     1     1    21     2     7     6     0     0   -53.0   48.570   87.454   3316.2    518.6
     1     1    21     2     7     5     0     1   -54.0   48.566   86.736   3318.1    550.8
     1     1    21     2     7     4     0     2   -55.0   48.540   86.046   3382.9    564.2
     1     1    21     2     7     3     0     3   -56.0   48.484   85.386   3467.1    561.8
     1     1    21     2     7     2     0     2   -57.0   48.413   84.754   3490.3    577.0
     1     1    21     2     7     1     0     1   -58.0   48.340   84.127   3473.1    606.1
     1     1    21     2     7     0     0     0   -59.0   48.234   83.514   3443.8    619.5
     1     1    21     2     6    23     0     1   -60.0   48.099   82.900   3408.8    622.1
     1     1    21     2     6    22     0     2   -61.0   47.958   82.306   3303.2    617.0
     1     1    21     2     6    21     0     3   -62.0   47.810   81.755   3210.7    619.9
     1     1    21     2     6    20     0     2   -63.0   47.671   81.225   3176.6    623.8
     1     1    21     2     6    19     0     1   -64.0   47.546   80.714   3191.8    627.6
     1     1    21     2     6    18     0     0   -65.0   47.431   80.228   3193.2    629.3
     1     1    21     2     6    17     0     1   -66.0   47.325   79.766   3157.1    640.4
     1     1    21     2     6    16     0     2   -67.0   47.228   79.337   3144.4    648.4
     1     1    21     2     6    15     0     3   -68.0   47.137   78.943   3184.3    647.5
     1     1    21     2     6    14     0     2   -69.0   47.072   78.542   3269.0    637.6
     1     1    21     2     6    13     0     1   -70.0   47.052   78.117   3357.6    622.4
     1     1    21     2     6    12     0     0   -71.0   47.058   77.701   3395.3    616.0
     1     1    21     2     6    11     0     1   -72.0   47.089   77.281   3411.5    618.1
     1     1    21     2     6    10     0     2   -73.0   47.142   76.872   3470.3    615.1
     1     1    21     2     6     9     0     3   -74.0   47.209   76.511   3583.0    607.2
     1     1    21     2     6     8     0     2   -75.0   47.295   76.164   3703.8    596.3
     1     1    21     2     6     7     0     1   -76.0   47.410   75.804   3808.8    587.2
     1     1    21     2     6     6     0     0   -77.0   47.559   75.441   3919.8    573.4
     1     1    21     2     6     5     0     1   -78.0   47.721   75.080   4063.9    556.9
     1     1    21     2     6     4     0     2   -79.0   47.901   74.729   4264.0    537.2
     1     1    21     2     6     3     0     3   -80.0   48.118   74.430   4517.8    515.5
     1     1    21     2     6     2     0     2   -81.0   48.349   74.139   4759.4    493.8
     1     1    21     2     6     1     0     1   -82.0   48.564   73.837   4979.2    480.9
     1     1    21     2     6     0     0     0   -83.0   48.752   73.574   5269.9    463.9
     1     1    21     2     5    23     0     1   -84.0   48.919   73.330   5589.8    439.0
     1     1    21     2     5    22     0     2   -85.0   49.074   73.071   5849.9    424.9
     1     1    21     2     5    21     0     3   -86.0   49.196   72.806   6039.2    416.8
     1     1    21     2     5    20     0     2   -87.0   49.286   72.524   6163.2    414.2
     1     1    21     2     5    19     0     1   -88.0   49.340   72.210   6257.9    412.6
     1     1    21     2     5    18     0     0   -89.0   49.325   71.858   6329.8    410.0
     1     1    21     2     5    17     0     1   -90.0   49.278   71.419   6353.3    408.0
     1     1    21     2     5    16     0     2   -91.0   49.222   70.878   6322.9    410.8
     1     1    21     2     5    15     0     3   -92.0   49.114   70.245   6252.8    417.1
     1     1    21     2     5    14     0     2   -93.0   49.021   69.528   6115.3    424.8
     1     1    21     2     5    13     0     1   -94.0   48.982   68.773   5909.8    438.4
     1     1    21     2     5    12     0     0   -95.0   48.951   67.949   5805.4    445.7
     1     1    21     2     5    11     0     1   -96.0   48.955   67.053   5793.2    443.7
     1     1    21     2     5    10     0     2   -97.0   49.008   66.177   5838.2    456.1
     1     1    21     2     5     9     0     3   -98.0   49.099   65.338   5919.0    455.2
     1     1    21     2     5     8     0     2   -99.0   49.227   64.508   5939.9    459.8
     1     1    21     2     5     7     0     1  -100.0   49.393   63.672   5917.3    464.1
     1     1    21     2     5     6     0     0  -101.0   49.580   62.806   5912.4    461.4
     1     1    21     2     5     5     0     1  -102.0   49.802   61.923   5935.2    459.5
     1     1    21     2     5     4     0     2  -103.0   50.034   61.039   5902.4    452.1
     1     1    21     2     5     3     0     3  -104.0   50.249   60.113   5833.8    455.5
     1     1    21     2     5     2     0     2  -105.0   50.477   59.193   5782.6    461.7
     1     1    21     2     5     1     0     1  -106.0   50.705   58.340   5724.9    460.8
     1     1    21     2     5     0     0     0  -107.0   50.920   57.514   5634.7    464.4
     1     1    21     2     4    23     0     1  -108.0   51.177   56.651   5531.3    475.5
     1     1    21     2     4    22     0     2  -109.0   51.414   55.788   5498.6    484.7
     1     1    21     2     4    21     0     3  -110.0   51.631   54.915   5525.6    485.0
     1     1    21     2     4    20     0     2  -111.0   51.849   54.044   5535.5    479.7
     1     1    21     2     4    19     0     1  -112.0   52.009   53.143   5528.3    483.0
     1     1    21     2     4    18     0     0  -113.0   52.153   52.196   5519.0    484.1
     1     1    21     2     4    17     0     1  -114.0   52.339   51.247   5515.0    485.3
     1     1    21     2     4    16     0     2  -115.0   52.430   50.334   5526.2    486.2
     1     1    21     2     4    15     0     3  -116.0   52.478   49.429   5567.2    487.1
     1     1    21     2     4    14     0     2  -117.0   52.609   48.504   5597.4    482.7
     1     1    21     2     4    13     0     1  -118.0   52.667   47.577   5614.7    474.6
     1     1    21     2     4    12     0     0  -119.0   52.723   46.663   5679.3    466.3
     1     1    21     2     4    11     0     1  -120.0   52.791   45.728   5716.8    464.9
