     5     1
    GDAS    21     2     1     0     0
    GDAS    21     2     8     0     0
    GDAS    21     2    15     0     0
    GDAS    21     2    22     0     0
    GDAS    21     3     1     0     0
     1 BACKWARD OMEGA   
    21     2    27    23   37.820  111.540  1500.0
     1 PRESSURE
     1     1    21     2    27    23     0     1     0.0   37.820  111.540   1500.0    726.1
     1     1    21     2    27    22     0     2    -1.0   37.776  111.398   1566.5    721.6
     1     1    21     2    27    21     0     3    -2.0   37.730  111.219   1665.1    714.3
     1     1    21     2    27    20     0     2    -3.0   37.674  110.991   1754.9    701.9
     1     1    21     2    27    19     0     1    -4.0   37.611  110.731   1765.9    702.9
     1     1    21     2    27    18     0     0    -5.0   37.553  110.461   1707.7    713.8
     1     1    21     2    27    17     0     1    -6.0   37.495  110.204   1649.2    727.8
     1     1    21     2    27    16     0     2    -7.0   37.434  109.958   1638.3    731.6
     1     1    21     2    27    15     0     3    -8.0   37.365  109.690   1660.0    722.8
     1     1    21     2    27    14     0     2    -9.0   37.276  109.392   1671.1    710.3
     1     1    21     2    27    13     0     1   -10.0   37.175  109.100   1648.8    704.3
     1     1    21     2    27    12     0     0   -11.0   37.067  108.854   1606.8    701.5
     1     1    21     2    27    11     0     1   -12.0   36.929  108.647   1543.6    704.7
     1     1    21     2    27    10     0     2   -13.0   36.748  108.459   1443.0    713.1
     1     1    21     2    27     9     0     3   -14.0   36.560  108.309   1233.8    729.9
     1     1    21     2    27     8     0     2   -15.0   36.400  108.211    949.4    766.9
     1     1    21     2    27     7     0     1   -16.0   36.251  108.142    733.8    797.2
     1     1    21     2    27     6     0     0   -17.0   36.096  108.088    645.9    811.7
     1     1    21     2    27     5     0     1   -18.0   35.928  108.066    630.3    808.6
     1     1    21     2    27     4     0     2   -19.0   35.738  108.098    613.6    813.8
     1     1    21     2    27     3     0     3   -20.0   35.522  108.186    600.4    819.6
     1     1    21     2    27     2     0     2   -21.0   35.297  108.325    597.0    826.3
     1     1    21     2    27     1     0     1   -22.0   35.089  108.518    604.1    832.6
     1     1    21     2    27     0     0     0   -23.0   34.926  108.758    612.4    836.5
     1     1    21     2    26    23     0     1   -24.0   34.811  109.001    611.3    839.0
     1     1    21     2    26    22     0     2   -25.0   34.715  109.214    606.4    846.8
     1     1    21     2    26    21     0     3   -26.0   34.609  109.399    616.9    848.9
     1     1    21     2    26    20     0     2   -27.0   34.484  109.550    638.8    845.7
     1     1    21     2    26    19     0     1   -28.0   34.331  109.659    644.4    838.9
     1     1    21     2    26    18     0     0   -29.0   34.142  109.736    597.8    834.4
     1     1    21     2    26    17     0     1   -30.0   33.938  109.803    530.6    841.9
     1     1    21     2    26    16     0     2   -31.0   33.762  109.886    496.2    856.7
     1     1    21     2    26    15     0     3   -32.0   33.621  109.999    508.7    863.5
     1     1    21     2    26    14     0     2   -33.0   33.500  110.139    545.9    863.1
     1     1    21     2    26    13     0     1   -34.0   33.402  110.298    562.5    865.9
     1     1    21     2    26    12     0     0   -35.0   33.331  110.471    536.1    873.2
     1     1    21     2    26    11     0     1   -36.0   33.278  110.634    482.0    885.7
     1     1    21     2    26    10     0     2   -37.0   33.234  110.772    424.0    896.2
     1     1    21     2    26     9     0     3   -38.0   33.199  110.882    362.3    905.5
     1     1    21     2    26     8     0     2   -39.0   33.176  110.970    310.7    915.3
     1     1    21     2    26     7     0     1   -40.0   33.167  111.052    283.3    922.0
     1     1    21     2    26     6     0     0   -41.0   33.170  111.137    280.0    925.6
     1     1    21     2    26     5     0     1   -42.0   33.182  111.232    280.6    926.9
     1     1    21     2    26     4     0     2   -43.0   33.202  111.328    268.2    932.3
     1     1    21     2    26     3     0     3   -44.0   33.234  111.411    251.8    936.8
     1     1    21     2    26     2     0     2   -45.0   33.274  111.491    248.0    939.6
     1     1    21     2    26     1     0     1   -46.0   33.318  111.587    269.4    938.5
     1     1    21     2    26     0     0     0   -47.0   33.364  111.714    313.5    934.8
     1     1    21     2    25    23     0     1   -48.0   33.421  111.864    368.9    928.8
     1     1    21     2    25    22     0     2   -49.0   33.491  112.011    424.7    923.3
     1     1    21     2    25    21     0     3   -50.0   33.576  112.157    476.1    916.0
     1     1    21     2    25    20     0     2   -51.0   33.686  112.303    508.9    912.0
     1     1    21     2    25    19     0     1   -52.0   33.825  112.442    515.3    912.4
     1     1    21     2    25    18     0     0   -53.0   33.994  112.562    497.6    916.6
     1     1    21     2    25    17     0     1   -54.0   34.160  112.656    482.6    929.4
     1     1    21     2    25    16     0     2   -55.0   34.301  112.752    484.7    936.9
     1     1    21     2    25    15     0     3   -56.0   34.424  112.859    501.2    942.4
     1     1    21     2    25    14     0     2   -57.0   34.546  112.971    501.1    945.8
     1     1    21     2    25    13     0     1   -58.0   34.663  113.048    468.7    953.4
     1     1    21     2    25    12     0     0   -59.0   34.763  113.092    428.7    960.4
     1     1    21     2    25    11     0     1   -60.0   34.848  113.113    407.2    965.0
     1     1    21     2    25    10     0     2   -61.0   34.924  113.133    412.9    963.9
     1     1    21     2    25     9     0     3   -62.0   34.997  113.151    438.3    961.1
     1     1    21     2    25     8     0     2   -63.0   35.075  113.182    473.6    949.0
     1     1    21     2    25     7     0     1   -64.0   35.172  113.238    507.7    936.6
     1     1    21     2    25     6     0     0   -65.0   35.298  113.319    533.8    924.2
     1     1    21     2    25     5     0     1   -66.0   35.461  113.437    559.3    914.0
     1     1    21     2    25     4     0     2   -67.0   35.671  113.608    592.9    903.7
     1     1    21     2    25     3     0     3   -68.0   35.935  113.830    610.3    899.4
     1     1    21     2    25     2     0     2   -69.0   36.223  114.041    578.2    905.1
     1     1    21     2    25     1     0     1   -70.0   36.477  114.202    517.6    914.7
     1     1    21     2    25     0     0     0   -71.0   36.699  114.347    455.8    926.0
     1     1    21     2    24    23     0     1   -72.0   36.888  114.474    422.7    937.0
     1     1    21     2    24    22     0     2   -73.0   37.043  114.580    431.0    941.7
     1     1    21     2    24    21     0     3   -74.0   37.165  114.679    475.3    943.9
     1     1    21     2    24    20     0     2   -75.0   37.267  114.778    526.0    942.4
     1     1    21     2    24    19     0     1   -76.0   37.355  114.858    551.7    944.8
     1     1    21     2    24    18     0     0   -77.0   37.429  114.901    549.5    948.1
     1     1    21     2    24    17     0     1   -78.0   37.491  114.913    540.6    952.4
     1     1    21     2    24    16     0     2   -79.0   37.540  114.924    539.1    953.0
     1     1    21     2    24    15     0     3   -80.0   37.577  114.941    539.0    953.9
     1     1    21     2    24    14     0     2   -81.0   37.604  114.964    550.7    955.1
     1     1    21     2    24    13     0     1   -82.0   37.625  114.991    590.3    952.0
     1     1    21     2    24    12     0     0   -83.0   37.640  115.024    657.5    944.4
     1     1    21     2    24    11     0     1   -84.0   37.631  115.071    717.0    933.2
     1     1    21     2    24    10     0     2   -85.0   37.596  115.134    736.9    931.3
     1     1    21     2    24     9     0     3   -86.0   37.540  115.208    723.5    933.3
     1     1    21     2    24     8     0     2   -87.0   37.481  115.294    697.7    938.4
     1     1    21     2    24     7     0     1   -88.0   37.430  115.396    677.6    940.6
     1     1    21     2    24     6     0     0   -89.0   37.387  115.514    653.0    942.8
     1     1    21     2    24     5     0     1   -90.0   37.352  115.638    634.0    948.0
     1     1    21     2    24     4     0     2   -91.0   37.319  115.755    643.6    948.5
     1     1    21     2    24     3     0     3   -92.0   37.278  115.862    696.6    943.8
     1     1    21     2    24     2     0     2   -93.0   37.210  115.951    764.1    931.3
     1     1    21     2    24     1     0     1   -94.0   37.128  116.034    803.0    926.2
     1     1    21     2    24     0     0     0   -95.0   37.050  116.120    812.3    925.6
     1     1    21     2    23    23     0     1   -96.0   36.977  116.202    808.4    927.5
     1     1    21     2    23    22     0     2   -97.0   36.903  116.269    795.4    928.4
     1     1    21     2    23    21     0     3   -98.0   36.831  116.327    773.7    931.1
     1     1    21     2    23    20     0     2   -99.0   36.752  116.384    742.7    934.0
     1     1    21     2    23    19     0     1  -100.0   36.650  116.456    699.9    938.4
     1     1    21     2    23    18     0     0  -101.0   36.522  116.549    645.2    944.1
     1     1    21     2    23    17     0     1  -102.0   36.378  116.688    601.0    950.2
     1     1    21     2    23    16     0     2  -103.0   36.242  116.877    582.3    949.4
     1     1    21     2    23    15     0     3  -104.0   36.120  117.103    578.5    944.4
     1     1    21     2    23    14     0     2  -105.0   35.993  117.362    600.2    931.3
     1     1    21     2    23    13     0     1  -106.0   35.854  117.652    659.0    917.6
     1     1    21     2    23    12     0     0  -107.0   35.720  117.953    743.7    901.0
     1     1    21     2    23    11     0     1  -108.0   35.604  118.247    821.6    897.9
     1     1    21     2    23    10     0     2  -109.0   35.515  118.545    876.7    902.1
     1     1    21     2    23     9     0     3  -110.0   35.451  118.854    921.2    904.5
     1     1    21     2    23     8     0     2  -111.0   35.399  119.161    948.1    904.6
     1     1    21     2    23     7     0     1  -112.0   35.355  119.457    958.2    906.0
     1     1    21     2    23     6     0     0  -113.0   35.321  119.733    963.8    906.9
     1     1    21     2    23     5     0     1  -114.0   35.305  120.000    971.5    907.9
     1     1    21     2    23     4     0     2  -115.0   35.322  120.273    984.9    907.6
     1     1    21     2    23     3     0     3  -116.0   35.385  120.558   1008.8    906.6
     1     1    21     2    23     2     0     2  -117.0   35.496  120.834   1058.7    902.8
     1     1    21     2    23     1     0     1  -118.0   35.655  121.071   1129.6    894.2
     1     1    21     2    23     0     0     0  -119.0   35.857  121.256   1183.6    885.4
     1     1    21     2    22    23     0     1  -120.0   36.112  121.398   1216.9    882.9
