     5     1
    GDAS    21     2     1     0     0
    GDAS    21     2     8     0     0
    GDAS    21     2    15     0     0
    GDAS    21     2    22     0     0
    GDAS    21     3     1     0     0
     1 BACKWARD OMEGA   
    21     2    25    17   37.820  111.540  1000.0
     1 PRESSURE
     1     1    21     2    25    17     0     1     0.0   37.820  111.540   1000.0    778.8
     1     1    21     2    25    16     0     2    -1.0   37.721  111.759    970.1    779.7
     1     1    21     2    25    15     0     3    -2.0   37.642  111.982    920.7    784.4
     1     1    21     2    25    14     0     2    -3.0   37.585  112.199    862.3    793.3
     1     1    21     2    25    13     0     1    -4.0   37.554  112.410    819.3    799.4
     1     1    21     2    25    12     0     0    -5.0   37.549  112.620    806.1    801.4
     1     1    21     2    25    11     0     1    -6.0   37.575  112.823    835.9    799.5
     1     1    21     2    25    10     0     2    -7.0   37.639  113.005    911.4    791.2
     1     1    21     2    25     9     0     3    -8.0   37.728  113.150   1000.1    788.2
     1     1    21     2    25     8     0     2    -9.0   37.823  113.270   1066.5    788.8
     1     1    21     2    25     7     0     1   -10.0   37.915  113.380   1107.5    793.2
     1     1    21     2    25     6     0     0   -11.0   38.006  113.479   1128.4    798.5
     1     1    21     2    25     5     0     1   -12.0   38.089  113.570   1144.1    803.6
     1     1    21     2    25     4     0     2   -13.0   38.164  113.661   1172.5    805.4
     1     1    21     2    25     3     0     3   -14.0   38.234  113.754   1213.9    805.4
     1     1    21     2    25     2     0     2   -15.0   38.313  113.847   1249.4    802.6
     1     1    21     2    25     1     0     1   -16.0   38.409  113.933   1255.5    802.6
     1     1    21     2    25     0     0     0   -17.0   38.514  114.012   1226.0    804.8
     1     1    21     2    24    23     0     1   -18.0   38.618  114.067   1175.5    809.9
     1     1    21     2    24    22     0     2   -19.0   38.708  114.086   1120.0    812.6
     1     1    21     2    24    21     0     3   -20.0   38.786  114.071   1061.7    813.9
     1     1    21     2    24    20     0     2   -21.0   38.852  114.042   1024.5    815.0
     1     1    21     2    24    19     0     1   -22.0   38.909  114.013   1030.9    809.8
     1     1    21     2    24    18     0     0   -23.0   38.960  113.985   1086.1    801.0
     1     1    21     2    24    17     0     1   -24.0   38.999  113.967   1161.8    787.8
     1     1    21     2    24    16     0     2   -25.0   39.018  113.975   1211.1    782.1
     1     1    21     2    24    15     0     3   -26.0   39.008  114.015   1222.4    782.4
     1     1    21     2    24    14     0     2   -27.0   38.984  114.071   1244.0    789.0
     1     1    21     2    24    13     0     1   -28.0   38.971  114.134   1318.9    785.1
     1     1    21     2    24    12     0     0   -29.0   38.970  114.206   1444.1    776.9
     1     1    21     2    24    11     0     1   -30.0   38.990  114.274   1579.8    762.7
     1     1    21     2    24    10     0     2   -31.0   39.030  114.315   1690.4    753.0
     1     1    21     2    24     9     0     3   -32.0   39.086  114.320   1776.9    743.2
     1     1    21     2    24     8     0     2   -33.0   39.153  114.281   1845.7    732.9
     1     1    21     2    24     7     0     1   -34.0   39.229  114.191   1904.5    721.8
     1     1    21     2    24     6     0     0   -35.0   39.317  114.052   1957.0    710.4
     1     1    21     2    24     5     0     1   -36.0   39.409  113.870   1999.2    700.8
     1     1    21     2    24     4     0     2   -37.0   39.496  113.652   2031.1    692.1
     1     1    21     2    24     3     0     3   -38.0   39.577  113.393   2052.6    683.3
     1     1    21     2    24     2     0     2   -39.0   39.663  113.102   2076.9    674.6
     1     1    21     2    24     1     0     1   -40.0   39.759  112.787   2141.9    662.3
     1     1    21     2    24     0     0     0   -41.0   39.866  112.436   2272.8    644.4
     1     1    21     2    23    23     0     1   -42.0   40.007  112.011   2454.7    622.8
     1     1    21     2    23    22     0     2   -43.0   40.184  111.509   2639.6    608.9
     1     1    21     2    23    21     0     3   -44.0   40.369  110.962   2707.3    598.2
     1     1    21     2    23    20     0     2   -45.0   40.547  110.397   2712.1    603.3
     1     1    21     2    23    19     0     1   -46.0   40.711  109.832   2761.7    607.9
     1     1    21     2    23    18     0     0   -47.0   40.870  109.270   2856.4    613.9
     1     1    21     2    23    17     0     1   -48.0   41.036  108.724   2933.9    615.8
     1     1    21     2    23    16     0     2   -49.0   41.215  108.196   2945.0    610.7
     1     1    21     2    23    15     0     3   -50.0   41.400  107.664   2934.9    610.5
     1     1    21     2    23    14     0     2   -51.0   41.596  107.116   2969.7    607.7
     1     1    21     2    23    13     0     1   -52.0   41.817  106.538   3047.7    603.1
     1     1    21     2    23    12     0     0   -53.0   42.055  105.924   3129.3    604.8
     1     1    21     2    23    11     0     1   -54.0   42.277  105.240   3131.8    583.6
     1     1    21     2    23    10     0     2   -55.0   42.465  104.496   3131.8    579.0
     1     1    21     2    23     9     0     3   -56.0   42.634  103.704   3278.5    569.5
     1     1    21     2    23     8     0     2   -57.0   42.799  102.864   3578.9    546.6
     1     1    21     2    23     7     0     1   -58.0   42.986  101.942   3711.1    509.7
     1     1    21     2    23     6     0     0   -59.0   43.174  101.000   3757.2    519.6
     1     1    21     2    23     5     0     1   -60.0   43.338  100.119   3741.2    533.5
     1     1    21     2    23     4     0     2   -61.0   43.492   99.271   3757.6    532.4
     1     1    21     2    23     3     0     3   -62.0   43.649   98.389   3876.8    516.2
     1     1    21     2    23     2     0     2   -63.0   43.828   97.390   4063.8    506.3
     1     1    21     2    23     1     0     1   -64.0   43.991   96.370   4024.1    530.6
     1     1    21     2    23     0     0     0   -65.0   44.145   95.379   3936.5    550.4
     1     1    21     2    22    23     0     1   -66.0   44.260   94.426   3934.4    544.0
     1     1    21     2    22    22     0     2   -67.0   44.356   93.365   4137.2    499.0
     1     1    21     2    22    21     0     3   -68.0   44.448   92.103   4341.7    473.2
     1     1    21     2    22    20     0     2   -69.0   44.515   90.784   4566.2    482.1
     1     1    21     2    22    19     0     1   -70.0   44.553   89.523   4780.6    493.6
     1     1    21     2    22    18     0     0   -71.0   44.581   88.311   4802.9    496.4
     1     1    21     2    22    17     0     1   -72.0   44.594   87.105   4839.0    511.6
     1     1    21     2    22    16     0     2   -73.0   44.589   85.940   4824.9    502.6
     1     1    21     2    22    15     0     3   -74.0   44.573   84.684   4670.6    476.6
     1     1    21     2    22    14     0     2   -75.0   44.508   83.271   4730.8    450.1
     1     1    21     2    22    13     0     1   -76.0   44.407   81.878   4819.2    479.6
     1     1    21     2    22    12     0     0   -77.0   44.275   80.436   5054.6    456.5
     1     1    21     2    22    11     0     1   -78.0   44.095   79.014   5162.3    463.1
     1     1    21     2    22    10     0     2   -79.0   43.865   77.622   5007.6    457.0
     1     1    21     2    22     9     0     3   -80.0   43.582   76.199   5017.3    451.8
     1     1    21     2    22     8     0     2   -81.0   43.292   74.790   5211.2    463.7
     1     1    21     2    22     7     0     1   -82.0   42.992   73.524   5186.4    480.1
     1     1    21     2    22     6     0     0   -83.0   42.649   72.235   4790.8    456.5
     1     1    21     2    22     5     0     1   -84.0   42.220   70.866   4616.2    412.5
     1     1    21     2    22     4     0     2   -85.0   41.797   69.584   4575.1    496.1
     1     1    21     2    22     3     0     3   -86.0   41.508   68.651   4582.7    546.9
     1     1    21     2    22     2     0     2   -87.0   41.259   67.796   4587.0    552.1
     1     1    21     2    22     1     0     1   -88.0   41.031   66.941   4554.7    552.4
     1     1    21     2    22     0     0     0   -89.0   40.815   66.093   4506.2    554.6
     1     1    21     2    21    23     0     1   -90.0   40.603   65.266   4539.2    556.2
     1     1    21     2    21    22     0     2   -91.0   40.382   64.469   4576.3    553.7
     1     1    21     2    21    21     0     3   -92.0   40.152   63.701   4597.3    556.7
     1     1    21     2    21    20     0     2   -93.0   39.925   62.983   4587.6    560.7
     1     1    21     2    21    19     0     1   -94.0   39.712   62.302   4564.3    562.2
     1     1    21     2    21    18     0     0   -95.0   39.502   61.628   4568.9    561.4
     1     1    21     2    21    17     0     1   -96.0   39.293   60.971   4567.6    563.0
     1     1    21     2    21    16     0     2   -97.0   39.087   60.333   4553.4    564.0
     1     1    21     2    21    15     0     3   -98.0   38.887   59.722   4538.0    566.9
     1     1    21     2    21    14     0     2   -99.0   38.686   59.133   4535.6    569.6
     1     1    21     2    21    13     0     1  -100.0   38.477   58.530   4508.1    557.4
     1     1    21     2    21    12     0     0  -101.0   38.261   57.879   4398.0    533.0
     1     1    21     2    21    11     0     1  -102.0   38.021   57.148   4266.0    511.0
     1     1    21     2    21    10     0     2  -103.0   37.753   56.381   4349.4    526.5
     1     1    21     2    21     9     0     3  -104.0   37.492   55.722   4375.7    537.0
     1     1    21     2    21     8     0     2  -105.0   37.249   55.162   4433.9    555.4
     1     1    21     2    21     7     0     1  -106.0   37.022   54.688   4497.4    564.0
     1     1    21     2    21     6     0     0  -107.0   36.791   54.240   4497.3    555.0
     1     1    21     2    21     5     0     1  -108.0   36.554   53.732   4438.3    535.5
     1     1    21     2    21     4     0     2  -109.0   36.304   53.090   4330.0    506.1
     1     1    21     2    21     3     0     3  -110.0   36.008   52.217   3852.9    425.9
     1     1    21     2    21     2     0     2  -111.0   35.716   51.243   3752.6    498.0
     1     1    21     2    21     1     0     1  -112.0   35.491   50.422   3890.8    513.7
     1     1    21     2    21     0     0     0  -113.0   35.317   49.724   3664.6    528.7
     1     1    21     2    20    23     0     1  -114.0   35.176   49.061   3506.0    535.3
     1     1    21     2    20    22     0     2  -115.0   35.025   48.322   3328.6    519.0
     1     1    21     2    20    21     0     3  -116.0   34.838   47.535   3130.7    543.9
     1     1    21     2    20    20     0     2  -117.0   34.644   46.791   3217.4    556.1
     1     1    21     2    20    19     0     1  -118.0   34.468   46.132   3308.8    583.4
     1     1    21     2    20    18     0     0  -119.0   34.304   45.548   3410.2    613.6
     1     1    21     2    20    17     0     1  -120.0   34.134   45.016   3523.1    643.7
