     5     1
    GDAS    21     2     1     0     0
    GDAS    21     2     8     0     0
    GDAS    21     2    15     0     0
    GDAS    21     2    22     0     0
    GDAS    21     3     1     0     0
     1 BACKWARD OMEGA   
    21     2    15    23   37.820  111.540  1500.0
     1 PRESSURE
     1     1    21     2    15    23     0     1     0.0   37.820  111.540   1500.0    725.8
     1     1    21     2    15    22     0     2    -1.0   38.322  110.987   1609.2    719.3
     1     1    21     2    15    21     0     3    -2.0   38.773  110.466   1595.1    723.7
     1     1    21     2    15    20     0     2    -3.0   39.195  109.925   1588.7    717.2
     1     1    21     2    15    19     0     1    -4.0   39.613  109.349   1630.1    698.0
     1     1    21     2    15    18     0     0    -5.0   39.998  108.747   1652.7    691.1
     1     1    21     2    15    17     0     1    -6.0   40.331  108.193   1658.2    711.0
     1     1    21     2    15    16     0     2    -7.0   40.628  107.759   1634.2    720.8
     1     1    21     2    15    15     0     3    -8.0   40.880  107.405   1614.7    722.3
     1     1    21     2    15    14     0     2    -9.0   41.133  107.084   1560.3    722.6
     1     1    21     2    15    13     0     1   -10.0   41.417  106.787   1466.9    731.8
     1     1    21     2    15    12     0     0   -11.0   41.687  106.523   1343.1    746.5
     1     1    21     2    15    11     0     1   -12.0   41.915  106.324   1177.3    768.7
     1     1    21     2    15    10     0     2   -13.0   42.140  106.167    996.0    791.8
     1     1    21     2    15     9     0     3   -14.0   42.392  105.973    875.7    801.7
     1     1    21     2    15     8     0     2   -15.0   42.677  105.706    865.4    785.9
     1     1    21     2    15     7     0     1   -16.0   43.008  105.377    933.1    754.3
     1     1    21     2    15     6     0     0   -17.0   43.391  104.988   1002.0    735.5
     1     1    21     2    15     5     0     1   -18.0   43.797  104.584   1003.1    744.2
     1     1    21     2    15     4     0     2   -19.0   44.207  104.178    901.0    763.2
     1     1    21     2    15     3     0     3   -20.0   44.588  103.805    750.8    792.0
     1     1    21     2    15     2     0     2   -21.0   44.948  103.370    720.8    809.3
     1     1    21     2    15     1     0     1   -22.0   45.337  102.770    933.7    764.4
     1     1    21     2    15     0     0     0   -23.0   45.821  102.144   1238.3    684.9
     1     1    21     2    14    23     0     1   -24.0   46.461  101.489   1466.8    635.0
     1     1    21     2    14    22     0     2   -25.0   47.161  100.689   1564.9    602.0
     1     1    21     2    14    21     0     3   -26.0   47.843   99.732   1787.1    595.6
     1     1    21     2    14    20     0     2   -27.0   48.463   98.726   1604.5    619.1
     1     1    21     2    14    19     0     1   -28.0   49.026   97.764   1604.6    632.0
     1     1    21     2    14    18     0     0   -29.0   49.559   96.822   1783.5    620.5
     1     1    21     2    14    17     0     1   -30.0   50.069   95.913   1995.1    633.1
     1     1    21     2    14    16     0     2   -31.0   50.535   95.057   2035.3    677.5
     1     1    21     2    14    15     0     3   -32.0   51.002   94.227   2019.5    649.4
     1     1    21     2    14    14     0     2   -33.0   51.505   93.359   2126.2    639.2
     1     1    21     2    14    13     0     1   -34.0   52.017   92.462   2069.6    661.2
     1     1    21     2    14    12     0     0   -35.0   52.453   91.512   1972.6    689.2
     1     1    21     2    14    11     0     1   -36.0   52.796   90.519   1945.9    714.6
     1     1    21     2    14    10     0     2   -37.0   52.992   89.445   1794.7    747.7
     1     1    21     2    14     9     0     3   -38.0   53.182   88.352   1979.8    723.5
     1     1    21     2    14     8     0     2   -39.0   53.347   87.396   2010.1    753.7
     1     1    21     2    14     7     0     1   -40.0   53.455   86.537   1944.0    770.0
     1     1    21     2    14     6     0     0   -41.0   53.551   85.717   1888.1    773.6
     1     1    21     2    14     5     0     1   -42.0   53.646   84.929   1853.0    785.4
     1     1    21     2    14     4     0     2   -43.0   53.726   84.184   1832.9    793.3
     1     1    21     2    14     3     0     3   -44.0   53.786   83.482   1815.5    795.2
     1     1    21     2    14     2     0     2   -45.0   53.843   82.813   1792.8    796.2
     1     1    21     2    14     1     0     1   -46.0   53.907   82.170   1757.4    799.4
     1     1    21     2    14     0     0     0   -47.0   53.967   81.542   1705.2    807.3
     1     1    21     2    13    23     0     1   -48.0   54.010   80.922   1648.8    818.8
     1     1    21     2    13    22     0     2   -49.0   54.038   80.302   1612.7    823.5
     1     1    21     2    13    21     0     3   -50.0   54.055   79.673   1602.3    824.3
     1     1    21     2    13    20     0     2   -51.0   54.066   79.045   1602.2    823.5
     1     1    21     2    13    19     0     1   -52.0   54.079   78.430   1603.8    827.1
     1     1    21     2    13    18     0     0   -53.0   54.098   77.829   1605.1    829.7
     1     1    21     2    13    17     0     1   -54.0   54.122   77.241   1596.3    829.5
     1     1    21     2    13    16     0     2   -55.0   54.139   76.657   1570.6    832.3
     1     1    21     2    13    15     0     3   -56.0   54.148   76.073   1528.0    836.7
     1     1    21     2    13    14     0     2   -57.0   54.153   75.502   1487.8    843.2
     1     1    21     2    13    13     0     1   -58.0   54.150   74.947   1483.0    845.1
     1     1    21     2    13    12     0     0   -59.0   54.144   74.397   1503.9    840.2
     1     1    21     2    13    11     0     1   -60.0   54.132   73.862   1516.1    837.7
     1     1    21     2    13    10     0     2   -61.0   54.108   73.348   1516.7    838.0
     1     1    21     2    13     9     0     3   -62.0   54.070   72.858   1496.6    838.4
     1     1    21     2    13     8     0     2   -63.0   54.028   72.400   1456.1    844.5
     1     1    21     2    13     7     0     1   -64.0   53.988   71.976   1411.7    848.6
     1     1    21     2    13     6     0     0   -65.0   53.951   71.578   1372.6    853.5
     1     1    21     2    13     5     0     1   -66.0   53.920   71.190   1356.9    854.7
     1     1    21     2    13     4     0     2   -67.0   53.894   70.797   1356.0    851.3
     1     1    21     2    13     3     0     3   -68.0   53.880   70.398   1356.6    847.7
     1     1    21     2    13     2     0     2   -69.0   53.871   69.996   1357.6    844.5
     1     1    21     2    13     1     0     1   -70.0   53.856   69.598   1363.4    843.6
     1     1    21     2    13     0     0     0   -71.0   53.833   69.205   1364.7    841.7
     1     1    21     2    12    23     0     1   -72.0   53.802   68.823   1358.3    842.4
     1     1    21     2    12    22     0     2   -73.0   53.766   68.462   1353.5    842.4
     1     1    21     2    12    21     0     3   -74.0   53.729   68.126   1352.0    841.6
     1     1    21     2    12    20     0     2   -75.0   53.695   67.807   1353.1    841.3
     1     1    21     2    12    19     0     1   -76.0   53.665   67.495   1357.5    841.6
     1     1    21     2    12    18     0     0   -77.0   53.648   67.190   1367.0    841.7
     1     1    21     2    12    17     0     1   -78.0   53.638   66.867   1386.4    840.7
     1     1    21     2    12    16     0     2   -79.0   53.630   66.491   1414.3    836.9
     1     1    21     2    12    15     0     3   -80.0   53.627   66.063   1439.6    833.3
     1     1    21     2    12    14     0     2   -81.0   53.616   65.609   1455.5    832.4
     1     1    21     2    12    13     0     1   -82.0   53.583   65.145   1463.6    832.8
     1     1    21     2    12    12     0     0   -83.0   53.528   64.654   1463.0    831.7
     1     1    21     2    12    11     0     1   -84.0   53.460   64.130   1448.8    830.8
     1     1    21     2    12    10     0     2   -85.0   53.389   63.594   1428.0    832.8
     1     1    21     2    12     9     0     3   -86.0   53.309   63.064   1405.6    834.3
     1     1    21     2    12     8     0     2   -87.0   53.221   62.518   1371.8    835.8
     1     1    21     2    12     7     0     1   -88.0   53.135   61.929   1332.5    839.6
     1     1    21     2    12     6     0     0   -89.0   53.064   61.303   1310.8    838.9
     1     1    21     2    12     5     0     1   -90.0   52.988   60.658   1292.1    831.2
     1     1    21     2    12     4     0     2   -91.0   52.885   59.996   1221.1    827.5
     1     1    21     2    12     3     0     3   -92.0   52.744   59.290   1114.3    848.6
     1     1    21     2    12     2     0     2   -93.0   52.581   58.562   1020.3    852.9
     1     1    21     2    12     1     0     1   -94.0   52.391   57.839    943.2    851.0
     1     1    21     2    12     0     0     0   -95.0   52.145   57.115    853.8    867.3
     1     1    21     2    11    23     0     1   -96.0   51.872   56.459    741.5    897.3
     1     1    21     2    11    22     0     2   -97.0   51.607   55.906    623.5    923.5
     1     1    21     2    11    21     0     3   -98.0   51.318   55.469    489.0    936.7
     1     1    21     2    11    20     0     2   -99.0   51.008   55.160    371.4    957.5
     1     1    21     2    11    19     0     1  -100.0   50.688   54.947    312.1    967.9
     1     1    21     2    11    18     0     0  -101.0   50.342   54.824    290.9    969.2
     1     1    21     2    11    17     0     1  -102.0   49.986   54.748    273.5    969.3
     1     1    21     2    11    16     0     2  -103.0   49.662   54.717    249.5    976.5
     1     1    21     2    11    15     0     3  -104.0   49.399   54.728    229.4    981.8
     1     1    21     2    11    14     0     2  -105.0   49.183   54.753    215.2    984.8
     1     1    21     2    11    13     0     1  -106.0   48.997   54.772    199.5    987.9
     1     1    21     2    11    12     0     0  -107.0   48.830   54.779    185.3    990.4
     1     1    21     2    11    11     0     1  -108.0   48.659   54.772    175.1    991.5
     1     1    21     2    11    10     0     2  -109.0   48.475   54.759    168.7    992.7
     1     1    21     2    11     9     0     3  -110.0   48.282   54.738    168.6    993.1
     1     1    21     2    11     8     0     2  -111.0   48.082   54.717    177.3    992.4
     1     1    21     2    11     7     0     1  -112.0   47.876   54.710    190.5    991.2
     1     1    21     2    11     6     0     0  -113.0   47.665   54.717    199.5    991.3
     1     1    21     2    11     5     0     1  -114.0   47.467   54.737    199.1    992.6
     1     1    21     2    11     4     0     2  -115.0   47.298   54.763    190.6    994.8
     1     1    21     2    11     3     0     3  -116.0   47.155   54.792    177.0    997.4
     1     1    21     2    11     2     0     2  -117.0   47.021   54.818    159.8   1000.7
     1     1    21     2    11     1     0     1  -118.0   46.875   54.837    144.7   1003.5
     1     1    21     2    11     0     0     0  -119.0   46.713   54.849    137.8   1004.1
     1     1    21     2    10    23     0     1  -120.0   46.529   54.857    139.4   1004.0
