     5     1
    GDAS    21     2     1     0     0
    GDAS    21     2     8     0     0
    GDAS    21     2    15     0     0
    GDAS    21     2    22     0     0
    GDAS    21     3     1     0     0
     1 BACKWARD OMEGA   
    21     2     9    23   37.820  111.540   500.0
     1 PRESSURE
     1     1    21     2     9    23     0     1     0.0   37.820  111.540    500.0    828.5
     1     1    21     2     9    22     0     2    -1.0   37.813  111.442    536.1    826.0
     1     1    21     2     9    21     0     3    -2.0   37.809  111.339    576.4    822.8
     1     1    21     2     9    20     0     2    -3.0   37.810  111.235    609.0    819.7
     1     1    21     2     9    19     0     1    -4.0   37.816  111.139    619.7    819.6
     1     1    21     2     9    18     0     0    -5.0   37.824  111.057    604.6    822.4
     1     1    21     2     9    17     0     1    -6.0   37.841  110.990    589.8    828.2
     1     1    21     2     9    16     0     2    -7.0   37.882  110.932    601.5    829.2
     1     1    21     2     9    15     0     3    -8.0   37.953  110.878    640.5    827.7
     1     1    21     2     9    14     0     2    -9.0   38.039  110.814    681.4    821.6
     1     1    21     2     9    13     0     1   -10.0   38.119  110.733    695.2    820.3
     1     1    21     2     9    12     0     0   -11.0   38.195  110.636    685.1    821.4
     1     1    21     2     9    11     0     1   -12.0   38.264  110.530    673.0    824.2
     1     1    21     2     9    10     0     2   -13.0   38.329  110.415    672.9    823.0
     1     1    21     2     9     9     0     3   -14.0   38.388  110.289    675.5    820.7
     1     1    21     2     9     8     0     2   -15.0   38.436  110.155    671.3    819.1
     1     1    21     2     9     7     0     1   -16.0   38.467  110.021    662.4    819.0
     1     1    21     2     9     6     0     0   -17.0   38.485  109.890    657.7    818.3
     1     1    21     2     9     5     0     1   -18.0   38.504  109.756    657.2    816.9
     1     1    21     2     9     4     0     2   -19.0   38.540  109.610    656.4    815.3
     1     1    21     2     9     3     0     3   -20.0   38.595  109.453    654.0    813.5
     1     1    21     2     9     2     0     2   -21.0   38.665  109.279    655.1    811.1
     1     1    21     2     9     1     0     1   -22.0   38.750  109.082    671.4    806.8
     1     1    21     2     9     0     0     0   -23.0   38.851  108.855    713.2    798.8
     1     1    21     2     8    23     0     1   -24.0   38.953  108.597    759.3    787.0
     1     1    21     2     8    22     0     2   -25.0   39.037  108.323    781.4    781.1
     1     1    21     2     8    21     0     3   -26.0   39.107  108.039    786.3    779.1
     1     1    21     2     8    20     0     2   -27.0   39.157  107.772    798.6    784.7
     1     1    21     2     8    19     0     1   -28.0   39.181  107.534    830.5    786.4
     1     1    21     2     8    18     0     0   -29.0   39.182  107.319    878.7    785.5
     1     1    21     2     8    17     0     1   -30.0   39.167  107.130    923.7    783.1
     1     1    21     2     8    16     0     2   -31.0   39.144  106.971    942.5    781.9
     1     1    21     2     8    15     0     3   -32.0   39.115  106.831    927.5    773.8
     1     1    21     2     8    14     0     2   -33.0   39.091  106.691    910.4    767.0
     1     1    21     2     8    13     0     1   -34.0   39.084  106.531    919.9    753.2
     1     1    21     2     8    12     0     0   -35.0   39.102  106.332    959.8    734.8
     1     1    21     2     8    11     0     1   -36.0   39.145  106.069   1005.3    711.9
     1     1    21     2     8    10     0     2   -37.0   39.205  105.753   1035.7    722.5
     1     1    21     2     8     9     0     3   -38.0   39.271  105.431   1044.7    741.8
     1     1    21     2     8     8     0     2   -39.0   39.341  105.124   1054.7    755.6
     1     1    21     2     8     7     0     1   -40.0   39.412  104.828   1071.8    757.8
     1     1    21     2     8     6     0     0   -41.0   39.486  104.525   1105.1    756.5
     1     1    21     2     8     5     0     1   -42.0   39.565  104.198   1161.2    751.7
     1     1    21     2     8     4     0     2   -43.0   39.653  103.849   1212.9    743.8
     1     1    21     2     8     3     0     3   -44.0   39.754  103.490   1241.6    734.5
     1     1    21     2     8     2     0     2   -45.0   39.865  103.124   1266.8    726.4
     1     1    21     2     8     1     0     1   -46.0   39.982  102.760   1317.4    723.8
     1     1    21     2     8     0     0     0   -47.0   40.103  102.418   1387.5    725.8
     1     1    21     2     7    23     0     1   -48.0   40.223  102.092   1449.0    727.9
     1     1    21     2     7    22     0     2   -49.0   40.335  101.768   1499.2    729.1
     1     1    21     2     7    21     0     3   -50.0   40.446  101.447   1568.0    727.0
     1     1    21     2     7    20     0     2   -51.0   40.571  101.127   1650.3    722.3
     1     1    21     2     7    19     0     1   -52.0   40.713  100.802   1726.7    717.7
     1     1    21     2     7    18     0     0   -53.0   40.877  100.464   1820.2    710.8
     1     1    21     2     7    17     0     1   -54.0   41.051  100.127   1918.9    698.7
     1     1    21     2     7    16     0     2   -55.0   41.212   99.795   2003.4    689.0
     1     1    21     2     7    15     0     3   -56.0   41.369   99.462   2092.6    674.5
     1     1    21     2     7    14     0     2   -57.0   41.536   99.105   2178.2    658.1
     1     1    21     2     7    13     0     1   -58.0   41.703   98.697   2258.9    645.8
     1     1    21     2     7    12     0     0   -59.0   41.860   98.243   2290.8    632.8
     1     1    21     2     7    11     0     1   -60.0   41.992   97.772   2287.6    627.9
     1     1    21     2     7    10     0     2   -61.0   42.077   97.297   2345.7    620.2
     1     1    21     2     7     9     0     3   -62.0   42.122   96.777   2459.8    599.4
     1     1    21     2     7     8     0     2   -63.0   42.170   96.220   2478.5    580.3
     1     1    21     2     7     7     0     1   -64.0   42.211   95.697   2400.2    601.2
     1     1    21     2     7     6     0     0   -65.0   42.208   95.201   2302.0    628.8
     1     1    21     2     7     5     0     1   -66.0   42.180   94.751   2212.3    652.5
     1     1    21     2     7     4     0     2   -67.0   42.149   94.369   2116.1    672.4
     1     1    21     2     7     3     0     3   -68.0   42.096   94.037   1986.5    696.6
     1     1    21     2     7     2     0     2   -69.0   42.046   93.726   1868.1    721.8
     1     1    21     2     7     1     0     1   -70.0   42.026   93.420   1809.5    731.6
     1     1    21     2     7     0     0     0   -71.0   42.023   93.118   1792.1    735.9
     1     1    21     2     6    23     0     1   -72.0   42.015   92.823   1778.9    734.4
     1     1    21     2     6    22     0     2   -73.0   41.991   92.532   1748.7    733.0
     1     1    21     2     6    21     0     3   -74.0   41.951   92.233   1708.4    732.7
     1     1    21     2     6    20     0     2   -75.0   41.898   91.928   1673.6    733.1
     1     1    21     2     6    19     0     1   -76.0   41.843   91.618   1650.3    731.5
     1     1    21     2     6    18     0     0   -77.0   41.796   91.295   1639.7    730.7
     1     1    21     2     6    17     0     1   -78.0   41.758   90.963   1640.6    729.7
     1     1    21     2     6    16     0     2   -79.0   41.719   90.638   1653.0    733.1
     1     1    21     2     6    15     0     3   -80.0   41.684   90.315   1672.4    734.0
     1     1    21     2     6    14     0     2   -81.0   41.661   89.987   1688.9    733.4
     1     1    21     2     6    13     0     1   -82.0   41.642   89.655   1688.8    734.8
     1     1    21     2     6    12     0     0   -83.0   41.620   89.319   1673.8    738.8
     1     1    21     2     6    11     0     1   -84.0   41.599   88.978   1658.7    741.8
     1     1    21     2     6    10     0     2   -85.0   41.579   88.620   1645.8    732.4
     1     1    21     2     6     9     0     3   -86.0   41.569   88.230   1656.3    720.9
     1     1    21     2     6     8     0     2   -87.0   41.564   87.828   1688.9    714.6
     1     1    21     2     6     7     0     1   -88.0   41.552   87.455   1720.8    720.8
     1     1    21     2     6     6     0     0   -89.0   41.536   87.128   1740.8    728.0
     1     1    21     2     6     5     0     1   -90.0   41.522   86.828   1749.4    723.5
     1     1    21     2     6     4     0     2   -91.0   41.513   86.539   1756.7    710.9
     1     1    21     2     6     3     0     3   -92.0   41.507   86.265   1773.1    698.2
     1     1    21     2     6     2     0     2   -93.0   41.511   86.003   1790.1    684.0
     1     1    21     2     6     1     0     1   -94.0   41.527   85.754   1812.6    689.9
     1     1    21     2     6     0     0     0   -95.0   41.554   85.518   1822.1    697.3
     1     1    21     2     5    23     0     1   -96.0   41.586   85.298   1828.3    705.9
     1     1    21     2     5    22     0     2   -97.0   41.621   85.093   1840.7    713.9
     1     1    21     2     5    21     0     3   -98.0   41.659   84.902   1855.0    714.6
     1     1    21     2     5    20     0     2   -99.0   41.698   84.728   1865.8    708.5
     1     1    21     2     5    19     0     1  -100.0   41.736   84.569   1876.5    703.3
     1     1    21     2     5    18     0     0  -101.0   41.774   84.425   1895.2    697.4
     1     1    21     2     5    17     0     1  -102.0   41.811   84.296   1922.5    690.0
     1     1    21     2     5    16     0     2  -103.0   41.849   84.186   1953.1    682.8
     1     1    21     2     5    15     0     3  -104.0   41.887   84.095   1983.1    675.9
     1     1    21     2     5    14     0     2  -105.0   41.926   84.007   2003.8    669.2
     1     1    21     2     5    13     0     1  -106.0   41.966   83.907   2009.7    664.7
     1     1    21     2     5    12     0     0  -107.0   42.012   83.794   2001.2    660.2
     1     1    21     2     5    11     0     1  -108.0   42.059   83.664   1994.9    654.4
     1     1    21     2     5    10     0     2  -109.0   42.099   83.516   2007.4    645.8
     1     1    21     2     5     9     0     3  -110.0   42.128   83.356   2030.7    637.1
     1     1    21     2     5     8     0     2  -111.0   42.148   83.201   2062.0    629.8
     1     1    21     2     5     7     0     1  -112.0   42.166   83.062   2101.7    622.3
     1     1    21     2     5     6     0     0  -113.0   42.181   82.941   2151.2    616.1
     1     1    21     2     5     5     0     1  -114.0   42.193   82.827   2193.1    611.0
     1     1    21     2     5     4     0     2  -115.0   42.201   82.713   2205.6    610.1
     1     1    21     2     5     3     0     3  -116.0   42.206   82.604   2185.5    612.1
     1     1    21     2     5     2     0     2  -117.0   42.213   82.499   2161.6    617.1
     1     1    21     2     5     1     0     1  -118.0   42.223   82.396   2169.0    617.1
     1     1    21     2     5     0     0     0  -119.0   42.237   82.291   2210.5    614.3
     1     1    21     2     4    23     0     1  -120.0   42.247   82.188   2261.7    609.2
