     5     1
    GDAS    21     2     1     0     0
    GDAS    21     2     8     0     0
    GDAS    21     2    15     0     0
    GDAS    21     2    22     0     0
    GDAS    21     3     1     0     0
     1 BACKWARD OMEGA   
    21     2     7    11   37.820  111.540  1000.0
     1 PRESSURE
     1     1    21     2     7    11     0     1     0.0   37.820  111.540   1000.0    780.7
     1     1    21     2     7    10     0     2    -1.0   38.018  111.440   1091.2    774.1
     1     1    21     2     7     9     0     3    -2.0   38.230  111.316   1180.4    765.6
     1     1    21     2     7     8     0     2    -3.0   38.447  111.172   1267.1    762.3
     1     1    21     2     7     7     0     1    -4.0   38.667  111.016   1353.4    762.8
     1     1    21     2     7     6     0     0    -5.0   38.895  110.836   1432.0    755.3
     1     1    21     2     7     5     0     1    -6.0   39.128  110.607   1498.4    740.9
     1     1    21     2     7     4     0     2    -7.0   39.359  110.324   1551.1    725.9
     1     1    21     2     7     3     0     3    -8.0   39.594  109.989   1596.4    712.7
     1     1    21     2     7     2     0     2    -9.0   39.835  109.603   1654.7    701.2
     1     1    21     2     7     1     0     1   -10.0   40.074  109.173   1731.2    688.1
     1     1    21     2     7     0     0     0   -11.0   40.305  108.741   1818.5    690.9
     1     1    21     2     6    23     0     1   -12.0   40.532  108.339   1894.0    695.9
     1     1    21     2     6    22     0     2   -13.0   40.764  107.951   1947.4    697.4
     1     1    21     2     6    21     0     3   -14.0   40.998  107.553   1975.9    694.4
     1     1    21     2     6    20     0     2   -15.0   41.226  107.141   1998.7    687.8
     1     1    21     2     6    19     0     1   -16.0   41.448  106.730   2019.8    683.1
     1     1    21     2     6    18     0     0   -17.0   41.676  106.324   2031.5    687.0
     1     1    21     2     6    17     0     1   -18.0   41.929  105.916   2053.1    695.8
     1     1    21     2     6    16     0     2   -19.0   42.199  105.478   2081.0    681.4
     1     1    21     2     6    15     0     3   -20.0   42.468  104.992   2126.0    657.0
     1     1    21     2     6    14     0     2   -21.0   42.742  104.464   2202.2    643.4
     1     1    21     2     6    13     0     1   -22.0   43.029  103.896   2315.7    633.5
     1     1    21     2     6    12     0     0   -23.0   43.304  103.344   2396.8    625.6
     1     1    21     2     6    11     0     1   -24.0   43.543  102.834   2362.9    628.5
     1     1    21     2     6    10     0     2   -25.0   43.756  102.319   2323.8    646.5
     1     1    21     2     6     9     0     3   -26.0   43.955  101.778   2342.2    657.3
     1     1    21     2     6     8     0     2   -27.0   44.137  101.257   2356.1    649.9
     1     1    21     2     6     7     0     1   -28.0   44.315  100.761   2374.7    638.3
     1     1    21     2     6     6     0     0   -29.0   44.489  100.262   2361.0    616.1
     1     1    21     2     6     5     0     1   -30.0   44.658   99.772   2287.5    603.4
     1     1    21     2     6     4     0     2   -31.0   44.841   99.285   2175.6    600.5
     1     1    21     2     6     3     0     3   -32.0   45.048   98.780   2017.7    597.1
     1     1    21     2     6     2     0     2   -33.0   45.279   98.277   1912.1    606.5
     1     1    21     2     6     1     0     1   -34.0   45.526   97.792   1902.7    618.3
     1     1    21     2     6     0     0     0   -35.0   45.775   97.332   1914.0    627.0
     1     1    21     2     5    23     0     1   -36.0   46.017   96.894   1878.3    627.7
     1     1    21     2     5    22     0     2   -37.0   46.264   96.482   1858.0    646.5
     1     1    21     2     5    21     0     3   -38.0   46.529   96.090   1891.6    656.2
     1     1    21     2     5    20     0     2   -39.0   46.798   95.702   1927.0    652.1
     1     1    21     2     5    19     0     1   -40.0   47.060   95.300   1950.3    645.4
     1     1    21     2     5    18     0     0   -41.0   47.316   94.885   1980.2    641.1
     1     1    21     2     5    17     0     1   -42.0   47.558   94.466   1997.7    648.6
     1     1    21     2     5    16     0     2   -43.0   47.795   94.032   1989.9    669.7
     1     1    21     2     5    15     0     3   -44.0   48.027   93.590   1943.6    679.1
     1     1    21     2     5    14     0     2   -45.0   48.224   93.170   1875.0    687.4
     1     1    21     2     5    13     0     1   -46.0   48.390   92.752   1808.9    690.9
     1     1    21     2     5    12     0     0   -47.0   48.579   92.275   1788.2    680.4
     1     1    21     2     5    11     0     1   -48.0   48.824   91.705   1856.6    649.1
     1     1    21     2     5    10     0     2   -49.0   49.071   91.092   1944.3    634.6
     1     1    21     2     5     9     0     3   -50.0   49.309   90.432   1987.0    615.1
     1     1    21     2     5     8     0     2   -51.0   49.594   89.640   2070.1    592.5
     1     1    21     2     5     7     0     1   -52.0   49.880   88.788   2130.5    580.2
     1     1    21     2     5     6     0     0   -53.0   50.135   87.907   2208.0    564.5
     1     1    21     2     5     5     0     1   -54.0   50.348   87.050   2242.7    580.2
     1     1    21     2     5     4     0     2   -55.0   50.506   86.310   2139.9    615.0
     1     1    21     2     5     3     0     3   -56.0   50.644   85.683   1958.2    655.1
     1     1    21     2     5     2     0     2   -57.0   50.770   85.080   1837.4    687.5
     1     1    21     2     5     1     0     1   -58.0   50.881   84.464   1767.0    691.0
     1     1    21     2     5     0     0     0   -59.0   50.970   83.851   1718.1    695.9
     1     1    21     2     4    23     0     1   -60.0   51.014   83.277   1702.1    721.7
     1     1    21     2     4    22     0     2   -61.0   51.007   82.767   1704.4    746.0
     1     1    21     2     4    21     0     3   -62.0   50.978   82.328   1713.4    768.0
     1     1    21     2     4    20     0     2   -63.0   50.942   81.931   1692.4    787.6
     1     1    21     2     4    19     0     1   -64.0   50.907   81.538   1642.0    797.6
     1     1    21     2     4    18     0     0   -65.0   50.885   81.132   1605.4    804.5
     1     1    21     2     4    17     0     1   -66.0   50.877   80.716   1579.5    809.0
     1     1    21     2     4    16     0     2   -67.0   50.884   80.292   1554.3    813.9
     1     1    21     2     4    15     0     3   -68.0   50.905   79.862   1529.7    819.0
     1     1    21     2     4    14     0     2   -69.0   50.939   79.420   1514.9    822.0
     1     1    21     2     4    13     0     1   -70.0   50.980   78.957   1510.7    822.4
     1     1    21     2     4    12     0     0   -71.0   51.026   78.480   1501.8    825.8
     1     1    21     2     4    11     0     1   -72.0   51.078   77.993   1494.4    831.6
     1     1    21     2     4    10     0     2   -73.0   51.136   77.483   1498.2    827.8
     1     1    21     2     4     9     0     3   -74.0   51.196   76.947   1494.0    824.6
     1     1    21     2     4     8     0     2   -75.0   51.257   76.385   1470.4    824.8
     1     1    21     2     4     7     0     1   -76.0   51.320   75.804   1426.5    826.0
     1     1    21     2     4     6     0     0   -77.0   51.383   75.220   1337.7    831.7
     1     1    21     2     4     5     0     1   -78.0   51.434   74.656   1225.2    845.8
     1     1    21     2     4     4     0     2   -79.0   51.475   74.101   1123.7    853.2
     1     1    21     2     4     3     0     3   -80.0   51.505   73.535   1065.0    857.0
     1     1    21     2     4     2     0     2   -81.0   51.520   72.915   1084.8    847.9
     1     1    21     2     4     1     0     1   -82.0   51.514   72.265   1116.8    842.3
     1     1    21     2     4     0     0     0   -83.0   51.493   71.625   1110.5    845.9
     1     1    21     2     3    23     0     1   -84.0   51.469   70.983   1084.8    849.6
     1     1    21     2     3    22     0     2   -85.0   51.447   70.357   1048.4    855.9
     1     1    21     2     3    21     0     3   -86.0   51.424   69.757   1003.9    862.2
     1     1    21     2     3    20     0     2   -87.0   51.401   69.159    958.9    867.9
     1     1    21     2     3    19     0     1   -88.0   51.384   68.544    923.4    874.3
     1     1    21     2     3    18     0     0   -89.0   51.376   67.920    891.3    879.6
     1     1    21     2     3    17     0     1   -90.0   51.368   67.271    845.1    883.8
     1     1    21     2     3    16     0     2   -91.0   51.341   66.579    790.7    892.2
     1     1    21     2     3    15     0     3   -92.0   51.294   65.863    739.8    900.8
     1     1    21     2     3    14     0     2   -93.0   51.234   65.172    666.3    915.8
     1     1    21     2     3    13     0     1   -94.0   51.150   64.525    580.7    932.8
     1     1    21     2     3    12     0     0   -95.0   51.036   63.886    523.3    939.8
     1     1    21     2     3    11     0     1   -96.0   50.902   63.247    479.5    934.7
     1     1    21     2     3    10     0     2   -97.0   50.752   62.627    444.0    941.4
     1     1    21     2     3     9     0     3   -98.0   50.585   62.025    425.5    948.7
     1     1    21     2     3     8     0     2   -99.0   50.414   61.420    407.7    942.0
     1     1    21     2     3     7     0     1  -100.0   50.247   60.814    389.7    940.3
     1     1    21     2     3     6     0     0  -101.0   50.077   60.213    361.8    942.6
     1     1    21     2     3     5     0     1  -102.0   49.886   59.625    324.5    950.0
     1     1    21     2     3     4     0     2  -103.0   49.668   59.036    307.8    951.1
     1     1    21     2     3     3     0     3  -104.0   49.436   58.458    302.2    946.0
     1     1    21     2     3     2     0     2  -105.0   49.177   57.938    269.7    951.9
     1     1    21     2     3     1     0     1  -106.0   48.879   57.530    219.3    968.0
     1     1    21     2     3     0     0     0  -107.0   48.560   57.208    188.0    975.4
     1     1    21     2     2    23     0     1  -108.0   48.222   56.956    176.8    978.4
     1     1    21     2     2    22     0     2  -109.0   47.863   56.773    174.9    981.8
     1     1    21     2     2    21     0     3  -110.0   47.490   56.659    170.9    987.9
     1     1    21     2     2    20     0     2  -111.0   47.120   56.618    164.5    994.5
     1     1    21     2     2    19     0     1  -112.0   46.770   56.642    156.2    997.7
     1     1    21     2     2    18     0     0  -113.0   46.447   56.724    138.4   1000.5
     1     1    21     2     2    17     0     1  -114.0   46.163   56.853    107.6   1003.7
     1     1    21     2     2    16     0     2  -115.0   45.934   57.006     77.3   1007.0
     1     1    21     2     2    15     0     3  -116.0   45.741   57.170     60.0   1008.1
     1     1    21     2     2    14     0     2  -117.0   45.557   57.328     57.5   1005.9
     1     1    21     2     2    13     0     1  -118.0   45.375   57.469     64.5   1002.7
     1     1    21     2     2    12     0     0  -119.0   45.194   57.597     79.0    998.5
     1     1    21     2     2    11     0     1  -120.0   45.011   57.714    103.4    993.6
