     5     1
    GDAS    21     2     1     0     0
    GDAS    21     2     8     0     0
    GDAS    21     2    15     0     0
    GDAS    21     2    22     0     0
    GDAS    21     3     1     0     0
     1 BACKWARD OMEGA   
    21     2    21    23   37.820  111.540  1500.0
     1 PRESSURE
     1     1    21     2    21    23     0     1     0.0   37.820  111.540   1500.0    732.0
     1     1    21     2    21    22     0     2    -1.0   38.121  111.238   1469.3    745.3
     1     1    21     2    21    21     0     3    -2.0   38.412  110.924   1521.4    745.0
     1     1    21     2    21    20     0     2    -3.0   38.669  110.587   1566.2    734.4
     1     1    21     2    21    19     0     1    -4.0   38.904  110.191   1579.7    726.4
     1     1    21     2    21    18     0     0    -5.0   39.129  109.727   1599.3    717.1
     1     1    21     2    21    17     0     1    -6.0   39.343  109.220   1660.3    706.4
     1     1    21     2    21    16     0     2    -7.0   39.555  108.674   1734.5    693.1
     1     1    21     2    21    15     0     3    -8.0   39.777  108.101   1729.8    696.6
     1     1    21     2    21    14     0     2    -9.0   40.016  107.542   1695.6    707.7
     1     1    21     2    21    13     0     1   -10.0   40.264  107.002   1779.6    697.4
     1     1    21     2    21    12     0     0   -11.0   40.522  106.461   1905.4    686.7
     1     1    21     2    21    11     0     1   -12.0   40.789  105.884   2034.6    678.1
     1     1    21     2    21    10     0     2   -13.0   41.062  105.234   2191.9    653.9
     1     1    21     2    21     9     0     3   -14.0   41.327  104.582   2224.1    650.1
     1     1    21     2    21     8     0     2   -15.0   41.573  103.960   2198.1    667.4
     1     1    21     2    21     7     0     1   -16.0   41.808  103.294   2221.3    667.9
     1     1    21     2    21     6     0     0   -17.0   42.027  102.594   2270.4    668.7
     1     1    21     2    21     5     0     1   -18.0   42.237  101.917   2251.6    666.0
     1     1    21     2    21     4     0     2   -19.0   42.452  101.268   1930.6    666.5
     1     1    21     2    21     3     0     3   -20.0   42.748  100.689   1389.3    725.1
     1     1    21     2    21     2     0     2   -21.0   43.113  100.134   1285.4    781.1
     1     1    21     2    21     1     0     1   -22.0   43.466   99.528   1683.3    695.5
     1     1    21     2    21     0     0     0   -23.0   43.841   98.829   2090.2    665.0
     1     1    21     2    20    23     0     1   -24.0   44.227   97.911   2465.7    597.3
     1     1    21     2    20    22     0     2   -25.0   44.575   96.878   2838.6    596.7
     1     1    21     2    20    21     0     3   -26.0   44.894   95.711   2757.6    584.4
     1     1    21     2    20    20     0     2   -27.0   45.130   94.473   2426.4    593.7
     1     1    21     2    20    19     0     1   -28.0   45.270   93.217   2913.5    560.5
     1     1    21     2    20    18     0     0   -29.0   45.337   91.949   3415.3    560.9
     1     1    21     2    20    17     0     1   -30.0   45.385   90.655   3721.7    535.4
     1     1    21     2    20    16     0     2   -31.0   45.373   89.391   3898.1    557.7
     1     1    21     2    20    15     0     3   -32.0   45.292   88.228   3881.3    578.4
     1     1    21     2    20    14     0     2   -33.0   45.216   87.184   3896.8    588.1
     1     1    21     2    20    13     0     1   -34.0   45.106   86.299   3717.4    610.2
     1     1    21     2    20    12     0     0   -35.0   44.963   85.596   3385.6    639.6
     1     1    21     2    20    11     0     1   -36.0   44.820   85.008   3155.2    650.1
     1     1    21     2    20    10     0     2   -37.0   44.669   84.290   3098.2    604.6
     1     1    21     2    20     9     0     3   -38.0   44.537   83.353   3070.5    578.2
     1     1    21     2    20     8     0     2   -39.0   44.414   82.439   2896.2    605.5
     1     1    21     2    20     7     0     1   -40.0   44.275   81.595   2886.5    618.1
     1     1    21     2    20     6     0     0   -41.0   44.113   80.860   2864.9    647.6
     1     1    21     2    20     5     0     1   -42.0   43.985   80.288   2812.5    670.0
     1     1    21     2    20     4     0     2   -43.0   43.883   79.766   2725.8    663.9
     1     1    21     2    20     3     0     3   -44.0   43.755   79.239   2689.7    648.2
     1     1    21     2    20     2     0     2   -45.0   43.589   78.644   2708.8    610.1
     1     1    21     2    20     1     0     1   -46.0   43.402   77.888   2795.8    554.7
     1     1    21     2    20     0     0     0   -47.0   43.214   76.973   2954.5    500.4
     1     1    21     2    19    23     0     1   -48.0   43.009   75.964   3217.9    537.2
     1     1    21     2    19    22     0     2   -49.0   42.749   74.933   3446.9    560.7
     1     1    21     2    19    21     0     3   -50.0   42.426   73.775   3715.0    510.3
     1     1    21     2    19    20     0     2   -51.0   41.978   72.484   3397.8    482.1
     1     1    21     2    19    19     0     1   -52.0   41.469   71.256   3384.7    524.8
     1     1    21     2    19    18     0     0   -53.0   41.016   70.319   3045.2    608.9
     1     1    21     2    19    17     0     1   -54.0   40.623   69.573   2777.2    650.4
     1     1    21     2    19    16     0     2   -55.0   40.261   69.011   2757.1    670.4
     1     1    21     2    19    15     0     3   -56.0   39.877   68.472   2810.1    648.4
     1     1    21     2    19    14     0     2   -57.0   39.398   67.707   2857.8    573.3
     1     1    21     2    19    13     0     1   -58.0   38.879   66.913   2991.5    631.8
     1     1    21     2    19    12     0     0   -59.0   38.395   66.234   3002.0    652.7
     1     1    21     2    19    11     0     1   -60.0   37.940   65.604   2885.9    678.6
     1     1    21     2    19    10     0     2   -61.0   37.481   64.991   2796.2    709.2
     1     1    21     2    19     9     0     3   -62.0   36.997   64.376   2695.9    701.1
     1     1    21     2    19     8     0     2   -63.0   36.507   63.770   2560.9    698.2
     1     1    21     2    19     7     0     1   -64.0   36.031   63.181   2436.3    706.2
     1     1    21     2    19     6     0     0   -65.0   35.562   62.622   2231.4    707.6
     1     1    21     2    19     5     0     1   -66.0   35.134   62.087   2179.2    719.1
     1     1    21     2    19     4     0     2   -67.0   34.773   61.530   2202.5    691.8
     1     1    21     2    19     3     0     3   -68.0   34.455   60.983   2157.9    719.4
     1     1    21     2    19     2     0     2   -69.0   34.172   60.417   2047.1    710.3
     1     1    21     2    19     1     0     1   -70.0   33.886   59.817   2036.8    710.2
     1     1    21     2    19     0     0     0   -71.0   33.552   59.061   2782.8    648.6
     1     1    21     2    18    23     0     1   -72.0   33.133   58.185   3621.5    562.9
     1     1    21     2    18    22     0     2   -73.0   32.714   57.353   3865.1    561.3
     1     1    21     2    18    21     0     3   -74.0   32.332   56.601   3572.5    594.9
     1     1    21     2    18    20     0     2   -75.0   31.847   55.754   4355.5    477.7
     1     1    21     2    18    19     0     1   -76.0   31.279   54.890   3917.3    519.6
     1     1    21     2    18    18     0     0   -77.0   30.770   54.071   3419.7    547.0
     1     1    21     2    18    17     0     1   -78.0   30.168   53.150   3629.5    500.7
     1     1    21     2    18    16     0     2   -79.0   29.537   52.200   3224.6    570.8
     1     1    21     2    18    15     0     3   -80.0   29.085   51.359   3031.8    673.0
     1     1    21     2    18    14     0     2   -81.0   28.756   50.576   2879.7    720.7
     1     1    21     2    18    13     0     1   -82.0   28.336   49.883   2853.1    722.0
     1     1    21     2    18    12     0     0   -83.0   27.849   49.155   2898.7    717.7
     1     1    21     2    18    11     0     1   -84.0   27.324   48.401   2872.7    710.9
     1     1    21     2    18    10     0     2   -85.0   26.734   47.672   2948.8    694.6
     1     1    21     2    18     9     0     3   -86.0   26.048   47.034   2983.1    657.8
     1     1    21     2    18     8     0     2   -87.0   25.352   46.464   3012.7    662.1
     1     1    21     2    18     7     0     1   -88.0   24.726   45.825   3219.5    630.9
     1     1    21     2    18     6     0     0   -89.0   24.183   45.185   3083.8    603.0
     1     1    21     2    18     5     0     1   -90.0   23.691   44.650   2681.8    674.7
     1     1    21     2    18     4     0     2   -91.0   23.250   44.087   2412.4    679.0
     1     1    21     2    18     3     0     3   -92.0   22.833   43.504   2156.4    698.9
     1     1    21     2    18     2     0     2   -93.0   22.458   42.981   1985.3    724.2
     1     1    21     2    18     1     0     1   -94.0   22.131   42.510   1772.6    725.9
     1     1    21     2    18     0     0     0   -95.0   21.801   42.074   1454.4    747.9
     1     1    21     2    17    23     0     1   -96.0   21.429   41.601   1441.6    762.2
     1     1    21     2    17    22     0     2   -97.0   21.006   41.017   2108.6    679.0
     1     1    21     2    17    21     0     3   -98.0   20.573   40.446   2627.5    644.5
     1     1    21     2    17    20     0     2   -99.0   20.144   40.120   2493.7    733.1
     1     1    21     2    17    19     0     1  -100.0   19.773   39.929   2294.3    779.3
     1     1    21     2    17    18     0     0  -101.0   19.454   39.778   2214.4    792.1
     1     1    21     2    17    17     0     1  -102.0   19.184   39.603   2312.4    781.6
     1     1    21     2    17    16     0     2  -103.0   18.964   39.393   2619.5    756.2
     1     1    21     2    17    15     0     3  -104.0   18.782   39.148   3342.5    703.3
     1     1    21     2    17    14     0     2  -105.0   18.551   38.818   3973.3    602.6
     1     1    21     2    17    13     0     1  -106.0   18.271   38.432   4264.6    581.9
     1     1    21     2    17    12     0     0  -107.0   17.928   38.015   4322.5    566.7
     1     1    21     2    17    11     0     1  -108.0   17.547   37.592   4288.4    559.9
     1     1    21     2    17    10     0     2  -109.0   17.137   37.180   4332.3    557.4
     1     1    21     2    17     9     0     3  -110.0   16.719   36.797   4430.3    554.8
     1     1    21     2    17     8     0     2  -111.0   16.315   36.451   4469.8    556.2
     1     1    21     2    17     7     0     1  -112.0   15.915   36.126   4488.1    564.9
     1     1    21     2    17     6     0     0  -113.0   15.490   35.821   4543.8    558.2
     1     1    21     2    17     5     0     1  -114.0   15.056   35.536   4600.6    549.5
     1     1    21     2    17     4     0     2  -115.0   14.621   35.263   4638.6    544.8
     1     1    21     2    17     3     0     3  -116.0   14.183   34.997   4622.7    546.3
     1     1    21     2    17     2     0     2  -117.0   13.750   34.775   4573.5    554.8
     1     1    21     2    17     1     0     1  -118.0   13.321   34.638   4583.6    556.4
     1     1    21     2    17     0     0     0  -119.0   12.884   34.585   4662.2    548.4
     1     1    21     2    16    23     0     1  -120.0   12.447   34.603   4723.5    539.6
