     5     1
    GDAS    21     2     1     0     0
    GDAS    21     2     8     0     0
    GDAS    21     2    15     0     0
    GDAS    21     2    22     0     0
    GDAS    21     3     1     0     0
     1 BACKWARD OMEGA   
    21     2    21    11   37.820  111.540  1500.0
     1 PRESSURE
     1     1    21     2    21    11     0     1     0.0   37.820  111.540   1500.0    729.2
     1     1    21     2    21    10     0     2    -1.0   38.049  111.121   1598.4    723.9
     1     1    21     2    21     9     0     3    -2.0   38.243  110.713   1634.2    728.2
     1     1    21     2    21     8     0     2    -3.0   38.426  110.324   1635.3    724.7
     1     1    21     2    21     7     0     1    -4.0   38.604  109.960   1535.4    722.8
     1     1    21     2    21     6     0     0    -5.0   38.752  109.646   1397.4    739.5
     1     1    21     2    21     5     0     1    -6.0   38.908  109.352   1329.1    743.9
     1     1    21     2    21     4     0     2    -7.0   39.104  109.044   1338.7    736.5
     1     1    21     2    21     3     0     3    -8.0   39.329  108.723   1384.3    725.9
     1     1    21     2    21     2     0     2    -9.0   39.577  108.400   1440.9    721.2
     1     1    21     2    21     1     0     1   -10.0   39.834  108.070   1510.7    720.9
     1     1    21     2    21     0     0     0   -11.0   40.107  107.695   1610.5    714.5
     1     1    21     2    20    23     0     1   -12.0   40.411  107.255   1735.7    699.1
     1     1    21     2    20    22     0     2   -13.0   40.721  106.775   1787.5    692.4
     1     1    21     2    20    21     0     3   -14.0   41.037  106.280   1742.3    694.3
     1     1    21     2    20    20     0     2   -15.0   41.346  105.829   1666.6    709.2
     1     1    21     2    20    19     0     1   -16.0   41.648  105.401   1535.2    720.2
     1     1    21     2    20    18     0     0   -17.0   41.941  104.908   1349.2    742.4
     1     1    21     2    20    17     0     1   -18.0   42.254  104.375   1237.4    752.7
     1     1    21     2    20    16     0     2   -19.0   42.601  103.807   1187.3    740.8
     1     1    21     2    20    15     0     3   -20.0   42.963  103.193    997.9    750.3
     1     1    21     2    20    14     0     2   -21.0   43.290  102.544    889.5    779.6
     1     1    21     2    20    13     0     1   -22.0   43.575  101.885   1001.8    759.5
     1     1    21     2    20    12     0     0   -23.0   43.838  101.274   1120.3    755.8
     1     1    21     2    20    11     0     1   -24.0   44.096  100.643   1147.8    749.5
     1     1    21     2    20    10     0     2   -25.0   44.326  100.014    877.4    737.5
     1     1    21     2    20     9     0     3   -26.0   44.517   99.475    682.2    782.7
     1     1    21     2    20     8     0     2   -27.0   44.768   98.900    881.9    730.7
     1     1    21     2    20     7     0     1   -28.0   45.093   98.235   1122.3    652.1
     1     1    21     2    20     6     0     0   -29.0   45.480   97.497   1170.4    675.6
     1     1    21     2    20     5     0     1   -30.0   45.817   96.751    897.8    714.9
     1     1    21     2    20     4     0     2   -31.0   45.968   96.247    606.7    783.7
     1     1    21     2    20     3     0     3   -32.0   46.015   95.965    401.7    816.4
     1     1    21     2    20     2     0     2   -33.0   46.021   95.832    281.5    825.9
     1     1    21     2    20     1     0     1   -34.0   46.008   95.770    208.9    832.5
     1     1    21     2    20     0     0     0   -35.0   45.984   95.756    169.4    835.7
     1     1    21     2    19    23     0     1   -36.0   45.952   95.770    146.5    836.1
     1     1    21     2    19    22     0     2   -37.0   45.912   95.813    130.3    836.6
     1     1    21     2    19    21     0     3   -38.0   45.862   95.884    120.3    836.9
     1     1    21     2    19    20     0     2   -39.0   45.802   95.968    116.5    837.7
     1     1    21     2    19    19     0     1   -40.0   45.744   96.038    113.6    837.1
     1     1    21     2    19    18     0     0   -41.0   45.696   96.089    108.9    836.3
     1     1    21     2    19    17     0     1   -42.0   45.651   96.123    100.2    836.3
     1     1    21     2    19    16     0     2   -43.0   45.604   96.148     86.6    837.8
     1     1    21     2    19    15     0     3   -44.0   45.555   96.167     71.1    840.0
     1     1    21     2    19    14     0     2   -45.0   45.510   96.190     56.8    842.1
     1     1    21     2    19    13     0     1   -46.0   45.473   96.227     44.3    842.8
     1     1    21     2    19    12     0     0   -47.0   45.444   96.277     33.4    842.8
     1     1    21     2    19    11     0     1   -48.0   45.424   96.334     25.8    842.4
     1     1    21     2    19    10     0     2   -49.0   45.410   96.388     21.7    841.4
     1     1    21     2    19     9     0     3   -50.0   45.401   96.438     19.7    840.3
     1     1    21     2    19     8     0     2   -51.0   45.394   96.476     27.2    839.6
     1     1    21     2    19     7     0     1   -52.0   45.388   96.496     57.0    837.1
     1     1    21     2    19     6     0     0   -53.0   45.381   96.498    105.5    831.9
     1     1    21     2    19     5     0     1   -54.0   45.375   96.483    154.3    827.0
     1     1    21     2    19     4     0     2   -55.0   45.371   96.456    197.1    824.5
     1     1    21     2    19     3     0     3   -56.0   45.370   96.416    239.1    822.9
     1     1    21     2    19     2     0     2   -57.0   45.374   96.363    283.8    820.2
     1     1    21     2    19     1     0     1   -58.0   45.384   96.294    329.5    817.6
     1     1    21     2    19     0     0     0   -59.0   45.399   96.213    370.1    816.1
     1     1    21     2    18    23     0     1   -60.0   45.417   96.128    398.6    816.2
     1     1    21     2    18    22     0     2   -61.0   45.437   96.044    414.7    817.9
     1     1    21     2    18    21     0     3   -62.0   45.455   95.957    426.7    816.9
     1     1    21     2    18    20     0     2   -63.0   45.470   95.857    456.5    810.8
     1     1    21     2    18    19     0     1   -64.0   45.479   95.730    516.6    799.0
     1     1    21     2    18    18     0     0   -65.0   45.486   95.572    607.3    783.6
     1     1    21     2    18    17     0     1   -66.0   45.499   95.372    724.3    763.4
     1     1    21     2    18    16     0     2   -67.0   45.527   95.131    873.2    742.9
     1     1    21     2    18    15     0     3   -68.0   45.598   94.853   1048.8    723.2
     1     1    21     2    18    14     0     2   -69.0   45.727   94.532   1162.7    701.0
     1     1    21     2    18    13     0     1   -70.0   45.908   94.149   1194.4    673.1
     1     1    21     2    18    12     0     0   -71.0   46.130   93.686   1252.7    666.8
     1     1    21     2    18    11     0     1   -72.0   46.322   93.174   1384.7    667.1
     1     1    21     2    18    10     0     2   -73.0   46.484   92.626   1552.4    654.8
     1     1    21     2    18     9     0     3   -74.0   46.656   91.976   1695.7    621.4
     1     1    21     2    18     8     0     2   -75.0   46.826   91.284   1788.4    607.1
     1     1    21     2    18     7     0     1   -76.0   46.973   90.657   1854.1    619.1
     1     1    21     2    18     6     0     0   -77.0   47.112   90.074   1984.9    635.2
     1     1    21     2    18     5     0     1   -78.0   47.239   89.502   2129.2    641.3
     1     1    21     2    18     4     0     2   -79.0   47.325   88.944   2169.3    666.1
     1     1    21     2    18     3     0     3   -80.0   47.388   88.428   2178.6    680.4
     1     1    21     2    18     2     0     2   -81.0   47.452   87.942   2240.3    682.0
     1     1    21     2    18     1     0     1   -82.0   47.516   87.484   2313.9    682.7
     1     1    21     2    18     0     0     0   -83.0   47.577   87.077   2387.3    691.8
     1     1    21     2    17    23     0     1   -84.0   47.633   86.674   2438.7    680.9
     1     1    21     2    17    22     0     2   -85.0   47.683   86.232   2448.5    672.3
     1     1    21     2    17    21     0     3   -86.0   47.721   85.767   2416.7    677.7
     1     1    21     2    17    20     0     2   -87.0   47.744   85.300   2412.1    688.3
     1     1    21     2    17    19     0     1   -88.0   47.756   84.818   2450.0    686.7
     1     1    21     2    17    18     0     0   -89.0   47.764   84.328   2444.3    688.9
     1     1    21     2    17    17     0     1   -90.0   47.756   83.845   2375.9    701.9
     1     1    21     2    17    16     0     2   -91.0   47.720   83.368   2310.3    712.1
     1     1    21     2    17    15     0     3   -92.0   47.649   82.880   2269.3    713.7
     1     1    21     2    17    14     0     2   -93.0   47.561   82.383   2217.7    710.4
     1     1    21     2    17    13     0     1   -94.0   47.460   81.893   2147.5    717.9
     1     1    21     2    17    12     0     0   -95.0   47.341   81.438   2073.0    730.9
     1     1    21     2    17    11     0     1   -96.0   47.212   81.048   2003.4    746.5
     1     1    21     2    17    10     0     2   -97.0   47.082   80.718   1959.5    759.6
     1     1    21     2    17     9     0     3   -98.0   46.954   80.414   1947.0    763.5
     1     1    21     2    17     8     0     2   -99.0   46.827   80.118   1942.7    763.9
     1     1    21     2    17     7     0     1  -100.0   46.702   79.833   1938.7    765.7
     1     1    21     2    17     6     0     0  -101.0   46.572   79.565   1937.1    766.2
     1     1    21     2    17     5     0     1  -102.0   46.436   79.305   1934.9    766.4
     1     1    21     2    17     4     0     2  -103.0   46.297   79.045   1926.8    767.9
     1     1    21     2    17     3     0     3  -104.0   46.160   78.796   1916.9    770.3
     1     1    21     2    17     2     0     2  -105.0   46.024   78.561   1913.5    772.6
     1     1    21     2    17     1     0     1  -106.0   45.886   78.342   1910.2    767.6
     1     1    21     2    17     0     0     0  -107.0   45.749   78.143   1913.8    767.0
     1     1    21     2    16    23     0     1  -108.0   45.614   77.964   1920.6    770.2
     1     1    21     2    16    22     0     2  -109.0   45.483   77.795   1921.7    769.4
     1     1    21     2    16    21     0     3  -110.0   45.355   77.628   1922.1    768.5
     1     1    21     2    16    20     0     2  -111.0   45.232   77.467   1925.7    768.4
     1     1    21     2    16    19     0     1  -112.0   45.120   77.315   1939.6    767.2
     1     1    21     2    16    18     0     0  -113.0   45.021   77.168   1969.2    765.0
     1     1    21     2    16    17     0     1  -114.0   44.939   77.016   2018.8    760.0
     1     1    21     2    16    16     0     2  -115.0   44.874   76.854   2082.2    752.4
     1     1    21     2    16    15     0     3  -116.0   44.824   76.686   2152.4    744.8
     1     1    21     2    16    14     0     2  -117.0   44.787   76.506   2212.4    736.7
     1     1    21     2    16    13     0     1  -118.0   44.760   76.311   2246.5    732.4
     1     1    21     2    16    12     0     0  -119.0   44.750   76.106   2255.4    730.8
     1     1    21     2    16    11     0     1  -120.0   44.743   75.900   2255.7    731.8
