     5     1
    GDAS    21     2     1     0     0
    GDAS    21     2     8     0     0
    GDAS    21     2    15     0     0
    GDAS    21     2    22     0     0
    GDAS    21     3     1     0     0
     1 BACKWARD OMEGA   
    21     2     9    23   37.820  111.540  1500.0
     1 PRESSURE
     1     1    21     2     9    23     0     1     0.0   37.820  111.540   1500.0    731.2
     1     1    21     2     9    22     0     2    -1.0   37.889  111.498   1577.6    725.1
     1     1    21     2     9    21     0     3    -2.0   38.022  111.459   1676.3    716.9
     1     1    21     2     9    20     0     2    -3.0   38.212  111.402   1774.2    705.2
     1     1    21     2     9    19     0     1    -4.0   38.435  111.305   1865.8    700.0
     1     1    21     2     9    18     0     0    -5.0   38.690  111.183   1975.8    696.0
     1     1    21     2     9    17     0     1    -6.0   38.964  111.037   2134.3    694.0
     1     1    21     2     9    16     0     2    -7.0   39.259  110.851   2311.6    670.5
     1     1    21     2     9    15     0     3    -8.0   39.592  110.627   2494.3    645.2
     1     1    21     2     9    14     0     2    -9.0   39.960  110.385   2678.4    619.0
     1     1    21     2     9    13     0     1   -10.0   40.336  110.114   2885.7    597.9
     1     1    21     2     9    12     0     0   -11.0   40.738  109.832   3181.1    576.6
     1     1    21     2     9    11     0     1   -12.0   41.194  109.566   3497.8    551.3
     1     1    21     2     9    10     0     2   -13.0   41.672  109.291   3716.4    529.8
     1     1    21     2     9     9     0     3   -14.0   42.223  109.085   3917.0    514.6
     1     1    21     2     9     8     0     2   -15.0   42.809  108.902   4130.9    510.4
     1     1    21     2     9     7     0     1   -16.0   43.326  108.642   4298.4    513.1
     1     1    21     2     9     6     0     0   -17.0   43.820  108.387   4528.5    509.9
     1     1    21     2     9     5     0     1   -18.0   44.395  108.189   4812.4    479.0
     1     1    21     2     9     4     0     2   -19.0   44.983  107.952   4975.1    457.9
     1     1    21     2     9     3     0     3   -20.0   45.637  107.745   5089.5    447.8
     1     1    21     2     9     2     0     2   -21.0   46.457  107.593   5262.4    423.7
     1     1    21     2     9     1     0     1   -22.0   47.215  107.290   5416.9    408.7
     1     1    21     2     9     0     0     0   -23.0   48.144  107.033   5487.0    398.4
     1     1    21     2     8    23     0     1   -24.0   49.118  106.654   5626.9    414.7
     1     1    21     2     8    22     0     2   -25.0   49.847  106.083   5752.9    425.7
     1     1    21     2     8    21     0     3   -26.0   50.594  105.512   5788.1    409.2
     1     1    21     2     8    20     0     2   -27.0   51.428  104.801   5890.6    396.1
     1     1    21     2     8    19     0     1   -28.0   52.135  103.996   6194.5    404.8
     1     1    21     2     8    18     0     0   -29.0   52.915  103.134   6480.6    394.1
     1     1    21     2     8    17     0     1   -30.0   53.642  102.068   6708.3    383.2
     1     1    21     2     8    16     0     2   -31.0   54.254  100.863   6827.4    375.2
     1     1    21     2     8    15     0     3   -32.0   54.858   99.496   6863.3    372.2
     1     1    21     2     8    14     0     2   -33.0   55.389   97.944   6855.6    371.6
     1     1    21     2     8    13     0     1   -34.0   55.796   96.212   6920.8    378.3
     1     1    21     2     8    12     0     0   -35.0   56.064   94.216   6991.1    375.9
     1     1    21     2     8    11     0     1   -36.0   56.158   92.008   6922.2    371.3
     1     1    21     2     8    10     0     2   -37.0   56.056   89.669   6918.9    379.6
     1     1    21     2     8     9     0     3   -38.0   55.730   87.286   6914.8    379.7
     1     1    21     2     8     8     0     2   -39.0   55.243   84.912   6842.4    387.0
     1     1    21     2     8     7     0     1   -40.0   54.608   82.505   6738.8    393.4
     1     1    21     2     8     6     0     0   -41.0   53.878   80.210   6460.2    411.7
     1     1    21     2     8     5     0     1   -42.0   53.016   78.157   6117.4    432.0
     1     1    21     2     8     4     0     2   -43.0   52.169   76.160   5815.0    453.1
     1     1    21     2     8     3     0     3   -44.0   51.327   74.209   5344.9    470.6
     1     1    21     2     8     2     0     2   -45.0   50.447   72.366   4802.4    500.8
     1     1    21     2     8     1     0     1   -46.0   49.616   70.512   4482.3    529.3
     1     1    21     2     8     0     0     0   -47.0   48.865   68.787   4307.5    538.4
     1     1    21     2     7    23     0     1   -48.0   48.105   67.046   4086.5    555.6
     1     1    21     2     7    22     0     2   -49.0   47.454   65.358   3815.8    600.9
     1     1    21     2     7    21     0     3   -50.0   46.948   63.719   3646.9    623.7
     1     1    21     2     7    20     0     2   -51.0   46.499   62.131   3507.8    636.9
     1     1    21     2     7    19     0     1   -52.0   46.120   60.544   3384.4    654.3
     1     1    21     2     7    18     0     0   -53.0   45.845   58.876   3330.2    653.2
     1     1    21     2     7    17     0     1   -54.0   45.644   57.187   3420.4    640.2
     1     1    21     2     7    16     0     2   -55.0   45.516   55.489   3410.8    649.9
     1     1    21     2     7    15     0     3   -56.0   45.427   53.760   3390.4    656.8
     1     1    21     2     7    14     0     2   -57.0   45.401   52.010   3360.2    662.0
     1     1    21     2     7    13     0     1   -58.0   45.411   50.273   3413.4    657.5
     1     1    21     2     7    12     0     0   -59.0   45.426   48.542   3501.3    649.2
     1     1    21     2     7    11     0     1   -60.0   45.459   46.836   3490.9    651.0
     1     1    21     2     7    10     0     2   -61.0   45.514   45.217   3470.0    651.3
     1     1    21     2     7     9     0     3   -62.0   45.585   43.648   3472.1    642.0
     1     1    21     2     7     8     0     2   -63.0   45.698   42.137   3472.6    634.4
     1     1    21     2     7     7     0     1   -64.0   45.847   40.709   3476.8    642.0
     1     1    21     2     7     6     0     0   -65.0   46.028   39.342   3428.1    652.5
     1     1    21     2     7     5     0     1   -66.0   46.255   38.051   3410.9    657.8
     1     1    21     2     7     4     0     2   -67.0   46.534   36.782   3450.9    648.3
     1     1    21     2     7     3     0     3   -68.0   46.838   35.471   3459.5    644.9
     1     1    21     2     7     2     0     2   -69.0   47.136   34.138   3452.7    645.1
     1     1    21     2     7     1     0     1   -70.0   47.428   32.831   3481.7    644.6
     1     1    21     2     7     0     0     0   -71.0   47.691   31.517   3471.9    640.9
     1     1    21     2     6    23     0     1   -72.0   47.925   30.214   3455.8    640.9
     1     1    21     2     6    22     0     2   -73.0   48.140   28.982   3424.6    636.1
     1     1    21     2     6    21     0     3   -74.0   48.324   27.846   3373.3    644.3
     1     1    21     2     6    20     0     2   -75.0   48.495   26.777   3317.6    645.4
     1     1    21     2     6    19     0     1   -76.0   48.661   25.758   3263.6    640.5
     1     1    21     2     6    18     0     0   -77.0   48.812   24.752   3170.6    642.3
     1     1    21     2     6    17     0     1   -78.0   48.937   23.769   3052.0    642.6
     1     1    21     2     6    16     0     2   -79.0   49.057   22.796   2922.6    642.7
     1     1    21     2     6    15     0     3   -80.0   49.151   21.969   2862.5    676.7
     1     1    21     2     6    14     0     2   -81.0   49.242   21.213   2793.0    675.2
     1     1    21     2     6    13     0     1   -82.0   49.344   20.418   2765.8    661.1
     1     1    21     2     6    12     0     0   -83.0   49.463   19.558   2827.5    653.9
     1     1    21     2     6    11     0     1   -84.0   49.552   18.801   2823.8    669.3
     1     1    21     2     6    10     0     2   -85.0   49.624   18.146   2835.2    679.9
     1     1    21     2     6     9     0     3   -86.0   49.696   17.512   2853.2    673.2
     1     1    21     2     6     8     0     2   -87.0   49.757   16.849   2847.5    665.6
     1     1    21     2     6     7     0     1   -88.0   49.812   16.197   2887.7    677.9
     1     1    21     2     6     6     0     0   -89.0   49.871   15.560   2930.1    671.4
     1     1    21     2     6     5     0     1   -90.0   49.926   14.923   2931.7    667.8
     1     1    21     2     6     4     0     2   -91.0   49.964   14.272   2948.9    668.3
     1     1    21     2     6     3     0     3   -92.0   49.990   13.585   3024.8    652.8
     1     1    21     2     6     2     0     2   -93.0   49.999   12.830   3041.9    634.3
     1     1    21     2     6     1     0     1   -94.0   49.982   12.048   3056.6    641.1
     1     1    21     2     6     0     0     0   -95.0   49.964   11.277   3226.7    644.4
     1     1    21     2     5    23     0     1   -96.0   49.963   10.506   3550.3    621.0
     1     1    21     2     5    22     0     2   -97.0   49.915    9.708   3723.9    611.6
     1     1    21     2     5    21     0     3   -98.0   49.821    8.946   3744.2    617.3
     1     1    21     2     5    20     0     2   -99.0   49.710    8.214   3737.0    614.7
     1     1    21     2     5    19     0     1  -100.0   49.586    7.451   3783.1    607.8
     1     1    21     2     5    18     0     0  -101.0   49.441    6.648   3858.5    600.7
     1     1    21     2     5    17     0     1  -102.0   49.270    5.775   3929.3    593.1
     1     1    21     2     5    16     0     2  -103.0   49.067    4.862   3968.7    598.1
     1     1    21     2     5    15     0     3  -104.0   48.831    3.947   4045.1    596.0
     1     1    21     2     5    14     0     2  -105.0   48.563    3.076   4111.6    593.6
     1     1    21     2     5    13     0     1  -106.0   48.267    2.235   4145.0    589.1
     1     1    21     2     5    12     0     0  -107.0   47.941    1.363   4128.0    591.0
     1     1    21     2     5    11     0     1  -108.0   47.614    0.516   4156.6    589.9
     1     1    21     2     5    10     0     2  -109.0   47.269   -0.241   4196.7    589.9
     1     1    21     2     5     9     0     3  -110.0   46.889   -0.979   4264.9    584.7
     1     1    21     2     5     8     0     2  -111.0   46.503   -1.682   4317.6    583.7
     1     1    21     2     5     7     0     1  -112.0   46.104   -2.345   4308.4    585.4
     1     1    21     2     5     6     0     0  -113.0   45.694   -2.977   4249.5    590.7
     1     1    21     2     5     5     0     1  -114.0   45.293   -3.524   4159.4    598.0
     1     1    21     2     5     4     0     2  -115.0   44.893   -3.991   4070.7    607.5
     1     1    21     2     5     3     0     3  -116.0   44.497   -4.398   4030.6    612.0
     1     1    21     2     5     2     0     2  -117.0   44.100   -4.760   4027.2    610.3
     1     1    21     2     5     1     0     1  -118.0   43.664   -5.143   3916.8    579.7
     1     1    21     2     5     0     0     0  -119.0   43.160   -5.601   3747.8    541.7
     1     1    21     2     4    23     0     1  -120.0   42.591   -6.058   3657.4    545.4
