     5     1
    GDAS    21     2     1     0     0
    GDAS    21     2     8     0     0
    GDAS    21     2    15     0     0
    GDAS    21     2    22     0     0
    GDAS    21     3     1     0     0
     1 BACKWARD OMEGA   
    21     2    15    23   37.820  111.540  1000.0
     1 PRESSURE
     1     1    21     2    15    23     0     1     0.0   37.820  111.540   1000.0    774.2
     1     1    21     2    15    22     0     2    -1.0   38.316  111.123   1222.3    756.2
     1     1    21     2    15    21     0     3    -2.0   38.778  110.715   1294.1    749.8
     1     1    21     2    15    20     0     2    -3.0   39.221  110.319   1299.7    749.0
     1     1    21     2    15    19     0     1    -4.0   39.672  109.876   1348.9    731.1
     1     1    21     2    15    18     0     0    -5.0   40.117  109.361   1403.8    713.7
     1     1    21     2    15    17     0     1    -6.0   40.543  108.885   1362.2    729.2
     1     1    21     2    15    16     0     2    -7.0   40.963  108.588   1231.6    767.6
     1     1    21     2    15    15     0     3    -8.0   41.389  108.401   1091.4    773.9
     1     1    21     2    15    14     0     2    -9.0   41.841  108.221    988.5    767.9
     1     1    21     2    15    13     0     1   -10.0   42.283  108.063    940.1    783.9
     1     1    21     2    15    12     0     0   -11.0   42.700  107.926    960.3    798.0
     1     1    21     2    15    11     0     1   -12.0   43.111  107.756    967.9    794.1
     1     1    21     2    15    10     0     2   -13.0   43.557  107.513    931.1    789.4
     1     1    21     2    15     9     0     3   -14.0   44.052  107.153   1005.7    771.2
     1     1    21     2    15     8     0     2   -15.0   44.553  106.659   1191.2    743.9
     1     1    21     2    15     7     0     1   -16.0   45.018  106.117   1365.4    734.4
     1     1    21     2    15     6     0     0   -17.0   45.528  105.493   1510.7    703.9
     1     1    21     2    15     5     0     1   -18.0   46.135  104.843   1522.3    696.5
     1     1    21     2    15     4     0     2   -19.0   46.764  104.174   1561.9    691.5
     1     1    21     2    15     3     0     3   -20.0   47.424  103.475   1639.0    673.0
     1     1    21     2    15     2     0     2   -21.0   48.109  102.808   1774.3    676.0
     1     1    21     2    15     1     0     1   -22.0   48.950  102.031   1950.3    649.5
     1     1    21     2    15     0     0     0   -23.0   49.837  101.173   1939.5    642.3
     1     1    21     2    14    23     0     1   -24.0   50.814  100.057   2108.9    611.7
     1     1    21     2    14    22     0     2   -25.0   51.925   98.740   2712.0    525.6
     1     1    21     2    14    21     0     3   -26.0   52.952   97.426   2476.2    604.3
     1     1    21     2    14    20     0     2   -27.0   53.806   96.114   2140.4    632.9
     1     1    21     2    14    19     0     1   -28.0   54.435   94.935   1960.0    714.7
     1     1    21     2    14    18     0     0   -29.0   54.839   93.955   1715.7    749.5
     1     1    21     2    14    17     0     1   -30.0   55.225   93.002   1562.5    779.0
     1     1    21     2    14    16     0     2   -31.0   55.577   92.105   1493.5    793.4
     1     1    21     2    14    15     0     3   -32.0   55.898   91.242   1438.5    815.4
     1     1    21     2    14    14     0     2   -33.0   56.166   90.415   1363.7    830.6
     1     1    21     2    14    13     0     1   -34.0   56.412   89.610   1300.5    840.3
     1     1    21     2    14    12     0     0   -35.0   56.644   88.841   1257.0    850.3
     1     1    21     2    14    11     0     1   -36.0   56.862   88.113   1215.9    857.7
     1     1    21     2    14    10     0     2   -37.0   57.067   87.401   1177.7    863.4
     1     1    21     2    14     9     0     3   -38.0   57.266   86.681   1150.0    865.8
     1     1    21     2    14     8     0     2   -39.0   57.454   85.955   1124.9    867.4
     1     1    21     2    14     7     0     1   -40.0   57.627   85.231   1098.9    870.3
     1     1    21     2    14     6     0     0   -41.0   57.788   84.513   1073.4    876.0
     1     1    21     2    14     5     0     1   -42.0   57.936   83.834   1049.5    882.9
     1     1    21     2    14     4     0     2   -43.0   58.073   83.202   1024.0    884.7
     1     1    21     2    14     3     0     3   -44.0   58.198   82.598    995.3    888.3
     1     1    21     2    14     2     0     2   -45.0   58.312   82.001    975.8    891.4
     1     1    21     2    14     1     0     1   -46.0   58.416   81.389    968.2    894.0
     1     1    21     2    14     0     0     0   -47.0   58.512   80.762    965.2    895.7
     1     1    21     2    13    23     0     1   -48.0   58.603   80.111    963.8    892.1
     1     1    21     2    13    22     0     2   -49.0   58.693   79.456    962.3    891.2
     1     1    21     2    13    21     0     3   -50.0   58.781   78.823    957.3    891.3
     1     1    21     2    13    20     0     2   -51.0   58.854   78.177    939.2    891.7
     1     1    21     2    13    19     0     1   -52.0   58.899   77.501    915.0    897.0
     1     1    21     2    13    18     0     0   -53.0   58.918   76.801    903.8    899.2
     1     1    21     2    13    17     0     1   -54.0   58.913   76.093    892.6    898.6
     1     1    21     2    13    16     0     2   -55.0   58.889   75.395    861.8    901.4
     1     1    21     2    13    15     0     3   -56.0   58.849   74.700    814.8    907.3
     1     1    21     2    13    14     0     2   -57.0   58.781   74.010    765.6    914.8
     1     1    21     2    13    13     0     1   -58.0   58.677   73.321    725.0    920.6
     1     1    21     2    13    12     0     0   -59.0   58.547   72.627    686.0    923.9
     1     1    21     2    13    11     0     1   -60.0   58.387   71.943    634.8    930.6
     1     1    21     2    13    10     0     2   -61.0   58.181   71.312    580.3    938.3
     1     1    21     2    13     9     0     3   -62.0   57.919   70.745    531.5    944.5
     1     1    21     2    13     8     0     2   -63.0   57.628   70.255    491.7    950.2
     1     1    21     2    13     7     0     1   -64.0   57.331   69.839    457.5    954.6
     1     1    21     2    13     6     0     0   -65.0   57.025   69.485    420.0    959.4
     1     1    21     2    13     5     0     1   -66.0   56.725   69.210    389.7    963.0
     1     1    21     2    13     4     0     2   -67.0   56.444   69.009    376.6    962.2
     1     1    21     2    13     3     0     3   -68.0   56.181   68.877    371.7    960.5
     1     1    21     2    13     2     0     2   -69.0   55.936   68.787    365.7    959.8
     1     1    21     2    13     1     0     1   -70.0   55.702   68.721    353.7    963.0
     1     1    21     2    13     0     0     0   -71.0   55.475   68.688    338.9    966.5
     1     1    21     2    12    23     0     1   -72.0   55.247   68.694    326.3    970.1
     1     1    21     2    12    22     0     2   -73.0   55.011   68.741    321.3    972.9
     1     1    21     2    12    21     0     3   -74.0   54.776   68.804    324.7    971.8
     1     1    21     2    12    20     0     2   -75.0   54.552   68.856    329.9    969.3
     1     1    21     2    12    19     0     1   -76.0   54.336   68.901    332.8    968.0
     1     1    21     2    12    18     0     0   -77.0   54.119   68.938    338.6    966.2
     1     1    21     2    12    17     0     1   -78.0   53.902   68.961    350.1    961.5
     1     1    21     2    12    16     0     2   -79.0   53.688   68.954    365.1    954.4
     1     1    21     2    12    15     0     3   -80.0   53.475   68.901    378.8    947.4
     1     1    21     2    12    14     0     2   -81.0   53.261   68.802    392.1    941.3
     1     1    21     2    12    13     0     1   -82.0   53.046   68.658    407.4    934.3
     1     1    21     2    12    12     0     0   -83.0   52.835   68.500    420.2    931.4
     1     1    21     2    12    11     0     1   -84.0   52.641   68.347    427.8    930.8
     1     1    21     2    12    10     0     2   -85.0   52.474   68.186    431.1    930.5
     1     1    21     2    12     9     0     3   -86.0   52.333   68.020    428.7    930.8
     1     1    21     2    12     8     0     2   -87.0   52.194   67.849    420.3    932.5
     1     1    21     2    12     7     0     1   -88.0   52.039   67.673    411.9    934.1
     1     1    21     2    12     6     0     0   -89.0   51.879   67.487    416.8    934.9
     1     1    21     2    12     5     0     1   -90.0   51.736   67.293    429.5    933.0
     1     1    21     2    12     4     0     2   -91.0   51.615   67.105    435.3    932.7
     1     1    21     2    12     3     0     3   -92.0   51.512   66.926    429.9    934.2
     1     1    21     2    12     2     0     2   -93.0   51.409   66.753    421.9    937.8
     1     1    21     2    12     1     0     1   -94.0   51.298   66.572    421.0    939.0
     1     1    21     2    12     0     0     0   -95.0   51.185   66.379    425.0    939.1
     1     1    21     2    11    23     0     1   -96.0   51.077   66.187    428.4    939.0
     1     1    21     2    11    22     0     2   -97.0   50.980   66.010    429.5    939.5
     1     1    21     2    11    21     0     3   -98.0   50.892   65.854    427.9    942.7
     1     1    21     2    11    20     0     2   -99.0   50.802   65.713    423.9    945.9
     1     1    21     2    11    19     0     1  -100.0   50.704   65.574    419.7    948.7
     1     1    21     2    11    18     0     0  -101.0   50.600   65.435    417.2    951.1
     1     1    21     2    11    17     0     1  -102.0   50.484   65.289    412.5    953.4
     1     1    21     2    11    16     0     2  -103.0   50.349   65.133    403.6    956.8
     1     1    21     2    11    15     0     3  -104.0   50.194   64.959    395.9    959.8
     1     1    21     2    11    14     0     2  -105.0   50.030   64.784    392.1    961.6
     1     1    21     2    11    13     0     1  -106.0   49.875   64.634    390.0    962.3
     1     1    21     2    11    12     0     0  -107.0   49.729   64.516    387.3    963.1
     1     1    21     2    11    11     0     1  -108.0   49.590   64.426    384.6    964.0
     1     1    21     2    11    10     0     2  -109.0   49.454   64.366    383.4    964.6
     1     1    21     2    11     9     0     3  -110.0   49.318   64.332    386.7    964.5
     1     1    21     2    11     8     0     2  -111.0   49.184   64.311    393.6    963.1
     1     1    21     2    11     7     0     1  -112.0   49.059   64.292    400.0    961.9
     1     1    21     2    11     6     0     0  -113.0   48.942   64.280    402.7    961.2
     1     1    21     2    11     5     0     1  -114.0   48.834   64.279    404.1    961.7
     1     1    21     2    11     4     0     2  -115.0   48.737   64.287    409.7    961.3
     1     1    21     2    11     3     0     3  -116.0   48.651   64.297    422.7    960.0
     1     1    21     2    11     2     0     2  -117.0   48.575   64.299    437.8    957.3
     1     1    21     2    11     1     0     1  -118.0   48.506   64.288    447.2    956.1
     1     1    21     2    11     0     0     0  -119.0   48.441   64.266    449.0    956.0
     1     1    21     2    10    23     0     1  -120.0   48.366   64.249    446.4    957.2
