     5     1
    GDAS    21     2     1     0     0
    GDAS    21     2     8     0     0
    GDAS    21     2    15     0     0
    GDAS    21     2    22     0     0
    GDAS    21     3     1     0     0
     1 BACKWARD OMEGA   
    21     2    17    23   37.820  111.540  1500.0
     1 PRESSURE
     1     1    21     2    17    23     0     1     0.0   37.820  111.540   1500.0    733.8
     1     1    21     2    17    22     0     2    -1.0   38.010  111.239   1541.1    733.5
     1     1    21     2    17    21     0     3    -2.0   38.173  110.951   1538.9    739.9
     1     1    21     2    17    20     0     2    -3.0   38.327  110.674   1511.8    745.9
     1     1    21     2    17    19     0     1    -4.0   38.486  110.406   1487.9    746.2
     1     1    21     2    17    18     0     0    -5.0   38.642  110.146   1463.5    744.1
     1     1    21     2    17    17     0     1    -6.0   38.795  109.888   1439.6    741.2
     1     1    21     2    17    16     0     2    -7.0   38.951  109.625   1420.6    738.9
     1     1    21     2    17    15     0     3    -8.0   39.116  109.355   1407.8    736.1
     1     1    21     2    17    14     0     2    -9.0   39.290  109.081   1405.6    731.6
     1     1    21     2    17    13     0     1   -10.0   39.473  108.804   1425.1    727.3
     1     1    21     2    17    12     0     0   -11.0   39.664  108.529   1474.5    723.6
     1     1    21     2    17    11     0     1   -12.0   39.858  108.254   1538.9    720.7
     1     1    21     2    17    10     0     2   -13.0   40.050  107.972   1588.2    722.2
     1     1    21     2    17     9     0     3   -14.0   40.252  107.677   1611.1    719.5
     1     1    21     2    17     8     0     2   -15.0   40.464  107.374   1641.9    717.9
     1     1    21     2    17     7     0     1   -16.0   40.678  107.071   1722.2    713.2
     1     1    21     2    17     6     0     0   -17.0   40.895  106.767   1857.0    700.6
     1     1    21     2    17     5     0     1   -18.0   41.121  106.470   1952.8    684.1
     1     1    21     2    17     4     0     2   -19.0   41.356  106.184   2003.9    686.6
     1     1    21     2    17     3     0     3   -20.0   41.593  105.914   2066.4    688.7
     1     1    21     2    17     2     0     2   -21.0   41.833  105.653   2137.9    685.1
     1     1    21     2    17     1     0     1   -22.0   42.083  105.386   2195.9    676.7
     1     1    21     2    17     0     0     0   -23.0   42.360  105.115   2209.1    658.3
     1     1    21     2    16    23     0     1   -24.0   42.652  104.832   2186.1    648.9
     1     1    21     2    16    22     0     2   -25.0   42.935  104.527   2167.0    644.8
     1     1    21     2    16    21     0     3   -26.0   43.205  104.208   2197.4    647.0
     1     1    21     2    16    20     0     2   -27.0   43.462  103.885   2256.7    645.0
     1     1    21     2    16    19     0     1   -28.0   43.708  103.565   2303.0    641.7
     1     1    21     2    16    18     0     0   -29.0   43.944  103.248   2344.5    636.4
     1     1    21     2    16    17     0     1   -30.0   44.178  102.937   2399.9    632.6
     1     1    21     2    16    16     0     2   -31.0   44.417  102.639   2454.4    634.5
     1     1    21     2    16    15     0     3   -32.0   44.664  102.354   2484.8    633.6
     1     1    21     2    16    14     0     2   -33.0   44.920  102.078   2497.8    627.6
     1     1    21     2    16    13     0     1   -34.0   45.194  101.797   2480.9    614.2
     1     1    21     2    16    12     0     0   -35.0   45.490  101.495   2445.8    603.7
     1     1    21     2    16    11     0     1   -36.0   45.795  101.183   2425.7    595.5
     1     1    21     2    16    10     0     2   -37.0   46.106  100.877   2454.1    585.6
     1     1    21     2    16     9     0     3   -38.0   46.443  100.566   2539.4    561.7
     1     1    21     2    16     8     0     2   -39.0   46.826  100.228   2638.7    525.5
     1     1    21     2    16     7     0     1   -40.0   47.245   99.875   2708.6    513.9
     1     1    21     2    16     6     0     0   -41.0   47.679   99.521   2719.8    528.3
     1     1    21     2    16     5     0     1   -42.0   48.137   99.145   2677.7    535.2
     1     1    21     2    16     4     0     2   -43.0   48.615   98.728   2637.0    542.6
     1     1    21     2    16     3     0     3   -44.0   49.085   98.272   2627.6    554.3
     1     1    21     2    16     2     0     2   -45.0   49.551   97.739   2693.2    549.9
     1     1    21     2    16     1     0     1   -46.0   50.019   97.117   2852.9    530.4
     1     1    21     2    16     0     0     0   -47.0   50.466   96.449   3074.1    545.8
     1     1    21     2    15    23     0     1   -48.0   50.860   95.749   3136.4    565.0
     1     1    21     2    15    22     0     2   -49.0   51.181   95.025   3114.7    590.5
     1     1    21     2    15    21     0     3   -50.0   51.447   94.282   3061.1    580.0
     1     1    21     2    15    20     0     2   -51.0   51.676   93.512   3061.4    578.3
     1     1    21     2    15    19     0     1   -52.0   51.864   92.740   2964.6    587.2
     1     1    21     2    15    18     0     0   -53.0   52.029   91.950   2936.8    589.0
     1     1    21     2    15    17     0     1   -54.0   52.181   91.152   3003.6    573.6
     1     1    21     2    15    16     0     2   -55.0   52.317   90.353   3107.7    582.1
     1     1    21     2    15    15     0     3   -56.0   52.436   89.534   3127.6    593.7
     1     1    21     2    15    14     0     2   -57.0   52.516   88.647   3151.9    600.5
     1     1    21     2    15    13     0     1   -58.0   52.527   87.779   3180.6    623.1
     1     1    21     2    15    12     0     0   -59.0   52.487   87.006   3200.6    649.9
     1     1    21     2    15    11     0     1   -60.0   52.415   86.300   3177.4    655.1
     1     1    21     2    15    10     0     2   -61.0   52.330   85.598   3138.2    657.5
     1     1    21     2    15     9     0     3   -62.0   52.247   84.893   3082.4    659.4
     1     1    21     2    15     8     0     2   -63.0   52.165   84.186   3020.2    671.5
     1     1    21     2    15     7     0     1   -64.0   52.073   83.485   2944.0    682.2
     1     1    21     2    15     6     0     0   -65.0   51.963   82.786   2858.0    690.9
     1     1    21     2    15     5     0     1   -66.0   51.843   82.118   2797.3    702.7
     1     1    21     2    15     4     0     2   -67.0   51.716   81.480   2763.3    702.0
     1     1    21     2    15     3     0     3   -68.0   51.569   80.847   2732.2    704.3
     1     1    21     2    15     2     0     2   -69.0   51.416   80.234   2708.4    710.4
     1     1    21     2    15     1     0     1   -70.0   51.262   79.656   2686.3    714.4
     1     1    21     2    15     0     0     0   -71.0   51.091   79.106   2671.9    716.4
     1     1    21     2    14    23     0     1   -72.0   50.921   78.584   2666.3    717.1
     1     1    21     2    14    22     0     2   -73.0   50.761   78.103   2654.8    715.9
     1     1    21     2    14    21     0     3   -74.0   50.595   77.676   2630.0    710.0
     1     1    21     2    14    20     0     2   -75.0   50.430   77.292   2600.6    703.3
     1     1    21     2    14    19     0     1   -76.0   50.279   76.936   2576.0    696.1
     1     1    21     2    14    18     0     0   -77.0   50.134   76.606   2557.0    691.5
     1     1    21     2    14    17     0     1   -78.0   49.999   76.293   2542.2    688.6
     1     1    21     2    14    16     0     2   -79.0   49.881   75.984   2533.3    685.3
     1     1    21     2    14    15     0     3   -80.0   49.775   75.686   2529.5    683.5
     1     1    21     2    14    14     0     2   -81.0   49.665   75.404   2531.7    680.9
     1     1    21     2    14    13     0     1   -82.0   49.544   75.148   2539.9    678.5
     1     1    21     2    14    12     0     0   -83.0   49.415   74.921   2556.1    675.5
     1     1    21     2    14    11     0     1   -84.0   49.284   74.739   2574.9    671.6
     1     1    21     2    14    10     0     2   -85.0   49.159   74.612   2587.8    668.1
     1     1    21     2    14     9     0     3   -86.0   49.042   74.537   2590.7    665.5
     1     1    21     2    14     8     0     2   -87.0   48.939   74.502   2599.5    665.8
     1     1    21     2    14     7     0     1   -88.0   48.855   74.492   2628.7    664.4
     1     1    21     2    14     6     0     0   -89.0   48.791   74.506   2679.6    660.7
     1     1    21     2    14     5     0     1   -90.0   48.750   74.532   2742.5    654.5
     1     1    21     2    14     4     0     2   -91.0   48.731   74.560   2803.5    649.2
     1     1    21     2    14     3     0     3   -92.0   48.734   74.591   2859.4    644.2
     1     1    21     2    14     2     0     2   -93.0   48.746   74.628   2909.5    639.6
     1     1    21     2    14     1     0     1   -94.0   48.754   74.677   2956.0    635.2
     1     1    21     2    14     0     0     0   -95.0   48.759   74.735   2998.4    631.1
     1     1    21     2    13    23     0     1   -96.0   48.768   74.804   3045.7    627.6
     1     1    21     2    13    22     0     2   -97.0   48.789   74.885   3106.7    621.9
     1     1    21     2    13    21     0     3   -98.0   48.820   74.978   3180.1    615.0
     1     1    21     2    13    20     0     2   -99.0   48.860   75.081   3259.6    606.8
     1     1    21     2    13    19     0     1  -100.0   48.909   75.196   3337.8    598.7
     1     1    21     2    13    18     0     0  -101.0   48.965   75.328   3407.3    590.6
     1     1    21     2    13    17     0     1  -102.0   49.029   75.480   3461.4    584.6
     1     1    21     2    13    16     0     2  -103.0   49.099   75.643   3498.5    582.0
     1     1    21     2    13    15     0     3  -104.0   49.177   75.806   3519.8    581.1
     1     1    21     2    13    14     0     2  -105.0   49.261   75.958   3539.5    581.4
     1     1    21     2    13    13     0     1  -106.0   49.355   76.090   3571.7    581.5
     1     1    21     2    13    12     0     0  -107.0   49.459   76.199   3615.2    581.1
     1     1    21     2    13    11     0     1  -108.0   49.576   76.273   3668.6    579.9
     1     1    21     2    13    10     0     2  -109.0   49.703   76.320   3736.1    578.1
     1     1    21     2    13     9     0     3  -110.0   49.835   76.379   3827.2    574.7
     1     1    21     2    13     8     0     2  -111.0   49.978   76.441   3936.5    569.0
     1     1    21     2    13     7     0     1  -112.0   50.143   76.469   4051.7    564.8
     1     1    21     2    13     6     0     0  -113.0   50.329   76.455   4173.7    561.5
     1     1    21     2    13     5     0     1  -114.0   50.540   76.377   4305.5    557.2
     1     1    21     2    13     4     0     2  -115.0   50.782   76.252   4438.0    553.1
     1     1    21     2    13     3     0     3  -116.0   51.067   76.169   4555.7    549.6
     1     1    21     2    13     2     0     2  -117.0   51.378   76.071   4641.5    545.1
     1     1    21     2    13     1     0     1  -118.0   51.700   75.901   4706.8    542.6
     1     1    21     2    13     0     0     0  -119.0   52.047   75.726   4763.3    541.1
     1     1    21     2    12    23     0     1  -120.0   52.405   75.463   4803.8    539.2
