     5     1
    GDAS    21     2     1     0     0
    GDAS    21     2     8     0     0
    GDAS    21     2    15     0     0
    GDAS    21     2    22     0     0
    GDAS    21     3     1     0     0
     1 BACKWARD OMEGA   
    21     2     7    23   37.820  111.540   500.0
     1 PRESSURE
     1     1    21     2     7    23     0     1     0.0   37.820  111.540    500.0    832.5
     1     1    21     2     7    22     0     2    -1.0   37.830  111.509    498.6    833.1
     1     1    21     2     7    21     0     3    -2.0   37.850  111.473    505.1    832.7
     1     1    21     2     7    20     0     2    -3.0   37.878  111.439    523.8    832.0
     1     1    21     2     7    19     0     1    -4.0   37.911  111.411    557.4    829.4
     1     1    21     2     7    18     0     0    -5.0   37.947  111.388    604.8    825.6
     1     1    21     2     7    17     0     1    -6.0   37.992  111.360    663.2    820.1
     1     1    21     2     7    16     0     2    -7.0   38.056  111.322    730.4    813.6
     1     1    21     2     7    15     0     3    -8.0   38.141  111.279    800.8    807.1
     1     1    21     2     7    14     0     2    -9.0   38.256  111.239    877.9    800.7
     1     1    21     2     7    13     0     1   -10.0   38.409  111.199    960.5    792.8
     1     1    21     2     7    12     0     0   -11.0   38.604  111.152   1043.9    787.0
     1     1    21     2     7    11     0     1   -12.0   38.826  111.085   1135.3    783.9
     1     1    21     2     7    10     0     2   -13.0   39.056  110.989   1244.8    778.8
     1     1    21     2     7     9     0     3   -14.0   39.283  110.849   1340.8    757.9
     1     1    21     2     7     8     0     2   -15.0   39.509  110.650   1412.9    742.1
     1     1    21     2     7     7     0     1   -16.0   39.738  110.391   1471.4    728.4
     1     1    21     2     7     6     0     0   -17.0   39.965  110.070   1532.5    715.1
     1     1    21     2     7     5     0     1   -18.0   40.190  109.708   1591.0    705.3
     1     1    21     2     7     4     0     2   -19.0   40.423  109.346   1640.4    706.2
     1     1    21     2     7     3     0     3   -20.0   40.662  109.006   1683.0    714.7
     1     1    21     2     7     2     0     2   -21.0   40.907  108.695   1715.7    722.8
     1     1    21     2     7     1     0     1   -22.0   41.163  108.391   1748.6    718.3
     1     1    21     2     7     0     0     0   -23.0   41.439  108.055   1799.6    707.0
     1     1    21     2     6    23     0     1   -24.0   41.725  107.675   1852.9    695.3
     1     1    21     2     6    22     0     2   -25.0   41.996  107.281   1891.6    691.7
     1     1    21     2     6    21     0     3   -26.0   42.246  106.894   1911.9    693.7
     1     1    21     2     6    20     0     2   -27.0   42.503  106.504   1922.0    694.5
     1     1    21     2     6    19     0     1   -28.0   42.795  106.076   1952.2    686.0
     1     1    21     2     6    18     0     0   -29.0   43.103  105.591   2033.9    662.4
     1     1    21     2     6    17     0     1   -30.0   43.404  105.036   2148.3    636.1
     1     1    21     2     6    16     0     2   -31.0   43.682  104.454   2212.9    635.7
     1     1    21     2     6    15     0     3   -32.0   43.932  103.893   2146.3    646.6
     1     1    21     2     6    14     0     2   -33.0   44.152  103.395   1985.3    663.8
     1     1    21     2     6    13     0     1   -34.0   44.359  102.943   1861.5    679.1
     1     1    21     2     6    12     0     0   -35.0   44.581  102.471   1834.1    689.4
     1     1    21     2     6    11     0     1   -36.0   44.816  101.937   1892.4    678.8
     1     1    21     2     6    10     0     2   -37.0   45.058  101.369   1974.8    655.4
     1     1    21     2     6     9     0     3   -38.0   45.300  100.817   2034.1    634.6
     1     1    21     2     6     8     0     2   -39.0   45.533  100.304   2056.1    616.6
     1     1    21     2     6     7     0     1   -40.0   45.753   99.835   2037.9    621.2
     1     1    21     2     6     6     0     0   -41.0   45.973   99.402   2022.6    634.0
     1     1    21     2     6     5     0     1   -42.0   46.213   98.985   2022.7    626.0
     1     1    21     2     6     4     0     2   -43.0   46.489   98.550   2042.8    602.9
     1     1    21     2     6     3     0     3   -44.0   46.789   98.053   2112.7    566.0
     1     1    21     2     6     2     0     2   -45.0   47.102   97.491   2258.5    548.6
     1     1    21     2     6     1     0     1   -46.0   47.427   96.917   2372.6    549.8
     1     1    21     2     6     0     0     0   -47.0   47.751   96.354   2434.1    569.2
     1     1    21     2     5    23     0     1   -48.0   48.064   95.791   2456.8    578.0
     1     1    21     2     5    22     0     2   -49.0   48.358   95.233   2479.0    591.3
     1     1    21     2     5    21     0     3   -50.0   48.623   94.691   2539.5    605.3
     1     1    21     2     5    20     0     2   -51.0   48.861   94.168   2600.9    610.3
     1     1    21     2     5    19     0     1   -52.0   49.086   93.675   2654.0    615.2
     1     1    21     2     5    18     0     0   -53.0   49.311   93.212   2718.9    624.7
     1     1    21     2     5    17     0     1   -54.0   49.556   92.745   2776.8    623.1
     1     1    21     2     5    16     0     2   -55.0   49.847   92.235   2855.7    615.7
     1     1    21     2     5    15     0     3   -56.0   50.211   91.658   2924.0    578.9
     1     1    21     2     5    14     0     2   -57.0   50.622   90.986   2928.7    559.8
     1     1    21     2     5    13     0     1   -58.0   51.010   90.244   2837.2    581.7
     1     1    21     2     5    12     0     0   -59.0   51.374   89.454   2651.2    576.1
     1     1    21     2     5    11     0     1   -60.0   51.707   88.614   2594.6    599.1
     1     1    21     2     5    10     0     2   -61.0   51.943   87.826   2591.0    642.6
     1     1    21     2     5     9     0     3   -62.0   52.093   87.123   2596.8    684.0
     1     1    21     2     5     8     0     2   -63.0   52.212   86.466   2580.4    695.1
     1     1    21     2     5     7     0     1   -64.0   52.327   85.818   2548.7    701.8
     1     1    21     2     5     6     0     0   -65.0   52.459   85.182   2522.5    704.9
     1     1    21     2     5     5     0     1   -66.0   52.601   84.569   2515.4    711.3
     1     1    21     2     5     4     0     2   -67.0   52.734   83.987   2510.8    720.7
     1     1    21     2     5     3     0     3   -68.0   52.871   83.415   2511.7    721.5
     1     1    21     2     5     2     0     2   -69.0   53.021   82.818   2532.2    717.4
     1     1    21     2     5     1     0     1   -70.0   53.186   82.178   2550.5    714.4
     1     1    21     2     5     0     0     0   -71.0   53.369   81.507   2566.7    716.6
     1     1    21     2     4    23     0     1   -72.0   53.562   80.830   2584.7    717.9
     1     1    21     2     4    22     0     2   -73.0   53.759   80.145   2600.3    717.1
     1     1    21     2     4    21     0     3   -74.0   53.964   79.428   2616.0    714.3
     1     1    21     2     4    20     0     2   -75.0   54.175   78.681   2642.7    714.6
     1     1    21     2     4    19     0     1   -76.0   54.388   77.913   2680.5    713.8
     1     1    21     2     4    18     0     0   -77.0   54.610   77.120   2715.6    710.4
     1     1    21     2     4    17     0     1   -78.0   54.836   76.310   2755.2    706.7
     1     1    21     2     4    16     0     2   -79.0   55.070   75.480   2807.4    700.8
     1     1    21     2     4    15     0     3   -80.0   55.312   74.611   2836.6    697.1
     1     1    21     2     4    14     0     2   -81.0   55.568   73.717   2866.3    695.4
     1     1    21     2     4    13     0     1   -82.0   55.838   72.798   2899.3    691.9
     1     1    21     2     4    12     0     0   -83.0   56.107   71.848   2914.1    689.8
     1     1    21     2     4    11     0     1   -84.0   56.377   70.858   2934.4    684.8
     1     1    21     2     4    10     0     2   -85.0   56.638   69.821   2968.5    683.0
     1     1    21     2     4     9     0     3   -86.0   56.882   68.762   3018.0    680.0
     1     1    21     2     4     8     0     2   -87.0   57.115   67.687   3094.0    673.8
     1     1    21     2     4     7     0     1   -88.0   57.329   66.603   3154.0    669.3
     1     1    21     2     4     6     0     0   -89.0   57.524   65.507   3211.5    662.3
     1     1    21     2     4     5     0     1   -90.0   57.703   64.386   3250.1    658.7
     1     1    21     2     4     4     0     2   -91.0   57.864   63.237   3260.2    656.4
     1     1    21     2     4     3     0     3   -92.0   58.003   62.046   3235.8    654.8
     1     1    21     2     4     2     0     2   -93.0   58.084   60.820   3233.1    649.2
     1     1    21     2     4     1     0     1   -94.0   58.106   59.617   3233.1    644.4
     1     1    21     2     4     0     0     0   -95.0   58.066   58.472   3206.7    642.3
     1     1    21     2     3    23     0     1   -96.0   57.956   57.394   3151.7    654.7
     1     1    21     2     3    22     0     2   -97.0   57.805   56.427   3103.3    663.5
     1     1    21     2     3    21     0     3   -98.0   57.641   55.571   3068.4    667.5
     1     1    21     2     3    20     0     2   -99.0   57.464   54.799   3046.1    669.5
     1     1    21     2     3    19     0     1  -100.0   57.279   54.099   3010.5    673.9
     1     1    21     2     3    18     0     0  -101.0   57.088   53.473   2961.4    680.0
     1     1    21     2     3    17     0     1  -102.0   56.902   52.907   2912.8    686.3
     1     1    21     2     3    16     0     2  -103.0   56.731   52.373   2873.6    690.2
     1     1    21     2     3    15     0     3  -104.0   56.573   51.864   2840.8    693.2
     1     1    21     2     3    14     0     2  -105.0   56.424   51.381   2814.4    696.9
     1     1    21     2     3    13     0     1  -106.0   56.277   50.915   2782.3    699.1
     1     1    21     2     3    12     0     0  -107.0   56.121   50.461   2732.2    702.6
     1     1    21     2     3    11     0     1  -108.0   55.949   50.026   2677.0    708.9
     1     1    21     2     3    10     0     2  -109.0   55.769   49.619   2638.2    713.9
     1     1    21     2     3     9     0     3  -110.0   55.577   49.257   2618.5    716.9
     1     1    21     2     3     8     0     2  -111.0   55.389   48.958   2606.1    719.4
     1     1    21     2     3     7     0     1  -112.0   55.229   48.710   2590.3    720.7
     1     1    21     2     3     6     0     0  -113.0   55.097   48.503   2568.9    722.3
     1     1    21     2     3     5     0     1  -114.0   54.998   48.323   2545.1    723.5
     1     1    21     2     3     4     0     2  -115.0   54.934   48.145   2518.2    724.5
     1     1    21     2     3     3     0     3  -116.0   54.904   47.965   2481.5    726.7
     1     1    21     2     3     2     0     2  -117.0   54.902   47.780   2445.1    731.4
     1     1    21     2     3     1     0     1  -118.0   54.922   47.580   2423.6    733.6
     1     1    21     2     3     0     0     0  -119.0   54.966   47.362   2421.7    734.2
     1     1    21     2     2    23     0     1  -120.0   55.029   47.106   2437.7    732.1
