     5     1
    GDAS    21     2     1     0     0
    GDAS    21     2     8     0     0
    GDAS    21     2    15     0     0
    GDAS    21     2    22     0     0
    GDAS    21     3     1     0     0
     1 BACKWARD OMEGA   
    21     2    11    23   37.820  111.540  1000.0
     1 PRESSURE
     1     1    21     2    11    23     0     1     0.0   37.820  111.540   1000.0    777.0
     1     1    21     2    11    22     0     2    -1.0   37.947  111.346   1078.5    772.8
     1     1    21     2    11    21     0     3    -2.0   38.058  111.116   1148.9    770.1
     1     1    21     2    11    20     0     2    -3.0   38.154  110.874   1198.0    768.9
     1     1    21     2    11    19     0     1    -4.0   38.243  110.639   1220.2    766.9
     1     1    21     2    11    18     0     0    -5.0   38.334  110.409   1212.1    766.8
     1     1    21     2    11    17     0     1    -6.0   38.436  110.178   1180.7    768.5
     1     1    21     2    11    16     0     2    -7.0   38.564  109.937   1137.6    768.9
     1     1    21     2    11    15     0     3    -8.0   38.732  109.683   1099.7    768.8
     1     1    21     2    11    14     0     2    -9.0   38.933  109.399   1088.3    765.1
     1     1    21     2    11    13     0     1   -10.0   39.167  109.051   1125.1    756.1
     1     1    21     2    11    12     0     0   -11.0   39.451  108.629   1205.6    742.5
     1     1    21     2    11    11     0     1   -12.0   39.778  108.138   1303.8    737.9
     1     1    21     2    11    10     0     2   -13.0   40.120  107.564   1457.8    730.0
     1     1    21     2    11     9     0     3   -14.0   40.452  106.883   1757.3    702.5
     1     1    21     2    11     8     0     2   -15.0   40.788  106.116   2110.8    665.1
     1     1    21     2    11     7     0     1   -16.0   41.127  105.282   2394.2    635.2
     1     1    21     2    11     6     0     0   -17.0   41.454  104.393   2522.1    634.2
     1     1    21     2    11     5     0     1   -18.0   41.765  103.469   2676.3    623.6
     1     1    21     2    11     4     0     2   -19.0   42.086  102.498   2809.5    624.3
     1     1    21     2    11     3     0     3   -20.0   42.378  101.482   2948.1    593.5
     1     1    21     2    11     2     0     2   -21.0   42.669  100.489   2295.1    664.8
     1     1    21     2    11     1     0     1   -22.0   43.032   99.448   2321.7    618.8
     1     1    21     2    11     0     0     0   -23.0   43.465   98.342   1726.6    703.9
     1     1    21     2    10    23     0     1   -24.0   43.876   97.208   1925.0    679.9
     1     1    21     2    10    22     0     2   -25.0   44.244   95.927   2103.8    676.4
     1     1    21     2    10    21     0     3   -26.0   44.489   94.602   2371.2    639.4
     1     1    21     2    10    20     0     2   -27.0   44.738   93.216   2737.9    588.6
     1     1    21     2    10    19     0     1   -28.0   44.999   91.798   2966.4    590.0
     1     1    21     2    10    18     0     0   -29.0   45.230   90.383   3242.4    576.2
     1     1    21     2    10    17     0     1   -30.0   45.414   89.031   3377.2    604.2
     1     1    21     2    10    16     0     2   -31.0   45.578   87.716   3409.7    614.0
     1     1    21     2    10    15     0     3   -32.0   45.721   86.434   3434.8    627.2
     1     1    21     2    10    14     0     2   -33.0   45.858   85.134   3374.5    613.0
     1     1    21     2    10    13     0     1   -34.0   46.035   83.744   3280.3    560.2
     1     1    21     2    10    12     0     0   -35.0   46.242   82.314   3672.4    574.0
     1     1    21     2    10    11     0     1   -36.0   46.364   80.961   3704.6    575.3
     1     1    21     2    10    10     0     2   -37.0   46.460   79.677   3608.8    609.5
     1     1    21     2    10     9     0     3   -38.0   46.553   78.439   3540.4    613.7
     1     1    21     2    10     8     0     2   -39.0   46.661   77.216   3477.4    616.0
     1     1    21     2    10     7     0     1   -40.0   46.789   76.009   3439.3    624.5
     1     1    21     2    10     6     0     0   -41.0   46.934   74.819   3384.7    627.7
     1     1    21     2    10     5     0     1   -42.0   47.099   73.636   3382.1    617.5
     1     1    21     2    10     4     0     2   -43.0   47.280   72.427   3418.9    606.5
     1     1    21     2    10     3     0     3   -44.0   47.475   71.189   3421.1    611.3
     1     1    21     2    10     2     0     2   -45.0   47.672   69.970   3441.1    624.4
     1     1    21     2    10     1     0     1   -46.0   47.873   68.779   3526.4    619.0
     1     1    21     2    10     0     0     0   -47.0   48.099   67.576   3543.1    609.3
     1     1    21     2     9    23     0     1   -48.0   48.351   66.384   3511.1    616.0
     1     1    21     2     9    22     0     2   -49.0   48.622   65.228   3599.9    622.3
     1     1    21     2     9    21     0     3   -50.0   48.900   64.085   3675.0    626.0
     1     1    21     2     9    20     0     2   -51.0   49.196   62.940   3683.2    620.5
     1     1    21     2     9    19     0     1   -52.0   49.528   61.790   3692.2    620.5
     1     1    21     2     9    18     0     0   -53.0   49.905   60.634   3739.8    605.1
     1     1    21     2     9    17     0     1   -54.0   50.298   59.448   3797.4    598.2
     1     1    21     2     9    16     0     2   -55.0   50.707   58.187   3847.4    590.8
     1     1    21     2     9    15     0     3   -56.0   51.149   56.897   3929.9    581.6
     1     1    21     2     9    14     0     2   -57.0   51.596   55.598   4011.3    588.9
     1     1    21     2     9    13     0     1   -58.0   52.002   54.270   4039.3    583.8
     1     1    21     2     9    12     0     0   -59.0   52.383   52.905   4091.8    583.3
     1     1    21     2     9    11     0     1   -60.0   52.746   51.573   4132.0    582.7
     1     1    21     2     9    10     0     2   -61.0   53.066   50.302   4161.1    582.5
     1     1    21     2     9     9     0     3   -62.0   53.323   49.071   4219.0    580.1
     1     1    21     2     9     8     0     2   -63.0   53.557   47.862   4205.7    570.6
     1     1    21     2     9     7     0     1   -64.0   53.796   46.693   4238.1    564.2
     1     1    21     2     9     6     0     0   -65.0   54.032   45.596   4259.8    563.7
     1     1    21     2     9     5     0     1   -66.0   54.280   44.527   4328.5    559.3
     1     1    21     2     9     4     0     2   -67.0   54.552   43.467   4381.4    556.5
     1     1    21     2     9     3     0     3   -68.0   54.850   42.446   4407.7    555.4
     1     1    21     2     9     2     0     2   -69.0   55.156   41.444   4440.4    556.0
     1     1    21     2     9     1     0     1   -70.0   55.452   40.421   4508.5    550.1
     1     1    21     2     9     0     0     0   -71.0   55.739   39.359   4588.9    541.6
     1     1    21     2     8    23     0     1   -72.0   55.990   38.294   4673.6    535.1
     1     1    21     2     8    22     0     2   -73.0   56.210   37.250   4772.0    524.7
     1     1    21     2     8    21     0     3   -74.0   56.420   36.226   4876.4    516.8
     1     1    21     2     8    20     0     2   -75.0   56.620   35.245   4952.7    511.8
     1     1    21     2     8    19     0     1   -76.0   56.802   34.304   4991.7    505.4
     1     1    21     2     8    18     0     0   -77.0   56.963   33.368   5039.1    500.3
     1     1    21     2     8    17     0     1   -78.0   57.119   32.501   5041.8    502.2
     1     1    21     2     8    16     0     2   -79.0   57.291   31.733   5102.1    500.6
     1     1    21     2     8    15     0     3   -80.0   57.464   31.058   5201.2    499.9
     1     1    21     2     8    14     0     2   -81.0   57.639   30.438   5272.5    493.9
     1     1    21     2     8    13     0     1   -82.0   57.825   29.860   5321.9    491.3
     1     1    21     2     8    12     0     0   -83.0   58.030   29.340   5373.0    488.5
     1     1    21     2     8    11     0     1   -84.0   58.246   28.886   5439.8    484.2
     1     1    21     2     8    10     0     2   -85.0   58.473   28.492   5514.3    480.1
     1     1    21     2     8     9     0     3   -86.0   58.712   28.152   5574.5    477.7
     1     1    21     2     8     8     0     2   -87.0   58.973   27.874   5646.2    474.8
     1     1    21     2     8     7     0     1   -88.0   59.274   27.649   5762.9    465.9
     1     1    21     2     8     6     0     0   -89.0   59.624   27.456   5918.5    454.4
     1     1    21     2     8     5     0     1   -90.0   60.025   27.297   6088.8    443.3
     1     1    21     2     8     4     0     2   -91.0   60.476   27.165   6221.7    430.2
     1     1    21     2     8     3     0     3   -92.0   60.975   27.068   6276.0    422.1
     1     1    21     2     8     2     0     2   -93.0   61.506   27.027   6299.6    424.0
     1     1    21     2     8     1     0     1   -94.0   62.064   27.068   6351.5    420.5
     1     1    21     2     8     0     0     0   -95.0   62.648   27.185   6427.4    415.3
     1     1    21     2     7    23     0     1   -96.0   63.260   27.332   6507.5    408.2
     1     1    21     2     7    22     0     2   -97.0   63.898   27.502   6553.9    399.8
     1     1    21     2     7    21     0     3   -98.0   64.546   27.736   6555.5    397.8
     1     1    21     2     7    20     0     2   -99.0   65.207   28.020   6531.3    399.3
     1     1    21     2     7    19     0     1  -100.0   65.893   28.327   6547.5    397.3
     1     1    21     2     7    18     0     0  -101.0   66.601   28.691   6643.3    392.5
     1     1    21     2     7    17     0     1  -102.0   67.323   29.091   6727.4    384.7
     1     1    21     2     7    16     0     2  -103.0   68.045   29.487   6758.5    382.4
     1     1    21     2     7    15     0     3  -104.0   68.761   29.937   6756.3    384.9
     1     1    21     2     7    14     0     2  -105.0   69.472   30.464   6777.6    392.2
     1     1    21     2     7    13     0     1  -106.0   70.171   31.063   6796.8    394.7
     1     1    21     2     7    12     0     0  -107.0   70.852   31.773   6795.3    398.8
     1     1    21     2     7    11     0     1  -108.0   71.535   32.547   6842.0    393.6
     1     1    21     2     7    10     0     2  -109.0   72.228   33.340   6886.0    391.1
     1     1    21     2     7     9     0     3  -110.0   72.922   34.265   6922.2    389.2
     1     1    21     2     7     8     0     2  -111.0   73.604   35.346   6946.2    387.7
     1     1    21     2     7     7     0     1  -112.0   74.262   36.522   6976.8    386.0
     1     1    21     2     7     6     0     0  -113.0   74.893   37.778   6993.3    385.1
     1     1    21     2     7     5     0     1  -114.0   75.524   39.164   7011.3    384.8
     1     1    21     2     7     4     0     2  -115.0   76.155   40.712   7045.9    382.7
     1     1    21     2     7     3     0     3  -116.0   76.738   42.509   7064.7    381.8
     1     1    21     2     7     2     0     2  -117.0   77.288   44.521   7052.6    382.9
     1     1    21     2     7     1     0     1  -118.0   77.815   46.677   7051.3    383.2
     1     1    21     2     7     0     0     0  -119.0   78.278   49.083   7092.5    381.0
     1     1    21     2     6    23     0     1  -120.0   78.701   51.771   7160.4    377.4
