     5     1
    GDAS    21     2     1     0     0
    GDAS    21     2     8     0     0
    GDAS    21     2    15     0     0
    GDAS    21     2    22     0     0
    GDAS    21     3     1     0     0
     1 BACKWARD OMEGA   
    21     2    23    11   37.820  111.540  1000.0
     1 PRESSURE
     1     1    21     2    23    11     0     1     0.0   37.820  111.540   1000.0    775.3
     1     1    21     2    23    10     0     2    -1.0   37.706  111.577    980.4    773.9
     1     1    21     2    23     9     0     3    -2.0   37.578  111.606    905.6    781.9
     1     1    21     2    23     8     0     2    -3.0   37.457  111.648    785.5    795.0
     1     1    21     2    23     7     0     1    -4.0   37.363  111.703    630.6    811.1
     1     1    21     2    23     6     0     0    -5.0   37.310  111.762    427.7    831.5
     1     1    21     2    23     5     0     1    -6.0   37.291  111.814    269.2    859.2
     1     1    21     2    23     4     0     2    -7.0   37.279  111.860    182.6    868.2
     1     1    21     2    23     3     0     3    -8.0   37.267  111.898    134.2    872.2
     1     1    21     2    23     2     0     2    -9.0   37.253  111.937    110.1    873.8
     1     1    21     2    23     1     0     1   -10.0   37.233  111.982     96.4    875.7
     1     1    21     2    23     0     0     0   -11.0   37.205  112.036     92.7    876.9
     1     1    21     2    22    23     0     1   -12.0   37.166  112.089     95.2    877.0
     1     1    21     2    22    22     0     2   -13.0   37.116  112.131     96.9    878.0
     1     1    21     2    22    21     0     3   -14.0   37.055  112.160     98.2    879.2
     1     1    21     2    22    20     0     2   -15.0   36.986  112.178    100.6    880.8
     1     1    21     2    22    19     0     1   -16.0   36.910  112.196    106.6    881.5
     1     1    21     2    22    18     0     0   -17.0   36.824  112.219    117.6    881.6
     1     1    21     2    22    17     0     1   -18.0   36.727  112.254    134.6    881.0
     1     1    21     2    22    16     0     2   -19.0   36.614  112.303    160.7    879.4
     1     1    21     2    22    15     0     3   -20.0   36.471  112.366    203.4    876.6
     1     1    21     2    22    14     0     2   -21.0   36.296  112.428    254.7    871.2
     1     1    21     2    22    13     0     1   -22.0   36.096  112.463    295.0    867.3
     1     1    21     2    22    12     0     0   -23.0   35.894  112.476    304.6    873.6
     1     1    21     2    22    11     0     1   -24.0   35.734  112.536    252.8    893.2
     1     1    21     2    22    10     0     2   -25.0   35.632  112.665    165.1    918.3
     1     1    21     2    22     9     0     3   -26.0   35.579  112.841     94.7    937.6
     1     1    21     2    22     8     0     2   -27.0   35.562  113.039     54.8    948.8
     1     1    21     2    22     7     0     1   -28.0   35.583  113.239     34.8    955.8
     1     1    21     2    22     6     0     0   -29.0   35.653  113.420     21.1    960.2
     1     1    21     2    22     5     0     1   -30.0   35.774  113.573     11.8    962.6
     1     1    21     2    22     4     0     2   -31.0   35.943  113.697      3.8    962.2
     1     1    21     2    22     3     0     3   -32.0   36.142  113.799      0.0    963.5
     1     1    21     2    22     2     0     2   -33.0   36.339  113.893      0.0    963.1
     1     1    21     2    22     1     0     1   -34.0   36.519  113.985      0.0    962.4
     1     1    21     2    22     0     0     0   -35.0   36.684  114.077      0.0    961.4
     1     1    21     2    21    23     0     1   -36.0   36.826  114.164      0.0    961.5
     1     1    21     2    21    22     0     2   -37.0   36.942  114.246      0.0    962.7
     1     1    21     2    21    21     0     3   -38.0   37.046  114.338      0.0    966.6
     1     1    21     2    21    20     0     2   -39.0   37.143  114.416      0.0    971.5
     1     1    21     2    21    19     0     1   -40.0   37.228  114.433      0.0    972.1
     1     1    21     2    21    18     0     0   -41.0   37.294  114.377      9.2    967.8
     1     1    21     2    21    17     0     1   -42.0   37.341  114.271     48.4    958.5
     1     1    21     2    21    16     0     2   -43.0   37.405  114.131    194.2    936.1
     1     1    21     2    21    15     0     3   -44.0   37.549  113.939    336.3    903.1
     1     1    21     2    21    14     0     2   -45.0   37.743  113.694    437.6    879.8
     1     1    21     2    21    13     0     1   -46.0   37.966  113.402    563.2    850.5
     1     1    21     2    21    12     0     0   -47.0   38.207  113.097    775.5    805.8
     1     1    21     2    21    11     0     1   -48.0   38.433  112.778    955.4    763.7
     1     1    21     2    21    10     0     2   -49.0   38.617  112.439   1021.7    749.8
     1     1    21     2    21     9     0     3   -50.0   38.758  112.077   1069.6    732.8
     1     1    21     2    21     8     0     2   -51.0   38.888  111.720   1144.0    733.7
     1     1    21     2    21     7     0     1   -52.0   39.022  111.411   1232.9    746.0
     1     1    21     2    21     6     0     0   -53.0   39.173  111.132   1379.5    750.4
     1     1    21     2    21     5     0     1   -54.0   39.370  110.852   1475.9    731.6
     1     1    21     2    21     4     0     2   -55.0   39.615  110.563   1474.2    728.3
     1     1    21     2    21     3     0     3   -56.0   39.922  110.253   1517.4    721.3
     1     1    21     2    21     2     0     2   -57.0   40.280  109.886   1594.5    700.4
     1     1    21     2    21     1     0     1   -58.0   40.637  109.442   1587.7    705.6
     1     1    21     2    21     0     0     0   -59.0   40.975  109.008   1531.0    736.1
     1     1    21     2    20    23     0     1   -60.0   41.303  108.608   1453.1    735.6
     1     1    21     2    20    22     0     2   -61.0   41.617  108.206   1391.7    734.0
     1     1    21     2    20    21     0     3   -62.0   41.894  107.793   1260.7    736.3
     1     1    21     2    20    20     0     2   -63.0   42.167  107.432   1047.0    767.6
     1     1    21     2    20    19     0     1   -64.0   42.482  107.094    757.5    791.4
     1     1    21     2    20    18     0     0   -65.0   42.783  106.707    500.0    830.2
     1     1    21     2    20    17     0     1   -66.0   43.175  106.230    520.3    829.1
     1     1    21     2    20    16     0     2   -67.0   43.697  105.632    695.3    771.6
     1     1    21     2    20    15     0     3   -68.0   44.216  105.028    741.7    766.5
     1     1    21     2    20    14     0     2   -69.0   44.690  104.424    742.3    788.2
     1     1    21     2    20    13     0     1   -70.0   45.121  103.693    908.3    785.6
     1     1    21     2    20    12     0     0   -71.0   45.616  102.779   1287.4    710.1
     1     1    21     2    20    11     0     1   -72.0   46.084  101.577   1958.4    601.4
     1     1    21     2    20    10     0     2   -73.0   46.451  100.234   2193.1    581.6
     1     1    21     2    20     9     0     3   -74.0   46.752   98.744   2507.8    555.8
     1     1    21     2    20     8     0     2   -75.0   47.087   96.981   3106.4    494.7
     1     1    21     2    20     7     0     1   -76.0   47.401   95.400   2875.5    565.5
     1     1    21     2    20     6     0     0   -77.0   47.642   94.109   2592.1    615.0
     1     1    21     2    20     5     0     1   -78.0   47.871   92.832   2696.1    618.0
     1     1    21     2    20     4     0     2   -79.0   48.089   91.068   2687.0    515.2
     1     1    21     2    20     3     0     3   -80.0   48.044   88.834   3027.9    523.1
     1     1    21     2    20     2     0     2   -81.0   48.027   87.143   3144.0    608.2
     1     1    21     2    20     1     0     1   -82.0   47.971   85.868   2942.1    657.4
     1     1    21     2    20     0     0     0   -83.0   47.896   84.612   2567.4    689.3
     1     1    21     2    19    23     0     1   -84.0   47.774   83.386   2332.6    705.5
     1     1    21     2    19    22     0     2   -85.0   47.590   82.183   2193.0    706.2
     1     1    21     2    19    21     0     3   -86.0   47.424   81.064   2014.9    727.0
     1     1    21     2    19    20     0     2   -87.0   47.278   80.067   1770.4    765.7
     1     1    21     2    19    19     0     1   -88.0   47.135   79.122   1581.8    789.2
     1     1    21     2    19    18     0     0   -89.0   47.003   78.202   1436.5    799.2
     1     1    21     2    19    17     0     1   -90.0   46.893   77.270   1456.4    795.9
     1     1    21     2    19    16     0     2   -91.0   46.826   76.350   1528.5    791.9
     1     1    21     2    19    15     0     3   -92.0   46.774   75.470   1467.6    806.3
     1     1    21     2    19    14     0     2   -93.0   46.760   74.623   1487.9    799.9
     1     1    21     2    19    13     0     1   -94.0   46.727   73.760   1502.1    791.7
     1     1    21     2    19    12     0     0   -95.0   46.661   72.845   1467.6    788.5
     1     1    21     2    19    11     0     1   -96.0   46.597   72.002   1474.4    790.4
     1     1    21     2    19    10     0     2   -97.0   46.524   71.252   1509.3    787.9
     1     1    21     2    19     9     0     3   -98.0   46.431   70.571   1514.6    794.3
     1     1    21     2    19     8     0     2   -99.0   46.337   69.946   1529.3    802.0
     1     1    21     2    19     7     0     1  -100.0   46.223   69.378   1507.8    798.8
     1     1    21     2    19     6     0     0  -101.0   46.088   68.899   1346.4    815.2
     1     1    21     2    19     5     0     1  -102.0   45.986   68.552   1113.7    854.9
     1     1    21     2    19     4     0     2  -103.0   45.925   68.304    892.2    877.8
     1     1    21     2    19     3     0     3  -104.0   45.910   68.122    646.2    903.1
     1     1    21     2    19     2     0     2  -105.0   45.980   67.954    449.8    936.8
     1     1    21     2    19     1     0     1  -106.0   46.113   67.762    347.1    945.4
     1     1    21     2    19     0     0     0  -107.0   46.270   67.549    309.3    944.9
     1     1    21     2    18    23     0     1  -108.0   46.432   67.274    313.9    942.1
     1     1    21     2    18    22     0     2  -109.0   46.568   66.913    372.6    934.2
     1     1    21     2    18    21     0     3  -110.0   46.657   66.507    463.6    925.3
     1     1    21     2    18    20     0     2  -111.0   46.723   66.101    531.5    919.6
     1     1    21     2    18    19     0     1  -112.0   46.775   65.694    554.6    919.7
     1     1    21     2    18    18     0     0  -113.0   46.812   65.261    546.9    922.8
     1     1    21     2    18    17     0     1  -114.0   46.852   64.805    511.2    928.2
     1     1    21     2    18    16     0     2  -115.0   46.917   64.306    445.7    939.8
     1     1    21     2    18    15     0     3  -116.0   46.999   63.710    376.0    952.2
     1     1    21     2    18    14     0     2  -117.0   47.049   63.056    341.8    958.9
     1     1    21     2    18    13     0     1  -118.0   47.062   62.387    332.7    956.0
     1     1    21     2    18    12     0     0  -119.0   47.045   61.704    332.4    957.2
     1     1    21     2    18    11     0     1  -120.0   47.016   60.995    400.7    953.7
