     5     1
    GDAS    21     2     1     0     0
    GDAS    21     2     8     0     0
    GDAS    21     2    15     0     0
    GDAS    21     2    22     0     0
    GDAS    21     3     1     0     0
     1 BACKWARD OMEGA   
    21     2     1    17   37.820  111.540  1500.0
     1 PRESSURE
     1     1    21     2     1    17     0     1     0.0   37.820  111.540   1500.0    728.0
     1     1    21     2     1    16     0     2    -1.0   38.119  110.923   1516.3    735.9
     1     1    21     2     1    15     0     3    -2.0   38.397  110.365   1513.4    739.8
     1     1    21     2     1    14     0     2    -3.0   38.664  109.828   1533.4    728.9
     1     1    21     2     1    13     0     1    -4.0   38.942  109.277   1570.5    715.4
     1     1    21     2     1    12     0     0    -5.0   39.238  108.692   1611.1    703.4
     1     1    21     2     1    11     0     1    -6.0   39.554  108.109   1658.2    700.9
     1     1    21     2     1    10     0     2    -7.0   39.884  107.578   1676.2    698.1
     1     1    21     2     1     9     0     3    -8.0   40.205  107.099   1649.5    697.2
     1     1    21     2     1     8     0     2    -9.0   40.502  106.662   1628.5    710.6
     1     1    21     2     1     7     0     1   -10.0   40.799  106.247   1657.1    709.2
     1     1    21     2     1     6     0     0   -11.0   41.141  105.811   1772.3    694.6
     1     1    21     2     1     5     0     1   -12.0   41.525  105.336   1927.7    682.8
     1     1    21     2     1     4     0     2   -13.0   41.923  104.862   2047.8    674.6
     1     1    21     2     1     3     0     3   -14.0   42.349  104.387   2138.5    658.1
     1     1    21     2     1     2     0     2   -15.0   42.847  103.869   2248.6    637.8
     1     1    21     2     1     1     0     1   -16.0   43.399  103.324   2373.4    626.1
     1     1    21     2     1     0     0     0   -17.0   43.991  102.784   2517.5    616.6
