     5     1
    GDAS    21     2     1     0     0
    GDAS    21     2     8     0     0
    GDAS    21     2    15     0     0
    GDAS    21     2    22     0     0
    GDAS    21     3     1     0     0
     1 BACKWARD OMEGA   
    21     2    27    11   37.820  111.540  1500.0
     1 PRESSURE
     1     1    21     2    27    11     0     1     0.0   37.820  111.540   1500.0    726.8
     1     1    21     2    27    10     0     2    -1.0   37.559  111.442   1494.3    722.3
     1     1    21     2    27     9     0     3    -2.0   37.281  111.352   1419.1    729.1
     1     1    21     2    27     8     0     2    -3.0   36.992  111.281   1323.1    735.9
     1     1    21     2    27     7     0     1    -4.0   36.696  111.251   1260.2    744.8
     1     1    21     2    27     6     0     0    -5.0   36.403  111.274   1221.7    747.7
     1     1    21     2    27     5     0     1    -6.0   36.113  111.336   1210.0    754.0
     1     1    21     2    27     4     0     2    -7.0   35.826  111.400   1249.4    764.5
     1     1    21     2    27     3     0     3    -8.0   35.546  111.465   1325.5    777.0
     1     1    21     2    27     2     0     2    -9.0   35.265  111.556   1415.7    787.7
     1     1    21     2    27     1     0     1   -10.0   34.973  111.688   1518.8    796.3
     1     1    21     2    27     0     0     0   -11.0   34.693  111.800   1623.5    778.3
     1     1    21     2    26    23     0     1   -12.0   34.461  111.849   1728.3    761.1
     1     1    21     2    26    22     0     2   -13.0   34.290  111.850   1808.8    748.2
     1     1    21     2    26    21     0     3   -14.0   34.173  111.816   1855.6    740.0
     1     1    21     2    26    20     0     2   -15.0   34.081  111.758   1908.8    735.5
     1     1    21     2    26    19     0     1   -16.0   34.000  111.676   2023.3    722.3
     1     1    21     2    26    18     0     0   -17.0   33.954  111.565   2214.0    705.2
     1     1    21     2    26    17     0     1   -18.0   33.957  111.414   2419.7    679.6
     1     1    21     2    26    16     0     2   -19.0   33.996  111.229   2560.5    661.9
     1     1    21     2    26    15     0     3   -20.0   34.052  111.029   2612.6    655.2
     1     1    21     2    26    14     0     2   -21.0   34.092  110.821   2606.6    659.0
     1     1    21     2    26    13     0     1   -22.0   34.110  110.595   2614.9    657.8
     1     1    21     2    26    12     0     0   -23.0   34.117  110.358   2662.3    652.5
     1     1    21     2    26    11     0     1   -24.0   34.124  110.101   2726.8    642.2
     1     1    21     2    26    10     0     2   -25.0   34.122  109.808   2744.2    635.7
     1     1    21     2    26     9     0     3   -26.0   34.098  109.471   2704.7    636.2
     1     1    21     2    26     8     0     2   -27.0   34.045  109.118   2652.9    638.6
     1     1    21     2    26     7     0     1   -28.0   33.973  108.772   2618.5    634.2
     1     1    21     2    26     6     0     0   -29.0   33.870  108.430   2686.7    625.7
     1     1    21     2    26     5     0     1   -30.0   33.745  108.083   2832.6    605.7
     1     1    21     2    26     4     0     2   -31.0   33.625  107.737   2920.8    597.3
     1     1    21     2    26     3     0     3   -32.0   33.494  107.431   2890.5    610.4
     1     1    21     2    26     2     0     2   -33.0   33.348  107.176   2822.5    631.3
     1     1    21     2    26     1     0     1   -34.0   33.204  106.956   2760.3    648.3
     1     1    21     2    26     0     0     0   -35.0   33.067  106.783   2697.3    660.2
     1     1    21     2    25    23     0     1   -36.0   32.945  106.651   2637.5    667.4
     1     1    21     2    25    22     0     2   -37.0   32.849  106.543   2588.0    668.7
     1     1    21     2    25    21     0     3   -38.0   32.784  106.453   2544.5    670.1
     1     1    21     2    25    20     0     2   -39.0   32.748  106.398   2516.9    673.4
     1     1    21     2    25    19     0     1   -40.0   32.734  106.387   2520.8    673.2
     1     1    21     2    25    18     0     0   -41.0   32.740  106.413   2555.1    671.1
     1     1    21     2    25    17     0     1   -42.0   32.769  106.467   2604.5    666.5
     1     1    21     2    25    16     0     2   -43.0   32.825  106.554   2651.4    664.0
     1     1    21     2    25    15     0     3   -44.0   32.908  106.695   2695.8    663.3
     1     1    21     2    25    14     0     2   -45.0   33.007  106.907   2763.5    664.7
     1     1    21     2    25    13     0     1   -46.0   33.117  107.129   2848.2    648.8
     1     1    21     2    25    12     0     0   -47.0   33.242  107.294   2937.9    629.3
     1     1    21     2    25    11     0     1   -48.0   33.355  107.372   2996.6    613.6
     1     1    21     2    25    10     0     2   -49.0   33.433  107.368   3015.8    606.9
     1     1    21     2    25     9     0     3   -50.0   33.480  107.298   3012.2    604.4
     1     1    21     2    25     8     0     2   -51.0   33.497  107.206   2995.2    604.6
     1     1    21     2    25     7     0     1   -52.0   33.480  107.147   2949.0    608.8
     1     1    21     2    25     6     0     0   -53.0   33.435  107.150   2866.9    618.8
     1     1    21     2    25     5     0     1   -54.0   33.387  107.228   2787.0    631.7
     1     1    21     2    25     4     0     2   -55.0   33.345  107.357   2721.0    639.4
     1     1    21     2    25     3     0     3   -56.0   33.310  107.529   2632.8    647.0
     1     1    21     2    25     2     0     2   -57.0   33.289  107.734   2571.7    658.4
     1     1    21     2    25     1     0     1   -58.0   33.260  107.938   2636.4    656.5
     1     1    21     2    25     0     0     0   -59.0   33.201  108.098   2836.7    641.7
     1     1    21     2    24    23     0     1   -60.0   33.114  108.157   3037.9    620.4
     1     1    21     2    24    22     0     2   -61.0   33.017  108.136   3140.7    618.1
     1     1    21     2    24    21     0     3   -62.0   32.918  108.076   3117.9    619.0
     1     1    21     2    24    20     0     2   -63.0   32.837  108.028   2951.1    631.9
     1     1    21     2    24    19     0     1   -64.0   32.782  108.013   2696.3    655.1
     1     1    21     2    24    18     0     0   -65.0   32.757  108.017   2439.7    679.9
     1     1    21     2    24    17     0     1   -66.0   32.754  108.017   2239.7    698.9
     1     1    21     2    24    16     0     2   -67.0   32.756  107.995   2098.9    710.5
     1     1    21     2    24    15     0     3   -68.0   32.758  107.954   2002.2    719.7
     1     1    21     2    24    14     0     2   -69.0   32.754  107.902   1948.6    724.7
     1     1    21     2    24    13     0     1   -70.0   32.736  107.838   1929.1    725.6
     1     1    21     2    24    12     0     0   -71.0   32.699  107.759   1923.9    725.2
     1     1    21     2    24    11     0     1   -72.0   32.633  107.664   1902.7    725.2
     1     1    21     2    24    10     0     2   -73.0   32.536  107.553   1854.6    729.9
     1     1    21     2    24     9     0     3   -74.0   32.407  107.417   1794.9    735.7
     1     1    21     2    24     8     0     2   -75.0   32.229  107.252   1690.9    741.5
     1     1    21     2    24     7     0     1   -76.0   31.981  107.070   1485.0    759.8
     1     1    21     2    24     6     0     0   -77.0   31.699  106.920   1242.7    803.1
     1     1    21     2    24     5     0     1   -78.0   31.419  106.854   1028.7    838.0
     1     1    21     2    24     4     0     2   -79.0   31.142  106.880    861.9    869.8
     1     1    21     2    24     3     0     3   -80.0   30.855  106.980    741.9    886.9
     1     1    21     2    24     2     0     2   -81.0   30.596  107.146    683.1    890.3
     1     1    21     2    24     1     0     1   -82.0   30.353  107.335    695.3    879.7
     1     1    21     2    24     0     0     0   -83.0   30.055  107.524    784.4    862.4
     1     1    21     2    23    23     0     1   -84.0   29.642  107.678    920.3    827.6
     1     1    21     2    23    22     0     2   -85.0   29.185  107.761   1012.7    799.6
     1     1    21     2    23    21     0     3   -86.0   28.729  107.785   1032.1    793.5
     1     1    21     2    23    20     0     2   -87.0   28.288  107.796    948.5    806.0
     1     1    21     2    23    19     0     1   -88.0   27.882  107.836    790.6    830.2
     1     1    21     2    23    18     0     0   -89.0   27.502  107.886    659.7    849.8
     1     1    21     2    23    17     0     1   -90.0   27.118  107.910    611.1    852.8
     1     1    21     2    23    16     0     2   -91.0   26.737  107.922    611.4    852.7
     1     1    21     2    23    15     0     3   -92.0   26.404  107.947    598.7    857.3
     1     1    21     2    23    14     0     2   -93.0   26.138  107.998    561.4    867.3
     1     1    21     2    23    13     0     1   -94.0   25.923  108.071    515.9    876.0
     1     1    21     2    23    12     0     0   -95.0   25.736  108.156    456.7    886.2
     1     1    21     2    23    11     0     1   -96.0   25.564  108.234    378.4    900.1
     1     1    21     2    23    10     0     2   -97.0   25.412  108.293    292.8    914.7
     1     1    21     2    23     9     0     3   -98.0   25.288  108.337    218.9    927.9
     1     1    21     2    23     8     0     2   -99.0   25.186  108.369    161.4    938.2
     1     1    21     2    23     7     0     1  -100.0   25.092  108.393    113.6    947.2
     1     1    21     2    23     6     0     0  -101.0   24.998  108.410     69.5    955.7
     1     1    21     2    23     5     0     1  -102.0   24.914  108.425     35.0    962.7
     1     1    21     2    23     4     0     2  -103.0   24.850  108.443     15.4    967.0
     1     1    21     2    23     3     0     3  -104.0   24.803  108.466      5.7    969.1
     1     1    21     2    23     2     0     2  -105.0   24.772  108.484      1.5    969.6
     1     1    21     2    23     1     0     1  -106.0   24.755  108.489      0.4    969.6
     1     1    21     2    23     0     0     0  -107.0   24.754  108.481      2.1    969.2
     1     1    21     2    22    23     0     1  -108.0   24.764  108.469      5.3    968.4
     1     1    21     2    22    22     0     2  -109.0   24.777  108.461      8.4    967.6
     1     1    21     2    22    21     0     3  -110.0   24.794  108.456     11.8    966.5
     1     1    21     2    22    20     0     2  -111.0   24.813  108.453     15.4    965.7
     1     1    21     2    22    19     0     1  -112.0   24.830  108.449     18.7    965.1
     1     1    21     2    22    18     0     0  -113.0   24.845  108.445     21.5    964.6
     1     1    21     2    22    17     0     1  -114.0   24.860  108.439     24.5    964.1
     1     1    21     2    22    16     0     2  -115.0   24.878  108.431     28.8    963.3
     1     1    21     2    22    15     0     3  -116.0   24.897  108.422     34.8    962.5
     1     1    21     2    22    14     0     2  -117.0   24.916  108.415     42.0    961.0
     1     1    21     2    22    13     0     1  -118.0   24.929  108.415     49.5    959.8
     1     1    21     2    22    12     0     0  -119.0   24.938  108.420     58.4    958.4
     1     1    21     2    22    11     0     1  -120.0   24.938  108.432     65.6    957.0
