     5     1
    GDAS    21     2     1     0     0
    GDAS    21     2     8     0     0
    GDAS    21     2    15     0     0
    GDAS    21     2    22     0     0
    GDAS    21     3     1     0     0
     1 BACKWARD OMEGA   
    21     2    17    17   37.820  111.540  1000.0
     1 PRESSURE
     1     1    21     2    17    17     0     1     0.0   37.820  111.540   1000.0    782.2
     1     1    21     2    17    16     0     2    -1.0   38.018  111.275   1070.1    780.0
     1     1    21     2    17    15     0     3    -2.0   38.198  111.035   1104.0    781.5
     1     1    21     2    17    14     0     2    -3.0   38.355  110.808   1099.9    786.3
     1     1    21     2    17    13     0     1    -4.0   38.505  110.586   1081.6    786.7
     1     1    21     2    17    12     0     0    -5.0   38.652  110.371   1047.5    786.5
     1     1    21     2    17    11     0     1    -6.0   38.793  110.166    998.0    786.4
     1     1    21     2    17    10     0     2    -7.0   38.931  109.967    930.0    786.2
     1     1    21     2    17     9     0     3    -8.0   39.078  109.769    860.1    791.8
     1     1    21     2    17     8     0     2    -9.0   39.239  109.555    825.7    792.2
     1     1    21     2    17     7     0     1   -10.0   39.413  109.316    830.1    786.1
     1     1    21     2    17     6     0     0   -11.0   39.602  109.057    859.0    776.7
     1     1    21     2    17     5     0     1   -12.0   39.802  108.787    901.4    771.1
     1     1    21     2    17     4     0     2   -13.0   40.007  108.523    945.1    771.1
     1     1    21     2    17     3     0     3   -14.0   40.211  108.277    977.4    778.6
     1     1    21     2    17     2     0     2   -15.0   40.408  108.037    987.6    786.2
     1     1    21     2    17     1     0     1   -16.0   40.601  107.781    983.3    788.2
     1     1    21     2    17     0     0     0   -17.0   40.800  107.519    969.3    788.8
     1     1    21     2    16    23     0     1   -18.0   40.988  107.279    928.3    792.9
     1     1    21     2    16    22     0     2   -19.0   41.144  107.054    866.5    797.5
     1     1    21     2    16    21     0     3   -20.0   41.266  106.814    806.1    802.4
     1     1    21     2    16    20     0     2   -21.0   41.374  106.541    764.1    806.6
     1     1    21     2    16    19     0     1   -22.0   41.481  106.246    739.8    810.5
     1     1    21     2    16    18     0     0   -23.0   41.589  105.941    725.2    815.3
     1     1    21     2    16    17     0     1   -24.0   41.702  105.638    711.9    816.4
     1     1    21     2    16    16     0     2   -25.0   41.821  105.344    695.2    817.0
     1     1    21     2    16    15     0     3   -26.0   41.940  105.061    676.6    817.1
     1     1    21     2    16    14     0     2   -27.0   42.064  104.781    684.7    816.1
     1     1    21     2    16    13     0     1   -28.0   42.203  104.499    728.7    804.9
     1     1    21     2    16    12     0     0   -29.0   42.349  104.209    786.7    793.4
     1     1    21     2    16    11     0     1   -30.0   42.495  103.905    841.3    784.7
     1     1    21     2    16    10     0     2   -31.0   42.636  103.607    887.2    778.8
     1     1    21     2    16     9     0     3   -32.0   42.751  103.324    921.5    776.4
     1     1    21     2    16     8     0     2   -33.0   42.843  103.049    941.7    777.1
     1     1    21     2    16     7     0     1   -34.0   42.942  102.782    962.8    769.3
     1     1    21     2    16     6     0     0   -35.0   43.058  102.523    995.5    754.7
     1     1    21     2    16     5     0     1   -36.0   43.180  102.285   1015.7    748.3
     1     1    21     2    16     4     0     2   -37.0   43.314  102.068   1015.2    750.3
     1     1    21     2    16     3     0     3   -38.0   43.467  101.861    995.6    760.1
     1     1    21     2    16     2     0     2   -39.0   43.621  101.654    989.5    772.3
     1     1    21     2    16     1     0     1   -40.0   43.758  101.447   1014.9    774.1
     1     1    21     2    16     0     0     0   -41.0   43.861  101.248   1044.6    774.0
     1     1    21     2    15    23     0     1   -42.0   43.934  101.077   1061.3    773.4
     1     1    21     2    15    22     0     2   -43.0   44.003  100.942   1063.2    775.7
     1     1    21     2    15    21     0     3   -44.0   44.094  100.833   1061.2    771.6
     1     1    21     2    15    20     0     2   -45.0   44.222  100.733   1063.3    765.0
     1     1    21     2    15    19     0     1   -46.0   44.394  100.636   1080.8    754.5
     1     1    21     2    15    18     0     0   -47.0   44.621  100.547   1146.4    736.2
     1     1    21     2    15    17     0     1   -48.0   44.918  100.460   1324.3    703.2
     1     1    21     2    15    16     0     2   -49.0   45.310  100.375   1659.9    661.9
     1     1    21     2    15    15     0     3   -50.0   45.782  100.263   1824.4    630.4
     1     1    21     2    15    14     0     2   -51.0   46.328  100.145   1767.6    628.4
     1     1    21     2    15    13     0     1   -52.0   46.987   99.991   1952.4    578.5
     1     1    21     2    15    12     0     0   -53.0   47.721   99.691   2388.7    537.2
     1     1    21     2    15    11     0     1   -54.0   48.433   99.281   2426.8    549.1
     1     1    21     2    15    10     0     2   -55.0   49.145   98.809   2422.8    574.5
     1     1    21     2    15     9     0     3   -56.0   49.897   98.258   2649.7    558.0
     1     1    21     2    15     8     0     2   -57.0   50.681   97.619   3104.3    533.8
     1     1    21     2    15     7     0     1   -58.0   51.428   96.943   3356.5    549.7
     1     1    21     2    15     6     0     0   -59.0   52.174   96.266   3290.7    549.5
     1     1    21     2    15     5     0     1   -60.0   52.915   95.520   3366.2    568.4
     1     1    21     2    15     4     0     2   -61.0   53.612   94.710   3413.8    578.8
     1     1    21     2    15     3     0     3   -62.0   54.266   93.876   3291.8    618.7
     1     1    21     2    15     2     0     2   -63.0   54.884   93.011   3143.5    631.4
     1     1    21     2    15     1     0     1   -64.0   55.496   92.113   3129.7    641.6
     1     1    21     2    15     0     0     0   -65.0   56.081   91.171   3130.0    657.6
     1     1    21     2    14    23     0     1   -66.0   56.620   90.174   3103.4    665.5
     1     1    21     2    14    22     0     2   -67.0   57.121   89.119   3091.9    673.3
     1     1    21     2    14    21     0     3   -68.0   57.580   88.012   3077.2    674.6
     1     1    21     2    14    20     0     2   -69.0   58.001   86.860   3073.3    674.9
     1     1    21     2    14    19     0     1   -70.0   58.389   85.679   3081.6    676.0
     1     1    21     2    14    18     0     0   -71.0   58.735   84.458   3080.8    678.7
     1     1    21     2    14    17     0     1   -72.0   59.042   83.189   3068.1    680.2
     1     1    21     2    14    16     0     2   -73.0   59.304   81.882   3048.2    682.7
     1     1    21     2    14    15     0     3   -74.0   59.510   80.548   3016.3    687.2
     1     1    21     2    14    14     0     2   -75.0   59.664   79.212   2975.9    692.0
     1     1    21     2    14    13     0     1   -76.0   59.756   77.872   2910.2    694.8
     1     1    21     2    14    12     0     0   -77.0   59.779   76.489   2868.4    698.0
     1     1    21     2    14    11     0     1   -78.0   59.735   75.125   2785.9    705.4
     1     1    21     2    14    10     0     2   -79.0   59.641   73.813   2684.9    715.1
     1     1    21     2    14     9     0     3   -80.0   59.477   72.529   2587.5    723.9
     1     1    21     2    14     8     0     2   -81.0   59.226   71.285   2506.4    732.8
     1     1    21     2    14     7     0     1   -82.0   58.919   70.108   2456.5    736.3
     1     1    21     2    14     6     0     0   -83.0   58.561   69.050   2385.4    748.2
     1     1    21     2    14     5     0     1   -84.0   58.143   68.095   2308.8    760.3
     1     1    21     2    14     4     0     2   -85.0   57.697   67.193   2272.7    761.6
     1     1    21     2    14     3     0     3   -86.0   57.237   66.395   2234.3    760.7
     1     1    21     2    14     2     0     2   -87.0   56.763   65.687   2162.4    766.2
     1     1    21     2    14     1     0     1   -88.0   56.263   65.018   2051.4    773.9
     1     1    21     2    14     0     0     0   -89.0   55.724   64.403   1976.2    787.5
     1     1    21     2    13    23     0     1   -90.0   55.171   63.865   1955.3    786.9
     1     1    21     2    13    22     0     2   -91.0   54.636   63.399   1962.2    783.5
     1     1    21     2    13    21     0     3   -92.0   54.125   62.999   1964.5    783.4
     1     1    21     2    13    20     0     2   -93.0   53.637   62.649   1944.8    781.0
     1     1    21     2    13    19     0     1   -94.0   53.161   62.346   1905.5    784.3
     1     1    21     2    13    18     0     0   -95.0   52.695   62.100   1862.7    787.8
     1     1    21     2    13    17     0     1   -96.0   52.258   61.910   1822.3    788.7
     1     1    21     2    13    16     0     2   -97.0   51.861   61.766   1794.5    791.0
     1     1    21     2    13    15     0     3   -98.0   51.499   61.670   1791.5    792.9
     1     1    21     2    13    14     0     2   -99.0   51.166   61.610   1805.3    791.8
     1     1    21     2    13    13     0     1  -100.0   50.861   61.579   1824.5    791.0
     1     1    21     2    13    12     0     0  -101.0   50.585   61.581   1841.9    790.8
     1     1    21     2    13    11     0     1  -102.0   50.341   61.609   1854.0    791.8
     1     1    21     2    13    10     0     2  -103.0   50.130   61.656   1862.9    793.1
     1     1    21     2    13     9     0     3  -104.0   49.954   61.727   1870.7    794.6
     1     1    21     2    13     8     0     2  -105.0   49.817   61.807   1886.3    795.8
     1     1    21     2    13     7     0     1  -106.0   49.721   61.877   1920.8    794.0
     1     1    21     2    13     6     0     0  -107.0   49.665   61.930   1976.7    789.5
     1     1    21     2    13     5     0     1  -108.0   49.641   61.948   2039.2    782.1
     1     1    21     2    13     4     0     2  -109.0   49.633   61.919   2093.9    776.5
     1     1    21     2    13     3     0     3  -110.0   49.640   61.845   2143.0    770.8
     1     1    21     2    13     2     0     2  -111.0   49.657   61.731   2183.6    764.9
     1     1    21     2    13     1     0     1  -112.0   49.677   61.586   2210.9    760.1
     1     1    21     2    13     0     0     0  -113.0   49.701   61.414   2224.7    756.5
     1     1    21     2    12    23     0     1  -114.0   49.723   61.216   2231.8    753.8
     1     1    21     2    12    22     0     2  -115.0   49.738   60.992   2241.1    750.4
     1     1    21     2    12    21     0     3  -116.0   49.743   60.740   2258.7    748.7
     1     1    21     2    12    20     0     2  -117.0   49.741   60.473   2272.5    746.2
     1     1    21     2    12    19     0     1  -118.0   49.738   60.194   2267.8    746.1
     1     1    21     2    12    18     0     0  -119.0   49.733   59.902   2238.3    748.4
     1     1    21     2    12    17     0     1  -120.0   49.726   59.587   2207.9    752.6
