     5     1
    GDAS    21     2     1     0     0
    GDAS    21     2     8     0     0
    GDAS    21     2    15     0     0
    GDAS    21     2    22     0     0
    GDAS    21     3     1     0     0
     1 BACKWARD OMEGA   
    21     2    25    23   37.820  111.540   500.0
     1 PRESSURE
     1     1    21     2    25    23     0     1     0.0   37.820  111.540    500.0    828.0
     1     1    21     2    25    22     0     2    -1.0   37.687  111.672    485.8    830.4
     1     1    21     2    25    21     0     3    -2.0   37.569  111.816    491.7    829.2
     1     1    21     2    25    20     0     2    -3.0   37.474  111.955    489.3    829.8
     1     1    21     2    25    19     0     1    -4.0   37.411  112.081    464.1    834.7
     1     1    21     2    25    18     0     0    -5.0   37.377  112.191    419.4    841.0
     1     1    21     2    25    17     0     1    -6.0   37.359  112.292    365.7    848.0
     1     1    21     2    25    16     0     2    -7.0   37.346  112.392    315.5    854.1
     1     1    21     2    25    15     0     3    -8.0   37.334  112.497    273.5    859.5
     1     1    21     2    25    14     0     2    -9.0   37.324  112.607    241.2    862.8
     1     1    21     2    25    13     0     1   -10.0   37.317  112.722    220.3    864.8
     1     1    21     2    25    12     0     0   -11.0   37.310  112.839    212.2    865.8
     1     1    21     2    25    11     0     1   -12.0   37.295  112.951    215.3    865.6
     1     1    21     2    25    10     0     2   -13.0   37.268  113.051    217.2    867.9
     1     1    21     2    25     9     0     3   -14.0   37.233  113.139    205.1    873.8
     1     1    21     2    25     8     0     2   -15.0   37.198  113.212    174.8    881.7
     1     1    21     2    25     7     0     1   -16.0   37.166  113.268    132.9    890.5
     1     1    21     2    25     6     0     0   -17.0   37.135  113.307     93.0    897.9
     1     1    21     2    25     5     0     1   -18.0   37.110  113.338     66.4    904.0
     1     1    21     2    25     4     0     2   -19.0   37.097  113.368     51.5    907.0
     1     1    21     2    25     3     0     3   -20.0   37.095  113.400     44.1    909.4
     1     1    21     2    25     2     0     2   -21.0   37.108  113.431     40.9    911.2
     1     1    21     2    25     1     0     1   -22.0   37.136  113.458     40.4    912.6
     1     1    21     2    25     0     0     0   -23.0   37.177  113.481     43.0    913.7
     1     1    21     2    24    23     0     1   -24.0   37.223  113.500     46.6    913.9
     1     1    21     2    24    22     0     2   -25.0   37.262  113.517     49.3    914.3
     1     1    21     2    24    21     0     3   -26.0   37.294  113.531     51.3    914.6
     1     1    21     2    24    20     0     2   -27.0   37.321  113.539     55.2    915.5
     1     1    21     2    24    19     0     1   -28.0   37.342  113.540     64.4    914.8
     1     1    21     2    24    18     0     0   -29.0   37.358  113.535     81.2    912.7
     1     1    21     2    24    17     0     1   -30.0   37.375  113.531    103.2    909.4
     1     1    21     2    24    16     0     2   -31.0   37.395  113.537    125.1    907.5
     1     1    21     2    24    15     0     3   -32.0   37.419  113.556    145.0    906.4
     1     1    21     2    24    14     0     2   -33.0   37.446  113.584    163.1    905.8
     1     1    21     2    24    13     0     1   -34.0   37.473  113.622    181.1    906.0
     1     1    21     2    24    12     0     0   -35.0   37.502  113.668    199.4    906.9
     1     1    21     2    24    11     0     1   -36.0   37.524  113.728    194.6    909.3
     1     1    21     2    24    10     0     2   -37.0   37.526  113.804    136.5    920.9
     1     1    21     2    24     9     0     3   -38.0   37.518  113.900     64.9    940.2
     1     1    21     2    24     8     0     2   -39.0   37.511  114.011     20.9    952.0
     1     1    21     2    24     7     0     1   -40.0   37.506  114.127      0.0    959.6
     1     1    21     2    24     6     0     0   -41.0   37.500  114.247      0.0    967.4
     1     1    21     2    24     5     0     1   -42.0   37.494  114.357      0.0    975.8
     1     1    21     2    24     4     0     2   -43.0   37.491  114.446      0.0    982.8
     1     1    21     2    24     3     0     3   -44.0   37.493  114.516      0.0    988.5
     1     1    21     2    24     2     0     2   -45.0   37.504  114.569      0.0    992.1
     1     1    21     2    24     1     0     1   -46.0   37.529  114.611      0.0    995.0
     1     1    21     2    24     0     0     0   -47.0   37.568  114.642      0.0    997.3
     1     1    21     2    23    23     0     1   -48.0   37.615  114.677      0.0    999.9
     1     1    21     2    23    22     0     2   -49.0   37.666  114.731      0.0   1003.7
     1     1    21     2    23    21     0     3   -50.0   37.723  114.805      0.0   1008.6
     1     1    21     2    23    20     0     2   -51.0   37.780  114.897      0.0   1014.2
     1     1    21     2    23    19     0     1   -52.0   37.829  115.006      0.0   1020.2
     1     1    21     2    23    18     0     0   -53.0   37.863  115.128      0.0   1020.5
     1     1    21     2    23    17     0     1   -54.0   37.890  115.261      0.0   1021.1
     1     1    21     2    23    16     0     2   -55.0   37.919  115.405      0.0   1021.7
     1     1    21     2    23    15     0     3   -56.0   37.950  115.565      0.0   1022.5
     1     1    21     2    23    14     0     2   -57.0   37.977  115.745      0.0   1023.2
     1     1    21     2    23    13     0     1   -58.0   37.985  115.957      0.0   1024.0
     1     1    21     2    23    12     0     0   -59.0   37.966  116.199      0.0   1024.2
     1     1    21     2    23    11     0     1   -60.0   37.937  116.446      0.1   1023.9
     1     1    21     2    23    10     0     2   -61.0   37.907  116.689      0.5   1023.6
     1     1    21     2    23     9     0     3   -62.0   37.880  116.941      0.7   1023.5
     1     1    21     2    23     8     0     2   -63.0   37.845  117.210      0.9   1024.7
     1     1    21     2    23     7     0     1   -64.0   37.797  117.498      1.1   1025.5
     1     1    21     2    23     6     0     0   -65.0   37.738  117.803      1.4   1025.5
     1     1    21     2    23     5     0     1   -66.0   37.678  118.117      1.6   1026.8
     1     1    21     2    23     4     0     2   -67.0   37.630  118.424      1.4   1028.5
     1     1    21     2    23     3     0     3   -68.0   37.596  118.717      0.9   1029.7
     1     1    21     2    23     2     0     2   -69.0   37.574  118.998      0.4   1029.8
     1     1    21     2    23     1     0     1   -70.0   37.569  119.268      0.9   1027.5
     1     1    21     2    23     0     0     0   -71.0   37.584  119.526      2.7   1025.9
     1     1    21     2    22    23     0     1   -72.0   37.620  119.770      5.5   1025.1
     1     1    21     2    22    22     0     2   -73.0   37.677  119.999      9.0   1025.0
     1     1    21     2    22    21     0     3   -74.0   37.764  120.219     12.9   1026.6
     1     1    21     2    22    20     0     2   -75.0   37.883  120.438     16.3   1028.3
     1     1    21     2    22    19     0     1   -76.0   38.028  120.656     17.1   1030.2
     1     1    21     2    22    18     0     0   -77.0   38.190  120.858     15.6   1030.4
     1     1    21     2    22    17     0     1   -78.0   38.369  121.049     14.2   1030.6
     1     1    21     2    22    16     0     2   -79.0   38.567  121.239     14.1   1029.8
     1     1    21     2    22    15     0     3   -80.0   38.772  121.433     15.0   1028.8
     1     1    21     2    22    14     0     2   -81.0   38.975  121.609     17.1   1027.1
     1     1    21     2    22    13     0     1   -82.0   39.183  121.759     21.0   1024.1
     1     1    21     2    22    12     0     0   -83.0   39.404  121.902     27.7   1019.8
     1     1    21     2    22    11     0     1   -84.0   39.649  122.029     35.5   1015.7
     1     1    21     2    22    10     0     2   -85.0   39.922  122.116     43.9   1012.1
     1     1    21     2    22     9     0     3   -86.0   40.217  122.147     50.2   1012.6
     1     1    21     2    22     8     0     2   -87.0   40.515  122.137     41.7   1014.6
     1     1    21     2    22     7     0     1   -88.0   40.802  122.108     26.5   1019.5
     1     1    21     2    22     6     0     0   -89.0   41.089  122.059     17.7   1023.1
     1     1    21     2    22     5     0     1   -90.0   41.387  121.980     22.6   1017.5
     1     1    21     2    22     4     0     2   -91.0   41.707  121.841     66.9   1006.0
     1     1    21     2    22     3     0     3   -92.0   42.078  121.595    181.0    981.6
     1     1    21     2    22     2     0     2   -93.0   42.485  121.271    291.6    951.1
     1     1    21     2    22     1     0     1   -94.0   42.917  120.901    354.0    937.2
     1     1    21     2    22     0     0     0   -95.0   43.340  120.512    384.4    931.2
     1     1    21     2    21    23     0     1   -96.0   43.723  120.135    449.8    922.6
     1     1    21     2    21    22     0     2   -97.0   44.147  119.681    614.6    875.5
     1     1    21     2    21    21     0     3   -98.0   44.669  119.001    788.2    800.4
     1     1    21     2    21    20     0     2   -99.0   45.167  118.263    818.9    811.5
     1     1    21     2    21    19     0     1  -100.0   45.613  117.641    858.4    810.5
     1     1    21     2    21    18     0     0  -101.0   46.064  117.018    887.1    799.3
     1     1    21     2    21    17     0     1  -102.0   46.498  116.484    883.6    824.5
     1     1    21     2    21    16     0     2  -103.0   46.895  116.057    895.1    832.5
     1     1    21     2    21    15     0     3  -104.0   47.295  115.671    905.9    826.4
     1     1    21     2    21    14     0     2  -105.0   47.700  115.242    923.5    815.4
     1     1    21     2    21    13     0     1  -106.0   48.086  114.809    868.1    817.9
     1     1    21     2    21    12     0     0  -107.0   48.476  114.408    753.6    834.6
     1     1    21     2    21    11     0     1  -108.0   48.871  114.007    654.9    835.8
     1     1    21     2    21    10     0     2  -109.0   49.287  113.553    613.9    839.3
     1     1    21     2    21     9     0     3  -110.0   49.743  112.991    501.4    826.0
     1     1    21     2    21     8     0     2  -111.0   50.129  112.466    337.9    850.8
     1     1    21     2    21     7     0     1  -112.0   50.457  111.862    263.4    843.1
     1     1    21     2    21     6     0     0  -113.0   50.709  111.249    195.8    851.8
     1     1    21     2    21     5     0     1  -114.0   50.891  110.695    174.2    864.3
     1     1    21     2    21     4     0     2  -115.0   51.048  110.063    269.1    857.0
     1     1    21     2    21     3     0     3  -116.0   51.197  109.377    357.5    855.7
     1     1    21     2    21     2     0     2  -117.0   51.317  108.790    332.0    877.9
     1     1    21     2    21     1     0     1  -118.0   51.461  108.246    336.6    881.6
     1     1    21     2    21     0     0     0  -119.0   51.710  107.657    424.5    868.4
     1     1    21     2    20    23     0     1  -120.0   51.951  107.058    280.4    865.5
