  .000     .000     .00   3.010E-02
    .000     .028     .00   7.370E-02
    .000     .056     .00   4.519E-02
    .000     .084     .00   3.059E-02
    .000     .112     .00   2.507E-02
    .000     .168     .00   1.984E-02
    .000     .196     .00   1.815E-02
    .000     .224     .00   1.682E-02
    .000     .252     .00   1.573E-02
    .000     .280     .00   1.483E-02
    .200     .000     .00   3.001E-02
    .200     .028    7.14   8.389E-02
    .200     .056    3.57   9.082E-02
    .200     .084    2.38   5.552E-02
    .200     .112    1.79   3.870E-02
    .200     .140    1.43   3.030E-02
    .200     .168    1.19   2.534E-02
    .200     .196    1.02   2.210E-02
    .200     .224     .89   1.975E-02
    .200     .252     .79   1.805E-02
    .200     .280     .71   1.665E-02
    .400     .000     .00   2.986E-02  1323.  0.000E+00  1529.  0.000E+00  1900.  9.233E-03   830.  5.046E-08  1414.
   3.687E-05  1326.  3.332E-03  1900.
    .400     .028   14.29   8.708E-02  1900.  2.509E-03  1315.  3.607E-03  1900.  9.705E-03   830.  4.482E-07  1205.
   5.568E-05  1407.  5.661E-03  1900.
    .400     .056    7.14   1.069E-01  1900.  2.780E-03  1543.  9.646E-03  1900.  9.516E-03   830.  5.946E-07  1415.
   4.959E-05  1541.  3.413E-03  1900.
    .400     .084    4.76   9.978E-02  1900.  2.137E-03  1803.  1.547E-02  1900.  9.434E-03   830.  3.933E-07  1607.
   1.773E-05  1739.  3.230E-04  1900.
    .400     .112    3.57   6.511E-02  1900.  9.216E-04  1718.  1.509E-02  1900.  9.387E-03   830.  1.861E-07  1513.
   1.838E-06  1643.  5.583E-06  1830.
    .400     .140    2.86   4.746E-02  1829.  5.271E-04  1644.  1.359E-02  1900.  9.358E-03   830.  1.234E-07  1448.
   6.647E-07  1548.  8.214E-07  1830.
    .400     .168    2.38   3.688E-02  1750.  3.432E-04  1624.  1.230E-02  1900.  9.337E-03   830.  9.211E-08  1433.
   3.487E-07  1518.  2.312E-07  1830.
    .400     .196    2.04   3.022E-02  1716.  2.437E-04  1608.  1.129E-02  1900.  9.324E-03   830.  7.363E-08  1422.
   2.169E-07  1502.  9.026E-08  1830.
    .400     .224    1.79   2.580E-02  1646.  1.826E-04  1557.  1.044E-02  1900.  9.314E-03   830.  6.163E-08  1413.
   1.497E-07  1450.  4.315E-08  1830.
    .400     .252    1.59   2.257E-02  1621.  1.432E-04  1548.  9.801E-03  1900.  9.303E-03   830.  5.288E-08  1405.
   1.091E-07  1443.  2.314E-08  1830.
    .400     .280    1.43   2.013E-02  1600.  1.150E-04  1540.  9.244E-03  1900.  9.294E-03   830.  4.634E-08  1359.
   8.310E-08  1435.  1.349E-08  1830.
    .600     .000     .00   2.973E-02  1320.  0.000E+00  1540.  0.000E+00  1900.  1.269E-02   830.  4.236E-08  1418.
   3.850E-05  1317.  3.726E-03  1900.
    .600     .028   21.43   8.710E-02  1900.  3.268E-03  1236.  2.881E-03  1900.  1.351E-02   830.  3.471E-07  1127.
   5.840E-05  1336.  6.662E-03  1900.
    .600     .056   10.71   1.133E-01  1900.  4.032E-03  1428.  8.263E-03  1900.  1.323E-02   830.  5.267E-07  1320.
   5.776E-05  1455.  5.233E-03  1900.
    .600     .084    7.14   1.241E-01  1900.  4.025E-03  1642.  1.457E-02  1900.  1.308E-02   830.  5.338E-07  1506.
   4.443E-05  1627.  2.430E-03  1900.
    .600     .112    5.36   1.047E-01  1900.  2.659E-03  1816.  1.931E-02  1900.  1.299E-02   830.  3.008E-07  1600.
   1.015E-05  1747.  1.139E-04  1900.
    .600     .140    4.29   7.405E-02  1900.  1.372E-03  1727.  1.861E-02  1900.  1.294E-02   830.  1.737E-07  1511.
   1.854E-06  1648.  5.780E-06  1830.
    .600     .168    3.57   5.611E-02  1900.  8.496E-04  1657.  1.712E-02  1900.  1.290E-02   830.  1.238E-07  1448.
   7.782E-07  1600.  1.149E-06  1830.
    .600     .196    3.06   4.417E-02  1807.  5.798E-04  1636.  1.577E-02  1900.  1.287E-02   830.  9.645E-08  1433.
   4.352E-07  1527.  3.709E-07  1830.
    .600     .224    2.68   3.614E-02  1738.  4.227E-04  1620.  1.462E-02  1900.  1.285E-02   830.  7.962E-08  1421.
   2.822E-07  1510.  1.578E-07  1830.
    .600     .252    2.38   3.041E-02  1712.  3.204E-04  1605.  1.364E-02  1900.  1.283E-02   830.  6.793E-08  1409.
   1.983E-07  1456.  7.790E-08  1830.
    .600     .280    2.14   2.629E-02  1649.  2.555E-04  1556.  1.288E-02  1900.  1.282E-02   830.  5.942E-08  1400.
   1.475E-07  1447.  4.351E-08  1830.
    .800     .000     .00   2.960E-02  1317.  0.000E+00  1556.  0.000E+00  1900.  1.614E-02   830.  3.670E-08  1420.
   4.019E-05  1306.  4.134E-03  1900.
    .800     .028   28.57   8.606E-02  1900.  3.857E-03  1207.  2.554E-03  1138.  1.734E-02   830.  2.821E-07  1101.
   6.061E-05  1311.  7.497E-03  1900.
    .800     .056   14.29   1.161E-01  1900.  5.131E-03  1351.  7.139E-03  1900.  1.698E-02   830.  4.506E-07  1240.
   6.233E-05  1422.  6.612E-03  1900.
    .800     .084    9.52   1.328E-01  1900.  5.422E-03  1541.  1.305E-02  1900.  1.678E-02   830.  5.234E-07  1410.
   5.635E-05  1536.  4.460E-03  1900.
    .800     .112    7.14   1.374E-01  1900.  5.119E-03  1729.  1.941E-02  1900.  1.665E-02   830.  4.549E-07  1542.
   3.705E-05  1706.  1.522E-03  1900.
    .800     .140    5.71   1.101E-01  1900.  3.170E-03  1817.  2.280E-02  1900.  1.656E-02   830.  2.536E-07  1550.
   7.139E-06  1742.  6.213E-05  1900.
    .800     .168    4.76   8.253E-02  1900.  1.850E-03  1735.  2.206E-02  1900.  1.649E-02   830.  1.648E-07  1510.
   1.896E-06  1651.  6.135E-06  1830.
    .800     .196    4.08   6.459E-02  1900.  1.223E-03  1708.  2.070E-02  1900.  1.645E-02   830.  1.233E-07  1449.
   8.846E-07  1610.  1.493E-06  1830.
    .800     .224    3.57   5.165E-02  1819.  8.641E-04  1647.  1.934E-02  1900.  1.641E-02   830.  9.911E-08  1432.
   5.165E-07  1538.  5.334E-07  1830.
    .800     .252    3.17   4.247E-02  1754.  6.468E-04  1630.  1.814E-02  1900.  1.639E-02   830.  8.364E-08  1417.
   3.449E-07  1518.  2.410E-07  1830.
    .800     .280    2.86   3.571E-02  1730.  5.013E-04  1616.  1.707E-02  1900.  1.636E-02   830.  7.278E-08  1405.
   2.477E-07  1504.  1.251E-07  1830.
   1.000     .000     .00   2.948E-02  1315.  0.000E+00  1616.  0.000E+00  1900.  1.959E-02   830.  3.255E-08  1421.
   4.192E-05  1253.  4.544E-03  1900.
   1.000     .028   35.71   8.485E-02  1900.  4.335E-03  1144.  2.360E-03  1114.  2.118E-02   830.  2.379E-07  1041.
   6.273E-05  1247.  8.248E-03  1900.
   1.000     .056   17.86   1.171E-01  1900.  6.060E-03  1321.  6.322E-03  1900.  2.077E-02   830.  3.861E-07  1210.
   6.560E-05  1355.  7.750E-03  1900.
   1.000     .084   11.90   1.372E-01  1900.  6.647E-03  1442.  1.174E-02  1900.  2.050E-02   830.  4.785E-07  1330.
   6.288E-05  1459.  6.069E-03  1900.
   1.000     .112    8.93   1.491E-01  1900.  6.805E-03  1627.  1.790E-02  1900.  2.033E-02   830.  4.914E-07  1449.
   5.279E-05  1612.  3.575E-03  1900.
   1.000     .140    7.14   1.467E-01  1900.  5.994E-03  1807.  2.409E-02  1900.  2.021E-02   830.  3.766E-07  1604.
   2.831E-05  1736.  8.134E-04  1900.
   1.000     .168    5.95   1.156E-01  1900.  3.689E-03  1816.  2.629E-02  1900.  2.012E-02   830.  2.230E-07  1541.
   5.599E-06  1738.  4.119E-05  1900.
   1.000     .196    5.10   9.029E-02  1900.  2.344E-03  1741.  2.547E-02  1900.  2.007E-02   830.  1.572E-07  1509.
   1.925E-06  1654.  6.336E-06  1830.
   1.000     .224    4.46   7.273E-02  1900.  1.632E-03  1716.  2.421E-02  1900.  2.000E-02   830.  1.225E-07  1448.
   9.841E-07  1617.  1.858E-06  1830.
   1.000     .252    3.97   5.924E-02  1900.  1.191E-03  1657.  2.285E-02  1900.  1.996E-02   830.  1.010E-07  1432.
   6.002E-07  1549.  7.246E-07  1830.
   1.000     .280    3.57   4.911E-02  1806.  9.095E-04  1640.  2.162E-02  1900.  1.992E-02   830.  8.674E-08  1415.
   4.091E-07  1526.  3.439E-07  1830.
   1.200     .000     .00   2.933E-02  1312.  0.000E+00  1640.  0.000E+00  1900.  2.305E-02   830.  2.926E-08  1423.
   4.471E-05   927.  4.974E-03  1900.
   1.200     .028   42.86   8.375E-02  1900.  4.743E-03  1127.  2.228E-03  1058.  2.500E-02   830.  2.063E-07  1026.
   6.483E-05  1226.  8.933E-03  1900.
   1.200     .056   21.43   1.170E-01  1900.  6.810E-03  1256.  5.791E-03  1229.  2.457E-02   830.  3.358E-07  1146.
   6.825E-05  1333.  8.734E-03  1900.
   1.200     .084   14.29   1.395E-01  1900.  7.820E-03  1409.  1.067E-02  1900.  2.427E-02   830.  4.308E-07  1259.
   6.726E-05  1431.  7.415E-03  1900.
   1.200     .112   10.71   1.549E-01  1900.  8.156E-03  1541.  1.646E-02  1900.  2.405E-02   830.  4.755E-07  1408.
   6.154E-05  1534.  5.344E-03  1900.
   1.200     .140    8.57   1.633E-01  1900.  8.091E-03  1707.  2.277E-02  1900.  2.389E-02   830.  4.472E-07  1520.
   4.758E-05  1643.  2.681E-03  1900.
   1.200     .168    7.14   1.524E-01  1900.  6.630E-03  1900.  2.840E-02  1900.  2.378E-02   830.  3.130E-07  1608.
   2.015E-05  1753.  3.993E-04  1900.
   1.200     .196    6.12   1.213E-01  1900.  4.221E-03  1817.  2.965E-02  1900.  2.369E-02   830.  2.027E-07  1535.
   4.781E-06  1733.  3.165E-05  1900.
   1.200     .224    5.36   9.768E-02  1900.  2.859E-03  1747.  2.888E-02  1900.  2.362E-02   830.  1.507E-07  1508.
   1.951E-06  1656.  6.553E-06  1830.
   1.200     .252    4.76   8.033E-02  1900.  2.069E-03  1724.  2.769E-02  1900.  2.356E-02   830.  1.211E-07  1448.
   1.069E-06  1623.  2.184E-06  1830.
   1.200     .280    4.29   6.666E-02  1900.  1.554E-03  1705.  2.635E-02  1900.  2.352E-02   830.  1.021E-07  1432.
   6.790E-07  1557.  9.306E-07  1830.
   1.400     .000     .00   2.922E-02  1309.  0.000E+00  1705.  0.000E+00  1900.  2.649E-02   830.  2.676E-08  1425.
   4.782E-05   923.  5.394E-03  1900.
   1.400     .028   50.00   8.272E-02  1900.  5.102E-03  1113.  2.133E-03  1046.  2.881E-02   830.  1.828E-07  1013.
   6.690E-05  1207.  9.614E-03  1900.
   1.400     .056   25.00   1.164E-01  1900.  7.453E-03  1235.  5.452E-03  1205.  2.839E-02   830.  2.968E-07  1127.
   7.064E-05  1314.  9.649E-03  1900.
   1.400     .084   16.67   1.405E-01  1900.  8.801E-03  1344.  9.776E-03  1900.  2.804E-02   830.  3.869E-07  1233.
   7.060E-05  1409.  8.572E-03  1900.
   1.400     .112   12.50   1.579E-01  1900.  9.328E-03  1452.  1.520E-02  1900.  2.780E-02   830.  4.448E-07  1336.
   6.713E-05  1503.  6.835E-03  1900.
   1.400     .140   10.00   1.704E-01  1900.  9.640E-03  1618.  2.123E-02  1900.  2.761E-02   830.  4.553E-07  1440.
   5.881E-05  1602.  4.535E-03  1900.
   1.400     .168    8.33   1.750E-01  1900.  9.219E-03  1740.  2.757E-02  1900.  2.746E-02   830.  3.973E-07  1544.
   4.125E-05  1712.  1.866E-03  1900.
   1.400     .196    7.14   1.560E-01  1900.  7.097E-03  1900.  3.223E-02  1900.  2.735E-02   830.  2.687E-07  1603.
   1.431E-05  1757.  2.111E-04  1900.
   1.400     .224    6.25   1.268E-01  1900.  4.759E-03  1817.  3.293E-02  1900.  2.726E-02   830.  1.878E-07  1530.
   4.284E-06  1731.  2.633E-05  1900.
   1.400     .252    5.56   1.047E-01  1900.  3.389E-03  1752.  3.220E-02  1900.  2.718E-02   830.  1.457E-07  1506.
   1.987E-06  1658.  6.828E-06  1830.
   1.400     .280    5.00   8.760E-02  1900.  2.528E-03  1731.  3.106E-02  1900.  2.712E-02   830.  1.198E-07  1448.
   1.150E-06  1628.  2.530E-06  1830.
   1.600     .000     .00   2.909E-02  1307.  0.000E+00  1731.  0.000E+00  1900.  2.995E-02   830.  2.467E-08  1426.
   5.078E-05   921.  5.816E-03  1900.
   1.600     .028   57.14   8.233E-02  1110.  5.418E-03  1102.  2.056E-03  1037.  3.259E-02   830.  1.646E-07  1004.
   6.902E-05  1152.  1.028E-02  1900.
   1.600     .056   28.57   1.155E-01  1900.  8.010E-03  1218.  5.201E-03  1147.  3.220E-02   830.  2.663E-07  1111.
   7.288E-05  1257.  1.049E-02  1900.
   1.600     .084   19.05   1.407E-01  1900.  9.658E-03  1323.  9.136E-03  1256.  3.185E-02   830.  3.497E-07  1212.
   7.341E-05  1350.  9.630E-03  1900.
   1.600     .112   14.29   1.598E-01  1900.  1.050E-02  1420.  1.414E-02  1900.  3.155E-02   830.  4.124E-07  1310.
   7.129E-05  1439.  8.131E-03  1900.
   1.600     .140   11.43   1.743E-01  1900.  1.090E-02  1541.  1.983E-02  1900.  3.132E-02   830.  4.409E-07  1407.
   6.584E-05  1532.  6.140E-03  1900.
   1.600     .168    9.52   1.847E-01  1900.  1.107E-02  1652.  2.607E-02  1900.  3.116E-02   830.  4.279E-07  1506.
   5.484E-05  1629.  3.699E-03  1900.
   1.600     .196    8.16   1.840E-01  1900.  1.016E-02  1810.  3.224E-02  1900.  3.103E-02   830.  3.474E-07  1600.
   3.397E-05  1735.  1.177E-03  1900.
   1.600     .224    7.14   1.595E-01  1900.  7.550E-03  1900.  3.588E-02  1900.  3.091E-02   830.  2.379E-07  1556.
   1.078E-05  1755.  1.291E-04  1900.
   1.600     .252    6.35   1.324E-01  1900.  5.316E-03  1819.  3.625E-02  1900.  3.082E-02   830.  1.761E-07  1526.
   3.937E-06  1728.  2.294E-05  1900.
   1.600     .280    5.71   1.114E-01  1900.  3.932E-03  1756.  3.553E-02  1900.  3.074E-02   830.  1.410E-07  1505.
   2.013E-06  1659.  7.048E-06  1830.
   1.800     .000     .00   2.897E-02  1305.  0.000E+00  1756.  0.000E+00  1900.  3.340E-02   830.  2.297E-08  1427.
   5.357E-05   919.  6.249E-03  1900.
   1.800     .028   64.29   8.324E-02  1058.  5.706E-03  1053.  2.000E-03  1030.  3.639E-02   830.  1.501E-07   955.
   7.111E-05  1138.  1.094E-02  1900.
   1.800     .056   32.14   1.146E-01  1900.  8.503E-03  1203.  5.011E-03  1132.  3.601E-02   830.  2.417E-07  1058.
   7.500E-05  1242.  1.130E-02  1900.
   1.800     .084   21.43   1.405E-01  1900.  1.039E-02  1304.  8.708E-03  1235.  3.563E-02   830.  3.181E-07  1154.
   7.593E-05  1333.  1.061E-02  1900.
   1.800     .112   16.07   1.607E-01  1900.  1.153E-02  1358.  1.324E-02  1900.  3.533E-02   830.  3.789E-07  1247.
   7.463E-05  1419.  9.309E-03  1900.
   1.800     .140   12.86   1.766E-01  1900.  1.204E-02  1459.  1.865E-02  1900.  3.508E-02   830.  4.181E-07  1340.
   7.086E-05  1505.  7.551E-03  1900.
   1.800     .168   10.71   1.893E-01  1900.  1.247E-02  1612.  2.455E-02  1900.  3.488E-02   830.  4.275E-07  1434.
   6.360E-05  1556.  5.379E-03  1900.
   1.800     .196    9.18   1.971E-01  1900.  1.233E-02  1722.  3.083E-02  1900.  3.472E-02   830.  3.940E-07  1528.
   4.984E-05  1654.  2.866E-03  1900.
   1.800     .224    8.04   1.902E-01  1900.  1.087E-02  1900.  3.670E-02  1900.  3.459E-02   830.  3.032E-07  1607.
   2.666E-05  1750.  6.931E-04  1900.
   1.800     .252    7.14   1.630E-01  1900.  8.001E-03  1900.  3.928E-02  1900.  3.449E-02   830.  2.159E-07  1549.
   8.675E-06  1752.  8.953E-05  1900.
   1.800     .280    6.43   1.378E-01  1900.  5.878E-03  1820.  3.950E-02  1900.  3.438E-02   830.  1.669E-07  1523.
   3.696E-06  1727.  2.073E-05  1900.
   2.000     .000     .00   2.885E-02  1302.  0.000E+00  1820.  0.000E+00  1900.  3.685E-02   830.  2.152E-08  1428.
   5.624E-05   918.  6.677E-03  1900.
   2.000     .028   71.43   8.409E-02  1049.  5.964E-03  1046.  1.951E-03  1024.  4.016E-02   830.  1.384E-07   948.
   7.320E-05  1128.  1.157E-02  1900.
   2.000     .056   35.71   1.137E-01  1900.  8.955E-03  1150.  4.866E-03  1120.  3.981E-02   830.  2.217E-07  1047.
   7.710E-05  1230.  1.207E-02  1900.
   2.000     .084   23.81   1.398E-01  1900.  1.103E-02  1248.  8.361E-03  1218.  3.943E-02   830.  2.918E-07  1139.
   7.823E-05  1318.  1.153E-02  1900.
   2.000     .112   17.86   1.610E-01  1900.  1.245E-02  1340.  1.252E-02  1900.  3.912E-02   830.  3.507E-07  1229.
   7.750E-05  1402.  1.039E-02  1900.
   2.000     .140   14.29   1.783E-01  1900.  1.321E-02  1428.  1.763E-02  1900.  3.885E-02   830.  3.928E-07  1318.
   7.482E-05  1444.  8.815E-03  1900.
   2.000     .168   11.90   1.921E-01  1900.  1.368E-02  1541.  2.323E-02  1900.  3.861E-02   830.  4.143E-07  1406.
   6.966E-05  1530.  6.873E-03  1900.
   2.000     .196   10.20   2.033E-01  1900.  1.398E-02  1642.  2.931E-02  1900.  3.844E-02   830.  4.086E-07  1456.
   6.034E-05  1620.  4.585E-03  1900.
   2.000     .224    8.93   2.081E-01  1900.  1.349E-02  1749.  3.565E-02  1900.  3.829E-02   830.  3.575E-07  1546.
   4.398E-05  1717.  2.095E-03  1900.
   2.000     .252    7.94   1.940E-01  1900.  1.138E-02  1900.  4.076E-02  1900.  3.815E-02   830.  2.681E-07  1606.
   2.041E-05  1759.  4.096E-04  1900.
   2.000     .280    7.14   1.666E-01  1900.  8.483E-03  1900.  4.263E-02  1900.  3.806E-02   830.  1.992E-07  1542.
   7.309E-06  1748.  6.746E-05  1900.