<P>
    0.0000E+00   0.0000E+00   0.1796E-02   0.4928E-06
    0.0000E+00   0.2500E-01   0.6595E-01   0.1998E-04
    0.0000E+00   0.5000E-01   0.1770E-01   0.6984E-05
    0.0000E+00   0.7500E-01   0.9545E-02   0.4178E-05
    0.0000E+00   0.1000E+00   0.7060E-02   0.3045E-05
    0.0000E+00   0.1250E+00   0.6083E-02   0.2411E-05
    0.0000E+00   0.1500E+00   0.5671E-02   0.1999E-05
    0.0000E+00   0.1750E+00   0.5727E-02   0.1708E-05
    0.0000E+00   0.2000E+00   0.5836E-02   0.1490E-05
    0.0000E+00   0.2250E+00   0.5925E-02   0.1323E-05
    0.0000E+00   0.2500E+00   0.6001E-02   0.1192E-05
    0.2000E+00   0.0000E+00   0.4551E-02   0.1302E-05
    0.2000E+00   0.2500E-01   0.1254E+00   0.3691E-04
    0.2000E+00   0.5000E-01   0.1047E+00   0.3064E-04
    0.2000E+00   0.7500E-01   0.5390E-01   0.1903E-04
    0.2000E+00   0.1000E+00   0.3178E-01   0.1362E-04
    0.2000E+00   0.1250E+00   0.2154E-01   0.1052E-04
    0.2000E+00   0.1500E+00   0.1615E-01   0.8868E-05
    0.2000E+00   0.1750E+00   0.1298E-01   0.7709E-05
    0.2000E+00   0.2000E+00   0.1101E-01   0.6833E-05
    0.2000E+00   0.2250E+00   0.9671E-02   0.6143E-05
    0.2000E+00   0.2500E+00   0.8744E-02   0.5577E-05
    0.4000E+00   0.0000E+00   0.4952E-02   0.1276E-05
    0.4000E+00   0.2500E-01   0.1289E+00   0.3609E-04
    0.4000E+00   0.5000E-01   0.1527E+00   0.4140E-04
    0.4000E+00   0.7500E-01   0.1118E+00   0.3112E-04
    0.4000E+00   0.1000E+00   0.7085E-01   0.2265E-04
    0.4000E+00   0.1250E+00   0.4778E-01   0.1869E-04
    0.4000E+00   0.1500E+00   0.3404E-01   0.1513E-04
    0.4000E+00   0.1750E+00   0.2587E-01   0.1282E-04
    0.4000E+00   0.2000E+00   0.2053E-01   0.1146E-04
    0.4000E+00   0.2250E+00   0.1695E-01   0.1040E-04
    0.4000E+00   0.2500E+00   0.1450E-01   0.9534E-05
    0.6000E+00   0.0000E+00   0.4973E-02   0.1176E-05
    0.6000E+00   0.2500E-01   0.1273E+00   0.3285E-04
    0.6000E+00   0.5000E-01   0.1676E+00   0.4313E-04
    0.6000E+00   0.7500E-01   0.1594E+00   0.4064E-04
    0.6000E+00   0.1000E+00   0.1168E+00   0.3083E-04
    0.6000E+00   0.1250E+00   0.8213E-01   0.2440E-04
    0.6000E+00   0.1500E+00   0.5986E-01   0.2150E-04
    0.6000E+00   0.1750E+00   0.4508E-01   0.1839E-04
    0.6000E+00   0.2000E+00   0.3486E-01   0.1585E-04
    0.6000E+00   0.2250E+00   0.2785E-01   0.1407E-04
    0.6000E+00   0.2500E+00   0.2297E-01   0.1303E-04
    0.8000E+00   0.0000E+00   0.4873E-02   0.1081E-05
    0.8000E+00   0.2500E-01   0.1264E+00   0.2931E-04
    0.8000E+00   0.5000E-01   0.1717E+00   0.4150E-04
    0.8000E+00   0.7500E-01   0.1853E+00   0.4460E-04
    0.8000E+00   0.1000E+00   0.1594E+00   0.3861E-04
    0.8000E+00   0.1250E+00   0.1205E+00   0.3050E-04
    0.8000E+00   0.1500E+00   0.9101E-01   0.2539E-04
    0.8000E+00   0.1750E+00   0.6999E-01   0.2308E-04
    0.8000E+00   0.2000E+00   0.5448E-01   0.2072E-04
    0.8000E+00   0.2250E+00   0.4336E-01   0.1818E-04
    0.8000E+00   0.2500E+00   0.3511E-01   0.1628E-04
    0.1000E+01   0.0000E+00   0.4735E-02   0.9944E-06
    0.1000E+01   0.2500E-01   0.1257E+00   0.2628E-04
    0.1000E+01   0.5000E-01   0.1732E+00   0.3866E-04
    0.1000E+01   0.7500E-01   0.1968E+00   0.4496E-04
    0.1000E+01   0.1000E+00   0.1916E+00   0.4369E-04
    0.1000E+01   0.1250E+00   0.1586E+00   0.3673E-04
    0.1000E+01   0.1500E+00   0.1245E+00   0.3020E-04
    0.1000E+01   0.1750E+00   0.9853E-01   0.2601E-04
    0.1000E+01   0.2000E+00   0.7848E-01   0.2406E-04
    0.1000E+01   0.2250E+00   0.6294E-01   0.2239E-04
    0.1000E+01   0.2500E+00   0.5128E-01   0.2004E-04
    0.1200E+01   0.0000E+00   0.4577E-02   0.9268E-06
    0.1200E+01   0.2500E-01   0.1249E+00   0.2384E-04
    0.1200E+01   0.5000E-01   0.1743E+00   0.3562E-04
    0.1200E+01   0.7500E-01   0.2017E+00   0.4350E-04
    0.1200E+01   0.1000E+00   0.2107E+00   0.4575E-04
    0.1200E+01   0.1250E+00   0.1927E+00   0.4181E-04
    0.1200E+01   0.1500E+00   0.1588E+00   0.3529E-04
    0.1200E+01   0.1750E+00   0.1290E+00   0.2997E-04
    0.1200E+01   0.2000E+00   0.1046E+00   0.2643E-04
    0.1200E+01   0.2250E+00   0.8581E-01   0.2473E-04
    0.1200E+01   0.2500E+00   0.7058E-01   0.2355E-04
    0.1400E+01   0.0000E+00   0.4421E-02   0.8711E-06
    0.1400E+01   0.2500E-01   0.1242E+00   0.2187E-04
    0.1400E+01   0.5000E-01   0.1757E+00   0.3274E-04
    0.1400E+01   0.7500E-01   0.2048E+00   0.4120E-04
    0.1400E+01   0.1000E+00   0.2211E+00   0.4572E-04
    0.1400E+01   0.1250E+00   0.2171E+00   0.4500E-04
    0.1400E+01   0.1500E+00   0.1914E+00   0.3991E-04
    0.1400E+01   0.1750E+00   0.1597E+00   0.3421E-04
    0.1400E+01   0.2000E+00   0.1327E+00   0.2976E-04
    0.1400E+01   0.2250E+00   0.1106E+00   0.2671E-04
    0.1400E+01   0.2500E+00   0.9244E-01   0.2520E-04
    0.1600E+01   0.0000E+00   0.4268E-02   0.8256E-06
    0.1600E+01   0.2500E-01   0.1237E+00   0.2024E-04
    0.1600E+01   0.5000E-01   0.1768E+00   0.3030E-04
    0.1600E+01   0.7500E-01   0.2073E+00   0.3865E-04
    0.1600E+01   0.1000E+00   0.2268E+00   0.4445E-04
    0.1600E+01   0.1250E+00   0.2333E+00   0.4625E-04
    0.1600E+01   0.1500E+00   0.2190E+00   0.4349E-04
    0.1600E+01   0.1750E+00   0.1905E+00   0.3825E-04
    0.1600E+01   0.2000E+00   0.1616E+00   0.3337E-04
    0.1600E+01   0.2250E+00   0.1369E+00   0.2960E-04
    0.1600E+01   0.2500E+00   0.1160E+00   0.2691E-04
    0.1800E+01   0.0000E+00   0.4137E-02   0.7838E-06
    0.1800E+01   0.2500E-01   0.1232E+00   0.1889E-04
    0.1800E+01   0.5000E-01   0.1777E+00   0.2825E-04
    0.1800E+01   0.7500E-01   0.2097E+00   0.3618E-04
    0.1800E+01   0.1000E+00   0.2307E+00   0.4256E-04
    0.1800E+01   0.1250E+00   0.2431E+00   0.4604E-04
    0.1800E+01   0.1500E+00   0.2399E+00   0.4566E-04
    0.1800E+01   0.1750E+00   0.2187E+00   0.4179E-04
    0.1800E+01   0.2000E+00   0.1902E+00   0.3690E-04
    0.1800E+01   0.2250E+00   0.1635E+00   0.3272E-04
    0.1800E+01   0.2500E+00   0.1406E+00   0.2945E-04
    0.2000E+01   0.0000E+00   0.3995E-02   0.7566E-06
    0.2000E+01   0.2500E-01   0.1227E+00   0.1774E-04
    0.2000E+01   0.5000E-01   0.1788E+00   0.2652E-04
    0.2000E+01   0.7500E-01   0.2119E+00   0.3395E-04
    0.2000E+01   0.1000E+00   0.2340E+00   0.4042E-04
    0.2000E+01   0.1250E+00   0.2492E+00   0.4496E-04
    0.2000E+01   0.1500E+00   0.2542E+00   0.4647E-04
    0.2000E+01   0.1750E+00   0.2425E+00   0.4445E-04
    0.2000E+01   0.2000E+00   0.2184E+00   0.4017E-04
    0.2000E+01   0.2250E+00   0.1907E+00   0.3583E-04
    0.2000E+01   0.2500E+00   0.1659E+00   0.3220E-04

</BODY>
</HTML>
