<P>
    0.0000E+00   0.0000E+00   0.1500E-02   0.2486E-05
    0.0000E+00   0.2500E-01   0.3466E-02   0.5621E-05
    0.0000E+00   0.5000E-01   0.3915E-02   0.2688E-05
    0.0000E+00   0.7500E-01   0.4382E-02   0.1759E-05
    0.0000E+00   0.1000E+00   0.4675E-02   0.1310E-05
    0.0000E+00   0.1250E+00   0.4877E-02   0.1042E-05
    0.0000E+00   0.1500E+00   0.5025E-02   0.8692E-06
    0.0000E+00   0.1750E+00   0.5137E-02   0.7443E-06
    0.0000E+00   0.2000E+00   0.5226E-02   0.6520E-06
    0.0000E+00   0.2250E+00   0.5298E-02   0.5820E-06
    0.0000E+00   0.2500E+00   0.5356E-02   0.5252E-06
    0.2000E+00   0.0000E+00   0.3132E-02   0.2070E-05
    0.2000E+00   0.2500E-01   0.5797E-01   0.4310E-04
    0.2000E+00   0.5000E-01   0.1985E-01   0.2267E-04
    0.2000E+00   0.7500E-01   0.1060E-01   0.1603E-04
    0.2000E+00   0.1000E+00   0.7554E-02   0.1232E-04
    0.2000E+00   0.1250E+00   0.6272E-02   0.9857E-05
    0.2000E+00   0.1500E+00   0.5683E-02   0.8109E-05
    0.2000E+00   0.1750E+00   0.5411E-02   0.6835E-05
    0.2000E+00   0.2000E+00   0.5394E-02   0.5868E-05
    0.2000E+00   0.2250E+00   0.5437E-02   0.5124E-05
    0.2000E+00   0.2500E+00   0.5474E-02   0.4542E-05
    0.4000E+00   0.0000E+00   0.2973E-02   0.1422E-05
    0.4000E+00   0.2500E-01   0.1295E+00   0.6147E-04
    0.4000E+00   0.5000E-01   0.7025E-01   0.3544E-04
    0.4000E+00   0.7500E-01   0.3482E-01   0.2552E-04
    0.4000E+00   0.1000E+00   0.1974E-01   0.1999E-04
    0.4000E+00   0.1250E+00   0.1326E-01   0.1679E-04
    0.4000E+00   0.1500E+00   0.1013E-01   0.1446E-04
    0.4000E+00   0.1750E+00   0.8392E-02   0.1264E-04
    0.4000E+00   0.2000E+00   0.7355E-02   0.1117E-04
    0.4000E+00   0.2250E+00   0.6698E-02   0.9958E-05
    0.4000E+00   0.2500E+00   0.6273E-02   0.8929E-05
    0.6000E+00   0.0000E+00   0.2867E-02   0.1138E-05
    0.6000E+00   0.2500E-01   0.1446E+00   0.5246E-04
    0.6000E+00   0.5000E-01   0.1347E+00   0.4709E-04
    0.6000E+00   0.7500E-01   0.8131E-01   0.3225E-04
    0.6000E+00   0.1000E+00   0.4767E-01   0.2644E-04
    0.6000E+00   0.1250E+00   0.2912E-01   0.2139E-04
    0.6000E+00   0.1500E+00   0.1963E-01   0.1902E-04
    0.6000E+00   0.1750E+00   0.1475E-01   0.1698E-04
    0.6000E+00   0.2000E+00   0.1180E-01   0.1534E-04
    0.6000E+00   0.2250E+00   0.1002E-01   0.1394E-04
    0.6000E+00   0.2500E+00   0.8803E-02   0.1275E-04
    0.8000E+00   0.0000E+00   0.2789E-02   0.9744E-06
    0.8000E+00   0.2500E-01   0.1475E+00   0.4365E-04
    0.8000E+00   0.5000E-01   0.1865E+00   0.5415E-04
    0.8000E+00   0.7500E-01   0.1364E+00   0.3932E-04
    0.8000E+00   0.1000E+00   0.9117E-01   0.3045E-04
    0.8000E+00   0.1250E+00   0.5899E-01   0.2674E-04
    0.8000E+00   0.1500E+00   0.3831E-01   0.2242E-04
    0.8000E+00   0.1750E+00   0.2643E-01   0.2031E-04
    0.8000E+00   0.2000E+00   0.1967E-01   0.1856E-04
    0.8000E+00   0.2250E+00   0.1560E-01   0.1709E-04
    0.8000E+00   0.2500E+00   0.1298E-01   0.1582E-04
    0.1000E+01   0.0000E+00   0.2727E-02   0.8660E-06
    0.1000E+01   0.2500E-01   0.1489E+00   0.3748E-04
    0.1000E+01   0.5000E-01   0.2066E+00   0.5158E-04
    0.1000E+01   0.7500E-01   0.1907E+00   0.4629E-04
    0.1000E+01   0.1000E+00   0.1405E+00   0.3531E-04
    0.1000E+01   0.1250E+00   0.1001E+00   0.2928E-04
    0.1000E+01   0.1500E+00   0.6905E-01   0.2681E-04
    0.1000E+01   0.1750E+00   0.4707E-01   0.2309E-04
    0.1000E+01   0.2000E+00   0.3318E-01   0.2088E-04
    0.1000E+01   0.2250E+00   0.2479E-01   0.1964E-04
    0.1000E+01   0.2500E+00   0.1955E-01   0.1831E-04
    0.1200E+01   0.0000E+00   0.2668E-02   0.7894E-06
    0.1200E+01   0.2500E-01   0.1499E+00   0.3298E-04
    0.1200E+01   0.5000E-01   0.2126E+00   0.4668E-04
    0.1200E+01   0.7500E-01   0.2345E+00   0.5049E-04
    0.1200E+01   0.1000E+00   0.1902E+00   0.4063E-04
    0.1200E+01   0.1250E+00   0.1455E+00   0.3288E-04
    0.1200E+01   0.1500E+00   0.1080E+00   0.2849E-04
    0.1200E+01   0.1750E+00   0.7791E-01   0.2673E-04
    0.1200E+01   0.2000E+00   0.5526E-01   0.2355E-04
    0.1200E+01   0.2250E+00   0.3986E-01   0.2134E-04
    0.1200E+01   0.2500E+00   0.3005E-01   0.2041E-04
    0.1400E+01   0.0000E+00   0.2622E-02   0.7303E-06
    0.1400E+01   0.2500E-01   0.1508E+00   0.2960E-04
    0.1400E+01   0.5000E-01   0.2158E+00   0.4243E-04
    0.1400E+01   0.7500E-01   0.2574E+00   0.5000E-04
    0.1400E+01   0.1000E+00   0.2382E+00   0.4533E-04
    0.1400E+01   0.1250E+00   0.1919E+00   0.3707E-04
    0.1400E+01   0.1500E+00   0.1506E+00   0.3120E-04
    0.1400E+01   0.1750E+00   0.1153E+00   0.2793E-04
    0.1400E+01   0.2000E+00   0.8595E-01   0.2664E-04
    0.1400E+01   0.2250E+00   0.6291E-01   0.2385E-04
    0.1400E+01   0.2500E+00   0.4621E-01   0.2181E-04
    0.1600E+01   0.0000E+00   0.2573E-02   0.6848E-06
    0.1600E+01   0.2500E-01   0.1514E+00   0.2691E-04
    0.1600E+01   0.5000E-01   0.2182E+00   0.3889E-04
    0.1600E+01   0.7500E-01   0.2660E+00   0.4709E-04
    0.1600E+01   0.1000E+00   0.2776E+00   0.4832E-04
    0.1600E+01   0.1250E+00   0.2378E+00   0.4108E-04
    0.1600E+01   0.1500E+00   0.1942E+00   0.3465E-04
    0.1600E+01   0.1750E+00   0.1558E+00   0.3000E-04
    0.1600E+01   0.2000E+00   0.1220E+00   0.2753E-04
    0.1600E+01   0.2250E+00   0.9328E-01   0.2654E-04
    0.1600E+01   0.2500E+00   0.6997E-01   0.2406E-04
    0.1800E+01   0.0000E+00   0.2531E-02   0.6476E-06
    0.1800E+01   0.2500E-01   0.1519E+00   0.2471E-04
    0.1800E+01   0.5000E-01   0.2203E+00   0.3594E-04
    0.1800E+01   0.7500E-01   0.2701E+00   0.4396E-04
    0.1800E+01   0.1000E+00   0.3022E+00   0.4862E-04
    0.1800E+01   0.1250E+00   0.2810E+00   0.4457E-04
    0.1800E+01   0.1500E+00   0.2378E+00   0.3804E-04
    0.1800E+01   0.1750E+00   0.1970E+00   0.3291E-04
    0.1800E+01   0.2000E+00   0.1607E+00   0.2910E-04
    0.1800E+01   0.2250E+00   0.1283E+00   0.2725E-04
    0.1800E+01   0.2500E+00   0.9974E-01   0.2643E-04
    0.2000E+01   0.0000E+00   0.2494E-02   0.6163E-06
    0.2000E+01   0.2500E-01   0.1523E+00   0.2289E-04
    0.2000E+01   0.5000E-01   0.2221E+00   0.3344E-04
    0.2000E+01   0.7500E-01   0.2727E+00   0.4117E-04
    0.2000E+01   0.1000E+00   0.3140E+00   0.4700E-04
    0.2000E+01   0.1250E+00   0.3174E+00   0.4685E-04
    0.2000E+01   0.1500E+00   0.2805E+00   0.4123E-04
    0.2000E+01   0.1750E+00   0.2387E+00   0.3583E-04
    0.2000E+01   0.2000E+00   0.2001E+00   0.3160E-04
    0.2000E+01   0.2250E+00   0.1655E+00   0.2840E-04
    0.2000E+01   0.2500E+00   0.1340E+00   0.2707E-04

</BODY>
</HTML>
