     5     1
    GDAS    21     2     1     0     0
    GDAS    21     2     8     0     0
    GDAS    21     2    15     0     0
    GDAS    21     2    22     0     0
    GDAS    21     3     1     0     0
     1 BACKWARD OMEGA   
    21     2     9    18   44.970  -93.230   500.0
     1 PRESSURE
     1     1    21     2     9    18     0     0     0.0   44.970  -93.230    500.0    928.2
     1     1    21     2     9    17     0     1    -1.0   44.945  -93.630    476.5    933.0
     1     1    21     2     9    16     0     2    -2.0   44.951  -94.035    472.7    932.5
     1     1    21     2     9    15     0     3    -3.0   44.994  -94.448    472.0    928.2
     1     1    21     2     9    14     0     2    -4.0   45.069  -94.882    469.3    924.6
     1     1    21     2     9    13     0     1    -5.0   45.166  -95.338    465.9    923.5
     1     1    21     2     9    12     0     0    -6.0   45.283  -95.796    456.1    924.7
     1     1    21     2     9    11     0     1    -7.0   45.406  -96.271    442.1    922.8
     1     1    21     2     9    10     0     2    -8.0   45.514  -96.786    447.7    917.2
     1     1    21     2     9     9     0     3    -9.0   45.616  -97.309    473.6    913.2
     1     1    21     2     9     8     0     2   -10.0   45.721  -97.804    484.3    912.3
     1     1    21     2     9     7     0     1   -11.0   45.835  -98.286    489.0    909.2
     1     1    21     2     9     6     0     0   -12.0   45.970  -98.802    544.3    893.5
     1     1    21     2     9     5     0     1   -13.0   46.107  -99.357    629.8    872.5
     1     1    21     2     9     4     0     2   -14.0   46.236  -99.883    669.3    866.8
     1     1    21     2     9     3     0     3   -15.0   46.372 -100.367    679.2    867.5
     1     1    21     2     9     2     0     2   -16.0   46.515 -100.833    696.9    863.6
     1     1    21     2     9     1     0     1   -17.0   46.660 -101.287    718.5    857.0
     1     1    21     2     9     0     0     0   -18.0   46.802 -101.714    728.9    853.3
     1     1    21     2     8    23     0     1   -19.0   46.940 -102.120    739.9    850.7
     1     1    21     2     8    22     0     2   -20.0   47.082 -102.522    770.2    842.7
     1     1    21     2     8    21     0     3   -21.0   47.245 -102.928    819.7    833.1
     1     1    21     2     8    20     0     2   -22.0   47.431 -103.330    864.9    827.4
     1     1    21     2     8    19     0     1   -23.0   47.631 -103.715    889.1    829.4
     1     1    21     2     8    18     0     0   -24.0   47.844 -104.079    890.4    835.0
     1     1    21     2     8    17     0     1   -25.0   48.072 -104.439    882.5    839.4
     1     1    21     2     8    16     0     2   -26.0   48.313 -104.813    885.0    833.9
     1     1    21     2     8    15     0     3   -27.0   48.561 -105.193    895.3    827.3
     1     1    21     2     8    14     0     2   -28.0   48.810 -105.585    903.9    818.1
     1     1    21     2     8    13     0     1   -29.0   49.055 -105.996    902.4    809.9
     1     1    21     2     8    12     0     0   -30.0   49.292 -106.408    900.4    817.1
     1     1    21     2     8    11     0     1   -31.0   49.512 -106.791    898.9    821.0
     1     1    21     2     8    10     0     2   -32.0   49.714 -107.140    897.3    821.0
     1     1    21     2     8     9     0     3   -33.0   49.902 -107.459    893.6    818.2
     1     1    21     2     8     8     0     2   -34.0   50.089 -107.762    888.8    816.7
     1     1    21     2     8     7     0     1   -35.0   50.283 -108.056    888.2    818.3
     1     1    21     2     8     6     0     0   -36.0   50.476 -108.334    897.9    822.7
     1     1    21     2     8     5     0     1   -37.0   50.666 -108.595    915.4    824.7
     1     1    21     2     8     4     0     2   -38.0   50.857 -108.842    931.9    825.9
     1     1    21     2     8     3     0     3   -39.0   51.056 -109.078    938.5    827.1
     1     1    21     2     8     2     0     2   -40.0   51.262 -109.310    940.4    827.1
     1     1    21     2     8     1     0     1   -41.0   51.474 -109.550    947.6    824.8
     1     1    21     2     8     0     0     0   -42.0   51.697 -109.806    956.4    820.9
     1     1    21     2     7    23     0     1   -43.0   51.923 -110.083    960.5    817.0
     1     1    21     2     7    22     0     2   -44.0   52.134 -110.376    962.3    816.6
     1     1    21     2     7    21     0     3   -45.0   52.323 -110.674    966.5    817.2
     1     1    21     2     7    20     0     2   -46.0   52.501 -110.967    976.2    816.7
     1     1    21     2     7    19     0     1   -47.0   52.669 -111.243    991.8    816.5
     1     1    21     2     7    18     0     0   -48.0   52.827 -111.499   1011.3    816.5
     1     1    21     2     7    17     0     1   -49.0   52.991 -111.739   1032.4    817.1
     1     1    21     2     7    16     0     2   -50.0   53.179 -111.967   1049.7    815.2
     1     1    21     2     7    15     0     3   -51.0   53.390 -112.182   1061.9    813.2
     1     1    21     2     7    14     0     2   -52.0   53.616 -112.396   1073.2    811.8
     1     1    21     2     7    13     0     1   -53.0   53.855 -112.624   1086.2    810.4
     1     1    21     2     7    12     0     0   -54.0   54.106 -112.865   1095.7    810.1
     1     1    21     2     7    11     0     1   -55.0   54.358 -113.108   1102.3    811.7
     1     1    21     2     7    10     0     2   -56.0   54.602 -113.346   1109.8    811.6
     1     1    21     2     7     9     0     3   -57.0   54.843 -113.581   1116.1    810.4
     1     1    21     2     7     8     0     2   -58.0   55.085 -113.810   1124.4    809.5
     1     1    21     2     7     7     0     1   -59.0   55.332 -114.031   1143.5    807.7
     1     1    21     2     7     6     0     0   -60.0   55.594 -114.249   1170.3    802.6
     1     1    21     2     7     5     0     1   -61.0   55.881 -114.464   1197.9    800.5
     1     1    21     2     7     4     0     2   -62.0   56.197 -114.678   1216.1    800.1
     1     1    21     2     7     3     0     3   -63.0   56.534 -114.894   1221.9    803.1
     1     1    21     2     7     2     0     2   -64.0   56.887 -115.127   1225.8    806.2
     1     1    21     2     7     1     0     1   -65.0   57.250 -115.389   1235.8    806.9
     1     1    21     2     7     0     0     0   -66.0   57.621 -115.677   1245.9    809.0
     1     1    21     2     6    23     0     1   -67.0   57.989 -115.987   1248.6    813.9
     1     1    21     2     6    22     0     2   -68.0   58.343 -116.324   1260.0    808.8
     1     1    21     2     6    21     0     3   -69.0   58.693 -116.694   1305.9    806.6
     1     1    21     2     6    20     0     2   -70.0   59.040 -117.080   1363.0    808.4
     1     1    21     2     6    19     0     1   -71.0   59.379 -117.452   1389.5    801.9
     1     1    21     2     6    18     0     0   -72.0   59.722 -117.798   1388.6    791.0
     1     1    21     2     6    17     0     1   -73.0   60.078 -118.137   1385.1    781.4
     1     1    21     2     6    16     0     2   -74.0   60.431 -118.488   1397.1    796.7
     1     1    21     2     6    15     0     3   -75.0   60.774 -118.851   1406.2    809.6
     1     1    21     2     6    14     0     2   -76.0   61.107 -119.235   1404.2    814.8
     1     1    21     2     6    13     0     1   -77.0   61.440 -119.642   1379.2    803.4
     1     1    21     2     6    12     0     0   -78.0   61.789 -120.066   1331.4    793.3
     1     1    21     2     6    11     0     1   -79.0   62.128 -120.484   1297.1    812.6
     1     1    21     2     6    10     0     2   -80.0   62.438 -120.882   1290.1    831.1
     1     1    21     2     6     9     0     3   -81.0   62.737 -121.267   1287.3    829.6
     1     1    21     2     6     8     0     2   -82.0   63.049 -121.635   1273.7    824.6
     1     1    21     2     6     7     0     1   -83.0   63.377 -121.983   1266.8    823.8
     1     1    21     2     6     6     0     0   -84.0   63.717 -122.318   1267.8    825.5
     1     1    21     2     6     5     0     1   -85.0   64.078 -122.681   1272.7    828.6
     1     1    21     2     6     4     0     2   -86.0   64.464 -123.112   1303.8    832.4
     1     1    21     2     6     3     0     3   -87.0   64.860 -123.602   1342.4    831.2
     1     1    21     2     6     2     0     2   -88.0   65.245 -124.127   1363.5    832.2
     1     1    21     2     6     1     0     1   -89.0   65.607 -124.672   1377.0    832.2
     1     1    21     2     6     0     0     0   -90.0   65.950 -125.215   1375.1    826.8
     1     1    21     2     5    23     0     1   -91.0   66.286 -125.734   1355.8    822.0
     1     1    21     2     5    22     0     2   -92.0   66.615 -126.231   1347.1    825.6
     1     1    21     2     5    21     0     3   -93.0   66.934 -126.705   1357.8    826.6
     1     1    21     2     5    20     0     2   -94.0   67.248 -127.132   1370.5    824.9
     1     1    21     2     5    19     0     1   -95.0   67.566 -127.502   1378.6    826.9
     1     1    21     2     5    18     0     0   -96.0   67.894 -127.821   1389.1    828.0
     1     1    21     2     5    17     0     1   -97.0   68.229 -128.109   1398.6    828.2
     1     1    21     2     5    16     0     2   -98.0   68.568 -128.379   1399.4    828.7
     1     1    21     2     5    15     0     3   -99.0   68.918 -128.619   1394.9    828.9
     1     1    21     2     5    14     0     2  -100.0   69.267 -128.848   1394.9    835.2
     1     1    21     2     5    13     0     1  -101.0   69.600 -129.096   1398.6    843.4
     1     1    21     2     5    12     0     0  -102.0   69.918 -129.361   1401.7    850.5
     1     1    21     2     5    11     0     1  -103.0   70.224 -129.607   1398.3    852.3
     1     1    21     2     5    10     0     2  -104.0   70.516 -129.806   1390.6    853.4
     1     1    21     2     5     9     0     3  -105.0   70.792 -129.969   1383.6    854.5
     1     1    21     2     5     8     0     2  -106.0   71.057 -130.092   1380.9    854.5
     1     1    21     2     5     7     0     1  -107.0   71.312 -130.161   1383.4    853.5
     1     1    21     2     5     6     0     0  -108.0   71.557 -130.166   1391.6    852.1
     1     1    21     2     5     5     0     1  -109.0   71.799 -130.114   1402.3    850.1
     1     1    21     2     5     4     0     2  -110.0   72.044 -130.022   1410.7    848.9
     1     1    21     2     5     3     0     3  -111.0   72.296 -129.882   1410.9    848.0
     1     1    21     2     5     2     0     2  -112.0   72.543 -129.718   1403.2    849.0
     1     1    21     2     5     1     0     1  -113.0   72.772 -129.567   1396.4    849.5
     1     1    21     2     5     0     0     0  -114.0   72.987 -129.450   1394.8    849.4
     1     1    21     2     4    23     0     1  -115.0   73.191 -129.326   1396.9    848.9
     1     1    21     2     4    22     0     2  -116.0   73.387 -129.147   1398.9    848.7
     1     1    21     2     4    21     0     3  -117.0   73.572 -128.908   1399.6    848.5
     1     1    21     2     4    20     0     2  -118.0   73.756 -128.618   1403.1    848.0
     1     1    21     2     4    19     0     1  -119.0   73.947 -128.291   1414.0    846.2
     1     1    21     2     4    18     0     0  -120.0   74.143 -127.930   1430.6    843.4
