     5     1
    GDAS    21     2     1     0     0
    GDAS    21     2     8     0     0
    GDAS    21     2    15     0     0
    GDAS    21     2    22     0     0
    GDAS    21     3     1     0     0
     1 BACKWARD OMEGA   
    21     2    15    18   44.970  -93.230   500.0
     1 PRESSURE
     1     1    21     2    15    18     0     0     0.0   44.970  -93.230    500.0    933.4
     1     1    21     2    15    17     0     1    -1.0   45.026  -93.153    478.8    937.1
     1     1    21     2    15    16     0     2    -2.0   45.107  -93.089    473.5    937.5
     1     1    21     2    15    15     0     3    -3.0   45.214  -93.032    489.5    934.8
     1     1    21     2    15    14     0     2    -4.0   45.334  -92.994    520.1    928.7
     1     1    21     2    15    13     0     1    -5.0   45.457  -92.990    550.1    923.5
     1     1    21     2    15    12     0     0    -6.0   45.586  -93.027    570.8    919.3
     1     1    21     2    15    11     0     1    -7.0   45.711  -93.101    586.9    917.2
     1     1    21     2    15    10     0     2    -8.0   45.823  -93.207    611.3    912.9
     1     1    21     2    15     9     0     3    -9.0   45.921  -93.344    650.0    906.7
     1     1    21     2    15     8     0     2   -10.0   46.014  -93.490    698.4    897.4
     1     1    21     2    15     7     0     1   -11.0   46.103  -93.624    745.5    890.4
     1     1    21     2    15     6     0     0   -12.0   46.184  -93.746    789.9    884.1
     1     1    21     2    15     5     0     1   -13.0   46.272  -93.850    829.4    878.4
     1     1    21     2    15     4     0     2   -14.0   46.386  -93.933    857.5    874.2
     1     1    21     2    15     3     0     3   -15.0   46.528  -94.004    870.5    872.0
     1     1    21     2    15     2     0     2   -16.0   46.690  -94.089    879.8    871.7
     1     1    21     2    15     1     0     1   -17.0   46.866  -94.212    898.9    868.4
     1     1    21     2    15     0     0     0   -18.0   47.051  -94.354    931.5    863.3
     1     1    21     2    14    23     0     1   -19.0   47.242  -94.518    970.5    857.8
     1     1    21     2    14    22     0     2   -20.0   47.427  -94.712   1006.7    854.6
     1     1    21     2    14    21     0     3   -21.0   47.602  -94.937   1036.6    853.1
     1     1    21     2    14    20     0     2   -22.0   47.771  -95.179   1059.7    853.9
     1     1    21     2    14    19     0     1   -23.0   47.939  -95.431   1080.0    854.4
     1     1    21     2    14    18     0     0   -24.0   48.103  -95.691   1103.7    853.1
     1     1    21     2    14    17     0     1   -25.0   48.266  -95.940   1130.8    849.4
     1     1    21     2    14    16     0     2   -26.0   48.432  -96.167   1150.6    847.4
     1     1    21     2    14    15     0     3   -27.0   48.600  -96.381   1157.7    848.1
     1     1    21     2    14    14     0     2   -28.0   48.774  -96.601   1159.7    850.1
     1     1    21     2    14    13     0     1   -29.0   48.953  -96.848   1167.9    851.2
     1     1    21     2    14    12     0     0   -30.0   49.131  -97.124   1189.3    849.8
     1     1    21     2    14    11     0     1   -31.0   49.314  -97.386   1214.5    844.7
     1     1    21     2    14    10     0     2   -32.0   49.493  -97.613   1230.3    842.1
     1     1    21     2    14     9     0     3   -33.0   49.660  -97.821   1236.0    841.3
     1     1    21     2    14     8     0     2   -34.0   49.814  -98.011   1244.2    841.2
     1     1    21     2    14     7     0     1   -35.0   49.970  -98.174   1265.3    838.1
     1     1    21     2    14     6     0     0   -36.0   50.134  -98.313   1294.5    833.5
     1     1    21     2    14     5     0     1   -37.0   50.313  -98.423   1322.8    829.3
     1     1    21     2    14     4     0     2   -38.0   50.506  -98.510   1344.1    827.2
     1     1    21     2    14     3     0     3   -39.0   50.709  -98.592   1360.3    826.0
     1     1    21     2    14     2     0     2   -40.0   50.907  -98.675   1372.9    825.0
     1     1    21     2    14     1     0     1   -41.0   51.091  -98.750   1380.7    824.3
     1     1    21     2    14     0     0     0   -42.0   51.261  -98.815   1383.4    824.0
     1     1    21     2    13    23     0     1   -43.0   51.416  -98.864   1383.7    824.2
     1     1    21     2    13    22     0     2   -44.0   51.554  -98.893   1384.2    824.1
     1     1    21     2    13    21     0     3   -45.0   51.673  -98.907   1384.7    824.0
     1     1    21     2    13    20     0     2   -46.0   51.780  -98.900   1385.2    824.1
     1     1    21     2    13    19     0     1   -47.0   51.883  -98.866   1385.7    824.5
     1     1    21     2    13    18     0     0   -48.0   51.984  -98.806   1386.0    825.1
     1     1    21     2    13    17     0     1   -49.0   52.083  -98.722   1386.4    826.0
     1     1    21     2    13    16     0     2   -50.0   52.181  -98.614   1385.8    827.1
     1     1    21     2    13    15     0     3   -51.0   52.275  -98.486   1383.5    828.4
     1     1    21     2    13    14     0     2   -52.0   52.362  -98.354   1382.3    829.7
     1     1    21     2    13    13     0     1   -53.0   52.433  -98.227   1384.0    829.9
     1     1    21     2    13    12     0     0   -54.0   52.488  -98.103   1386.4    830.0
     1     1    21     2    13    11     0     1   -55.0   52.525  -97.974   1385.0    830.2
     1     1    21     2    13    10     0     2   -56.0   52.543  -97.834   1377.9    831.4
     1     1    21     2    13     9     0     3   -57.0   52.540  -97.682   1367.9    832.8
     1     1    21     2    13     8     0     2   -58.0   52.518  -97.521   1361.2    834.0
     1     1    21     2    13     7     0     1   -59.0   52.474  -97.350   1360.9    833.7
     1     1    21     2    13     6     0     0   -60.0   52.406  -97.171   1362.8    833.1
     1     1    21     2    13     5     0     1   -61.0   52.320  -96.986   1363.2    832.5
     1     1    21     2    13     4     0     2   -62.0   52.223  -96.798   1361.7    831.3
     1     1    21     2    13     3     0     3   -63.0   52.115  -96.605   1360.1    829.8
     1     1    21     2    13     2     0     2   -64.0   51.991  -96.419   1362.1    828.3
     1     1    21     2    13     1     0     1   -65.0   51.857  -96.256   1371.0    825.8
     1     1    21     2    13     0     0     0   -66.0   51.715  -96.119   1386.0    822.7
     1     1    21     2    12    23     0     1   -67.0   51.556  -96.005   1401.3    819.3
     1     1    21     2    12    22     0     2   -68.0   51.373  -95.914   1412.4    817.0
     1     1    21     2    12    21     0     3   -69.0   51.168  -95.852   1419.0    815.6
     1     1    21     2    12    20     0     2   -70.0   50.946  -95.812   1417.2    814.8
     1     1    21     2    12    19     0     1   -71.0   50.714  -95.796   1404.5    816.3
     1     1    21     2    12    18     0     0   -72.0   50.480  -95.812   1387.0    818.9
     1     1    21     2    12    17     0     1   -73.0   50.261  -95.859   1375.9    821.2
     1     1    21     2    12    16     0     2   -74.0   50.069  -95.930   1379.0    821.4
     1     1    21     2    12    15     0     3   -75.0   49.895  -96.021   1393.7    819.1
     1     1    21     2    12    14     0     2   -76.0   49.740  -96.163   1399.4    816.3
     1     1    21     2    12    13     0     1   -77.0   49.602  -96.379   1387.3    819.1
     1     1    21     2    12    12     0     0   -78.0   49.474  -96.656   1372.0    822.7
     1     1    21     2    12    11     0     1   -79.0   49.359  -96.989   1367.2    826.0
     1     1    21     2    12    10     0     2   -80.0   49.267  -97.368   1362.6    821.8
     1     1    21     2    12     9     0     3   -81.0   49.209  -97.786   1339.3    820.9
     1     1    21     2    12     8     0     2   -82.0   49.183  -98.232   1312.6    821.2
     1     1    21     2    12     7     0     1   -83.0   49.181  -98.697   1311.4    816.4
     1     1    21     2    12     6     0     0   -84.0   49.194  -99.191   1342.6    804.4
     1     1    21     2    12     5     0     1   -85.0   49.233  -99.692   1377.6    788.7
     1     1    21     2    12     4     0     2   -86.0   49.306 -100.179   1396.7    784.7
     1     1    21     2    12     3     0     3   -87.0   49.406 -100.648   1399.1    792.4
     1     1    21     2    12     2     0     2   -88.0   49.533 -101.110   1384.7    798.0
     1     1    21     2    12     1     0     1   -89.0   49.687 -101.579   1376.9    792.6
     1     1    21     2    12     0     0     0   -90.0   49.867 -102.051   1405.4    780.0
     1     1    21     2    11    23     0     1   -91.0   50.060 -102.532   1448.0    770.8
     1     1    21     2    11    22     0     2   -92.0   50.257 -103.030   1464.1    770.3
     1     1    21     2    11    21     0     3   -93.0   50.457 -103.542   1464.3    775.6
     1     1    21     2    11    20     0     2   -94.0   50.669 -104.054   1464.8    778.2
     1     1    21     2    11    19     0     1   -95.0   50.884 -104.552   1467.2    780.9
     1     1    21     2    11    18     0     0   -96.0   51.097 -105.039   1468.8    784.5
     1     1    21     2    11    17     0     1   -97.0   51.318 -105.480   1471.0    782.7
     1     1    21     2    11    16     0     2   -98.0   51.551 -105.859   1475.3    781.2
     1     1    21     2    11    15     0     3   -99.0   51.794 -106.199   1476.6    782.5
     1     1    21     2    11    14     0     2  -100.0   52.041 -106.522   1477.9    784.2
     1     1    21     2    11    13     0     1  -101.0   52.283 -106.817   1478.5    782.4
     1     1    21     2    11    12     0     0  -102.0   52.515 -107.082   1474.4    779.6
     1     1    21     2    11    11     0     1  -103.0   52.751 -107.329   1464.1    778.7
     1     1    21     2    11    10     0     2  -104.0   52.999 -107.575   1449.2    780.2
     1     1    21     2    11     9     0     3  -105.0   53.259 -107.816   1439.1    784.2
     1     1    21     2    11     8     0     2  -106.0   53.528 -108.030   1440.6    786.1
     1     1    21     2    11     7     0     1  -107.0   53.799 -108.224   1454.8    786.5
     1     1    21     2    11     6     0     0  -108.0   54.073 -108.408   1479.7    784.2
     1     1    21     2    11     5     0     1  -109.0   54.345 -108.544   1501.0    779.0
     1     1    21     2    11     4     0     2  -110.0   54.606 -108.613   1512.8    776.1
     1     1    21     2    11     3     0     3  -111.0   54.857 -108.650   1523.0    773.0
     1     1    21     2    11     2     0     2  -112.0   55.101 -108.673   1534.0    771.6
     1     1    21     2    11     1     0     1  -113.0   55.344 -108.688   1546.4    774.6
     1     1    21     2    11     0     0     0  -114.0   55.581 -108.700   1562.6    777.3
     1     1    21     2    10    23     0     1  -115.0   55.811 -108.691   1577.7    779.1
     1     1    21     2    10    22     0     2  -116.0   56.041 -108.643   1581.4    781.3
     1     1    21     2    10    21     0     3  -117.0   56.269 -108.549   1572.2    780.9
     1     1    21     2    10    20     0     2  -118.0   56.490 -108.403   1564.7    780.7
     1     1    21     2    10    19     0     1  -119.0   56.705 -108.207   1565.1    778.5
     1     1    21     2    10    18     0     0  -120.0   56.907 -107.963   1566.4    776.4
