     5     1
    GDAS    21     2     1     0     0
    GDAS    21     2     8     0     0
    GDAS    21     2    15     0     0
    GDAS    21     2    22     0     0
    GDAS    21     3     1     0     0
     1 BACKWARD OMEGA   
    21     2    28    18   37.820  111.540  1000.0
     1 PRESSURE
     1     1    21     2    28    18     0     0     0.0   37.820  111.540   1000.0    778.1
     1     1    21     2    28    17     0     1    -1.0   38.039  111.700    966.7    771.5
     1     1    21     2    28    16     0     2    -2.0   38.234  111.864    839.6    774.9
     1     1    21     2    28    15     0     3    -3.0   38.410  112.040    665.3    784.6
     1     1    21     2    28    14     0     2    -4.0   38.563  112.219    531.7    801.3
     1     1    21     2    28    13     0     1    -5.0   38.706  112.386    443.7    808.8
     1     1    21     2    28    12     0     0    -6.0   38.839  112.529    358.8    817.5
     1     1    21     2    28    11     0     1    -7.0   38.953  112.629    255.3    829.5
     1     1    21     2    28    10     0     2    -8.0   39.040  112.695    165.4    843.7
     1     1    21     2    28     9     0     3    -9.0   39.106  112.749    102.0    851.7
     1     1    21     2    28     8     0     2   -10.0   39.167  112.802     63.0    858.6
     1     1    21     2    28     7     0     1   -11.0   39.236  112.855     39.5    862.6
     1     1    21     2    28     6     0     0   -12.0   39.317  112.912     25.8    866.2
     1     1    21     2    28     5     0     1   -13.0   39.405  112.964     17.5    869.0
     1     1    21     2    28     4     0     2   -14.0   39.493  113.006     12.4    870.8
     1     1    21     2    28     3     0     3   -15.0   39.584  113.040      8.9    871.9
     1     1    21     2    28     2     0     2   -16.0   39.666  113.066      6.4    872.5
     1     1    21     2    28     1     0     1   -17.0   39.726  113.077      4.6    872.7
     1     1    21     2    28     0     0     0   -18.0   39.758  113.068      3.8    872.3
     1     1    21     2    27    23     0     1   -19.0   39.765  113.055      3.7    871.0
     1     1    21     2    27    22     0     2   -20.0   39.750  113.053      3.6    870.1
     1     1    21     2    27    21     0     3   -21.0   39.715  113.062      3.5    869.8
     1     1    21     2    27    20     0     2   -22.0   39.668  113.070      3.8    871.2
     1     1    21     2    27    19     0     1   -23.0   39.613  113.065      4.8    872.2
     1     1    21     2    27    18     0     0   -24.0   39.550  113.048      6.3    872.6
     1     1    21     2    27    17     0     1   -25.0   39.478  113.032      8.3    871.8
     1     1    21     2    27    16     0     2   -26.0   39.395  113.028     11.2    871.6
     1     1    21     2    27    15     0     3   -27.0   39.299  113.040     16.8    871.7
     1     1    21     2    27    14     0     2   -28.0   39.202  113.066     26.4    872.4
     1     1    21     2    27    13     0     1   -29.0   39.120  113.102     39.9    873.3
     1     1    21     2    27    12     0     0   -30.0   39.051  113.151     57.8    874.3
     1     1    21     2    27    11     0     1   -31.0   38.970  113.214     79.8    874.5
     1     1    21     2    27    10     0     2   -32.0   38.852  113.290     85.1    876.7
     1     1    21     2    27     9     0     3   -33.0   38.704  113.372     53.3    885.6
     1     1    21     2    27     8     0     2   -34.0   38.548  113.454     25.1    900.5
     1     1    21     2    27     7     0     1   -35.0   38.396  113.538      0.0    910.2
     1     1    21     2    27     6     0     0   -36.0   38.262  113.630      0.0    921.4
     1     1    21     2    27     5     0     1   -37.0   38.158  113.729      0.0    932.3
     1     1    21     2    27     4     0     2   -38.0   38.088  113.826      0.0    942.6
     1     1    21     2    27     3     0     3   -39.0   38.049  113.911      0.0    951.1
     1     1    21     2    27     2     0     2   -40.0   38.032  113.985      0.0    958.1
     1     1    21     2    27     1     0     1   -41.0   38.023  114.044      0.0    962.3
     1     1    21     2    27     0     0     0   -42.0   38.019  114.087      0.0    965.0
     1     1    21     2    26    23     0     1   -43.0   38.013  114.116      0.0    967.0
     1     1    21     2    26    22     0     2   -44.0   37.999  114.134      0.0    968.7
     1     1    21     2    26    21     0     3   -45.0   37.978  114.140      0.0    968.8
     1     1    21     2    26    20     0     2   -46.0   37.956  114.137      0.0    969.5
     1     1    21     2    26    19     0     1   -47.0   37.940  114.125      0.4    969.8
     1     1    21     2    26    18     0     0   -48.0   37.931  114.105      1.5    969.7
     1     1    21     2    26    17     0     1   -49.0   37.927  114.084      2.2    968.8
     1     1    21     2    26    16     0     2   -50.0   37.923  114.072      1.6    968.3
     1     1    21     2    26    15     0     3   -51.0   37.921  114.068      0.0    968.3
     1     1    21     2    26    14     0     2   -52.0   37.915  114.075      0.0    967.6
     1     1    21     2    26    13     0     1   -53.0   37.901  114.094      0.0    967.5
     1     1    21     2    26    12     0     0   -54.0   37.879  114.123      0.0    968.0
     1     1    21     2    26    11     0     1   -55.0   37.851  114.182      0.0    971.1
     1     1    21     2    26    10     0     2   -56.0   37.820  114.291      0.0    977.0
     1     1    21     2    26     9     0     3   -57.0   37.787  114.442      0.0    985.5
     1     1    21     2    26     8     0     2   -58.0   37.765  114.601      0.0    995.0
     1     1    21     2    26     7     0     1   -59.0   37.763  114.743      0.0   1003.7
     1     1    21     2    26     6     0     0   -60.0   37.782  114.872      0.0   1011.6
     1     1    21     2    26     5     0     1   -61.0   37.818  114.984      0.0   1019.7
     1     1    21     2    26     4     0     2   -62.0   37.865  115.076      0.0   1022.2
     1     1    21     2    26     3     0     3   -63.0   37.918  115.146      0.0   1023.9
     1     1    21     2    26     2     0     2   -64.0   37.967  115.203      0.0   1023.1
     1     1    21     2    26     1     0     1   -65.0   38.004  115.257      0.0   1022.0
     1     1    21     2    26     0     0     0   -66.0   38.032  115.307      0.0   1020.4
     1     1    21     2    25    23     0     1   -67.0   38.056  115.355      0.1   1020.0
     1     1    21     2    25    22     0     2   -68.0   38.079  115.405      0.5   1019.7
     1     1    21     2    25    21     0     3   -69.0   38.100  115.456      1.1   1019.5
     1     1    21     2    25    20     0     2   -70.0   38.120  115.511      1.6   1019.6
     1     1    21     2    25    19     0     1   -71.0   38.139  115.572      1.5   1019.8
     1     1    21     2    25    18     0     0   -72.0   38.157  115.637      1.0   1020.2
     1     1    21     2    25    17     0     1   -73.0   38.172  115.714      0.6   1020.8
     1     1    21     2    25    16     0     2   -74.0   38.184  115.805      0.9   1021.7
     1     1    21     2    25    15     0     3   -75.0   38.188  115.911      1.9   1022.9
     1     1    21     2    25    14     0     2   -76.0   38.186  116.030      3.0   1023.8
     1     1    21     2    25    13     0     1   -77.0   38.186  116.159      3.5   1023.8
     1     1    21     2    25    12     0     0   -78.0   38.192  116.294      3.6   1023.7
     1     1    21     2    25    11     0     1   -79.0   38.204  116.431      3.7   1023.0
     1     1    21     2    25    10     0     2   -80.0   38.222  116.573      3.9   1022.6
     1     1    21     2    25     9     0     3   -81.0   38.239  116.732      3.9   1022.6
     1     1    21     2    25     8     0     2   -82.0   38.262  116.907      3.6   1023.0
     1     1    21     2    25     7     0     1   -83.0   38.301  117.088      3.2   1023.2
     1     1    21     2    25     6     0     0   -84.0   38.358  117.273      2.9   1023.1
     1     1    21     2    25     5     0     1   -85.0   38.421  117.464      2.9   1024.0
     1     1    21     2    25     4     0     2   -86.0   38.479  117.655      3.2   1025.2
     1     1    21     2    25     3     0     3   -87.0   38.531  117.840      3.4   1026.6
     1     1    21     2    25     2     0     2   -88.0   38.575  118.016      3.6   1026.2
     1     1    21     2    25     1     0     1   -89.0   38.609  118.180      3.7   1025.8
     1     1    21     2    25     0     0     0   -90.0   38.635  118.326      3.3   1025.5
     1     1    21     2    24    23     0     1   -91.0   38.647  118.456      2.5   1024.7
     1     1    21     2    24    22     0     2   -92.0   38.642  118.570      1.4   1023.8
     1     1    21     2    24    21     0     3   -93.0   38.620  118.667      0.1   1022.8
     1     1    21     2    24    20     0     2   -94.0   38.594  118.753      0.0   1023.3
     1     1    21     2    24    19     0     1   -95.0   38.576  118.836      0.0   1023.7
     1     1    21     2    24    18     0     0   -96.0   38.563  118.915      0.0   1024.3
     1     1    21     2    24    17     0     1   -97.0   38.539  118.994      0.0   1023.8
     1     1    21     2    24    16     0     2   -98.0   38.493  119.084      0.0   1023.2
     1     1    21     2    24    15     0     3   -99.0   38.427  119.192      0.0   1022.7
     1     1    21     2    24    14     0     2  -100.0   38.360  119.317      0.0   1022.7
     1     1    21     2    24    13     0     1  -101.0   38.310  119.453      0.3   1022.8
     1     1    21     2    24    12     0     0  -102.0   38.275  119.590      1.2   1022.9
     1     1    21     2    24    11     0     1  -103.0   38.245  119.717      2.0   1022.9
     1     1    21     2    24    10     0     2  -104.0   38.212  119.828      2.7   1022.9
     1     1    21     2    24     9     0     3  -105.0   38.177  119.922      3.1   1022.8
     1     1    21     2    24     8     0     2  -106.0   38.144  119.990      3.7   1022.9
     1     1    21     2    24     7     0     1  -107.0   38.114  120.023      4.6   1022.9
     1     1    21     2    24     6     0     0  -108.0   38.083  120.021      5.9   1022.9
     1     1    21     2    24     5     0     1  -109.0   38.046  120.010      7.1   1024.4
     1     1    21     2    24     4     0     2  -110.0   37.994  120.025      7.7   1025.7
     1     1    21     2    24     3     0     3  -111.0   37.930  120.068      7.8   1025.7
     1     1    21     2    24     2     0     2  -112.0   37.859  120.132      8.3   1024.2
     1     1    21     2    24     1     0     1  -113.0   37.788  120.207      9.6   1022.7
     1     1    21     2    24     0     0     0  -114.0   37.714  120.287     11.5   1020.9
     1     1    21     2    23    23     0     1  -115.0   37.646  120.366     14.3   1019.2
     1     1    21     2    23    22     0     2  -116.0   37.598  120.446     18.9   1017.8
     1     1    21     2    23    21     0     3  -117.0   37.573  120.532     27.1   1016.5
     1     1    21     2    23    20     0     2  -118.0   37.567  120.626     40.9   1015.0
     1     1    21     2    23    19     0     1  -119.0   37.575  120.723     60.5   1013.0
     1     1    21     2    23    18     0     0  -120.0   37.595  120.821     84.2   1009.7
