     5     1
    GDAS    21     2     1     0     0
    GDAS    21     2     8     0     0
    GDAS    21     2    15     0     0
    GDAS    21     2    22     0     0
    GDAS    21     3     1     0     0
     1 BACKWARD OMEGA   
    21     2    13     6   37.820  111.540  1000.0
     1 PRESSURE
     1     1    21     2    13     6     0     0     0.0   37.820  111.540   1000.0    777.2
     1     1    21     2    13     5     0     1    -1.0   37.830  111.374   1008.4    779.5
     1     1    21     2    13     4     0     2    -2.0   37.851  111.226   1044.6    779.5
     1     1    21     2    13     3     0     3    -3.0   37.894  111.097   1131.8    775.3
     1     1    21     2    13     2     0     2    -4.0   37.953  110.958   1225.4    763.5
     1     1    21     2    13     1     0     1    -5.0   38.017  110.801   1256.2    762.0
     1     1    21     2    13     0     0     0    -6.0   38.094  110.639   1217.6    766.5
     1     1    21     2    12    23     0     1    -7.0   38.188  110.489   1141.8    777.3
     1     1    21     2    12    22     0     2    -8.0   38.296  110.346   1062.4    784.2
     1     1    21     2    12    21     0     3    -9.0   38.426  110.203    979.3    790.1
     1     1    21     2    12    20     0     2   -10.0   38.567  110.045    903.7    795.5
     1     1    21     2    12    19     0     1   -11.0   38.699  109.863    856.4    797.2
     1     1    21     2    12    18     0     0   -12.0   38.828  109.659    841.8    794.6
     1     1    21     2    12    17     0     1   -13.0   38.963  109.437    842.5    789.2
     1     1    21     2    12    16     0     2   -14.0   39.108  109.206    850.6    785.0
     1     1    21     2    12    15     0     3   -15.0   39.254  108.976    885.0    778.3
     1     1    21     2    12    14     0     2   -16.0   39.379  108.732    917.5    769.1
     1     1    21     2    12    13     0     1   -17.0   39.479  108.462    909.2    770.9
     1     1    21     2    12    12     0     0   -18.0   39.564  108.182    866.4    777.7
     1     1    21     2    12    11     0     1   -19.0   39.632  107.918    813.7    787.5
     1     1    21     2    12    10     0     2   -20.0   39.669  107.688    775.4    790.1
     1     1    21     2    12     9     0     3   -21.0   39.673  107.488    749.6    791.1
     1     1    21     2    12     8     0     2   -22.0   39.648  107.320    704.2    792.0
     1     1    21     2    12     7     0     1   -23.0   39.592  107.198    623.6    801.5
     1     1    21     2    12     6     0     0   -24.0   39.508  107.133    535.5    813.1
     1     1    21     2    12     5     0     1   -25.0   39.411  107.121    469.2    824.0
     1     1    21     2    12     4     0     2   -26.0   39.306  107.157    431.2    829.4
     1     1    21     2    12     3     0     3   -27.0   39.182  107.247    411.7    832.0
     1     1    21     2    12     2     0     2   -28.0   39.053  107.375    398.4    831.1
     1     1    21     2    12     1     0     1   -29.0   38.943  107.508    373.5    828.9
     1     1    21     2    12     0     0     0   -30.0   38.858  107.636    330.8    829.3
     1     1    21     2    11    23     0     1   -31.0   38.790  107.746    292.6    833.0
     1     1    21     2    11    22     0     2   -32.0   38.724  107.828    274.5    833.2
     1     1    21     2    11    21     0     3   -33.0   38.663  107.875    274.4    832.3
     1     1    21     2    11    20     0     2   -34.0   38.604  107.881    286.2    830.7
     1     1    21     2    11    19     0     1   -35.0   38.547  107.843    304.7    829.6
     1     1    21     2    11    18     0     0   -36.0   38.492  107.770    331.6    827.9
     1     1    21     2    11    17     0     1   -37.0   38.442  107.687    362.3    825.1
     1     1    21     2    11    16     0     2   -38.0   38.402  107.608    389.5    823.0
     1     1    21     2    11    15     0     3   -39.0   38.374  107.534    411.8    821.2
     1     1    21     2    11    14     0     2   -40.0   38.362  107.463    427.6    819.4
     1     1    21     2    11    13     0     1   -41.0   38.366  107.396    435.1    818.6
     1     1    21     2    11    12     0     0   -42.0   38.387  107.332    432.2    819.3
     1     1    21     2    11    11     0     1   -43.0   38.414  107.258    427.1    821.6
     1     1    21     2    11    10     0     2   -44.0   38.440  107.163    428.7    822.6
     1     1    21     2    11     9     0     3   -45.0   38.462  107.043    436.5    823.2
     1     1    21     2    11     8     0     2   -46.0   38.482  106.891    437.3    819.3
     1     1    21     2    11     7     0     1   -47.0   38.503  106.700    429.0    815.0
     1     1    21     2    11     6     0     0   -48.0   38.535  106.468    432.2    806.7
     1     1    21     2    11     5     0     1   -49.0   38.594  106.213    471.9    790.9
     1     1    21     2    11     4     0     2   -50.0   38.690  105.955    564.2    766.3
     1     1    21     2    11     3     0     3   -51.0   38.803  105.711    700.4    756.9
     1     1    21     2    11     2     0     2   -52.0   38.950  105.452    855.9    750.9
     1     1    21     2    11     1     0     1   -53.0   39.180  105.120    981.9    756.5
     1     1    21     2    11     0     0     0   -54.0   39.491  104.682   1012.5    756.7
     1     1    21     2    10    23     0     1   -55.0   39.856  104.101    876.2    761.1
     1     1    21     2    10    22     0     2   -56.0   40.226  103.443    700.3    792.0
     1     1    21     2    10    21     0     3   -57.0   40.555  102.730    683.2    790.7
     1     1    21     2    10    20     0     2   -58.0   40.835  102.066    655.2    803.3
     1     1    21     2    10    19     0     1   -59.0   41.089  101.457    578.0    832.8
     1     1    21     2    10    18     0     0   -60.0   41.359  100.840    544.5    845.8
     1     1    21     2    10    17     0     1   -61.0   41.656  100.171    568.1    844.7
     1     1    21     2    10    16     0     2   -62.0   41.996   99.411    745.5    820.4
     1     1    21     2    10    15     0     3   -63.0   42.367   98.542   1168.5    733.4
     1     1    21     2    10    14     0     2   -64.0   42.610   97.626   1111.9    735.1
     1     1    21     2    10    13     0     1   -65.0   42.792   96.759   1041.4    748.8
     1     1    21     2    10    12     0     0   -66.0   43.107   96.089    983.7    790.4
     1     1    21     2    10    11     0     1   -67.0   43.486   95.495   1037.8    788.7
     1     1    21     2    10    10     0     2   -68.0   43.803   94.858   1199.2    793.5
     1     1    21     2    10     9     0     3   -69.0   44.110   94.009   1655.8    760.0
     1     1    21     2    10     8     0     2   -70.0   44.266   93.129   1808.3    664.4
     1     1    21     2    10     7     0     1   -71.0   44.383   92.365   1801.7    663.4
     1     1    21     2    10     6     0     0   -72.0   44.526   91.543   1795.8    673.8
     1     1    21     2    10     5     0     1   -73.0   44.639   90.882   1640.3    700.7
     1     1    21     2    10     4     0     2   -74.0   44.768   90.316   1364.0    743.7
     1     1    21     2    10     3     0     3   -75.0   45.040   89.849   1170.2    797.2
     1     1    21     2    10     2     0     2   -76.0   45.393   89.462   1095.2    812.0
     1     1    21     2    10     1     0     1   -77.0   45.762   89.097   1126.3    807.3
     1     1    21     2    10     0     0     0   -78.0   46.142   88.634   1197.1    799.4
     1     1    21     2     9    23     0     1   -79.0   46.500   88.121   1230.8    799.1
     1     1    21     2     9    22     0     2   -80.0   46.776   87.729   1196.8    805.2
     1     1    21     2     9    21     0     3   -81.0   46.961   87.451   1144.8    808.3
     1     1    21     2     9    20     0     2   -82.0   47.077   87.175   1134.6    805.3
     1     1    21     2     9    19     0     1   -83.0   47.105   86.808   1165.5    777.1
     1     1    21     2     9    18     0     0   -84.0   46.998   86.294   1139.6    707.9
     1     1    21     2     9    17     0     1   -85.0   46.798   85.656   1109.5    709.9
     1     1    21     2     9    16     0     2   -86.0   46.616   84.872    971.6    732.7
     1     1    21     2     9    15     0     3   -87.0   46.467   84.154    987.7    752.9
     1     1    21     2     9    14     0     2   -88.0   46.252   83.517   1066.1    731.7
     1     1    21     2     9    13     0     1   -89.0   46.094   83.066   1012.6    732.6
     1     1    21     2     9    12     0     0   -90.0   46.011   82.755    973.8    770.9
     1     1    21     2     9    11     0     1   -91.0   45.969   82.481    988.9    802.8
     1     1    21     2     9    10     0     2   -92.0   45.965   82.223   1013.3    832.4
     1     1    21     2     9     9     0     3   -93.0   45.998   81.977   1043.5    856.9
     1     1    21     2     9     8     0     2   -94.0   46.024   81.659   1001.6    837.9
     1     1    21     2     9     7     0     1   -95.0   45.964   81.244    921.3    828.9
     1     1    21     2     9     6     0     0   -96.0   45.809   80.748    878.0    809.5
     1     1    21     2     9     5     0     1   -97.0   45.597   80.148    799.2    764.1
     1     1    21     2     9     4     0     2   -98.0   45.370   79.556    800.7    748.3
     1     1    21     2     9     3     0     3   -99.0   45.112   79.021   1033.2    728.0
     1     1    21     2     9     2     0     2  -100.0   44.915   78.355   1175.7    769.0
     1     1    21     2     9     1     0     1  -101.0   44.849   77.704   1264.3    811.3
     1     1    21     2     9     0     0     0  -102.0   44.899   76.944   1346.5    820.2
     1     1    21     2     8    23     0     1  -103.0   44.963   75.872   1424.3    809.8
     1     1    21     2     8    22     0     2  -104.0   44.955   74.666   1519.2    802.8
     1     1    21     2     8    21     0     3  -105.0   44.894   73.492   1475.9    804.9
     1     1    21     2     8    20     0     2  -106.0   44.733   72.318   1496.1    805.8
     1     1    21     2     8    19     0     1  -107.0   44.549   71.220   1488.7    813.7
     1     1    21     2     8    18     0     0  -108.0   44.338   70.229   1448.8    815.9
     1     1    21     2     8    17     0     1  -109.0   44.156   69.373   1340.5    828.8
     1     1    21     2     8    16     0     2  -110.0   43.974   68.580   1276.7    812.8
     1     1    21     2     8    15     0     3  -111.0   43.825   67.702   1190.2    821.9
     1     1    21     2     8    14     0     2  -112.0   43.771   66.992   1129.2    868.8
     1     1    21     2     8    13     0     1  -113.0   43.777   66.366   1114.8    874.2
     1     1    21     2     8    12     0     0  -114.0   43.811   65.709   1156.2    863.9
     1     1    21     2     8    11     0     1  -115.0   43.849   65.018   1151.0    857.9
     1     1    21     2     8    10     0     2  -116.0   43.884   64.384   1123.6    874.0
     1     1    21     2     8     9     0     3  -117.0   43.928   63.806   1128.0    873.7
     1     1    21     2     8     8     0     2  -118.0   43.983   63.239   1130.3    871.8
     1     1    21     2     8     7     0     1  -119.0   44.045   62.664   1128.5    873.3
     1     1    21     2     8     6     0     0  -120.0   44.137   62.095   1122.6    871.9
