     5     1
    GDAS    21     2     1     0     0
    GDAS    21     2     8     0     0
    GDAS    21     2    15     0     0
    GDAS    21     2    22     0     0
    GDAS    21     3     1     0     0
     1 BACKWARD OMEGA   
    21     2    22    17   37.820  111.540  1000.0
     1 PRESSURE
     1     1    21     2    22    17     0     1     0.0   37.820  111.540   1000.0    780.1
     1     1    21     2    22    16     0     2    -1.0   37.651  111.347    884.8    793.2
     1     1    21     2    22    15     0     3    -2.0   37.502  111.205    782.5    801.0
     1     1    21     2    22    14     0     2    -3.0   37.357  111.101    695.3    806.6
     1     1    21     2    22    13     0     1    -4.0   37.190  111.017    620.1    808.2
     1     1    21     2    22    12     0     0    -5.0   37.015  110.951    544.9    811.3
     1     1    21     2    22    11     0     1    -6.0   36.867  110.907    473.2    820.7
     1     1    21     2    22    10     0     2    -7.0   36.757  110.886    393.8    828.8
     1     1    21     2    22     9     0     3    -8.0   36.677  110.881    282.9    839.1
     1     1    21     2    22     8     0     2    -9.0   36.623  110.886    162.9    855.5
     1     1    21     2    22     7     0     1   -10.0   36.588  110.895     91.4    865.8
     1     1    21     2    22     6     0     0   -11.0   36.565  110.906     52.3    867.8
     1     1    21     2    22     5     0     1   -12.0   36.561  110.918     35.7    868.7
     1     1    21     2    22     4     0     2   -13.0   36.583  110.935     31.7    869.1
     1     1    21     2    22     3     0     3   -14.0   36.628  110.956     38.8    868.7
     1     1    21     2    22     2     0     2   -15.0   36.690  110.975     56.1    865.4
     1     1    21     2    22     1     0     1   -16.0   36.763  110.984     82.3    860.8
     1     1    21     2    22     0     0     0   -17.0   36.855  110.985    118.3    855.5
     1     1    21     2    21    23     0     1   -18.0   36.967  110.975    152.6    849.8
     1     1    21     2    21    22     0     2   -19.0   37.098  110.954    172.8    849.7
     1     1    21     2    21    21     0     3   -20.0   37.244  110.928    184.6    852.4
     1     1    21     2    21    20     0     2   -21.0   37.391  110.902    190.7    855.4
     1     1    21     2    21    19     0     1   -22.0   37.524  110.873    186.2    859.3
     1     1    21     2    21    18     0     0   -23.0   37.642  110.839    171.0    863.8
     1     1    21     2    21    17     0     1   -24.0   37.745  110.800    146.6    869.0
     1     1    21     2    21    16     0     2   -25.0   37.837  110.759    120.3    874.1
     1     1    21     2    21    15     0     3   -26.0   37.919  110.726    100.0    877.5
     1     1    21     2    21    14     0     2   -27.0   37.984  110.698     87.6    879.5
     1     1    21     2    21    13     0     1   -28.0   38.027  110.664     78.3    880.1
     1     1    21     2    21    12     0     0   -29.0   38.055  110.620     69.0    880.9
     1     1    21     2    21    11     0     1   -30.0   38.074  110.565     61.4    882.0
     1     1    21     2    21    10     0     2   -31.0   38.082  110.501     56.6    882.5
     1     1    21     2    21     9     0     3   -32.0   38.073  110.431     53.4    883.2
     1     1    21     2    21     8     0     2   -33.0   38.061  110.352     52.2    883.9
     1     1    21     2    21     7     0     1   -34.0   38.064  110.259     53.3    884.4
     1     1    21     2    21     6     0     0   -35.0   38.087  110.148     57.5    884.3
     1     1    21     2    21     5     0     1   -36.0   38.132  110.029     64.1    883.5
     1     1    21     2    21     4     0     2   -37.0   38.197  109.908     70.2    880.5
     1     1    21     2    21     3     0     3   -38.0   38.285  109.780     73.5    877.1
     1     1    21     2    21     2     0     2   -39.0   38.394  109.628     72.6    872.6
     1     1    21     2    21     1     0     1   -40.0   38.516  109.440     68.1    868.4
     1     1    21     2    21     0     0     0   -41.0   38.639  109.219     60.8    864.3
     1     1    21     2    20    23     0     1   -42.0   38.752  108.977     54.3    861.0
     1     1    21     2    20    22     0     2   -43.0   38.858  108.707     47.1    855.8
     1     1    21     2    20    21     0     3   -44.0   38.952  108.412     30.0    852.0
     1     1    21     2    20    20     0     2   -45.0   39.021  108.113      0.8    852.7
     1     1    21     2    20    19     0     1   -46.0   39.078  107.824      0.0    856.5
     1     1    21     2    20    18     0     0   -47.0   39.130  107.544      0.0    862.8
     1     1    21     2    20    17     0     1   -48.0   39.170  107.283      0.0    868.6
     1     1    21     2    20    16     0     2   -49.0   39.199  107.051      0.0    872.9
     1     1    21     2    20    15     0     3   -50.0   39.219  106.833      0.0    862.6
     1     1    21     2    20    14     0     2   -51.0   39.217  106.624      0.0    848.1
     1     1    21     2    20    13     0     1   -52.0   39.184  106.416      0.0    831.6
     1     1    21     2    20    12     0     0   -53.0   39.112  106.187      6.1    808.1
     1     1    21     2    20    11     0     1   -54.0   39.003  105.921     25.1    786.4
     1     1    21     2    20    10     0     2   -55.0   38.910  105.638     89.0    809.3
     1     1    21     2    20     9     0     3   -56.0   38.839  105.345    207.1    820.8
     1     1    21     2    20     8     0     2   -57.0   38.761  105.065    281.4    824.7
     1     1    21     2    20     7     0     1   -58.0   38.676  104.841    293.4    830.7
     1     1    21     2    20     6     0     0   -59.0   38.581  104.680    293.4    831.0
     1     1    21     2    20     5     0     1   -60.0   38.476  104.553    306.0    829.2
     1     1    21     2    20     4     0     2   -61.0   38.369  104.432    337.8    824.1
     1     1    21     2    20     3     0     3   -62.0   38.251  104.322    386.4    817.3
     1     1    21     2    20     2     0     2   -63.0   38.136  104.217    450.6    808.2
     1     1    21     2    20     1     0     1   -64.0   38.048  104.108    532.1    797.9
     1     1    21     2    20     0     0     0   -65.0   38.002  103.981    638.6    786.2
     1     1    21     2    19    23     0     1   -66.0   38.002  103.844    765.1    772.5
     1     1    21     2    19    22     0     2   -67.0   38.039  103.696    899.0    759.3
     1     1    21     2    19    21     0     3   -68.0   38.111  103.525   1026.7    747.0
     1     1    21     2    19    20     0     2   -69.0   38.212  103.333   1133.2    737.0
     1     1    21     2    19    19     0     1   -70.0   38.339  103.111   1218.2    730.1
     1     1    21     2    19    18     0     0   -71.0   38.500  102.827   1280.4    717.2
     1     1    21     2    19    17     0     1   -72.0   38.681  102.471   1318.9    708.2
     1     1    21     2    19    16     0     2   -73.0   38.866  102.089   1304.7    713.7
     1     1    21     2    19    15     0     3   -74.0   39.036  101.738   1198.0    720.9
     1     1    21     2    19    14     0     2   -75.0   39.182  101.411   1131.6    724.1
     1     1    21     2    19    13     0     1   -76.0   39.319  101.042   1198.9    705.6
     1     1    21     2    19    12     0     0   -77.0   39.442  100.614   1368.7    697.4
     1     1    21     2    19    11     0     1   -78.0   39.537  100.146   1575.2    683.9
     1     1    21     2    19    10     0     2   -79.0   39.611   99.646   1767.6    653.5
     1     1    21     2    19     9     0     3   -80.0   39.663   99.118   1963.4    620.6
     1     1    21     2    19     8     0     2   -81.0   39.690   98.600   2196.3    597.3
     1     1    21     2    19     7     0     1   -82.0   39.705   98.113   2460.3    571.5
     1     1    21     2    19     6     0     0   -83.0   39.724   97.710   2707.2    544.4
     1     1    21     2    19     5     0     1   -84.0   39.760   97.398   2904.7    526.6
     1     1    21     2    19     4     0     2   -85.0   39.812   97.129   3057.4    517.5
     1     1    21     2    19     3     0     3   -86.0   39.874   96.871   3194.3    514.2
     1     1    21     2    19     2     0     2   -87.0   39.938   96.596   3316.4    516.0
     1     1    21     2    19     1     0     1   -88.0   39.991   96.284   3419.8    518.2
     1     1    21     2    19     0     0     0   -89.0   40.021   95.949   3520.7    516.8
     1     1    21     2    18    23     0     1   -90.0   40.039   95.613   3632.1    515.6
     1     1    21     2    18    22     0     2   -91.0   40.051   95.270   3727.0    515.4
     1     1    21     2    18    21     0     3   -92.0   40.047   94.903   3782.9    518.9
     1     1    21     2    18    20     0     2   -93.0   40.040   94.522   3811.9    529.6
     1     1    21     2    18    19     0     1   -94.0   40.041   94.158   3843.8    537.8
     1     1    21     2    18    18     0     0   -95.0   40.043   93.813   3881.7    542.0
     1     1    21     2    18    17     0     1   -96.0   40.049   93.481   3919.8    541.1
     1     1    21     2    18    16     0     2   -97.0   40.062   93.162   3953.8    541.8
     1     1    21     2    18    15     0     3   -98.0   40.078   92.863   3987.5    541.4
     1     1    21     2    18    14     0     2   -99.0   40.106   92.562   4012.4    540.2
     1     1    21     2    18    13     0     1  -100.0   40.144   92.244   4018.9    541.2
     1     1    21     2    18    12     0     0  -101.0   40.182   91.916   4008.1    545.0
     1     1    21     2    18    11     0     1  -102.0   40.214   91.588   4001.9    553.0
     1     1    21     2    18    10     0     2  -103.0   40.232   91.263   4004.5    558.6
     1     1    21     2    18     9     0     3  -104.0   40.230   90.943   4001.1    563.3
     1     1    21     2    18     8     0     2  -105.0   40.218   90.633   3985.1    563.8
     1     1    21     2    18     7     0     1  -106.0   40.208   90.340   3976.1    562.9
     1     1    21     2    18     6     0     0  -107.0   40.192   90.061   3963.6    562.6
     1     1    21     2    18     5     0     1  -108.0   40.176   89.797   3954.0    564.0
     1     1    21     2    18     4     0     2  -109.0   40.172   89.549   3952.7    563.8
     1     1    21     2    18     3     0     3  -110.0   40.178   89.315   3954.9    563.1
     1     1    21     2    18     2     0     2  -111.0   40.190   89.087   3946.8    562.3
     1     1    21     2    18     1     0     1  -112.0   40.200   88.856   3918.6    563.8
     1     1    21     2    18     0     0     0  -113.0   40.207   88.622   3878.0    566.4
     1     1    21     2    17    23     0     1  -114.0   40.210   88.387   3846.8    569.4
     1     1    21     2    17    22     0     2  -115.0   40.198   88.155   3839.7    569.4
     1     1    21     2    17    21     0     3  -116.0   40.160   87.927   3855.3    567.9
     1     1    21     2    17    20     0     2  -117.0   40.109   87.704   3866.7    564.9
     1     1    21     2    17    19     0     1  -118.0   40.058   87.486   3851.1    566.0
     1     1    21     2    17    18     0     0  -119.0   39.997   87.275   3824.1    567.9
     1     1    21     2    17    17     0     1  -120.0   39.934   87.071   3810.2    569.0
