     5     1
    GDAS    21     2     1     0     0
    GDAS    21     2     8     0     0
    GDAS    21     2    15     0     0
    GDAS    21     2    22     0     0
    GDAS    21     3     1     0     0
     1 BACKWARD OMEGA   
    21     2    10    21   44.970  -93.230   500.0
     1 PRESSURE
     1     1    21     2    10    21     0     3     0.0   44.970  -93.230    500.0    930.9
     1     1    21     2    10    20     0     2    -1.0   45.093  -93.548    537.7    924.2
     1     1    21     2    10    19     0     1    -2.0   45.209  -93.875    561.2    919.7
     1     1    21     2    10    18     0     0    -3.0   45.320  -94.223    574.8    915.0
     1     1    21     2    10    17     0     1    -4.0   45.431  -94.606    587.3    911.2
     1     1    21     2    10    16     0     2    -5.0   45.546  -95.048    613.2    906.5
     1     1    21     2    10    15     0     3    -6.0   45.654  -95.539    645.2    902.7
     1     1    21     2    10    14     0     2    -7.0   45.767  -96.037    663.8    901.3
     1     1    21     2    10    13     0     1    -8.0   45.891  -96.515    679.4    899.8
     1     1    21     2    10    12     0     0    -9.0   46.015  -96.969    713.9    897.4
     1     1    21     2    10    11     0     1   -10.0   46.140  -97.422    740.5    887.9
     1     1    21     2    10    10     0     2   -11.0   46.280  -97.897    744.3    884.6
     1     1    21     2    10     9     0     3   -12.0   46.429  -98.439    766.0    875.9
     1     1    21     2    10     8     0     2   -13.0   46.571  -99.070    830.8    857.2
     1     1    21     2    10     7     0     1   -14.0   46.707  -99.716    877.7    846.7
     1     1    21     2    10     6     0     0   -15.0   46.857 -100.329    878.9    848.1
     1     1    21     2    10     5     0     1   -16.0   47.038 -100.931    890.7    847.6
     1     1    21     2    10     4     0     2   -17.0   47.246 -101.541    914.9    836.6
     1     1    21     2    10     3     0     3   -18.0   47.474 -102.168    924.1    830.4
     1     1    21     2    10     2     0     2   -19.0   47.710 -102.826    936.9    827.6
     1     1    21     2    10     1     0     1   -20.0   47.949 -103.496    957.8    829.9
     1     1    21     2    10     0     0     0   -21.0   48.198 -104.159    977.8    830.0
     1     1    21     2     9    23     0     1   -22.0   48.458 -104.826    991.8    821.0
     1     1    21     2     9    22     0     2   -23.0   48.725 -105.504   1019.3    812.5
     1     1    21     2     9    21     0     3   -24.0   48.988 -106.192   1058.1    796.2
     1     1    21     2     9    20     0     2   -25.0   49.255 -106.856   1054.6    799.8
     1     1    21     2     9    19     0     1   -26.0   49.534 -107.485   1039.3    805.8
     1     1    21     2     9    18     0     0   -27.0   49.823 -108.128   1104.8    797.1
     1     1    21     2     9    17     0     1   -28.0   50.127 -108.770   1252.1    782.6
     1     1    21     2     9    16     0     2   -29.0   50.447 -109.350   1373.6    770.7
     1     1    21     2     9    15     0     3   -30.0   50.771 -109.869   1421.5    770.1
     1     1    21     2     9    14     0     2   -31.0   51.095 -110.362   1418.8    773.3
     1     1    21     2     9    13     0     1   -32.0   51.422 -110.839   1410.2    770.5
     1     1    21     2     9    12     0     0   -33.0   51.757 -111.299   1410.3    764.7
     1     1    21     2     9    11     0     1   -34.0   52.105 -111.746   1424.7    761.7
     1     1    21     2     9    10     0     2   -35.0   52.456 -112.169   1460.1    762.4
     1     1    21     2     9     9     0     3   -36.0   52.799 -112.563   1490.2    762.5
     1     1    21     2     9     8     0     2   -37.0   53.137 -112.943   1503.4    763.0
     1     1    21     2     9     7     0     1   -38.0   53.463 -113.311   1509.1    762.8
     1     1    21     2     9     6     0     0   -39.0   53.770 -113.661   1514.6    764.3
     1     1    21     2     9     5     0     1   -40.0   54.080 -113.979   1536.4    768.0
     1     1    21     2     9     4     0     2   -41.0   54.400 -114.238   1574.5    758.9
     1     1    21     2     9     3     0     3   -42.0   54.729 -114.437   1600.3    748.6
     1     1    21     2     9     2     0     2   -43.0   55.067 -114.605   1604.0    742.9
     1     1    21     2     9     1     0     1   -44.0   55.404 -114.767   1606.1    747.0
     1     1    21     2     9     0     0     0   -45.0   55.741 -114.929   1606.9    752.0
     1     1    21     2     8    23     0     1   -46.0   56.079 -115.100   1602.3    759.4
     1     1    21     2     8    22     0     2   -47.0   56.407 -115.288   1596.2    763.0
     1     1    21     2     8    21     0     3   -48.0   56.715 -115.490   1590.3    762.1
     1     1    21     2     8    20     0     2   -49.0   56.997 -115.685   1573.4    760.5
     1     1    21     2     8    19     0     1   -50.0   57.263 -115.842   1567.5    767.1
     1     1    21     2     8    18     0     0   -51.0   57.526 -115.951   1597.5    769.6
     1     1    21     2     8    17     0     1   -52.0   57.802 -116.017   1661.1    768.5
     1     1    21     2     8    16     0     2   -53.0   58.090 -116.050   1736.4    761.3
     1     1    21     2     8    15     0     3   -54.0   58.380 -116.052   1780.1    743.4
     1     1    21     2     8    14     0     2   -55.0   58.670 -116.027   1784.3    731.4
     1     1    21     2     8    13     0     1   -56.0   58.959 -115.972   1757.8    721.6
     1     1    21     2     8    12     0     0   -57.0   59.264 -115.900   1738.1    739.5
     1     1    21     2     8    11     0     1   -58.0   59.590 -115.827   1736.0    760.5
     1     1    21     2     8    10     0     2   -59.0   59.928 -115.743   1751.9    779.1
     1     1    21     2     8     9     0     3   -60.0   60.269 -115.655   1767.8    785.3
     1     1    21     2     8     8     0     2   -61.0   60.601 -115.566   1786.6    787.6
     1     1    21     2     8     7     0     1   -62.0   60.924 -115.467   1809.3    789.1
     1     1    21     2     8     6     0     0   -63.0   61.231 -115.357   1824.9    786.9
     1     1    21     2     8     5     0     1   -64.0   61.530 -115.255   1832.6    786.1
     1     1    21     2     8     4     0     2   -65.0   61.830 -115.183   1835.7    785.7
     1     1    21     2     8     3     0     3   -66.0   62.128 -115.141   1839.3    785.3
     1     1    21     2     8     2     0     2   -67.0   62.412 -115.116   1848.2    782.7
     1     1    21     2     8     1     0     1   -68.0   62.674 -115.101   1858.0    779.5
     1     1    21     2     8     0     0     0   -69.0   62.918 -115.098   1861.8    777.0
     1     1    21     2     7    23     0     1   -70.0   63.147 -115.100   1860.8    774.8
     1     1    21     2     7    22     0     2   -71.0   63.364 -115.096   1863.5    771.3
     1     1    21     2     7    21     0     3   -72.0   63.570 -115.087   1874.4    766.9
     1     1    21     2     7    20     0     2   -73.0   63.764 -115.075   1889.7    761.3
     1     1    21     2     7    19     0     1   -74.0   63.943 -115.065   1901.2    756.8
     1     1    21     2     7    18     0     0   -75.0   64.110 -115.054   1905.4    754.1
     1     1    21     2     7    17     0     1   -76.0   64.273 -115.037   1905.9    753.3
     1     1    21     2     7    16     0     2   -77.0   64.441 -115.011   1907.7    751.6
     1     1    21     2     7    15     0     3   -78.0   64.613 -114.977   1910.1    749.8
     1     1    21     2     7    14     0     2   -79.0   64.786 -114.953   1912.1    747.8
     1     1    21     2     7    13     0     1   -80.0   64.955 -114.959   1912.4    746.3
     1     1    21     2     7    12     0     0   -81.0   65.120 -114.998   1912.0    745.2
     1     1    21     2     7    11     0     1   -82.0   65.282 -115.059   1911.5    744.4
     1     1    21     2     7    10     0     2   -83.0   65.441 -115.133   1911.1    743.7
     1     1    21     2     7     9     0     3   -84.0   65.602 -115.228   1910.8    743.1
     1     1    21     2     7     8     0     2   -85.0   65.758 -115.333   1910.9    742.4
     1     1    21     2     7     7     0     1   -86.0   65.906 -115.433   1911.8    741.6
     1     1    21     2     7     6     0     0   -87.0   66.047 -115.531   1913.9    740.9
     1     1    21     2     7     5     0     1   -88.0   66.190 -115.637   1922.8    740.8
     1     1    21     2     7     4     0     2   -89.0   66.342 -115.758   1946.2    739.1
     1     1    21     2     7     3     0     3   -90.0   66.502 -115.894   1988.9    735.9
     1     1    21     2     7     2     0     2   -91.0   66.671 -116.049   2036.8    729.6
     1     1    21     2     7     1     0     1   -92.0   66.844 -116.225   2068.7    723.9
     1     1    21     2     7     0     0     0   -93.0   67.019 -116.428   2089.4    719.3
     1     1    21     2     6    23     0     1   -94.0   67.193 -116.635   2113.1    720.2
     1     1    21     2     6    22     0     2   -95.0   67.368 -116.819   2139.8    722.1
     1     1    21     2     6    21     0     3   -96.0   67.550 -116.974   2173.6    725.2
     1     1    21     2     6    20     0     2   -97.0   67.736 -117.103   2210.2    728.0
     1     1    21     2     6    19     0     1   -98.0   67.922 -117.211   2237.2    731.9
     1     1    21     2     6    18     0     0   -99.0   68.110 -117.297   2247.5    734.6
     1     1    21     2     6    17     0     1  -100.0   68.298 -117.367   2254.6    738.0
     1     1    21     2     6    16     0     2  -101.0   68.489 -117.417   2276.5    738.1
     1     1    21     2     6    15     0     3  -102.0   68.688 -117.436   2315.5    736.6
     1     1    21     2     6    14     0     2  -103.0   68.895 -117.428   2360.2    732.9
     1     1    21     2     6    13     0     1  -104.0   69.109 -117.405   2397.4    729.8
     1     1    21     2     6    12     0     0  -105.0   69.329 -117.362   2429.9    725.2
     1     1    21     2     6    11     0     1  -106.0   69.550 -117.291   2462.4    720.2
     1     1    21     2     6    10     0     2  -107.0   69.767 -117.186   2495.1    713.9
     1     1    21     2     6     9     0     3  -108.0   69.985 -117.046   2524.5    706.1
     1     1    21     2     6     8     0     2  -109.0   70.207 -116.868   2548.1    697.9
     1     1    21     2     6     7     0     1  -110.0   70.432 -116.642   2568.7    690.9
     1     1    21     2     6     6     0     0  -111.0   70.656 -116.355   2589.7    684.4
     1     1    21     2     6     5     0     1  -112.0   70.873 -116.012   2622.8    678.8
     1     1    21     2     6     4     0     2  -113.0   71.083 -115.632   2672.7    672.5
     1     1    21     2     6     3     0     3  -114.0   71.289 -115.225   2733.0    668.0
     1     1    21     2     6     2     0     2  -115.0   71.493 -114.782   2795.2    663.5
     1     1    21     2     6     1     0     1  -116.0   71.694 -114.297   2850.0    662.0
     1     1    21     2     6     0     0     0  -117.0   71.888 -113.772   2886.9    660.7
     1     1    21     2     5    23     0     1  -118.0   72.069 -113.227   2908.7    661.2
     1     1    21     2     5    22     0     2  -119.0   72.236 -112.683   2918.2    659.5
     1     1    21     2     5    21     0     3  -120.0   72.391 -112.140   2918.8    657.7
