     5     1
    GDAS    21     2     1     0     0
    GDAS    21     2     8     0     0
    GDAS    21     2    15     0     0
    GDAS    21     2    22     0     0
    GDAS    21     3     1     0     0
     1 BACKWARD OMEGA   
    21     2    24    18   37.820  111.540  1000.0
     1 PRESSURE
     1     1    21     2    24    18     0     0     0.0   37.820  111.540   1000.0    776.2
     1     1    21     2    24    17     0     1    -1.0   37.919  111.651    926.4    782.5
     1     1    21     2    24    16     0     2    -2.0   38.014  111.769    878.6    785.4
     1     1    21     2    24    15     0     3    -3.0   38.105  111.895    868.3    780.9
     1     1    21     2    24    14     0     2    -4.0   38.184  112.032    884.7    771.8
     1     1    21     2    24    13     0     1    -5.0   38.247  112.179    910.9    768.2
     1     1    21     2    24    12     0     0    -6.0   38.298  112.333    936.5    766.1
     1     1    21     2    24    11     0     1    -7.0   38.335  112.487    943.2    766.0
     1     1    21     2    24    10     0     2    -8.0   38.355  112.633    919.5    771.0
     1     1    21     2    24     9     0     3    -9.0   38.362  112.767    868.8    778.8
     1     1    21     2    24     8     0     2   -10.0   38.368  112.887    820.2    788.8
     1     1    21     2    24     7     0     1   -11.0   38.379  112.991    795.8    793.1
     1     1    21     2    24     6     0     0   -12.0   38.395  113.083    793.0    798.3
     1     1    21     2    24     5     0     1   -13.0   38.396  113.149    799.8    801.6
     1     1    21     2    24     4     0     2   -14.0   38.363  113.178    807.5    803.7
     1     1    21     2    24     3     0     3   -15.0   38.293  113.174    817.7    803.7
     1     1    21     2    24     2     0     2   -16.0   38.206  113.154    833.6    801.8
     1     1    21     2    24     1     0     1   -17.0   38.126  113.140    860.8    798.7
     1     1    21     2    24     0     0     0   -18.0   38.064  113.129    901.0    794.1
     1     1    21     2    23    23     0     1   -19.0   38.010  113.101    926.4    786.8
     1     1    21     2    23    22     0     2   -20.0   37.941  113.034    913.4    783.7
     1     1    21     2    23    21     0     3   -21.0   37.849  112.939    859.2    786.8
     1     1    21     2    23    20     0     2   -22.0   37.732  112.856    787.7    798.4
     1     1    21     2    23    19     0     1   -23.0   37.600  112.807    738.5    805.8
     1     1    21     2    23    18     0     0   -24.0   37.460  112.786    717.2    810.4
     1     1    21     2    23    17     0     1   -25.0   37.319  112.790    702.7    811.9
     1     1    21     2    23    16     0     2   -26.0   37.179  112.826    666.6    817.3
     1     1    21     2    23    15     0     3   -27.0   37.036  112.900    594.6    826.6
     1     1    21     2    23    14     0     2   -28.0   36.896  113.056    498.4    842.7
     1     1    21     2    23    13     0     1   -29.0   36.795  113.293    415.4    867.5
     1     1    21     2    23    12     0     0   -30.0   36.760  113.547    342.2    888.1
     1     1    21     2    23    11     0     1   -31.0   36.773  113.758    228.7    908.1
     1     1    21     2    23    10     0     2   -32.0   36.788  113.920     85.6    938.3
     1     1    21     2    23     9     0     3   -33.0   36.780  114.073      4.6    959.0
     1     1    21     2    23     8     0     2   -34.0   36.752  114.223      0.0    969.3
     1     1    21     2    23     7     0     1   -35.0   36.703  114.362      0.0    979.0
     1     1    21     2    23     6     0     0   -36.0   36.633  114.488      0.0    987.7
     1     1    21     2    23     5     0     1   -37.0   36.552  114.602      0.0    996.5
     1     1    21     2    23     4     0     2   -38.0   36.469  114.706      0.0   1004.0
     1     1    21     2    23     3     0     3   -39.0   36.381  114.802      0.0   1010.6
     1     1    21     2    23     2     0     2   -40.0   36.297  114.891      0.0   1015.3
     1     1    21     2    23     1     0     1   -41.0   36.227  114.970      0.0   1019.3
     1     1    21     2    23     0     0     0   -42.0   36.173  115.035      0.0   1021.2
     1     1    21     2    22    23     0     1   -43.0   36.122  115.095      0.0   1021.1
     1     1    21     2    22    22     0     2   -44.0   36.062  115.165      0.0   1021.0
     1     1    21     2    22    21     0     3   -45.0   35.988  115.247      0.0   1020.8
     1     1    21     2    22    20     0     2   -46.0   35.909  115.353      0.1   1020.8
     1     1    21     2    22    19     0     1   -47.0   35.835  115.487      0.2   1021.0
     1     1    21     2    22    18     0     0   -48.0   35.770  115.644      0.2   1021.6
     1     1    21     2    22    17     0     1   -49.0   35.716  115.814      0.1   1022.0
     1     1    21     2    22    16     0     2   -50.0   35.673  115.992      0.0   1022.4
     1     1    21     2    22    15     0     3   -51.0   35.639  116.176      0.1   1021.6
     1     1    21     2    22    14     0     2   -52.0   35.617  116.351      0.3   1019.8
     1     1    21     2    22    13     0     1   -53.0   35.611  116.510      0.2   1017.9
     1     1    21     2    22    12     0     0   -54.0   35.618  116.663      0.3   1015.9
     1     1    21     2    22    11     0     1   -55.0   35.642  116.832      1.3   1013.8
     1     1    21     2    22    10     0     2   -56.0   35.688  117.032      3.7   1010.5
     1     1    21     2    22     9     0     3   -57.0   35.763  117.260      7.9   1002.6
     1     1    21     2    22     8     0     2   -58.0   35.873  117.504     15.4    993.1
     1     1    21     2    22     7     0     1   -59.0   36.015  117.758     35.5    980.5
     1     1    21     2    22     6     0     0   -60.0   36.189  118.028     78.5    976.5
     1     1    21     2    22     5     0     1   -61.0   36.400  118.309    136.5    984.0
     1     1    21     2    22     4     0     2   -62.0   36.656  118.597    173.0    990.9
     1     1    21     2    22     3     0     3   -63.0   36.955  118.900    174.6   1001.6
     1     1    21     2    22     2     0     2   -64.0   37.269  119.216    171.5   1002.1
     1     1    21     2    22     1     0     1   -65.0   37.594  119.552    191.1    997.2
     1     1    21     2    22     0     0     0   -66.0   37.990  119.940    232.4    994.4
     1     1    21     2    21    23     0     1   -67.0   38.485  120.356    274.3    987.1
     1     1    21     2    21    22     0     2   -68.0   39.046  120.751    327.0    982.0
     1     1    21     2    21    21     0     3   -69.0   39.665  121.131    413.8    969.7
     1     1    21     2    21    20     0     2   -70.0   40.303  121.480    538.5    950.6
     1     1    21     2    21    19     0     1   -71.0   40.918  121.747    655.5    931.8
     1     1    21     2    21    18     0     0   -72.0   41.492  121.889    737.8    918.5
     1     1    21     2    21    17     0     1   -73.0   42.043  121.888    816.5    900.0
     1     1    21     2    21    16     0     2   -74.0   42.593  121.764    876.8    880.8
     1     1    21     2    21    15     0     3   -75.0   43.157  121.557    880.1    873.4
     1     1    21     2    21    14     0     2   -76.0   43.713  121.264    896.8    882.4
     1     1    21     2    21    13     0     1   -77.0   44.249  120.866    957.0    861.5
     1     1    21     2    21    12     0     0   -78.0   44.789  120.266   1109.0    818.6
     1     1    21     2    21    11     0     1   -79.0   45.255  119.427   1327.9    752.4
     1     1    21     2    21    10     0     2   -80.0   45.644  118.579   1500.1    733.4
     1     1    21     2    21     9     0     3   -81.0   46.037  117.751   1586.9    729.8
     1     1    21     2    21     8     0     2   -82.0   46.401  116.904   1669.1    731.6
     1     1    21     2    21     7     0     1   -83.0   46.723  116.133   1632.7    746.1
     1     1    21     2    21     6     0     0   -84.0   47.023  115.421   1698.9    735.3
     1     1    21     2    21     5     0     1   -85.0   47.308  114.620   1992.0    690.2
     1     1    21     2    21     4     0     2   -86.0   47.592  113.855   1988.1    697.3
     1     1    21     2    21     3     0     3   -87.0   47.887  113.182   1809.5    716.9
     1     1    21     2    21     2     0     2   -88.0   48.217  112.583   1633.8    732.5
     1     1    21     2    21     1     0     1   -89.0   48.593  111.957   1619.6    723.0
     1     1    21     2    21     0     0     0   -90.0   48.961  111.165   1721.1    699.2
     1     1    21     2    20    23     0     1   -91.0   49.305  110.193   1861.8    665.3
     1     1    21     2    20    22     0     2   -92.0   49.638  109.164   2077.9    645.5
     1     1    21     2    20    21     0     3   -93.0   49.933  108.304   2060.9    673.2
     1     1    21     2    20    20     0     2   -94.0   50.228  107.727   1786.7    720.7
     1     1    21     2    20    19     0     1   -95.0   50.668  107.200   1669.3    747.4
     1     1    21     2    20    18     0     0   -96.0   51.233  106.523   1518.1    752.0
     1     1    21     2    20    17     0     1   -97.0   51.825  105.785   1295.1    800.0
     1     1    21     2    20    16     0     2   -98.0   52.462  104.976   1215.3    808.3
     1     1    21     2    20    15     0     3   -99.0   53.156  104.011   1210.6    805.5
     1     1    21     2    20    14     0     2  -100.0   53.777  102.936   1275.3    807.1
     1     1    21     2    20    13     0     1  -101.0   54.311  101.693   1307.3    801.6
     1     1    21     2    20    12     0     0  -102.0   54.771  100.404   1257.6    806.8
     1     1    21     2    20    11     0     1  -103.0   55.160   99.111   1262.6    808.0
     1     1    21     2    20    10     0     2  -104.0   55.447   97.806   1207.6    810.7
     1     1    21     2    20     9     0     3  -105.0   55.680   96.562   1225.5    818.0
     1     1    21     2    20     8     0     2  -106.0   55.897   95.483   1179.4    839.2
     1     1    21     2    20     7     0     1  -107.0   56.109   94.461   1242.8    825.2
     1     1    21     2    20     6     0     0  -108.0   56.367   93.483   1248.7    824.4
     1     1    21     2    20     5     0     1  -109.0   56.636   92.563   1189.3    836.1
     1     1    21     2    20     4     0     2  -110.0   56.906   91.661   1192.6    832.9
     1     1    21     2    20     3     0     3  -111.0   57.172   90.835   1164.8    843.2
     1     1    21     2    20     2     0     2  -112.0   57.426   90.081   1133.9    848.0
     1     1    21     2    20     1     0     1  -113.0   57.673   89.414   1118.8    851.6
     1     1    21     2    20     0     0     0  -114.0   57.942   88.878   1112.5    852.6
     1     1    21     2    19    23     0     1  -115.0   58.235   88.459   1106.9    851.2
     1     1    21     2    19    22     0     2  -116.0   58.535   88.136   1091.8    854.1
     1     1    21     2    19    21     0     3  -117.0   58.857   87.951   1067.7    857.9
     1     1    21     2    19    20     0     2  -118.0   59.169   87.896   1037.3    860.1
     1     1    21     2    19    19     0     1  -119.0   59.438   87.927   1008.6    861.6
     1     1    21     2    19    18     0     0  -120.0   59.677   88.056    990.0    861.6
