     5     1
    GDAS    21     2     1     0     0
    GDAS    21     2     8     0     0
    GDAS    21     2    15     0     0
    GDAS    21     2    22     0     0
    GDAS    21     3     1     0     0
     1 BACKWARD OMEGA   
    21     2    14    23   37.820  111.540  1000.0
     1 PRESSURE
     1     1    21     2    14    23     0     1     0.0   37.820  111.540   1000.0    775.4
     1     1    21     2    14    22     0     2    -1.0   38.181  111.151   1127.0    766.1
     1     1    21     2    14    21     0     3    -2.0   38.509  110.817   1169.3    771.4
     1     1    21     2    14    20     0     2    -3.0   38.817  110.509   1174.0    770.8
     1     1    21     2    14    19     0     1    -4.0   39.155  110.185   1197.2    759.3
     1     1    21     2    14    18     0     0    -5.0   39.544  109.813   1240.7    741.4
     1     1    21     2    14    17     0     1    -6.0   39.972  109.382   1288.2    726.6
     1     1    21     2    14    16     0     2    -7.0   40.405  108.910   1361.0    733.2
     1     1    21     2    14    15     0     3    -8.0   40.795  108.440   1459.0    744.2
     1     1    21     2    14    14     0     2    -9.0   41.154  107.975   1533.2    733.4
     1     1    21     2    14    13     0     1   -10.0   41.516  107.500   1540.5    724.5
     1     1    21     2    14    12     0     0   -11.0   41.901  107.012   1542.2    728.1
     1     1    21     2    14    11     0     1   -12.0   42.287  106.505   1608.6    729.1
     1     1    21     2    14    10     0     2   -13.0   42.660  105.960   1693.2    707.1
     1     1    21     2    14     9     0     3   -14.0   43.004  105.387   1711.3    677.2
     1     1    21     2    14     8     0     2   -15.0   43.333  104.821   1727.7    674.3
     1     1    21     2    14     7     0     1   -16.0   43.654  104.297   1759.9    679.0
     1     1    21     2    14     6     0     0   -17.0   43.938  103.846   1761.2    683.1
     1     1    21     2    14     5     0     1   -18.0   44.208  103.448   1750.1    686.3
     1     1    21     2    14     4     0     2   -19.0   44.484  103.087   1745.7    685.9
     1     1    21     2    14     3     0     3   -20.0   44.752  102.765   1713.4    690.3
     1     1    21     2    14     2     0     2   -21.0   45.010  102.420   1622.9    695.1
     1     1    21     2    14     1     0     1   -22.0   45.278  102.010   1501.1    688.0
     1     1    21     2    14     0     0     0   -23.0   45.581  101.597   1463.3    678.4
     1     1    21     2    13    23     0     1   -24.0   45.907  101.206   1521.5    657.8
     1     1    21     2    13    22     0     2   -25.0   46.256  100.805   1603.2    634.2
     1     1    21     2    13    21     0     3   -26.0   46.652  100.350   1669.9    603.3
     1     1    21     2    13    20     0     2   -27.0   47.122   99.822   1743.9    576.6
     1     1    21     2    13    19     0     1   -28.0   47.603   99.261   1828.6    586.8
     1     1    21     2    13    18     0     0   -29.0   48.054   98.690   1885.0    578.0
     1     1    21     2    13    17     0     1   -30.0   48.497   98.105   2009.8    575.1
     1     1    21     2    13    16     0     2   -31.0   48.925   97.536   2154.4    581.1
     1     1    21     2    13    15     0     3   -32.0   49.333   96.972   2263.6    577.8
     1     1    21     2    13    14     0     2   -33.0   49.740   96.393   2361.1    575.5
     1     1    21     2    13    13     0     1   -34.0   50.127   95.824   2426.2    596.2
     1     1    21     2    13    12     0     0   -35.0   50.465   95.277   2462.3    626.2
     1     1    21     2    13    11     0     1   -36.0   50.772   94.747   2476.4    631.1
     1     1    21     2    13    10     0     2   -37.0   51.087   94.195   2478.1    602.6
     1     1    21     2    13     9     0     3   -38.0   51.398   93.613   2476.6    598.8
     1     1    21     2    13     8     0     2   -39.0   51.680   93.069   2395.7    614.7
     1     1    21     2    13     7     0     1   -40.0   51.942   92.575   2321.2    633.2
     1     1    21     2    13     6     0     0   -41.0   52.183   92.099   2290.2    643.3
     1     1    21     2    13     5     0     1   -42.0   52.411   91.618   2299.0    650.1
     1     1    21     2    13     4     0     2   -43.0   52.635   91.136   2352.9    657.2
     1     1    21     2    13     3     0     3   -44.0   52.840   90.677   2420.5    671.2
     1     1    21     2    13     2     0     2   -45.0   53.014   90.218   2465.9    684.5
     1     1    21     2    13     1     0     1   -46.0   53.183   89.745   2475.7    673.8
     1     1    21     2    13     0     0     0   -47.0   53.396   89.281   2509.1    654.9
     1     1    21     2    12    23     0     1   -48.0   53.647   88.822   2593.4    643.4
     1     1    21     2    12    22     0     2   -49.0   53.888   88.362   2710.8    655.6
     1     1    21     2    12    21     0     3   -50.0   54.101   87.917   2810.9    669.0
     1     1    21     2    12    20     0     2   -51.0   54.291   87.489   2874.8    667.5
     1     1    21     2    12    19     0     1   -52.0   54.469   87.074   2931.9    671.1
     1     1    21     2    12    18     0     0   -53.0   54.647   86.676   2974.0    668.4
     1     1    21     2    12    17     0     1   -54.0   54.826   86.280   3009.4    665.0
     1     1    21     2    12    16     0     2   -55.0   54.996   85.870   3033.8    665.7
     1     1    21     2    12    15     0     3   -56.0   55.164   85.444   3045.9    665.2
     1     1    21     2    12    14     0     2   -57.0   55.320   84.992   3054.8    665.7
     1     1    21     2    12    13     0     1   -58.0   55.453   84.512   3065.5    666.9
     1     1    21     2    12    12     0     0   -59.0   55.577   84.007   3074.3    668.0
     1     1    21     2    12    11     0     1   -60.0   55.677   83.497   3085.2    668.5
     1     1    21     2    12    10     0     2   -61.0   55.733   83.002   3113.0    664.4
     1     1    21     2    12     9     0     3   -62.0   55.759   82.509   3150.9    660.1
     1     1    21     2    12     8     0     2   -63.0   55.774   82.028   3182.9    656.6
     1     1    21     2    12     7     0     1   -64.0   55.778   81.571   3201.7    654.9
     1     1    21     2    12     6     0     0   -65.0   55.762   81.135   3208.2    654.2
     1     1    21     2    12     5     0     1   -66.0   55.739   80.710   3208.8    654.8
     1     1    21     2    12     4     0     2   -67.0   55.719   80.293   3209.5    654.8
     1     1    21     2    12     3     0     3   -68.0   55.700   79.887   3210.0    654.9
     1     1    21     2    12     2     0     2   -69.0   55.680   79.482   3212.0    655.7
     1     1    21     2    12     1     0     1   -70.0   55.655   79.064   3217.7    656.4
     1     1    21     2    12     0     0     0   -71.0   55.627   78.628   3225.5    655.8
     1     1    21     2    11    23     0     1   -72.0   55.608   78.193   3230.3    655.3
     1     1    21     2    11    22     0     2   -73.0   55.584   77.787   3232.3    656.3
     1     1    21     2    11    21     0     3   -74.0   55.540   77.414   3234.3    657.7
     1     1    21     2    11    20     0     2   -75.0   55.492   77.061   3236.2    658.7
     1     1    21     2    11    19     0     1   -76.0   55.457   76.718   3238.2    658.8
     1     1    21     2    11    18     0     0   -77.0   55.431   76.393   3241.3    658.4
     1     1    21     2    11    17     0     1   -78.0   55.417   76.087   3244.8    658.0
     1     1    21     2    11    16     0     2   -79.0   55.421   75.791   3247.6    657.2
     1     1    21     2    11    15     0     3   -80.0   55.442   75.499   3249.2    656.1
     1     1    21     2    11    14     0     2   -81.0   55.474   75.207   3256.0    655.1
     1     1    21     2    11    13     0     1   -82.0   55.512   74.914   3275.0    652.6
     1     1    21     2    11    12     0     0   -83.0   55.549   74.620   3299.1    650.3
     1     1    21     2    11    11     0     1   -84.0   55.585   74.330   3314.8    649.1
     1     1    21     2    11    10     0     2   -85.0   55.617   74.059   3322.2    649.5
     1     1    21     2    11     9     0     3   -86.0   55.643   73.806   3326.9    649.3
     1     1    21     2    11     8     0     2   -87.0   55.680   73.563   3340.5    648.4
     1     1    21     2    11     7     0     1   -88.0   55.740   73.327   3372.3    645.2
     1     1    21     2    11     6     0     0   -89.0   55.818   73.108   3425.3    640.2
     1     1    21     2    11     5     0     1   -90.0   55.907   72.905   3486.6    633.1
     1     1    21     2    11     4     0     2   -91.0   56.004   72.722   3541.2    627.8
     1     1    21     2    11     3     0     3   -92.0   56.111   72.554   3589.7    623.2
     1     1    21     2    11     2     0     2   -93.0   56.232   72.381   3640.4    619.0
     1     1    21     2    11     1     0     1   -94.0   56.364   72.197   3701.4    613.3
     1     1    21     2    11     0     0     0   -95.0   56.504   72.009   3772.4    606.8
     1     1    21     2    10    23     0     1   -96.0   56.648   71.826   3840.5    599.3
     1     1    21     2    10    22     0     2   -97.0   56.788   71.662   3895.9    594.4
     1     1    21     2    10    21     0     3   -98.0   56.923   71.532   3941.5    590.5
     1     1    21     2    10    20     0     2   -99.0   57.061   71.433   3988.6    587.1
     1     1    21     2    10    19     0     1  -100.0   57.217   71.345   4045.5    581.5
     1     1    21     2    10    18     0     0  -101.0   57.392   71.261   4108.1    575.7
     1     1    21     2    10    17     0     1  -102.0   57.592   71.201   4179.6    569.4
     1     1    21     2    10    16     0     2  -103.0   57.818   71.195   4260.8    561.8
     1     1    21     2    10    15     0     3  -104.0   58.071   71.259   4342.0    554.0
     1     1    21     2    10    14     0     2  -105.0   58.344   71.358   4417.5    547.2
     1     1    21     2    10    13     0     1  -106.0   58.632   71.470   4489.1    540.9
     1     1    21     2    10    12     0     0  -107.0   58.934   71.622   4557.9    534.8
     1     1    21     2    10    11     0     1  -108.0   59.226   71.831   4615.0    528.6
     1     1    21     2    10    10     0     2  -109.0   59.485   72.098   4652.9    524.8
     1     1    21     2    10     9     0     3  -110.0   59.715   72.434   4670.5    522.4
     1     1    21     2    10     8     0     2  -111.0   59.919   72.862   4664.3    521.9
     1     1    21     2    10     7     0     1  -112.0   60.105   73.390   4644.3    524.1
     1     1    21     2    10     6     0     0  -113.0   60.280   73.997   4637.3    526.3
     1     1    21     2    10     5     0     1  -114.0   60.445   74.634   4638.7    525.1
     1     1    21     2    10     4     0     2  -115.0   60.607   75.256   4637.1    526.4
     1     1    21     2    10     3     0     3  -116.0   60.772   75.857   4656.0    526.7
     1     1    21     2    10     2     0     2  -117.0   60.929   76.440   4678.2    523.1
     1     1    21     2    10     1     0     1  -118.0   61.076   77.007   4661.0    523.7
     1     1    21     2    10     0     0     0  -119.0   61.225   77.533   4616.3    527.0
     1     1    21     2     9    23     0     1  -120.0   61.368   78.017   4576.6    529.8
