     5     1
    GDAS    21     2     1     0     0
    GDAS    21     2     8     0     0
    GDAS    21     2    15     0     0
    GDAS    21     2    22     0     0
    GDAS    21     3     1     0     0
     1 BACKWARD OMEGA   
    21     2    23    21   44.970  -93.230   500.0
     1 PRESSURE
     1     1    21     2    23    21     0     3     0.0   44.970  -93.230    500.0    912.1
     1     1    21     2    23    20     0     2    -1.0   44.904  -93.302    526.6    909.6
     1     1    21     2    23    19     0     1    -2.0   44.855  -93.444    563.7    906.9
     1     1    21     2    23    18     0     0    -3.0   44.831  -93.656    645.7    901.5
     1     1    21     2    23    17     0     1    -4.0   44.840  -93.931    762.4    884.3
     1     1    21     2    23    16     0     2    -5.0   44.877  -94.249    820.7    872.1
     1     1    21     2    23    15     0     3    -6.0   44.941  -94.607    803.0    874.5
     1     1    21     2    23    14     0     2    -7.0   45.038  -95.010    787.2    877.8
     1     1    21     2    23    13     0     1    -8.0   45.171  -95.434    820.9    873.5
     1     1    21     2    23    12     0     0    -9.0   45.347  -95.860    904.6    864.8
     1     1    21     2    23    11     0     1   -10.0   45.548  -96.305    998.8    846.9
     1     1    21     2    23    10     0     2   -11.0   45.747  -96.763   1055.8    839.2
     1     1    21     2    23     9     0     3   -12.0   45.926  -97.239   1068.7    839.9
     1     1    21     2    23     8     0     2   -13.0   46.126  -97.716   1022.8    842.1
     1     1    21     2    23     7     0     1   -14.0   46.394  -98.176   1000.3    847.5
     1     1    21     2    23     6     0     0   -15.0   46.705  -98.651   1078.3    831.6
     1     1    21     2    23     5     0     1   -16.0   47.047  -99.164   1181.8    810.2
     1     1    21     2    23     4     0     2   -17.0   47.446  -99.738   1256.7    807.2
     1     1    21     2    23     3     0     3   -18.0   47.879 -100.386   1353.1    800.8
     1     1    21     2    23     2     0     2   -19.0   48.316 -101.087   1397.4    783.0
     1     1    21     2    23     1     0     1   -20.0   48.774 -101.789   1397.4    791.0
     1     1    21     2    23     0     0     0   -21.0   49.246 -102.455   1456.4    779.8
     1     1    21     2    22    23     0     1   -22.0   49.716 -103.155   1504.9    762.6
     1     1    21     2    22    22     0     2   -23.0   50.205 -103.927   1563.3    765.3
     1     1    21     2    22    21     0     3   -24.0   50.724 -104.647   1696.9    754.0
     1     1    21     2    22    20     0     2   -25.0   51.243 -105.332   1775.3    740.3
     1     1    21     2    22    19     0     1   -26.0   51.759 -106.066   1688.7    745.7
     1     1    21     2    22    18     0     0   -27.0   52.288 -106.818   1618.6    770.6
     1     1    21     2    22    17     0     1   -28.0   52.827 -107.635   1738.8    741.8
     1     1    21     2    22    16     0     2   -29.0   53.344 -108.524   1755.3    743.0
     1     1    21     2    22    15     0     3   -30.0   53.813 -109.346   1570.6    760.3
     1     1    21     2    22    14     0     2   -31.0   54.279 -110.149   1491.6    761.8
     1     1    21     2    22    13     0     1   -32.0   54.748 -110.978   1509.6    753.8
     1     1    21     2    22    12     0     0   -33.0   55.173 -111.725   1436.7    766.3
     1     1    21     2    22    11     0     1   -34.0   55.585 -112.567   1368.7    774.6
     1     1    21     2    22    10     0     2   -35.0   56.008 -113.432   1456.2    763.2
     1     1    21     2    22     9     0     3   -36.0   56.399 -114.272   1483.4    761.1
     1     1    21     2    22     8     0     2   -37.0   56.775 -115.186   1376.0    770.2
     1     1    21     2    22     7     0     1   -38.0   57.186 -116.122   1411.9    766.6
     1     1    21     2    22     6     0     0   -39.0   57.561 -117.149   1381.7    780.1
     1     1    21     2    22     5     0     1   -40.0   57.855 -118.261   1171.1    802.8
     1     1    21     2    22     4     0     2   -41.0   58.202 -119.388   1160.9    790.7
     1     1    21     2    22     3     0     3   -42.0   58.445 -120.542   1127.8    797.1
     1     1    21     2    22     2     0     2   -43.0   58.600 -121.833   1052.1    808.1
     1     1    21     2    22     1     0     1   -44.0   58.724 -123.181   1088.1    798.7
     1     1    21     2    22     0     0     0   -45.0   58.782 -124.642   1359.9    715.4
     1     1    21     2    21    23     0     1   -46.0   58.720 -126.231   1411.3    684.1
     1     1    21     2    21    22     0     2   -47.0   58.561 -127.800   1271.1    714.9
     1     1    21     2    21    21     0     3   -48.0   58.307 -129.338   1284.2    714.4
     1     1    21     2    21    20     0     2   -49.0   57.987 -130.612   1051.1    772.9
     1     1    21     2    21    19     0     1   -50.0   57.662 -131.621   1144.4    737.8
     1     1    21     2    21    18     0     0   -51.0   57.341 -132.729   1293.8    755.2
     1     1    21     2    21    17     0     1   -52.0   57.037 -133.747   1051.2    855.0
     1     1    21     2    21    16     0     2   -53.0   56.792 -134.936   1196.9    814.1
     1     1    21     2    21    15     0     3   -54.0   56.620 -136.336   1472.2    812.2
     1     1    21     2    21    14     0     2   -55.0   56.479 -137.797   1421.8    825.7
     1     1    21     2    21    13     0     1   -56.0   56.375 -139.256   1416.4    823.2
     1     1    21     2    21    12     0     0   -57.0   56.329 -140.755   1395.0    824.1
     1     1    21     2    21    11     0     1   -58.0   56.330 -142.235   1400.3    824.7
     1     1    21     2    21    10     0     2   -59.0   56.360 -143.631   1467.4    815.3
     1     1    21     2    21     9     0     3   -60.0   56.456 -144.960   1542.2    807.5
     1     1    21     2    21     8     0     2   -61.0   56.608 -146.174   1615.8    797.8
     1     1    21     2    21     7     0     1   -62.0   56.780 -147.272   1693.1    789.7
     1     1    21     2    21     6     0     0   -63.0   56.987 -148.337   1790.1    778.8
     1     1    21     2    21     5     0     1   -64.0   57.197 -149.212   1858.4    771.1
     1     1    21     2    21     4     0     2   -65.0   57.353 -149.845   1876.9    769.2
     1     1    21     2    21     3     0     3   -66.0   57.476 -150.317   1880.7    769.1
     1     1    21     2    21     2     0     2   -67.0   57.591 -150.640   1884.9    768.7
     1     1    21     2    21     1     0     1   -68.0   57.704 -150.816   1885.1    768.4
     1     1    21     2    21     0     0     0   -69.0   57.806 -150.854   1883.6    769.2
     1     1    21     2    20    23     0     1   -70.0   57.894 -150.819   1844.0    769.4
     1     1    21     2    20    22     0     2   -71.0   57.974 -150.722   1710.1    781.6
     1     1    21     2    20    21     0     3   -72.0   58.045 -150.472   1473.0    806.8
     1     1    21     2    20    20     0     2   -73.0   58.087 -149.898   1227.7    843.4
     1     1    21     2    20    19     0     1   -74.0   58.072 -149.125   1062.4    860.9
     1     1    21     2    20    18     0     0   -75.0   58.009 -148.305    971.1    868.7
     1     1    21     2    20    17     0     1   -76.0   57.918 -147.564    910.3    873.9
     1     1    21     2    20    16     0     2   -77.0   57.813 -146.914    803.1    887.3
     1     1    21     2    20    15     0     3   -78.0   57.698 -146.265    671.4    901.7
     1     1    21     2    20    14     0     2   -79.0   57.568 -145.658    562.4    922.1
     1     1    21     2    20    13     0     1   -80.0   57.388 -145.208    485.9    928.0
     1     1    21     2    20    12     0     0   -81.0   57.152 -144.871    402.1    939.5
     1     1    21     2    20    11     0     1   -82.0   56.893 -144.661    328.3    954.3
     1     1    21     2    20    10     0     2   -83.0   56.645 -144.623    287.4    960.4
     1     1    21     2    20     9     0     3   -84.0   56.384 -144.741    271.8    964.0
     1     1    21     2    20     8     0     2   -85.0   56.097 -144.981    266.6    963.7
     1     1    21     2    20     7     0     1   -86.0   55.802 -145.303    254.5    965.8
     1     1    21     2    20     6     0     0   -87.0   55.517 -145.683    238.0    969.6
     1     1    21     2    20     5     0     1   -88.0   55.239 -146.116    235.3    972.4
     1     1    21     2    20     4     0     2   -89.0   54.967 -146.600    242.8    971.0
     1     1    21     2    20     3     0     3   -90.0   54.698 -147.141    244.9    972.4
     1     1    21     2    20     2     0     2   -91.0   54.436 -147.721    255.3    973.2
     1     1    21     2    20     1     0     1   -92.0   54.171 -148.326    279.4    970.6
     1     1    21     2    20     0     0     0   -93.0   53.879 -148.969    301.3    967.8
     1     1    21     2    19    23     0     1   -94.0   53.589 -149.614    326.4    967.2
     1     1    21     2    19    22     0     2   -95.0   53.338 -150.235    351.4    962.6
     1     1    21     2    19    21     0     3   -96.0   53.110 -150.845    343.5    963.2
     1     1    21     2    19    20     0     2   -97.0   52.902 -151.446    332.6    970.0
     1     1    21     2    19    19     0     1   -98.0   52.714 -152.033    342.3    967.6
     1     1    21     2    19    18     0     0   -99.0   52.542 -152.615    339.5    966.4
     1     1    21     2    19    17     0     1  -100.0   52.367 -153.197    323.4    971.0
     1     1    21     2    19    16     0     2  -101.0   52.190 -153.780    318.5    972.9
     1     1    21     2    19    15     0     3  -102.0   52.017 -154.358    328.2    971.9
     1     1    21     2    19    14     0     2  -103.0   51.848 -154.908    345.7    969.8
     1     1    21     2    19    13     0     1  -104.0   51.705 -155.415    365.2    967.9
     1     1    21     2    19    12     0     0  -105.0   51.595 -155.881    367.2    966.0
     1     1    21     2    19    11     0     1  -106.0   51.509 -156.353    352.8    970.3
     1     1    21     2    19    10     0     2  -107.0   51.444 -156.868    339.0    972.2
     1     1    21     2    19     9     0     3  -108.0   51.412 -157.411    336.0    974.0
     1     1    21     2    19     8     0     2  -109.0   51.407 -157.953    355.3    971.6
     1     1    21     2    19     7     0     1  -110.0   51.415 -158.479    383.1    966.9
     1     1    21     2    19     6     0     0  -111.0   51.438 -158.999    408.6    964.5
     1     1    21     2    19     5     0     1  -112.0   51.483 -159.505    426.5    961.1
     1     1    21     2    19     4     0     2  -113.0   51.557 -159.989    435.1    960.3
     1     1    21     2    19     3     0     3  -114.0   51.667 -160.460    436.3    959.4
     1     1    21     2    19     2     0     2  -115.0   51.805 -160.932    429.2    960.3
     1     1    21     2    19     1     0     1  -116.0   51.957 -161.404    432.0    961.3
     1     1    21     2    19     0     0     0  -117.0   52.132 -161.872    468.9    957.4
     1     1    21     2    18    23     0     1  -118.0   52.325 -162.341    512.9    947.2
     1     1    21     2    18    22     0     2  -119.0   52.529 -162.817    526.3    945.7
     1     1    21     2    18    21     0     3  -120.0   52.753 -163.315    521.8    947.3
