     5     1
    GDAS    21     2     1     0     0
    GDAS    21     2     8     0     0
    GDAS    21     2    15     0     0
    GDAS    21     2    22     0     0
    GDAS    21     3     1     0     0
     1 BACKWARD OMEGA   
    21     2    26    21   37.820  111.540  1000.0
     1 PRESSURE
     1     1    21     2    26    21     0     3     0.0   37.820  111.540   1000.0    774.3
     1     1    21     2    26    20     0     2    -1.0   37.418  111.569    999.1    780.5
     1     1    21     2    26    19     0     1    -2.0   37.049  111.595   1097.0    770.9
     1     1    21     2    26    18     0     0    -3.0   36.664  111.628   1217.9    754.4
     1     1    21     2    26    17     0     1    -4.0   36.257  111.703   1265.4    750.3
     1     1    21     2    26    16     0     2    -5.0   35.828  111.869   1303.8    768.6
     1     1    21     2    26    15     0     3    -6.0   35.430  112.124   1336.8    793.8
     1     1    21     2    26    14     0     2    -7.0   35.147  112.419   1328.8    822.2
     1     1    21     2    26    13     0     1    -8.0   34.994  112.714   1267.4    852.6
     1     1    21     2    26    12     0     0    -9.0   34.966  113.001   1154.9    878.0
     1     1    21     2    26    11     0     1   -10.0   35.000  113.272   1031.9    893.2
     1     1    21     2    26    10     0     2   -11.0   35.040  113.528    929.5    903.7
     1     1    21     2    26     9     0     3   -12.0   35.099  113.770    867.1    909.5
     1     1    21     2    26     8     0     2   -13.0   35.193  113.996    858.7    910.0
     1     1    21     2    26     7     0     1   -14.0   35.306  114.199    897.7    903.4
     1     1    21     2    26     6     0     0   -15.0   35.411  114.381    959.3    895.9
     1     1    21     2    26     5     0     1   -16.0   35.499  114.563   1011.9    889.9
     1     1    21     2    26     4     0     2   -17.0   35.585  114.765   1030.6    891.9
     1     1    21     2    26     3     0     3   -18.0   35.692  114.986   1013.2    899.9
     1     1    21     2    26     2     0     2   -19.0   35.833  115.204    981.8    908.3
     1     1    21     2    26     1     0     1   -20.0   35.994  115.404    973.2    911.5
     1     1    21     2    26     0     0     0   -21.0   36.153  115.592   1003.3    908.4
     1     1    21     2    25    23     0     1   -22.0   36.300  115.788   1039.6    899.8
     1     1    21     2    25    22     0     2   -23.0   36.454  115.994   1037.0    899.3
     1     1    21     2    25    21     0     3   -24.0   36.635  116.204    997.0    903.3
     1     1    21     2    25    20     0     2   -25.0   36.836  116.407    947.3    911.6
     1     1    21     2    25    19     0     1   -26.0   37.044  116.597    905.8    917.2
     1     1    21     2    25    18     0     0   -27.0   37.252  116.777    881.7    921.3
     1     1    21     2    25    17     0     1   -28.0   37.458  116.951    886.5    921.4
     1     1    21     2    25    16     0     2   -29.0   37.665  117.109    924.2    917.8
     1     1    21     2    25    15     0     3   -30.0   37.879  117.228   1005.1    909.7
     1     1    21     2    25    14     0     2   -31.0   38.084  117.318   1100.3    894.6
     1     1    21     2    25    13     0     1   -32.0   38.267  117.395   1163.8    886.2
     1     1    21     2    25    12     0     0   -33.0   38.432  117.466   1191.8    883.2
     1     1    21     2    25    11     0     1   -34.0   38.584  117.532   1214.9    883.1
     1     1    21     2    25    10     0     2   -35.0   38.736  117.590   1258.9    878.2
     1     1    21     2    25     9     0     3   -36.0   38.901  117.628   1326.1    870.5
     1     1    21     2    25     8     0     2   -37.0   39.070  117.631   1396.4    860.0
     1     1    21     2    25     7     0     1   -38.0   39.212  117.590   1455.4    853.1
     1     1    21     2    25     6     0     0   -39.0   39.325  117.513   1505.9    847.1
     1     1    21     2    25     5     0     1   -40.0   39.419  117.424   1543.5    842.8
     1     1    21     2    25     4     0     2   -41.0   39.501  117.336   1563.5    841.3
     1     1    21     2    25     3     0     3   -42.0   39.570  117.244   1567.5    841.7
     1     1    21     2    25     2     0     2   -43.0   39.628  117.147   1557.5    842.9
     1     1    21     2    25     1     0     1   -44.0   39.679  117.040   1533.5    845.6
     1     1    21     2    25     0     0     0   -45.0   39.723  116.918   1495.7    846.9
     1     1    21     2    24    23     0     1   -46.0   39.766  116.785   1450.9    846.6
     1     1    21     2    24    22     0     2   -47.0   39.807  116.652   1398.9    845.8
     1     1    21     2    24    21     0     3   -48.0   39.845  116.521   1331.5    846.1
     1     1    21     2    24    20     0     2   -49.0   39.872  116.396   1258.2    849.3
     1     1    21     2    24    19     0     1   -50.0   39.889  116.277   1198.4    850.4
     1     1    21     2    24    18     0     0   -51.0   39.900  116.167   1161.0    849.5
     1     1    21     2    24    17     0     1   -52.0   39.901  116.084   1142.6    846.8
     1     1    21     2    24    16     0     2   -53.0   39.880  116.038   1131.9    846.6
     1     1    21     2    24    15     0     3   -54.0   39.833  116.022   1123.4    848.9
     1     1    21     2    24    14     0     2   -55.0   39.780  116.013   1110.1    851.8
     1     1    21     2    24    13     0     1   -56.0   39.746  116.004   1092.8    854.9
     1     1    21     2    24    12     0     0   -57.0   39.732  115.999   1076.8    856.8
     1     1    21     2    24    11     0     1   -58.0   39.722  115.988   1043.0    858.0
     1     1    21     2    24    10     0     2   -59.0   39.696  115.958    978.7    864.5
     1     1    21     2    24     9     0     3   -60.0   39.652  115.911    886.8    874.1
     1     1    21     2    24     8     0     2   -61.0   39.601  115.863    804.3    886.8
     1     1    21     2    24     7     0     1   -62.0   39.560  115.830    758.2    891.1
     1     1    21     2    24     6     0     0   -63.0   39.533  115.815    738.7    893.5
     1     1    21     2    24     5     0     1   -64.0   39.508  115.799    728.6    894.3
     1     1    21     2    24     4     0     2   -65.0   39.474  115.763    711.1    897.0
     1     1    21     2    24     3     0     3   -66.0   39.435  115.709    687.4    899.9
     1     1    21     2    24     2     0     2   -67.0   39.395  115.647    668.5    902.4
     1     1    21     2    24     1     0     1   -68.0   39.350  115.581    665.1    902.2
     1     1    21     2    24     0     0     0   -69.0   39.297  115.503    676.1    900.4
     1     1    21     2    23    23     0     1   -70.0   39.234  115.412    692.3    897.9
     1     1    21     2    23    22     0     2   -71.0   39.169  115.312    706.2    897.1
     1     1    21     2    23    21     0     3   -72.0   39.102  115.202    718.5    896.8
     1     1    21     2    23    20     0     2   -73.0   39.033  115.083    733.2    897.2
     1     1    21     2    23    19     0     1   -74.0   38.958  114.962    760.4    894.4
     1     1    21     2    23    18     0     0   -75.0   38.876  114.854    809.2    885.9
     1     1    21     2    23    17     0     1   -76.0   38.795  114.767    869.1    876.4
     1     1    21     2    23    16     0     2   -77.0   38.719  114.701    920.7    869.4
     1     1    21     2    23    15     0     3   -78.0   38.644  114.654    953.9    865.9
     1     1    21     2    23    14     0     2   -79.0   38.570  114.632    956.6    866.2
     1     1    21     2    23    13     0     1   -80.0   38.508  114.648    918.1    873.4
     1     1    21     2    23    12     0     0   -81.0   38.468  114.713    831.1    888.0
     1     1    21     2    23    11     0     1   -82.0   38.460  114.828    705.4    910.4
     1     1    21     2    23    10     0     2   -83.0   38.476  114.973    568.0    935.6
     1     1    21     2    23     9     0     3   -84.0   38.490  115.131    440.1    956.1
     1     1    21     2    23     8     0     2   -85.0   38.484  115.302    340.5    972.6
     1     1    21     2    23     7     0     1   -86.0   38.463  115.491    273.6    984.7
     1     1    21     2    23     6     0     0   -87.0   38.425  115.692    229.5    993.4
     1     1    21     2    23     5     0     1   -88.0   38.371  115.904    201.5   1001.3
     1     1    21     2    23     4     0     2   -89.0   38.304  116.126    183.0   1005.4
     1     1    21     2    23     3     0     3   -90.0   38.229  116.358    168.3   1007.9
     1     1    21     2    23     2     0     2   -91.0   38.152  116.611    157.4   1009.5
     1     1    21     2    23     1     0     1   -92.0   38.077  116.893    152.3   1010.5
     1     1    21     2    23     0     0     0   -93.0   38.006  117.198    151.8   1010.8
     1     1    21     2    22    23     0     1   -94.0   37.932  117.522    156.1   1010.5
     1     1    21     2    22    22     0     2   -95.0   37.850  117.859    167.3   1009.2
     1     1    21     2    22    21     0     3   -96.0   37.766  118.198    182.0   1007.2
     1     1    21     2    22    20     0     2   -97.0   37.699  118.516    193.5   1005.8
     1     1    21     2    22    19     0     1   -98.0   37.657  118.800    199.2   1005.3
     1     1    21     2    22    18     0     0   -99.0   37.638  119.053    202.4   1004.9
     1     1    21     2    22    17     0     1  -100.0   37.644  119.293    209.3   1002.9
     1     1    21     2    22    16     0     2  -101.0   37.680  119.539    226.1    999.5
     1     1    21     2    22    15     0     3  -102.0   37.751  119.790    253.8    995.8
     1     1    21     2    22    14     0     2  -103.0   37.857  120.047    285.5    991.0
     1     1    21     2    22    13     0     1  -104.0   37.996  120.300    301.4    989.0
     1     1    21     2    22    12     0     0  -105.0   38.162  120.539    303.1    989.5
     1     1    21     2    22    11     0     1  -106.0   38.372  120.775    317.1    989.2
     1     1    21     2    22    10     0     2  -107.0   38.658  121.008    355.2    984.5
     1     1    21     2    22     9     0     3  -108.0   39.020  121.221    423.7    977.0
     1     1    21     2    22     8     0     2  -109.0   39.441  121.386    514.0    961.5
     1     1    21     2    22     7     0     1  -110.0   39.893  121.488    612.6    946.2
     1     1    21     2    22     6     0     0  -111.0   40.350  121.508    728.7    931.4
     1     1    21     2    22     5     0     1  -112.0   40.803  121.432    851.7    914.5
     1     1    21     2    22     4     0     2  -113.0   41.256  121.266    961.6    895.2
     1     1    21     2    22     3     0     3  -114.0   41.718  121.008   1101.2    869.9
     1     1    21     2    22     2     0     2  -115.0   42.237  120.619   1321.0    821.5
     1     1    21     2    22     1     0     1  -116.0   42.824  120.075   1561.9    783.2
     1     1    21     2    22     0     0     0  -117.0   43.441  119.410   1683.3    751.4
     1     1    21     2    21    23     0     1  -118.0   44.079  118.537   1719.0    718.9
     1     1    21     2    21    22     0     2  -119.0   44.660  117.615   1771.8    708.5
     1     1    21     2    21    21     0     3  -120.0   45.177  116.813   1772.8    710.0
