     5     1
    GDAS    21     2     1     0     0
    GDAS    21     2     8     0     0
    GDAS    21     2    15     0     0
    GDAS    21     2    22     0     0
    GDAS    21     3     1     0     0
     1 BACKWARD OMEGA   
    21     2    24    15   44.970  -93.230   500.0
     1 PRESSURE
     1     1    21     2    24    15     0     3     0.0   44.970  -93.230    500.0    921.5
     1     1    21     2    24    14     0     2    -1.0   45.370  -93.293    530.0    914.4
     1     1    21     2    24    13     0     1    -2.0   45.772  -93.298    568.4    904.4
     1     1    21     2    24    12     0     0    -3.0   46.167  -93.269    599.5    896.2
     1     1    21     2    24    11     0     1    -4.0   46.546  -93.223    619.0    892.0
     1     1    21     2    24    10     0     2    -5.0   46.907  -93.159    633.4    888.1
     1     1    21     2    24     9     0     3    -6.0   47.245  -93.071    648.5    885.4
     1     1    21     2    24     8     0     2    -7.0   47.561  -92.980    673.3    882.8
     1     1    21     2    24     7     0     1    -8.0   47.860  -92.913    711.3    877.1
     1     1    21     2    24     6     0     0    -9.0   48.139  -92.872    757.8    870.9
     1     1    21     2    24     5     0     1   -10.0   48.390  -92.877    803.4    865.3
     1     1    21     2    24     4     0     2   -11.0   48.618  -92.930    845.8    861.5
     1     1    21     2    24     3     0     3   -12.0   48.835  -93.000    894.1    856.9
     1     1    21     2    24     2     0     2   -13.0   49.041  -93.095    923.2    850.1
     1     1    21     2    24     1     0     1   -14.0   49.235  -93.234    908.5    851.8
     1     1    21     2    24     0     0     0   -15.0   49.413  -93.417    863.4    857.9
     1     1    21     2    23    23     0     1   -16.0   49.583  -93.631    827.4    864.5
     1     1    21     2    23    22     0     2   -17.0   49.761  -93.863    831.7    863.3
     1     1    21     2    23    21     0     3   -18.0   49.958  -94.119    902.9    856.7
     1     1    21     2    23    20     0     2   -19.0   50.168  -94.427   1019.3    840.5
     1     1    21     2    23    19     0     1   -20.0   50.378  -94.778   1108.2    831.0
     1     1    21     2    23    18     0     0   -21.0   50.593  -95.154   1134.4    829.4
     1     1    21     2    23    17     0     1   -22.0   50.819  -95.556   1129.8    836.5
     1     1    21     2    23    16     0     2   -23.0   51.074  -95.994   1137.8    838.4
     1     1    21     2    23    15     0     3   -24.0   51.359  -96.441   1137.8    838.4
     1     1    21     2    23    14     0     2   -25.0   51.649  -96.878   1136.2    844.2
     1     1    21     2    23    13     0     1   -26.0   51.927  -97.330   1170.5    841.9
     1     1    21     2    23    12     0     0   -27.0   52.198  -97.805   1220.8    832.5
     1     1    21     2    23    11     0     1   -28.0   52.483  -98.283   1271.2    827.4
     1     1    21     2    23    10     0     2   -29.0   52.804  -98.760   1358.9    819.8
     1     1    21     2    23     9     0     3   -30.0   53.163  -99.246   1485.8    803.4
     1     1    21     2    23     8     0     2   -31.0   53.528  -99.778   1568.5    784.6
     1     1    21     2    23     7     0     1   -32.0   53.874 -100.364   1598.7    785.0
     1     1    21     2    23     6     0     0   -33.0   54.218 -100.990   1653.1    779.2
     1     1    21     2    23     5     0     1   -34.0   54.568 -101.647   1715.8    767.2
     1     1    21     2    23     4     0     2   -35.0   54.919 -102.323   1759.1    761.2
     1     1    21     2    23     3     0     3   -36.0   55.275 -103.001   1810.5    757.5
     1     1    21     2    23     2     0     2   -37.0   55.641 -103.700   1890.9    745.3
     1     1    21     2    23     1     0     1   -38.0   56.022 -104.436   1970.2    730.5
     1     1    21     2    23     0     0     0   -39.0   56.418 -105.198   2008.5    721.6
     1     1    21     2    22    23     0     1   -40.0   56.826 -106.011   2013.2    716.4
     1     1    21     2    22    22     0     2   -41.0   57.202 -106.855   2036.0    715.0
     1     1    21     2    22    21     0     3   -42.0   57.525 -107.721   2083.7    711.7
     1     1    21     2    22    20     0     2   -43.0   57.840 -108.628   2113.6    705.3
     1     1    21     2    22    19     0     1   -44.0   58.156 -109.568   2107.5    716.1
     1     1    21     2    22    18     0     0   -45.0   58.452 -110.437   2132.0    725.0
     1     1    21     2    22    17     0     1   -46.0   58.734 -111.276   2115.1    731.1
     1     1    21     2    22    16     0     2   -47.0   58.992 -112.176   2101.5    734.2
     1     1    21     2    22    15     0     3   -48.0   59.231 -113.138   2101.1    726.7
     1     1    21     2    22    14     0     2   -49.0   59.477 -114.077   2167.0    708.5
     1     1    21     2    22    13     0     1   -50.0   59.713 -115.007   2195.5    702.5
     1     1    21     2    22    12     0     0   -51.0   59.940 -115.923   2198.8    714.9
     1     1    21     2    22    11     0     1   -52.0   60.196 -116.858   2206.2    714.2
     1     1    21     2    22    10     0     2   -53.0   60.450 -117.842   2213.7    699.0
     1     1    21     2    22     9     0     3   -54.0   60.660 -118.842   2216.2    703.7
     1     1    21     2    22     8     0     2   -55.0   60.861 -119.869   2194.9    713.9
     1     1    21     2    22     7     0     1   -56.0   61.069 -120.991   2159.0    707.3
     1     1    21     2    22     6     0     0   -57.0   61.241 -122.170   2113.1    713.8
     1     1    21     2    22     5     0     1   -58.0   61.361 -123.303   2060.7    717.7
     1     1    21     2    22     4     0     2   -59.0   61.482 -124.480   2016.0    666.8
     1     1    21     2    22     3     0     3   -60.0   61.621 -125.718   1880.3    657.8
     1     1    21     2    22     2     0     2   -61.0   61.738 -127.035   1840.2    653.1
     1     1    21     2    22     1     0     1   -62.0   61.822 -128.397   1785.4    627.1
     1     1    21     2    22     0     0     0   -63.0   61.837 -129.731   1659.6    668.0
     1     1    21     2    21    23     0     1   -64.0   61.803 -130.873   1541.5    701.5
     1     1    21     2    21    22     0     2   -65.0   61.739 -131.816   1434.3    723.1
     1     1    21     2    21    21     0     3   -66.0   61.648 -132.642   1360.8    715.7
     1     1    21     2    21    20     0     2   -67.0   61.520 -133.464   1316.1    708.1
     1     1    21     2    21    19     0     1   -68.0   61.358 -134.241   1194.4    723.5
     1     1    21     2    21    18     0     0   -69.0   61.230 -134.784   1085.6    748.7
     1     1    21     2    21    17     0     1   -70.0   61.124 -135.166   1021.2    757.7
     1     1    21     2    21    16     0     2   -71.0   60.997 -135.445    968.3    754.7
     1     1    21     2    21    15     0     3   -72.0   60.850 -135.634    910.7    752.4
     1     1    21     2    21    14     0     2   -73.0   60.695 -135.741    855.5    752.0
     1     1    21     2    21    13     0     1   -74.0   60.530 -135.800    800.7    749.8
     1     1    21     2    21    12     0     0   -75.0   60.341 -135.827    728.9    748.4
     1     1    21     2    21    11     0     1   -76.0   60.130 -135.829    647.6    751.4
     1     1    21     2    21    10     0     2   -77.0   59.912 -135.804    568.0    762.4
     1     1    21     2    21     9     0     3   -78.0   59.729 -135.740    494.1    788.0
     1     1    21     2    21     8     0     2   -79.0   59.586 -135.656    405.4    808.0
     1     1    21     2    21     7     0     1   -80.0   59.479 -135.571    301.1    830.8
     1     1    21     2    21     6     0     0   -81.0   59.400 -135.491    210.1    849.4
     1     1    21     2    21     5     0     1   -82.0   59.348 -135.415    149.0    862.8
     1     1    21     2    21     4     0     2   -83.0   59.317 -135.346    110.3    868.7
     1     1    21     2    21     3     0     3   -84.0   59.299 -135.287     84.3    873.5
     1     1    21     2    21     2     0     2   -85.0   59.279 -135.220     64.4    877.5
     1     1    21     2    21     1     0     1   -86.0   59.239 -135.129     47.6    882.7
     1     1    21     2    21     0     0     0   -87.0   59.176 -135.011     35.1    887.9
     1     1    21     2    20    23     0     1   -88.0   59.101 -134.902     29.2    887.1
     1     1    21     2    20    22     0     2   -89.0   59.032 -134.836     28.0    886.0
     1     1    21     2    20    21     0     3   -90.0   58.978 -134.806     28.6    887.1
     1     1    21     2    20    20     0     2   -91.0   58.909 -134.772     14.7    891.6
     1     1    21     2    20    19     0     1   -92.0   58.791 -134.695      2.5    901.0
     1     1    21     2    20    18     0     0   -93.0   58.639 -134.571      0.0    908.7
     1     1    21     2    20    17     0     1   -94.0   58.470 -134.430      0.0    920.7
     1     1    21     2    20    16     0     2   -95.0   58.282 -134.293      0.0    939.6
     1     1    21     2    20    15     0     3   -96.0   58.056 -134.149      0.0    968.6
     1     1    21     2    20    14     0     2   -97.0   57.819 -133.988      0.0    977.3
     1     1    21     2    20    13     0     1   -98.0   57.615 -133.854      0.0    970.2
     1     1    21     2    20    12     0     0   -99.0   57.440 -133.769      0.0    970.7
     1     1    21     2    20    11     0     1  -100.0   57.271 -133.735      0.0    976.0
     1     1    21     2    20    10     0     2  -101.0   57.101 -133.760      0.0    984.3
     1     1    21     2    20     9     0     3  -102.0   56.936 -133.866      0.0    990.9
     1     1    21     2    20     8     0     2  -103.0   56.778 -134.084      0.0    990.3
     1     1    21     2    20     7     0     1  -104.0   56.646 -134.399      0.0    978.8
     1     1    21     2    20     6     0     0  -105.0   56.550 -134.774      0.0    968.0
     1     1    21     2    20     5     0     1  -106.0   56.479 -135.219      0.0    972.5
     1     1    21     2    20     4     0     2  -107.0   56.409 -135.795      0.0    993.5
     1     1    21     2    20     3     0     3  -108.0   56.321 -136.531      0.0    999.9
     1     1    21     2    20     2     0     2  -109.0   56.239 -137.342      3.1    999.1
     1     1    21     2    20     1     0     1  -110.0   56.181 -138.152      3.8    998.3
     1     1    21     2    20     0     0     0  -111.0   56.120 -138.963      3.8    997.5
     1     1    21     2    19    23     0     1  -112.0   56.052 -139.809      3.7    997.8
     1     1    21     2    19    22     0     2  -113.0   55.985 -140.710      4.0    998.0
     1     1    21     2    19    21     0     3  -114.0   55.913 -141.659      4.9    998.3
     1     1    21     2    19    20     0     2  -115.0   55.850 -142.610      5.4    997.0
     1     1    21     2    19    19     0     1  -116.0   55.804 -143.540      6.2    995.8
     1     1    21     2    19    18     0     0  -117.0   55.777 -144.473      6.5    995.8
     1     1    21     2    19    17     0     1  -118.0   55.759 -145.404      6.2    996.7
     1     1    21     2    19    16     0     2  -119.0   55.761 -146.355      6.2    996.7
     1     1    21     2    19    15     0     3  -120.0   55.795 -147.325      6.1    998.2
