     5     1
    GDAS    21     2     1     0     0
    GDAS    21     2     8     0     0
    GDAS    21     2    15     0     0
    GDAS    21     2    22     0     0
    GDAS    21     3     1     0     0
     1 BACKWARD OMEGA   
    21     2    17     6   44.970  -93.230   500.0
     1 PRESSURE
     1     1    21     2    17     6     0     0     0.0   44.970  -93.230    500.0    925.7
     1     1    21     2    17     5     0     1    -1.0   44.783  -93.234    472.8    928.4
     1     1    21     2    17     4     0     2    -2.0   44.624  -93.214    468.4    926.5
     1     1    21     2    17     3     0     3    -3.0   44.492  -93.170    486.4    921.9
     1     1    21     2    17     2     0     2    -4.0   44.372  -93.125    511.6    914.6
     1     1    21     2    17     1     0     1    -5.0   44.250  -93.103    523.2    910.6
     1     1    21     2    17     0     0     0    -6.0   44.123  -93.101    514.2    909.2
     1     1    21     2    16    23     0     1    -7.0   43.998  -93.100    500.7    911.4
     1     1    21     2    16    22     0     2    -8.0   43.881  -93.084    501.9    911.5
     1     1    21     2    16    21     0     3    -9.0   43.776  -93.054    513.3    909.7
     1     1    21     2    16    20     0     2   -10.0   43.675  -93.000    523.7    907.7
     1     1    21     2    16    19     0     1   -11.0   43.576  -92.912    527.2    908.8
     1     1    21     2    16    18     0     0   -12.0   43.483  -92.788    528.3    910.2
     1     1    21     2    16    17     0     1   -13.0   43.404  -92.626    526.6    910.9
     1     1    21     2    16    16     0     2   -14.0   43.353  -92.421    516.7    912.4
     1     1    21     2    16    15     0     3   -15.0   43.332  -92.163    493.4    915.5
     1     1    21     2    16    14     0     2   -16.0   43.345  -91.855    464.8    921.6
     1     1    21     2    16    13     0     1   -17.0   43.402  -91.510    442.4    926.8
     1     1    21     2    16    12     0     0   -18.0   43.507  -91.112    417.0    931.4
     1     1    21     2    16    11     0     1   -19.0   43.663  -90.694    395.3    935.8
     1     1    21     2    16    10     0     2   -20.0   43.858  -90.281    386.5    936.3
     1     1    21     2    16     9     0     3   -21.0   44.090  -89.870    389.8    936.8
     1     1    21     2    16     8     0     2   -22.0   44.358  -89.475    418.0    932.3
     1     1    21     2    16     7     0     1   -23.0   44.649  -89.066    480.0    920.5
     1     1    21     2    16     6     0     0   -24.0   44.936  -88.618    566.7    910.2
     1     1    21     2    16     5     0     1   -25.0   45.225  -88.163    653.5    904.3
     1     1    21     2    16     4     0     2   -26.0   45.515  -87.731    705.9    896.2
     1     1    21     2    16     3     0     3   -27.0   45.805  -87.338    724.4    899.8
     1     1    21     2    16     2     0     2   -28.0   46.114  -87.006    793.4    905.8
     1     1    21     2    16     1     0     1   -29.0   46.423  -86.746    918.7    885.6
     1     1    21     2    16     0     0     0   -30.0   46.702  -86.568   1002.8    875.5
     1     1    21     2    15    23     0     1   -31.0   46.952  -86.481   1020.0    875.8
     1     1    21     2    15    22     0     2   -32.0   47.178  -86.486   1009.0    882.4
     1     1    21     2    15    21     0     3   -33.0   47.378  -86.543   1031.1    881.0
     1     1    21     2    15    20     0     2   -34.0   47.555  -86.611   1084.9    872.9
     1     1    21     2    15    19     0     1   -35.0   47.722  -86.673   1143.8    864.8
     1     1    21     2    15    18     0     0   -36.0   47.900  -86.730   1186.3    858.3
     1     1    21     2    15    17     0     1   -37.0   48.092  -86.786   1212.6    854.4
     1     1    21     2    15    16     0     2   -38.0   48.293  -86.842   1243.4    846.4
     1     1    21     2    15    15     0     3   -39.0   48.502  -86.888   1286.2    835.6
     1     1    21     2    15    14     0     2   -40.0   48.712  -86.922   1329.7    823.2
     1     1    21     2    15    13     0     1   -41.0   48.919  -86.938   1361.2    812.9
     1     1    21     2    15    12     0     0   -42.0   49.118  -86.934   1379.1    809.0
     1     1    21     2    15    11     0     1   -43.0   49.291  -86.924   1395.0    809.7
     1     1    21     2    15    10     0     2   -44.0   49.428  -86.912   1413.7    807.8
     1     1    21     2    15     9     0     3   -45.0   49.529  -86.883   1425.0    806.7
     1     1    21     2    15     8     0     2   -46.0   49.605  -86.832   1430.5    807.6
     1     1    21     2    15     7     0     1   -47.0   49.666  -86.755   1438.3    808.0
     1     1    21     2    15     6     0     0   -48.0   49.709  -86.651   1456.0    807.5
     1     1    21     2    15     5     0     1   -49.0   49.730  -86.526   1474.9    805.2
     1     1    21     2    15     4     0     2   -50.0   49.728  -86.396   1478.0    805.6
     1     1    21     2    15     3     0     3   -51.0   49.703  -86.267   1459.1    808.4
     1     1    21     2    15     2     0     2   -52.0   49.662  -86.150   1422.8    813.5
     1     1    21     2    15     1     0     1   -53.0   49.609  -86.048   1378.8    818.8
     1     1    21     2    15     0     0     0   -54.0   49.543  -85.965   1331.0    824.3
     1     1    21     2    14    23     0     1   -55.0   49.459  -85.899   1277.1    829.4
     1     1    21     2    14    22     0     2   -56.0   49.355  -85.853   1215.4    835.8
     1     1    21     2    14    21     0     3   -57.0   49.235  -85.835   1149.6    842.7
     1     1    21     2    14    20     0     2   -58.0   49.119  -85.832   1081.7    849.4
     1     1    21     2    14    19     0     1   -59.0   49.020  -85.813   1009.0    856.9
     1     1    21     2    14    18     0     0   -60.0   48.941  -85.771    936.6    866.9
     1     1    21     2    14    17     0     1   -61.0   48.880  -85.724    875.6    875.9
     1     1    21     2    14    16     0     2   -62.0   48.833  -85.690    828.2    881.0
     1     1    21     2    14    15     0     3   -63.0   48.789  -85.659    787.2    885.6
     1     1    21     2    14    14     0     2   -64.0   48.739  -85.621    738.7    890.3
     1     1    21     2    14    13     0     1   -65.0   48.676  -85.566    668.3    899.0
     1     1    21     2    14    12     0     0   -66.0   48.600  -85.481    568.2    911.1
     1     1    21     2    14    11     0     1   -67.0   48.533  -85.345    447.6    928.1
     1     1    21     2    14    10     0     2   -68.0   48.472  -85.147    329.8    943.3
     1     1    21     2    14     9     0     3   -69.0   48.403  -84.883    230.7    955.2
     1     1    21     2    14     8     0     2   -70.0   48.334  -84.604    172.1    961.0
     1     1    21     2    14     7     0     1   -71.0   48.268  -84.341    146.5    957.8
     1     1    21     2    14     6     0     0   -72.0   48.204  -84.080    138.3    952.7
     1     1    21     2    14     5     0     1   -73.0   48.138  -83.818    142.6    951.5
     1     1    21     2    14     4     0     2   -74.0   48.066  -83.561    154.2    950.3
     1     1    21     2    14     3     0     3   -75.0   47.995  -83.314    162.6    949.8
     1     1    21     2    14     2     0     2   -76.0   47.940  -83.078    161.8    951.8
     1     1    21     2    14     1     0     1   -77.0   47.910  -82.852    153.2    954.7
     1     1    21     2    14     0     0     0   -78.0   47.899  -82.632    141.6    957.1
     1     1    21     2    13    23     0     1   -79.0   47.898  -82.425    128.4    958.9
     1     1    21     2    13    22     0     2   -80.0   47.901  -82.240    114.0    960.7
     1     1    21     2    13    21     0     3   -81.0   47.904  -82.072     98.3    962.9
     1     1    21     2    13    20     0     2   -82.0   47.908  -81.916     86.0    966.6
     1     1    21     2    13    19     0     1   -83.0   47.915  -81.768     79.5    969.3
     1     1    21     2    13    18     0     0   -84.0   47.926  -81.628     77.2    971.3
     1     1    21     2    13    17     0     1   -85.0   47.940  -81.494     76.4    972.8
     1     1    21     2    13    16     0     2   -86.0   47.962  -81.370     76.0    974.6
     1     1    21     2    13    15     0     3   -87.0   47.992  -81.257     75.9    976.4
     1     1    21     2    13    14     0     2   -88.0   48.028  -81.159     75.9    977.7
     1     1    21     2    13    13     0     1   -89.0   48.071  -81.077     76.0    978.9
     1     1    21     2    13    12     0     0   -90.0   48.119  -81.007     76.0    980.1
     1     1    21     2    13    11     0     1   -91.0   48.175  -80.945     76.1    980.7
     1     1    21     2    13    10     0     2   -92.0   48.239  -80.886     76.4    981.4
     1     1    21     2    13     9     0     3   -93.0   48.312  -80.831     77.3    982.1
     1     1    21     2    13     8     0     2   -94.0   48.389  -80.780     79.1    982.9
     1     1    21     2    13     7     0     1   -95.0   48.470  -80.733     82.0    983.5
     1     1    21     2    13     6     0     0   -96.0   48.553  -80.689     86.3    983.7
     1     1    21     2    13     5     0     1   -97.0   48.646  -80.643     91.2    983.4
     1     1    21     2    13     4     0     2   -98.0   48.758  -80.589     96.4    983.3
     1     1    21     2    13     3     0     3   -99.0   48.893  -80.521    103.4    983.1
     1     1    21     2    13     2     0     2  -100.0   49.052  -80.454    116.1    982.4
     1     1    21     2    13     1     0     1  -101.0   49.232  -80.414    134.4    980.5
     1     1    21     2    13     0     0     0  -102.0   49.426  -80.410    152.7    978.4
     1     1    21     2    12    23     0     1  -103.0   49.609  -80.434    162.4    977.1
     1     1    21     2    12    22     0     2  -104.0   49.769  -80.473    160.1    978.6
     1     1    21     2    12    21     0     3  -105.0   49.909  -80.520    149.2    981.5
     1     1    21     2    12    20     0     2  -106.0   50.038  -80.575    135.2    986.1
     1     1    21     2    12    19     0     1  -107.0   50.160  -80.637    121.9    991.8
     1     1    21     2    12    18     0     0  -108.0   50.274  -80.702    109.1    997.2
     1     1    21     2    12    17     0     1  -109.0   50.377  -80.770     98.1   1002.8
     1     1    21     2    12    16     0     2  -110.0   50.465  -80.840     91.1   1007.3
     1     1    21     2    12    15     0     3  -111.0   50.538  -80.913     88.2   1010.6
     1     1    21     2    12    14     0     2  -112.0   50.603  -80.989     85.7   1012.4
     1     1    21     2    12    13     0     1  -113.0   50.671  -81.067     79.9   1014.6
     1     1    21     2    12    12     0     0  -114.0   50.741  -81.147     72.1   1017.1
     1     1    21     2    12    11     0     1  -115.0   50.809  -81.229     65.2   1020.0
     1     1    21     2    12    10     0     2  -116.0   50.871  -81.310     60.7   1021.8
     1     1    21     2    12     9     0     3  -117.0   50.928  -81.389     57.6   1023.2
     1     1    21     2    12     8     0     2  -118.0   50.983  -81.466     55.1   1024.2
     1     1    21     2    12     7     0     1  -119.0   51.038  -81.540     52.9   1024.3
     1     1    21     2    12     6     0     0  -120.0   51.095  -81.611     51.0   1024.2
