     5     1
    GDAS    21     2     1     0     0
    GDAS    21     2     8     0     0
    GDAS    21     2    15     0     0
    GDAS    21     2    22     0     0
    GDAS    21     3     1     0     0
     1 BACKWARD OMEGA   
    21     2    27    18   44.970  -93.230   500.0
     1 PRESSURE
     1     1    21     2    27    18     0     0     0.0   44.970  -93.230    500.0    920.4
     1     1    21     2    27    17     0     1    -1.0   44.996  -93.448    506.1    918.3
     1     1    21     2    27    16     0     2    -2.0   45.059  -93.705    492.8    917.9
     1     1    21     2    27    15     0     3    -3.0   45.154  -93.977    459.5    919.3
     1     1    21     2    27    14     0     2    -4.0   45.258  -94.260    430.9    921.8
     1     1    21     2    27    13     0     1    -5.0   45.360  -94.564    434.6    918.3
     1     1    21     2    27    12     0     0    -6.0   45.476  -94.858    479.0    910.3
     1     1    21     2    27    11     0     1    -7.0   45.580  -95.152    534.0    898.9
     1     1    21     2    27    10     0     2    -8.0   45.641  -95.471    559.8    896.0
     1     1    21     2    27     9     0     3    -9.0   45.668  -95.812    549.5    898.1
     1     1    21     2    27     8     0     2   -10.0   45.679  -96.150    522.2    902.5
     1     1    21     2    27     7     0     1   -11.0   45.687  -96.479    512.0    902.1
     1     1    21     2    27     6     0     0   -12.0   45.688  -96.802    547.5    896.4
     1     1    21     2    27     5     0     1   -13.0   45.686  -97.143    598.6    884.1
     1     1    21     2    27     4     0     2   -14.0   45.700  -97.532    543.6    884.3
     1     1    21     2    27     3     0     3   -15.0   45.713  -97.959    330.1    908.5
     1     1    21     2    27     2     0     2   -16.0   45.681  -98.308    197.7    940.3
     1     1    21     2    27     1     0     1   -17.0   45.629  -98.692    190.7    926.8
     1     1    21     2    27     0     0     0   -18.0   45.564  -99.124    271.4    910.2
     1     1    21     2    26    23     0     1   -19.0   45.512  -99.601    366.6    889.9
     1     1    21     2    26    22     0     2   -20.0   45.487 -100.085    393.4    882.9
     1     1    21     2    26    21     0     3   -21.0   45.474 -100.556    394.4    884.3
     1     1    21     2    26    20     0     2   -22.0   45.471 -101.025    421.5    878.6
     1     1    21     2    26    19     0     1   -23.0   45.472 -101.502    448.0    869.6
     1     1    21     2    26    18     0     0   -24.0   45.460 -101.986    443.8    866.8
     1     1    21     2    26    17     0     1   -25.0   45.472 -102.507    435.3    864.2
     1     1    21     2    26    16     0     2   -26.0   45.533 -103.113    437.7    854.8
     1     1    21     2    26    15     0     3   -27.0   45.593 -103.802    474.2    847.9
     1     1    21     2    26    14     0     2   -28.0   45.674 -104.535    477.2    832.6
     1     1    21     2    26    13     0     1   -29.0   45.738 -105.285    352.6    847.7
     1     1    21     2    26    12     0     0   -30.0   45.716 -105.850    264.5    871.8
     1     1    21     2    26    11     0     1   -31.0   45.664 -106.369    270.0    864.6
     1     1    21     2    26    10     0     2   -32.0   45.637 -107.002    408.1    841.0
     1     1    21     2    26     9     0     3   -33.0   45.611 -107.775    579.2    789.1
     1     1    21     2    26     8     0     2   -34.0   45.517 -108.527    653.7    784.5
     1     1    21     2    26     7     0     1   -35.0   45.457 -109.371    821.0    744.5
     1     1    21     2    26     6     0     0   -36.0   45.400 -110.337    945.6    677.2
     1     1    21     2    26     5     0     1   -37.0   45.349 -111.272   1089.1    667.4
     1     1    21     2    26     4     0     2   -38.0   45.373 -112.240   1221.5    674.3
     1     1    21     2    26     3     0     3   -39.0   45.464 -113.213   1678.7    635.8
     1     1    21     2    26     2     0     2   -40.0   45.587 -114.145   1917.0    625.0
     1     1    21     2    26     1     0     1   -41.0   45.671 -115.138   1781.2    656.7
     1     1    21     2    26     0     0     0   -42.0   45.699 -116.121   1593.0    713.4
     1     1    21     2    25    23     0     1   -43.0   45.663 -117.041   1464.8    741.1
     1     1    21     2    25    22     0     2   -44.0   45.591 -117.957   1087.5    752.7
     1     1    21     2    25    21     0     3   -45.0   45.465 -118.727    650.8    845.7
     1     1    21     2    25    20     0     2   -46.0   45.341 -119.445    648.2    843.4
     1     1    21     2    25    19     0     1   -47.0   45.245 -120.235    679.7    832.6
     1     1    21     2    25    18     0     0   -48.0   45.147 -121.033    406.4    876.7
     1     1    21     2    25    17     0     1   -49.0   45.038 -121.592    160.8    898.2
     1     1    21     2    25    16     0     2   -50.0   44.948 -121.915     89.0    896.3
     1     1    21     2    25    15     0     3   -51.0   44.857 -122.121     66.1    904.9
     1     1    21     2    25    14     0     2   -52.0   44.753 -122.260     63.1    918.5
     1     1    21     2    25    13     0     1   -53.0   44.632 -122.367     73.3    926.4
     1     1    21     2    25    12     0     0   -54.0   44.501 -122.446     91.2    930.8
     1     1    21     2    25    11     0     1   -55.0   44.379 -122.496    115.2    932.0
     1     1    21     2    25    10     0     2   -56.0   44.273 -122.519    150.7    929.4
     1     1    21     2    25     9     0     3   -57.0   44.177 -122.518    205.6    921.2
     1     1    21     2    25     8     0     2   -58.0   44.078 -122.487    301.0    906.4
     1     1    21     2    25     7     0     1   -59.0   43.968 -122.440    432.6    881.9
     1     1    21     2    25     6     0     0   -60.0   43.859 -122.394    574.3    854.8
     1     1    21     2    25     5     0     1   -61.0   43.770 -122.357    708.4    831.7
     1     1    21     2    25     4     0     2   -62.0   43.709 -122.317    836.1    812.8
     1     1    21     2    25     3     0     3   -63.0   43.688 -122.260    967.2    792.0
     1     1    21     2    25     2     0     2   -64.0   43.720 -122.183   1103.2    771.1
     1     1    21     2    25     1     0     1   -65.0   43.815 -122.084   1249.5    749.1
     1     1    21     2    25     0     0     0   -66.0   43.980 -121.970   1409.6    730.5
     1     1    21     2    24    23     0     1   -67.0   44.200 -121.847   1578.0    722.6
     1     1    21     2    24    22     0     2   -68.0   44.460 -121.705   1754.1    718.4
     1     1    21     2    24    21     0     3   -69.0   44.749 -121.542   1945.1    712.2
     1     1    21     2    24    20     0     2   -70.0   45.069 -121.374   2125.4    705.9
     1     1    21     2    24    19     0     1   -71.0   45.423 -121.220   2290.0    695.5
     1     1    21     2    24    18     0     0   -72.0   45.826 -121.081   2523.5    679.1
     1     1    21     2    24    17     0     1   -73.0   46.331 -120.974   2843.7    634.6
     1     1    21     2    24    16     0     2   -74.0   46.948 -120.923   3163.2    591.0
     1     1    21     2    24    15     0     3   -75.0   47.695 -120.902   3505.4    553.2
     1     1    21     2    24    14     0     2   -76.0   48.546 -120.884   3871.8    516.8
     1     1    21     2    24    13     0     1   -77.0   49.452 -120.904   4228.8    494.9
     1     1    21     2    24    12     0     0   -78.0   50.370 -120.972   4455.1    487.2
     1     1    21     2    24    11     0     1   -79.0   51.230 -121.075   4486.2    485.0
     1     1    21     2    24    10     0     2   -80.0   52.043 -121.256   4563.4    481.8
     1     1    21     2    24     9     0     3   -81.0   52.892 -121.479   4631.9    469.4
     1     1    21     2    24     8     0     2   -82.0   53.716 -121.782   4745.2    485.1
     1     1    21     2    24     7     0     1   -83.0   54.471 -122.234   4984.8    466.9
     1     1    21     2    24     6     0     0   -84.0   55.324 -122.817   5366.4    440.4
     1     1    21     2    24     5     0     1   -85.0   56.182 -123.561   5600.0    414.5
     1     1    21     2    24     4     0     2   -86.0   56.964 -124.403   5423.8    407.9
     1     1    21     2    24     3     0     3   -87.0   57.834 -125.344   5430.9    389.9
     1     1    21     2    24     2     0     2   -88.0   58.726 -126.471   5544.4    396.6
     1     1    21     2    24     1     0     1   -89.0   59.562 -127.739   5675.4    413.0
     1     1    21     2    24     0     0     0   -90.0   60.407 -129.221   5683.1    416.6
     1     1    21     2    23    23     0     1   -91.0   61.203 -131.024   5717.3    397.1
     1     1    21     2    23    22     0     2   -92.0   61.930 -132.983   5753.1    391.6
     1     1    21     2    23    21     0     3   -93.0   62.697 -135.292   5886.8    402.2
     1     1    21     2    23    20     0     2   -94.0   63.374 -137.775   5954.5    399.7
     1     1    21     2    23    19     0     1   -95.0   63.920 -140.369   5975.1    395.8
     1     1    21     2    23    18     0     0   -96.0   64.400 -143.226   5985.4    391.2
     1     1    21     2    23    17     0     1   -97.0   64.781 -146.020   6268.2    394.2
     1     1    21     2    23    16     0     2   -98.0   65.036 -148.699   6394.2    409.2
     1     1    21     2    23    15     0     3   -99.0   65.216 -151.424   6341.6    410.1
     1     1    21     2    23    14     0     2  -100.0   65.273 -153.967   6307.9    410.6
     1     1    21     2    23    13     0     1  -101.0   65.253 -156.294   6296.5    416.7
     1     1    21     2    23    12     0     0  -102.0   65.180 -158.452   6258.7    412.1
     1     1    21     2    23    11     0     1  -103.0   65.049 -160.493   6339.1    415.1
     1     1    21     2    23    10     0     2  -104.0   64.887 -162.361   6386.9    413.8
     1     1    21     2    23     9     0     3  -105.0   64.705 -164.103   6336.1    416.7
     1     1    21     2    23     8     0     2  -106.0   64.493 -165.677   6368.1    414.9
     1     1    21     2    23     7     0     1  -107.0   64.251 -167.074   6414.7    420.8
     1     1    21     2    23     6     0     0  -108.0   63.992 -168.421   6427.4    419.9
     1     1    21     2    23     5     0     1  -109.0   63.698 -169.678   6440.2    419.1
     1     1    21     2    23     4     0     2  -110.0   63.368 -170.780   6467.4    417.2
     1     1    21     2    23     3     0     3  -111.0   63.005 -171.827   6499.0    415.1
     1     1    21     2    23     2     0     2  -112.0   62.611 -172.777   6506.8    414.5
     1     1    21     2    23     1     0     1  -113.0   62.201 -173.551   6503.5    415.2
     1     1    21     2    23     0     0     0  -114.0   61.785 -174.199   6526.0    414.0
     1     1    21     2    22    23     0     1  -115.0   61.328 -174.897   6560.0    411.3
     1     1    21     2    22    22     0     2  -116.0   60.847 -175.560   6589.7    409.9
     1     1    21     2    22    21     0     3  -117.0   60.391 -176.085   6617.3    408.1
     1     1    21     2    22    20     0     2  -118.0   59.957 -176.524   6635.1    406.6
     1     1    21     2    22    19     0     1  -119.0   59.505 -176.912   6615.8    406.4
     1     1    21     2    22    18     0     0  -120.0   59.028 -177.230   6532.7    411.3
