     5     1
    GDAS    21     2     1     0     0
    GDAS    21     2     8     0     0
    GDAS    21     2    15     0     0
    GDAS    21     2    22     0     0
    GDAS    21     3     1     0     0
     1 BACKWARD OMEGA   
    21     2    20     6   44.970  -93.230   500.0
     1 PRESSURE
     1     1    21     2    20     6     0     0     0.0   44.970  -93.230    500.0    927.4
     1     1    21     2    20     5     0     1    -1.0   44.896  -93.356    499.9    926.7
     1     1    21     2    20     4     0     2    -2.0   44.835  -93.481    499.5    926.8
     1     1    21     2    20     3     0     3    -3.0   44.790  -93.606    501.2    926.9
     1     1    21     2    20     2     0     2    -4.0   44.766  -93.731    509.1    926.4
     1     1    21     2    20     1     0     1    -5.0   44.770  -93.856    526.1    924.5
     1     1    21     2    20     0     0     0    -6.0   44.803  -93.984    553.2    921.6
     1     1    21     2    19    23     0     1    -7.0   44.844  -94.125    586.5    916.1
     1     1    21     2    19    22     0     2    -8.0   44.870  -94.285    621.4    910.8
     1     1    21     2    19    21     0     3    -9.0   44.888  -94.466    659.6    904.8
     1     1    21     2    19    20     0     2   -10.0   44.918  -94.649    696.3    898.1
     1     1    21     2    19    19     0     1   -11.0   44.971  -94.813    724.3    893.6
     1     1    21     2    19    18     0     0   -12.0   45.044  -94.959    741.4    890.2
     1     1    21     2    19    17     0     1   -13.0   45.119  -95.106    751.0    888.8
     1     1    21     2    19    16     0     2   -14.0   45.186  -95.275    758.2    888.0
     1     1    21     2    19    15     0     3   -15.0   45.250  -95.468    766.3    887.2
     1     1    21     2    19    14     0     2   -16.0   45.325  -95.673    776.0    885.9
     1     1    21     2    19    13     0     1   -17.0   45.419  -95.878    786.1    884.8
     1     1    21     2    19    12     0     0   -18.0   45.530  -96.079    796.1    882.7
     1     1    21     2    19    11     0     1   -19.0   45.644  -96.290    803.8    879.8
     1     1    21     2    19    10     0     2   -20.0   45.760  -96.527    808.8    878.8
     1     1    21     2    19     9     0     3   -21.0   45.891  -96.782    813.3    879.7
     1     1    21     2    19     8     0     2   -22.0   46.038  -97.051    820.9    881.8
     1     1    21     2    19     7     0     1   -23.0   46.191  -97.332    826.8    879.2
     1     1    21     2    19     6     0     0   -24.0   46.354  -97.630    821.5    877.4
     1     1    21     2    19     5     0     1   -25.0   46.526  -97.942    813.9    876.7
     1     1    21     2    19     4     0     2   -26.0   46.703  -98.262    816.2    871.4
     1     1    21     2    19     3     0     3   -27.0   46.893  -98.593    811.0    865.3
     1     1    21     2    19     2     0     2   -28.0   47.098  -98.937    792.9    864.6
     1     1    21     2    19     1     0     1   -29.0   47.301  -99.296    783.0    867.7
     1     1    21     2    19     0     0     0   -30.0   47.493  -99.670    788.9    868.3
     1     1    21     2    18    23     0     1   -31.0   47.686 -100.055    803.9    867.0
     1     1    21     2    18    22     0     2   -32.0   47.883 -100.436    818.3    863.7
     1     1    21     2    18    21     0     3   -33.0   48.082 -100.805    828.4    860.8
     1     1    21     2    18    20     0     2   -34.0   48.283 -101.154    836.3    858.9
     1     1    21     2    18    19     0     1   -35.0   48.489 -101.479    839.4    856.3
     1     1    21     2    18    18     0     0   -36.0   48.702 -101.785    829.7    856.4
     1     1    21     2    18    17     0     1   -37.0   48.928 -102.081    816.4    859.8
     1     1    21     2    18    16     0     2   -38.0   49.170 -102.371    807.9    857.4
     1     1    21     2    18    15     0     3   -39.0   49.421 -102.657    798.0    853.6
     1     1    21     2    18    14     0     2   -40.0   49.679 -102.956    788.2    852.0
     1     1    21     2    18    13     0     1   -41.0   49.951 -103.284    787.6    851.8
     1     1    21     2    18    12     0     0   -42.0   50.232 -103.632    793.3    853.6
     1     1    21     2    18    11     0     1   -43.0   50.498 -103.983    787.0    854.7
     1     1    21     2    18    10     0     2   -44.0   50.734 -104.325    774.4    860.1
     1     1    21     2    18     9     0     3   -45.0   50.942 -104.661    779.9    863.0
     1     1    21     2    18     8     0     2   -46.0   51.134 -104.976    803.4    862.1
     1     1    21     2    18     7     0     1   -47.0   51.326 -105.243    823.7    856.8
     1     1    21     2    18     6     0     0   -48.0   51.519 -105.446    828.7    855.7
     1     1    21     2    18     5     0     1   -49.0   51.715 -105.621    824.8    857.0
     1     1    21     2    18     4     0     2   -50.0   51.921 -105.810    815.5    859.0
     1     1    21     2    18     3     0     3   -51.0   52.136 -106.018    799.9    862.3
     1     1    21     2    18     2     0     2   -52.0   52.358 -106.240    780.0    864.8
     1     1    21     2    18     1     0     1   -53.0   52.580 -106.462    760.9    865.6
     1     1    21     2    18     0     0     0   -54.0   52.806 -106.671    749.6    864.6
     1     1    21     2    17    23     0     1   -55.0   53.027 -106.854    749.4    861.0
     1     1    21     2    17    22     0     2   -56.0   53.233 -107.014    756.8    858.9
     1     1    21     2    17    21     0     3   -57.0   53.429 -107.166    764.1    858.4
     1     1    21     2    17    20     0     2   -58.0   53.625 -107.309    766.0    859.4
     1     1    21     2    17    19     0     1   -59.0   53.830 -107.439    764.9    860.9
     1     1    21     2    17    18     0     0   -60.0   54.045 -107.550    764.2    862.4
     1     1    21     2    17    17     0     1   -61.0   54.264 -107.649    766.4    863.3
     1     1    21     2    17    16     0     2   -62.0   54.478 -107.743    772.3    863.5
     1     1    21     2    17    15     0     3   -63.0   54.695 -107.832    780.2    863.5
     1     1    21     2    17    14     0     2   -64.0   54.913 -107.916    784.3    863.6
     1     1    21     2    17    13     0     1   -65.0   55.133 -107.999    782.3    864.1
     1     1    21     2    17    12     0     0   -66.0   55.354 -108.081    778.3    863.3
     1     1    21     2    17    11     0     1   -67.0   55.563 -108.179    775.3    863.2
     1     1    21     2    17    10     0     2   -68.0   55.749 -108.313    773.5    864.0
     1     1    21     2    17     9     0     3   -69.0   55.915 -108.479    773.1    866.1
     1     1    21     2    17     8     0     2   -70.0   56.060 -108.648    773.4    867.7
     1     1    21     2    17     7     0     1   -71.0   56.182 -108.790    773.1    867.5
     1     1    21     2    17     6     0     0   -72.0   56.286 -108.904    772.6    867.0
     1     1    21     2    17     5     0     1   -73.0   56.385 -109.003    771.9    866.7
     1     1    21     2    17     4     0     2   -74.0   56.494 -109.107    770.1    864.7
     1     1    21     2    17     3     0     3   -75.0   56.612 -109.212    769.4    863.0
     1     1    21     2    17     2     0     2   -76.0   56.733 -109.325    770.0    860.6
     1     1    21     2    17     1     0     1   -77.0   56.850 -109.450    769.2    858.5
     1     1    21     2    17     0     0     0   -78.0   56.963 -109.585    763.7    857.0
     1     1    21     2    16    23     0     1   -79.0   57.058 -109.730    750.6    857.5
     1     1    21     2    16    22     0     2   -80.0   57.121 -109.883    730.8    859.5
     1     1    21     2    16    21     0     3   -81.0   57.154 -110.041    708.8    862.4
     1     1    21     2    16    20     0     2   -82.0   57.168 -110.205    690.7    866.3
     1     1    21     2    16    19     0     1   -83.0   57.170 -110.371    677.1    868.9
     1     1    21     2    16    18     0     0   -84.0   57.161 -110.538    663.3    871.3
     1     1    21     2    16    17     0     1   -85.0   57.132 -110.707    648.0    874.0
     1     1    21     2    16    16     0     2   -86.0   57.070 -110.889    634.6    876.1
     1     1    21     2    16    15     0     3   -87.0   56.975 -111.093    629.0    876.7
     1     1    21     2    16    14     0     2   -88.0   56.873 -111.302    626.8    875.6
     1     1    21     2    16    13     0     1   -89.0   56.778 -111.496    621.9    875.3
     1     1    21     2    16    12     0     0   -90.0   56.680 -111.683    616.4    874.3
     1     1    21     2    16    11     0     1   -91.0   56.571 -111.878    614.7    872.5
     1     1    21     2    16    10     0     2   -92.0   56.444 -112.099    618.7    868.2
     1     1    21     2    16     9     0     3   -93.0   56.301 -112.337    625.0    863.4
     1     1    21     2    16     8     0     2   -94.0   56.135 -112.572    630.3    859.9
     1     1    21     2    16     7     0     1   -95.0   55.932 -112.791    632.8    858.8
     1     1    21     2    16     6     0     0   -96.0   55.691 -112.984    633.0    860.3
     1     1    21     2    16     5     0     1   -97.0   55.436 -113.126    631.4    860.2
     1     1    21     2    16     4     0     2   -98.0   55.182 -113.206    627.3    860.2
     1     1    21     2    16     3     0     3   -99.0   54.925 -113.231    619.7    860.4
     1     1    21     2    16     2     0     2  -100.0   54.670 -113.216    612.6    860.3
     1     1    21     2    16     1     0     1  -101.0   54.422 -113.179    610.3    859.1
     1     1    21     2    16     0     0     0  -102.0   54.182 -113.116    610.9    857.6
     1     1    21     2    15    23     0     1  -103.0   53.933 -113.031    611.4    855.7
     1     1    21     2    15    22     0     2  -104.0   53.659 -112.934    611.0    854.0
     1     1    21     2    15    21     0     3  -105.0   53.355 -112.835    610.7    852.5
     1     1    21     2    15    20     0     2  -106.0   53.033 -112.725    610.4    851.8
     1     1    21     2    15    19     0     1  -107.0   52.713 -112.595    613.8    848.3
     1     1    21     2    15    18     0     0  -108.0   52.400 -112.456    629.5    842.5
     1     1    21     2    15    17     0     1  -109.0   52.093 -112.326    651.8    833.6
     1     1    21     2    15    16     0     2  -110.0   51.792 -112.212    667.2    831.5
     1     1    21     2    15    15     0     3  -111.0   51.501 -112.096    667.6    835.7
     1     1    21     2    15    14     0     2  -112.0   51.212 -111.967    660.0    843.5
     1     1    21     2    15    13     0     1  -113.0   50.926 -111.843    652.4    847.5
     1     1    21     2    15    12     0     0  -114.0   50.633 -111.747    646.6    846.9
     1     1    21     2    15    11     0     1  -115.0   50.317 -111.688    640.6    845.1
     1     1    21     2    15    10     0     2  -116.0   49.969 -111.666    633.7    843.5
     1     1    21     2    15     9     0     3  -117.0   49.631 -111.672    637.3    833.2
     1     1    21     2    15     8     0     2  -118.0   49.346 -111.694    654.8    822.1
     1     1    21     2    15     7     0     1  -119.0   49.118 -111.734    679.9    812.1
     1     1    21     2    15     6     0     0  -120.0   48.938 -111.800    705.7    805.2
