     5     1
    GDAS    21     2     1     0     0
    GDAS    21     2     8     0     0
    GDAS    21     2    15     0     0
    GDAS    21     2    22     0     0
    GDAS    21     3     1     0     0
     1 BACKWARD OMEGA   
    21     2    14     6   44.970  -93.230   500.0
     1 PRESSURE
     1     1    21     2    14     6     0     0     0.0   44.970  -93.230    500.0    932.8
     1     1    21     2    14     5     0     1    -1.0   45.231  -93.315    482.7    935.1
     1     1    21     2    14     4     0     2    -2.0   45.492  -93.439    497.6    927.9
     1     1    21     2    14     3     0     3    -3.0   45.756  -93.556    528.0    918.5
     1     1    21     2    14     2     0     2    -4.0   46.000  -93.662    556.3    909.7
     1     1    21     2    14     1     0     1    -5.0   46.203  -93.800    580.5    905.8
     1     1    21     2    14     0     0     0    -6.0   46.376  -93.986    610.2    901.3
     1     1    21     2    13    23     0     1    -7.0   46.536  -94.196    642.7    895.4
     1     1    21     2    13    22     0     2    -8.0   46.684  -94.420    667.1    890.3
     1     1    21     2    13    21     0     3    -9.0   46.813  -94.670    674.9    886.5
     1     1    21     2    13    20     0     2   -10.0   46.917  -94.921    660.2    886.5
     1     1    21     2    13    19     0     1   -11.0   47.000  -95.149    636.7    891.4
     1     1    21     2    13    18     0     0   -12.0   47.063  -95.359    625.5    897.2
     1     1    21     2    13    17     0     1   -13.0   47.121  -95.562    632.3    897.6
     1     1    21     2    13    16     0     2   -14.0   47.190  -95.764    641.7    897.3
     1     1    21     2    13    15     0     3   -15.0   47.272  -95.960    639.1    898.7
     1     1    21     2    13    14     0     2   -16.0   47.363  -96.147    627.8    904.6
     1     1    21     2    13    13     0     1   -17.0   47.456  -96.328    617.6    908.8
     1     1    21     2    13    12     0     0   -18.0   47.550  -96.507    607.7    912.6
     1     1    21     2    13    11     0     1   -19.0   47.638  -96.681    594.8    916.2
     1     1    21     2    13    10     0     2   -20.0   47.713  -96.847    574.8    920.5
     1     1    21     2    13     9     0     3   -21.0   47.769  -97.006    544.3    925.5
     1     1    21     2    13     8     0     2   -22.0   47.819  -97.166    513.1    927.6
     1     1    21     2    13     7     0     1   -23.0   47.879  -97.330    492.4    926.2
     1     1    21     2    13     6     0     0   -24.0   47.950  -97.500    478.7    923.5
     1     1    21     2    13     5     0     1   -25.0   48.036  -97.684    468.9    920.3
     1     1    21     2    13     4     0     2   -26.0   48.144  -97.886    464.1    918.0
     1     1    21     2    13     3     0     3   -27.0   48.268  -98.105    468.9    916.6
     1     1    21     2    13     2     0     2   -28.0   48.393  -98.338    486.2    914.5
     1     1    21     2    13     1     0     1   -29.0   48.505  -98.582    512.0    909.5
     1     1    21     2    13     0     0     0   -30.0   48.609  -98.839    536.6    903.6
     1     1    21     2    12    23     0     1   -31.0   48.697  -99.106    552.2    897.7
     1     1    21     2    12    22     0     2   -32.0   48.757  -99.381    556.9    891.8
     1     1    21     2    12    21     0     3   -33.0   48.791  -99.668    548.0    886.6
     1     1    21     2    12    20     0     2   -34.0   48.823  -99.971    530.2    883.0
     1     1    21     2    12    19     0     1   -35.0   48.877 -100.280    513.9    889.1
     1     1    21     2    12    18     0     0   -36.0   48.955 -100.586    499.2    896.3
     1     1    21     2    12    17     0     1   -37.0   49.057 -100.906    481.0    905.9
     1     1    21     2    12    16     0     2   -38.0   49.178 -101.268    463.4    908.4
     1     1    21     2    12    15     0     3   -39.0   49.311 -101.688    461.7    903.0
     1     1    21     2    12    14     0     2   -40.0   49.451 -102.152    475.8    893.1
     1     1    21     2    12    13     0     1   -41.0   49.586 -102.631    478.1    886.5
     1     1    21     2    12    12     0     0   -42.0   49.708 -103.122    452.8    888.4
     1     1    21     2    12    11     0     1   -43.0   49.824 -103.627    413.1    897.5
     1     1    21     2    12    10     0     2   -44.0   49.946 -104.140    374.1    906.5
     1     1    21     2    12     9     0     3   -45.0   50.069 -104.658    359.0    912.0
     1     1    21     2    12     8     0     2   -46.0   50.207 -105.184    364.8    909.0
     1     1    21     2    12     7     0     1   -47.0   50.375 -105.714    367.0    905.2
     1     1    21     2    12     6     0     0   -48.0   50.568 -106.250    373.8    904.5
     1     1    21     2    12     5     0     1   -49.0   50.793 -106.808    387.7    903.8
     1     1    21     2    12     4     0     2   -50.0   51.039 -107.399    374.9    903.6
     1     1    21     2    12     3     0     3   -51.0   51.276 -108.006    335.6    907.0
     1     1    21     2    12     2     0     2   -52.0   51.508 -108.602    323.0    913.4
     1     1    21     2    12     1     0     1   -53.0   51.756 -109.170    335.1    906.4
     1     1    21     2    12     0     0     0   -54.0   52.006 -109.709    346.7    902.1
     1     1    21     2    11    23     0     1   -55.0   52.264 -110.223    369.9    900.0
     1     1    21     2    11    22     0     2   -56.0   52.530 -110.717    399.5    897.5
     1     1    21     2    11    21     0     3   -57.0   52.794 -111.200    430.6    896.1
     1     1    21     2    11    20     0     2   -58.0   53.055 -111.648    455.6    896.2
     1     1    21     2    11    19     0     1   -59.0   53.312 -112.045    468.7    894.6
     1     1    21     2    11    18     0     0   -60.0   53.566 -112.392    470.9    893.7
     1     1    21     2    11    17     0     1   -61.0   53.836 -112.708    465.2    895.4
     1     1    21     2    11    16     0     2   -62.0   54.128 -113.007    452.4    899.3
     1     1    21     2    11    15     0     3   -63.0   54.440 -113.291    435.0    904.0
     1     1    21     2    11    14     0     2   -64.0   54.763 -113.552    410.2    906.8
     1     1    21     2    11    13     0     1   -65.0   55.070 -113.793    364.6    910.9
     1     1    21     2    11    12     0     0   -66.0   55.348 -114.007    306.7    920.8
     1     1    21     2    11    11     0     1   -67.0   55.590 -114.193    266.8    927.9
     1     1    21     2    11    10     0     2   -68.0   55.815 -114.339    254.4    928.8
     1     1    21     2    11     9     0     3   -69.0   56.034 -114.425    246.8    931.3
     1     1    21     2    11     8     0     2   -70.0   56.250 -114.470    241.2    933.4
     1     1    21     2    11     7     0     1   -71.0   56.464 -114.497    241.3    934.5
     1     1    21     2    11     6     0     0   -72.0   56.678 -114.496    246.5    935.3
     1     1    21     2    11     5     0     1   -73.0   56.893 -114.476    256.7    935.4
     1     1    21     2    11     4     0     2   -74.0   57.102 -114.445    267.7    936.8
     1     1    21     2    11     3     0     3   -75.0   57.295 -114.401    273.3    940.7
     1     1    21     2    11     2     0     2   -76.0   57.463 -114.374    270.7    945.7
     1     1    21     2    11     1     0     1   -77.0   57.602 -114.391    260.2    951.1
     1     1    21     2    11     0     0     0   -78.0   57.717 -114.458    245.1    956.4
     1     1    21     2    10    23     0     1   -79.0   57.810 -114.560    231.7    961.1
     1     1    21     2    10    22     0     2   -80.0   57.886 -114.687    225.9    963.8
     1     1    21     2    10    21     0     3   -81.0   57.951 -114.849    231.3    964.6
     1     1    21     2    10    20     0     2   -82.0   58.019 -115.067    245.0    960.7
     1     1    21     2    10    19     0     1   -83.0   58.087 -115.340    265.0    949.4
     1     1    21     2    10    18     0     0   -84.0   58.152 -115.641    295.1    936.5
     1     1    21     2    10    17     0     1   -85.0   58.245 -115.951    333.6    921.8
     1     1    21     2    10    16     0     2   -86.0   58.394 -116.239    365.2    915.7
     1     1    21     2    10    15     0     3   -87.0   58.593 -116.497    384.9    916.6
     1     1    21     2    10    14     0     2   -88.0   58.812 -116.707    396.8    919.1
     1     1    21     2    10    13     0     1   -89.0   59.027 -116.860    402.9    923.9
     1     1    21     2    10    12     0     0   -90.0   59.231 -116.992    397.6    932.9
     1     1    21     2    10    11     0     1   -91.0   59.431 -117.115    386.3    937.2
     1     1    21     2    10    10     0     2   -92.0   59.652 -117.208    392.7    935.5
     1     1    21     2    10     9     0     3   -93.0   59.905 -117.269    422.0    929.8
     1     1    21     2    10     8     0     2   -94.0   60.190 -117.312    454.2    925.2
     1     1    21     2    10     7     0     1   -95.0   60.498 -117.372    462.9    929.5
     1     1    21     2    10     6     0     0   -96.0   60.825 -117.470    440.3    940.6
     1     1    21     2    10     5     0     1   -97.0   61.172 -117.623    412.4    952.5
     1     1    21     2    10     4     0     2   -98.0   61.557 -117.752    421.9    952.5
     1     1    21     2    10     3     0     3   -99.0   62.026 -117.732    473.6    944.7
     1     1    21     2    10     2     0     2  -100.0   62.482 -117.569    476.8    935.8
     1     1    21     2    10     1     0     1  -101.0   62.904 -117.427    441.9    942.6
     1     1    21     2    10     0     0     0  -102.0   63.325 -117.295    415.4    950.0
     1     1    21     2     9    23     0     1  -103.0   63.759 -117.170    420.6    952.5
     1     1    21     2     9    22     0     2  -104.0   64.188 -117.027    450.1    950.1
     1     1    21     2     9    21     0     3  -105.0   64.574 -116.772    471.2    939.0
     1     1    21     2     9    20     0     2  -106.0   64.928 -116.374    462.8    933.9
     1     1    21     2     9    19     0     1  -107.0   65.287 -115.794    448.2    930.4
     1     1    21     2     9    18     0     0  -108.0   65.672 -114.983    446.1    919.9
     1     1    21     2     9    17     0     1  -109.0   66.101 -114.132    446.0    922.7
     1     1    21     2     9    16     0     2  -110.0   66.584 -113.466    429.3    922.8
     1     1    21     2     9    15     0     3  -111.0   67.101 -113.073    389.6    935.8
     1     1    21     2     9    14     0     2  -112.0   67.545 -113.075    333.0    969.4
     1     1    21     2     9    13     0     1  -113.0   67.885 -113.381    273.1    997.4
     1     1    21     2     9    12     0     0  -114.0   68.167 -113.800    215.7   1011.9
     1     1    21     2     9    11     0     1  -115.0   68.416 -114.203    172.4   1019.6
     1     1    21     2     9    10     0     2  -116.0   68.650 -114.584    146.6   1023.3
     1     1    21     2     9     9     0     3  -117.0   68.878 -114.997    132.6   1024.2
     1     1    21     2     9     8     0     2  -118.0   69.112 -115.466    122.2   1021.7
     1     1    21     2     9     7     0     1  -119.0   69.353 -115.954    107.4   1016.3
     1     1    21     2     9     6     0     0  -120.0   69.587 -116.424     69.1   1015.0
