     5     1
    GDAS    21     2     1     0     0
    GDAS    21     2     8     0     0
    GDAS    21     2    15     0     0
    GDAS    21     2    22     0     0
    GDAS    21     3     1     0     0
     1 BACKWARD OMEGA   
    21     2     4    23   37.820  111.540  1000.0
     1 PRESSURE
     1     1    21     2     4    23     0     1     0.0   37.820  111.540   1000.0    775.7
     1     1    21     2     4    22     0     2    -1.0   38.075  110.985    974.9    784.7
     1     1    21     2     4    21     0     3    -2.0   38.322  110.475    933.3    800.4
     1     1    21     2     4    20     0     2    -3.0   38.570  109.886    935.7    788.0
     1     1    21     2     4    19     0     1    -4.0   38.810  109.222    942.4    777.7
     1     1    21     2     4    18     0     0    -5.0   39.077  108.505   1004.2    766.6
     1     1    21     2     4    17     0     1    -6.0   39.331  107.751   1102.2    753.2
     1     1    21     2     4    16     0     2    -7.0   39.530  107.002   1148.1    754.3
     1     1    21     2     4    15     0     3    -8.0   39.741  106.257   1239.9    751.0
     1     1    21     2     4    14     0     2    -9.0   39.987  105.504   1291.9    742.3
     1     1    21     2     4    13     0     1   -10.0   40.247  104.750   1265.9    734.4
     1     1    21     2     4    12     0     0   -11.0   40.511  103.911   1188.8    745.4
     1     1    21     2     4    11     0     1   -12.0   40.726  103.014   1231.7    734.5
     1     1    21     2     4    10     0     2   -13.0   40.892  102.167   1362.1    739.1
     1     1    21     2     4     9     0     3   -14.0   41.017  101.414   1326.3    756.9
     1     1    21     2     4     8     0     2   -15.0   41.158  100.735   1215.6    773.5
     1     1    21     2     4     7     0     1   -16.0   41.306  100.087   1141.6    781.2
     1     1    21     2     4     6     0     0   -17.0   41.460   99.410   1163.4    765.8
     1     1    21     2     4     5     0     1   -18.0   41.603   98.672   1295.4    733.0
     1     1    21     2     4     4     0     2   -19.0   41.730   97.931   1389.4    708.8
     1     1    21     2     4     3     0     3   -20.0   41.847   97.209   1406.1    692.7
     1     1    21     2     4     2     0     2   -21.0   41.936   96.513   1442.6    675.0
     1     1    21     2     4     1     0     1   -22.0   42.014   95.863   1527.2    658.2
     1     1    21     2     4     0     0     0   -23.0   42.097   95.276   1584.6    682.4
     1     1    21     2     3    23     0     1   -24.0   42.183   94.774   1544.1    711.0
     1     1    21     2     3    22     0     2   -25.0   42.283   94.342   1514.7    723.0
     1     1    21     2     3    21     0     3   -26.0   42.422   93.956   1527.6    722.7
     1     1    21     2     3    20     0     2   -27.0   42.566   93.606   1559.3    727.4
     1     1    21     2     3    19     0     1   -28.0   42.688   93.294   1577.2    742.6
     1     1    21     2     3    18     0     0   -29.0   42.801   93.018   1583.6    762.2
     1     1    21     2     3    17     0     1   -30.0   42.902   92.774   1578.2    773.4
     1     1    21     2     3    16     0     2   -31.0   42.993   92.548   1582.3    784.1
     1     1    21     2     3    15     0     3   -32.0   43.096   92.320   1596.9    780.9
     1     1    21     2     3    14     0     2   -33.0   43.240   92.069   1606.9    767.2
     1     1    21     2     3    13     0     1   -34.0   43.416   91.792   1592.1    751.0
     1     1    21     2     3    12     0     0   -35.0   43.583   91.494   1573.7    743.2
     1     1    21     2     3    11     0     1   -36.0   43.718   91.171   1560.8    743.4
     1     1    21     2     3    10     0     2   -37.0   43.821   90.835   1537.8    748.2
     1     1    21     2     3     9     0     3   -38.0   43.903   90.511   1494.9    755.9
     1     1    21     2     3     8     0     2   -39.0   43.968   90.217   1431.7    768.0
     1     1    21     2     3     7     0     1   -40.0   44.016   89.952   1348.4    782.3
     1     1    21     2     3     6     0     0   -41.0   44.057   89.706   1252.9    793.1
     1     1    21     2     3     5     0     1   -42.0   44.106   89.471   1175.7    803.3
     1     1    21     2     3     4     0     2   -43.0   44.164   89.242   1123.4    809.4
     1     1    21     2     3     3     0     3   -44.0   44.220   89.015   1080.4    815.4
     1     1    21     2     3     2     0     2   -45.0   44.277   88.790   1055.3    817.0
     1     1    21     2     3     1     0     1   -46.0   44.346   88.567   1060.4    814.2
     1     1    21     2     3     0     0     0   -47.0   44.436   88.338   1086.9    811.4
     1     1    21     2     2    23     0     1   -48.0   44.552   88.098   1126.9    809.7
     1     1    21     2     2    22     0     2   -49.0   44.691   87.834   1162.3    815.3
     1     1    21     2     2    21     0     3   -50.0   44.865   87.523   1172.6    829.3
     1     1    21     2     2    20     0     2   -51.0   45.076   87.159   1170.9    844.5
     1     1    21     2     2    19     0     1   -52.0   45.275   86.799   1180.0    847.3
     1     1    21     2     2    18     0     0   -53.0   45.443   86.452   1201.4    846.7
     1     1    21     2     2    17     0     1   -54.0   45.597   86.102   1218.5    846.9
     1     1    21     2     2    16     0     2   -55.0   45.749   85.718   1241.6    840.3
     1     1    21     2     2    15     0     3   -56.0   45.913   85.203   1337.6    813.3
     1     1    21     2     2    14     0     2   -57.0   46.082   84.500   1528.8    744.2
     1     1    21     2     2    13     0     1   -58.0   46.186   83.705   1777.3    683.9
     1     1    21     2     2    12     0     0   -59.0   46.218   82.912   1881.7    677.4
     1     1    21     2     2    11     0     1   -60.0   46.185   82.221   1918.0    745.7
     1     1    21     2     2    10     0     2   -61.0   46.095   81.592   1923.8    758.3
     1     1    21     2     2     9     0     3   -62.0   45.947   80.806   2007.4    724.6
     1     1    21     2     2     8     0     2   -63.0   45.784   80.008   2041.6    697.3
     1     1    21     2     2     7     0     1   -64.0   45.654   79.321   1992.7    699.4
     1     1    21     2     2     6     0     0   -65.0   45.539   78.721   1969.0    717.8
     1     1    21     2     2     5     0     1   -66.0   45.443   78.163   1952.9    750.2
     1     1    21     2     2     4     0     2   -67.0   45.383   77.628   1885.6    770.9
     1     1    21     2     2     3     0     3   -68.0   45.368   77.102   1791.9    783.2
     1     1    21     2     2     2     0     2   -69.0   45.393   76.575   1710.6    793.0
     1     1    21     2     2     1     0     1   -70.0   45.449   76.036   1656.9    798.3
     1     1    21     2     2     0     0     0   -71.0   45.536   75.486   1623.7    802.5
     1     1    21     2     1    23     0     1   -72.0   45.646   74.940   1605.1    806.0
     1     1    21     2     1    22     0     2   -73.0   45.760   74.405   1600.3    805.9
     1     1    21     2     1    21     0     3   -74.0   45.866   73.876   1602.9    804.2
     1     1    21     2     1    20     0     2   -75.0   45.991   73.363   1604.8    800.1
     1     1    21     2     1    19     0     1   -76.0   46.147   72.878   1601.7    794.6
     1     1    21     2     1    18     0     0   -77.0   46.320   72.411   1597.4    790.7
     1     1    21     2     1    17     0     1   -78.0   46.511   71.960   1607.7    788.8
     1     1    21     2     1    16     0     2   -79.0   46.716   71.527   1636.1    783.9
     1     1    21     2     1    15     0     3   -80.0   46.932   71.097   1660.3    778.6
     1     1    21     2     1    14     0     2   -81.0   47.156   70.681   1674.5    781.3
     1     1    21     2     1    13     0     1   -82.0   47.374   70.296   1677.7    787.1
     1     1    21     2     1    12     0     0   -83.0   47.595   69.936   1675.3    790.7
     1     1    21     2     1    11     0     1   -84.0   47.809   69.607   1670.6    791.5
     1     1    21     2     1    10     0     2   -85.0   47.995   69.311   1663.4    792.3
     1     1    21     2     1     9     0     3   -86.0   48.161   69.039   1646.0    793.3
     1     1    21     2     1     8     0     2   -87.0   48.321   68.797   1629.0    792.6
     1     1    21     2     1     7     0     1   -88.0   48.486   68.587   1617.4    789.4
     1     1    21     2     1     6     0     0   -89.0   48.655   68.408   1601.1    786.9
     1     1    21     2     1     5     0     1   -90.0   48.835   68.251   1582.7    785.7
     1     1    21     2     1     4     0     2   -91.0   49.027   68.113   1559.1    784.1
     1     1    21     2     1     3     0     3   -92.0   49.221   68.013   1520.8    789.1
     1     1    21     2     1     2     0     2   -93.0   49.403   67.948   1479.5    797.2
     1     1    21     2     1     1     0     1   -94.0   49.574   67.907   1456.7    801.7
     1     1    21     2     1     0     0     0   -95.0   49.749   67.901   1456.6    803.8
