     5     1
    GDAS    21     2     1     0     0
    GDAS    21     2     8     0     0
    GDAS    21     2    15     0     0
    GDAS    21     2    22     0     0
    GDAS    21     3     1     0     0
     1 BACKWARD OMEGA   
    21     2    26    17   37.820  111.540  1000.0
     1 PRESSURE
     1     1    21     2    26    17     0     1     0.0   37.820  111.540   1000.0    776.1
     1     1    21     2    26    16     0     2    -1.0   37.400  111.589    957.2    782.9
     1     1    21     2    26    15     0     3    -2.0   37.058  111.645    918.2    785.8
     1     1    21     2    26    14     0     2    -3.0   36.762  111.732    948.4    794.6
     1     1    21     2    26    13     0     1    -4.0   36.456  111.871   1088.2    782.8
     1     1    21     2    26    12     0     0    -5.0   36.105  112.074   1317.5    761.7
     1     1    21     2    26    11     0     1    -6.0   35.745  112.319   1505.6    752.9
     1     1    21     2    26    10     0     2    -7.0   35.465  112.579   1593.5    773.9
     1     1    21     2    26     9     0     3    -8.0   35.277  112.841   1599.6    797.4
     1     1    21     2    26     8     0     2    -9.0   35.169  113.104   1580.2    820.5
     1     1    21     2    26     7     0     1   -10.0   35.095  113.369   1595.2    828.0
     1     1    21     2    26     6     0     0   -11.0   35.019  113.631   1653.4    826.8
     1     1    21     2    26     5     0     1   -12.0   34.926  113.909   1698.8    818.2
     1     1    21     2    26     4     0     2   -13.0   34.838  114.229   1703.2    819.6
     1     1    21     2    26     3     0     3   -14.0   34.765  114.592   1685.9    823.3
     1     1    21     2    26     2     0     2   -15.0   34.718  114.989   1659.5    827.6
     1     1    21     2    26     1     0     1   -16.0   34.713  115.396   1626.8    833.0
     1     1    21     2    26     0     0     0   -17.0   34.751  115.796   1571.8    840.0
     1     1    21     2    25    23     0     1   -18.0   34.828  116.167   1476.5    850.8
     1     1    21     2    25    22     0     2   -19.0   34.934  116.504   1351.4    865.4
     1     1    21     2    25    21     0     3   -20.0   35.053  116.826   1232.5    880.1
     1     1    21     2    25    20     0     2   -21.0   35.180  117.150   1161.6    887.0
     1     1    21     2    25    19     0     1   -22.0   35.330  117.478   1146.4    879.1
     1     1    21     2    25    18     0     0   -23.0   35.510  117.806   1154.1    865.5
     1     1    21     2    25    17     0     1   -24.0   35.706  118.114   1175.3    855.5
     1     1    21     2    25    16     0     2   -25.0   35.899  118.403   1228.1    852.1
     1     1    21     2    25    15     0     3   -26.0   36.077  118.690   1309.8    849.6
     1     1    21     2    25    14     0     2   -27.0   36.242  118.972   1397.6    848.4
     1     1    21     2    25    13     0     1   -28.0   36.395  119.236   1465.3    842.7
     1     1    21     2    25    12     0     0   -29.0   36.529  119.480   1508.3    837.5
     1     1    21     2    25    11     0     1   -30.0   36.641  119.703   1545.0    834.5
     1     1    21     2    25    10     0     2   -31.0   36.735  119.910   1610.2    826.9
     1     1    21     2    25     9     0     3   -32.0   36.813  120.118   1729.4    814.4
     1     1    21     2    25     8     0     2   -33.0   36.896  120.330   1839.2    794.9
     1     1    21     2    25     7     0     1   -34.0   36.981  120.549   1861.6    791.2
     1     1    21     2    25     6     0     0   -35.0   37.056  120.776   1804.7    798.4
     1     1    21     2    25     5     0     1   -36.0   37.103  121.004   1686.2    812.1
     1     1    21     2    25     4     0     2   -37.0   37.108  121.232   1536.9    834.6
     1     1    21     2    25     3     0     3   -38.0   37.089  121.463   1411.5    854.2
     1     1    21     2    25     2     0     2   -39.0   37.083  121.699   1386.0    865.6
     1     1    21     2    25     1     0     1   -40.0   37.094  121.934   1467.3    856.4
     1     1    21     2    25     0     0     0   -41.0   37.122  122.161   1573.2    841.5
     1     1    21     2    24    23     0     1   -42.0   37.164  122.328   1654.7    831.1
     1     1    21     2    24    22     0     2   -43.0   37.197  122.421   1688.4    827.2
     1     1    21     2    24    21     0     3   -44.0   37.214  122.459   1664.4    829.1
     1     1    21     2    24    20     0     2   -45.0   37.220  122.470   1586.0    838.7
     1     1    21     2    24    19     0     1   -46.0   37.228  122.477   1473.6    851.6
     1     1    21     2    24    18     0     0   -47.0   37.246  122.488   1347.3    866.1
     1     1    21     2    24    17     0     1   -48.0   37.277  122.507   1253.6    880.4
     1     1    21     2    24    16     0     2   -49.0   37.319  122.527   1222.3    883.6
     1     1    21     2    24    15     0     3   -50.0   37.367  122.536   1247.0    880.5
     1     1    21     2    24    14     0     2   -51.0   37.412  122.516   1286.6    871.7
     1     1    21     2    24    13     0     1   -52.0   37.454  122.463   1303.5    869.7
     1     1    21     2    24    12     0     0   -53.0   37.493  122.380   1299.9    870.2
     1     1    21     2    24    11     0     1   -54.0   37.535  122.283   1299.3    872.4
     1     1    21     2    24    10     0     2   -55.0   37.584  122.178   1318.6    869.8
     1     1    21     2    24     9     0     3   -56.0   37.638  122.065   1353.1    865.5
     1     1    21     2    24     8     0     2   -57.0   37.693  121.928   1383.9    860.1
     1     1    21     2    24     7     0     1   -58.0   37.745  121.763   1400.5    858.2
     1     1    21     2    24     6     0     0   -59.0   37.790  121.579   1411.3    857.0
     1     1    21     2    24     5     0     1   -60.0   37.823  121.394   1426.1    856.3
     1     1    21     2    24     4     0     2   -61.0   37.843  121.216   1450.4    854.1
     1     1    21     2    24     3     0     3   -62.0   37.849  121.040   1485.9    850.7
     1     1    21     2    24     2     0     2   -63.0   37.861  120.862   1530.5    845.5
     1     1    21     2    24     1     0     1   -64.0   37.894  120.690   1578.0    840.6
     1     1    21     2    24     0     0     0   -65.0   37.944  120.522   1626.2    836.0
     1     1    21     2    23    23     0     1   -66.0   38.012  120.336   1681.0    831.8
     1     1    21     2    23    22     0     2   -67.0   38.092  120.102   1738.9    824.7
     1     1    21     2    23    21     0     3   -68.0   38.175  119.812   1793.2    819.2
     1     1    21     2    23    20     0     2   -69.0   38.255  119.485   1853.0    813.5
     1     1    21     2    23    19     0     1   -70.0   38.324  119.138   1902.5    806.4
     1     1    21     2    23    18     0     0   -71.0   38.375  118.775   1912.6    804.2
     1     1    21     2    23    17     0     1   -72.0   38.408  118.421   1908.3    809.0
     1     1    21     2    23    16     0     2   -73.0   38.424  118.099   1940.8    807.1
     1     1    21     2    23    15     0     3   -74.0   38.421  117.815   2018.7    799.0
     1     1    21     2    23    14     0     2   -75.0   38.418  117.541   2096.2    786.4
     1     1    21     2    23    13     0     1   -76.0   38.417  117.245   2129.4    783.4
     1     1    21     2    23    12     0     0   -77.0   38.411  116.935   2129.4    783.9
     1     1    21     2    23    11     0     1   -78.0   38.404  116.609   2125.3    786.7
     1     1    21     2    23    10     0     2   -79.0   38.401  116.257   2159.0    784.6
     1     1    21     2    23     9     0     3   -80.0   38.396  115.872   2243.7    774.8
     1     1    21     2    23     8     0     2   -81.0   38.378  115.469   2313.3    756.6
     1     1    21     2    23     7     0     1   -82.0   38.311  115.073   2323.9    754.0
     1     1    21     2    23     6     0     0   -83.0   38.203  114.646   2266.9    745.3
     1     1    21     2    23     5     0     1   -84.0   38.096  114.160   2191.2    739.1
     1     1    21     2    23     4     0     2   -85.0   38.005  113.629   2101.5    716.2
     1     1    21     2    23     3     0     3   -86.0   37.923  113.084   1943.7    691.2
     1     1    21     2    23     2     0     2   -87.0   37.855  112.542   1773.6    703.8
     1     1    21     2    23     1     0     1   -88.0   37.773  112.019   1624.0    716.4
     1     1    21     2    23     0     0     0   -89.0   37.656  111.538   1477.7    731.3
     1     1    21     2    22    23     0     1   -90.0   37.500  111.106   1294.6    746.1
     1     1    21     2    22    22     0     2   -91.0   37.299  110.737   1125.3    768.5
     1     1    21     2    22    21     0     3   -92.0   37.058  110.438   1044.7    783.2
     1     1    21     2    22    20     0     2   -93.0   36.802  110.189   1031.5    785.6
     1     1    21     2    22    19     0     1   -94.0   36.533  109.974   1010.8    786.8
     1     1    21     2    22    18     0     0   -95.0   36.220  109.792    940.3    788.0
     1     1    21     2    22    17     0     1   -96.0   35.866  109.695    827.6    807.3
     1     1    21     2    22    16     0     2   -97.0   35.552  109.736    711.7    839.6
     1     1    21     2    22    15     0     3   -98.0   35.309  109.898    614.2    870.6
     1     1    21     2    22    14     0     2   -99.0   35.133  110.142    580.3    893.1
     1     1    21     2    22    13     0     1  -100.0   34.951  110.443    678.2    890.9
     1     1    21     2    22    12     0     0  -101.0   34.728  110.721    812.5    854.5
     1     1    21     2    22    11     0     1  -102.0   34.525  110.959    877.1    838.3
     1     1    21     2    22    10     0     2  -103.0   34.376  111.200    862.4    834.7
     1     1    21     2    22     9     0     3  -104.0   34.291  111.481    817.0    847.0
     1     1    21     2    22     8     0     2  -105.0   34.245  111.771    796.9    854.5
     1     1    21     2    22     7     0     1  -106.0   34.218  112.052    801.9    859.0
     1     1    21     2    22     6     0     0  -107.0   34.246  112.361    777.6    874.4
     1     1    21     2    22     5     0     1  -108.0   34.365  112.721    682.6    907.5
     1     1    21     2    22     4     0     2  -109.0   34.560  113.128    602.7    940.7
     1     1    21     2    22     3     0     3  -110.0   34.866  113.558    594.0    945.3
     1     1    21     2    22     2     0     2  -111.0   35.339  113.975    665.4    926.5
     1     1    21     2    22     1     0     1  -112.0   35.831  114.304    674.6    909.3
     1     1    21     2    22     0     0     0  -113.0   36.278  114.611    575.1    928.0
     1     1    21     2    21    23     0     1  -114.0   36.660  114.962    468.6    964.2
     1     1    21     2    21    22     0     2  -115.0   36.957  115.417    421.0    971.4
     1     1    21     2    21    21     0     3  -116.0   37.176  116.026    415.5    967.9
     1     1    21     2    21    20     0     2  -117.0   37.356  116.665    411.8    965.7
     1     1    21     2    21    19     0     1  -118.0   37.542  117.268    388.9    967.2
     1     1    21     2    21    18     0     0  -119.0   37.755  117.929    335.3    971.1
     1     1    21     2    21    17     0     1  -120.0   38.035  118.583    280.7    982.0
