     5     1
    GDAS    21     2     1     0     0
    GDAS    21     2     8     0     0
    GDAS    21     2    15     0     0
    GDAS    21     2    22     0     0
    GDAS    21     3     1     0     0
     1 BACKWARD OMEGA   
    21     2     8    17   37.820  111.540  1000.0
     1 PRESSURE
     1     1    21     2     8    17     0     1     0.0   37.820  111.540   1000.0    779.6
     1     1    21     2     8    16     0     2    -1.0   37.730  111.275    925.1    788.3
     1     1    21     2     8    15     0     3    -2.0   37.608  111.054    832.5    797.1
     1     1    21     2     8    14     0     2    -3.0   37.473  110.869    747.9    807.0
     1     1    21     2     8    13     0     1    -4.0   37.332  110.709    691.1    812.9
     1     1    21     2     8    12     0     0    -5.0   37.177  110.576    653.1    817.4
     1     1    21     2     8    11     0     1    -6.0   37.014  110.467    610.3    820.8
     1     1    21     2     8    10     0     2    -7.0   36.864  110.385    538.9    829.6
     1     1    21     2     8     9     0     3    -8.0   36.746  110.339    429.2    840.6
     1     1    21     2     8     8     0     2    -9.0   36.649  110.321    305.6    856.8
     1     1    21     2     8     7     0     1   -10.0   36.556  110.307    203.4    868.0
     1     1    21     2     8     6     0     0   -11.0   36.468  110.295    130.0    876.0
     1     1    21     2     8     5     0     1   -12.0   36.397  110.298     86.1    880.3
     1     1    21     2     8     4     0     2   -13.0   36.342  110.328     63.8    881.4
     1     1    21     2     8     3     0     3   -14.0   36.297  110.380     55.2    880.8
     1     1    21     2     8     2     0     2   -15.0   36.260  110.440     52.7    879.3
     1     1    21     2     8     1     0     1   -16.0   36.233  110.495     51.1    878.3
     1     1    21     2     8     0     0     0   -17.0   36.215  110.544     50.2    877.6
     1     1    21     2     7    23     0     1   -18.0   36.200  110.589     49.6    876.7
     1     1    21     2     7    22     0     2   -19.0   36.179  110.632     48.6    875.9
     1     1    21     2     7    21     0     3   -20.0   36.153  110.674     46.9    875.2
     1     1    21     2     7    20     0     2   -21.0   36.130  110.712     44.7    874.8
     1     1    21     2     7    19     0     1   -22.0   36.119  110.742     42.3    874.5
     1     1    21     2     7    18     0     0   -23.0   36.120  110.763     40.1    874.4
     1     1    21     2     7    17     0     1   -24.0   36.134  110.774     39.1    874.5
     1     1    21     2     7    16     0     2   -25.0   36.161  110.774     39.9    874.5
     1     1    21     2     7    15     0     3   -26.0   36.200  110.764     42.4    874.6
     1     1    21     2     7    14     0     2   -27.0   36.252  110.751     47.1    874.5
     1     1    21     2     7    13     0     1   -28.0   36.319  110.743     55.0    873.9
     1     1    21     2     7    12     0     0   -29.0   36.404  110.741     66.7    872.5
     1     1    21     2     7    11     0     1   -30.0   36.507  110.742     79.9    870.3
     1     1    21     2     7    10     0     2   -31.0   36.622  110.743     89.4    868.6
     1     1    21     2     7     9     0     3   -32.0   36.751  110.741     91.3    867.8
     1     1    21     2     7     8     0     2   -33.0   36.890  110.733     82.8    868.7
     1     1    21     2     7     7     0     1   -34.0   37.035  110.715     68.4    872.1
     1     1    21     2     7     6     0     0   -35.0   37.180  110.692     59.2    877.4
     1     1    21     2     7     5     0     1   -36.0   37.320  110.675     62.3    880.8
     1     1    21     2     7     4     0     2   -37.0   37.455  110.673     80.0    881.1
     1     1    21     2     7     3     0     3   -38.0   37.589  110.687    114.5    879.5
     1     1    21     2     7     2     0     2   -39.0   37.728  110.710    164.2    875.1
     1     1    21     2     7     1     0     1   -40.0   37.871  110.732    225.5    870.4
     1     1    21     2     7     0     0     0   -41.0   38.012  110.750    294.8    864.8
     1     1    21     2     6    23     0     1   -42.0   38.151  110.760    360.7    857.4
     1     1    21     2     6    22     0     2   -43.0   38.295  110.761    411.2    852.5
     1     1    21     2     6    21     0     3   -44.0   38.439  110.751    444.6    848.9
     1     1    21     2     6    20     0     2   -45.0   38.582  110.728    464.0    847.4
     1     1    21     2     6    19     0     1   -46.0   38.722  110.696    467.5    846.4
     1     1    21     2     6    18     0     0   -47.0   38.855  110.667    446.6    847.9
     1     1    21     2     6    17     0     1   -48.0   38.983  110.644    414.6    852.9
     1     1    21     2     6    16     0     2   -49.0   39.112  110.613    392.4    852.1
     1     1    21     2     6    15     0     3   -50.0   39.246  110.564    384.2    848.4
     1     1    21     2     6    14     0     2   -51.0   39.396  110.483    389.8    842.5
     1     1    21     2     6    13     0     1   -52.0   39.568  110.349    401.5    833.9
     1     1    21     2     6    12     0     0   -53.0   39.741  110.162    398.7    826.2
     1     1    21     2     6    11     0     1   -54.0   39.910  109.942    377.8    822.8
     1     1    21     2     6    10     0     2   -55.0   40.092  109.711    371.2    821.9
     1     1    21     2     6     9     0     3   -56.0   40.298  109.498    399.5    820.9
     1     1    21     2     6     8     0     2   -57.0   40.507  109.299    424.0    821.2
     1     1    21     2     6     7     0     1   -58.0   40.688  109.096    412.1    832.9
     1     1    21     2     6     6     0     0   -59.0   40.836  108.885    393.8    846.7
     1     1    21     2     6     5     0     1   -60.0   40.970  108.674    380.4    852.7
     1     1    21     2     6     4     0     2   -61.0   41.104  108.461    348.0    852.3
     1     1    21     2     6     3     0     3   -62.0   41.234  108.213    294.2    855.2
     1     1    21     2     6     2     0     2   -63.0   41.345  107.923    250.6    860.2
     1     1    21     2     6     1     0     1   -64.0   41.421  107.601    241.9    857.8
     1     1    21     2     6     0     0     0   -65.0   41.456  107.226    272.0    852.4
     1     1    21     2     5    23     0     1   -66.0   41.475  106.804    295.0    843.5
     1     1    21     2     5    22     0     2   -67.0   41.493  106.374    237.4    848.8
     1     1    21     2     5    21     0     3   -68.0   41.491  106.011    134.1    864.5
     1     1    21     2     5    20     0     2   -69.0   41.465  105.729     69.4    873.4
     1     1    21     2     5    19     0     1   -70.0   41.454  105.427     49.3    870.0
     1     1    21     2     5    18     0     0   -71.0   41.472  105.084     79.8    865.5
     1     1    21     2     5    17     0     1   -72.0   41.540  104.629    189.8    853.2
     1     1    21     2     5    16     0     2   -73.0   41.666  104.063    282.0    839.7
     1     1    21     2     5    15     0     3   -74.0   41.823  103.441    318.6    840.9
     1     1    21     2     5    14     0     2   -75.0   41.990  102.771    328.3    846.8
     1     1    21     2     5    13     0     1   -76.0   42.145  102.193    338.9    853.2
     1     1    21     2     5    12     0     0   -77.0   42.316  101.674    390.7    841.6
     1     1    21     2     5    11     0     1   -78.0   42.530  101.096    429.4    819.3
     1     1    21     2     5    10     0     2   -79.0   42.774  100.454    463.5    817.8
     1     1    21     2     5     9     0     3   -80.0   43.069   99.728    638.6    803.8
     1     1    21     2     5     8     0     2   -81.0   43.354   98.921    852.9    770.1
     1     1    21     2     5     7     0     1   -82.0   43.618   98.127    965.6    748.3
     1     1    21     2     5     6     0     0   -83.0   43.870   97.270   1103.5    756.4
     1     1    21     2     5     5     0     1   -84.0   44.139   96.263   1289.3    753.9
     1     1    21     2     5     4     0     2   -85.0   44.390   95.299   1398.1    735.1
     1     1    21     2     5     3     0     3   -86.0   44.605   94.428   1503.1    703.7
     1     1    21     2     5     2     0     2   -87.0   44.792   93.567   1770.9    672.4
     1     1    21     2     5     1     0     1   -88.0   44.992   92.733   1828.2    674.9
     1     1    21     2     5     0     0     0   -89.0   45.188   91.935   1780.8    690.0
     1     1    21     2     4    23     0     1   -90.0   45.398   91.127   1783.9    681.6
     1     1    21     2     4    22     0     2   -91.0   45.599   90.387   1879.3    694.2
     1     1    21     2     4    21     0     3   -92.0   45.758   89.799   1906.9    711.8
     1     1    21     2     4    20     0     2   -93.0   45.892   89.273   1899.3    724.5
     1     1    21     2     4    19     0     1   -94.0   46.016   88.759   1876.1    735.2
     1     1    21     2     4    18     0     0   -95.0   46.139   88.243   1842.8    746.1
     1     1    21     2     4    17     0     1   -96.0   46.257   87.743   1818.1    756.6
     1     1    21     2     4    16     0     2   -97.0   46.369   87.261   1825.6    759.6
     1     1    21     2     4    15     0     3   -98.0   46.493   86.751   1870.7    740.5
     1     1    21     2     4    14     0     2   -99.0   46.635   86.121   1915.5    683.2
     1     1    21     2     4    13     0     1  -100.0   46.808   85.306   2023.6    637.5
     1     1    21     2     4    12     0     0  -101.0   47.000   84.340   2215.9    618.1
     1     1    21     2     4    11     0     1  -102.0   47.132   83.450   2210.6    668.8
     1     1    21     2     4    10     0     2  -103.0   47.214   82.642   2176.0    700.7
     1     1    21     2     4     9     0     3  -104.0   47.259   81.893   2209.1    712.0
     1     1    21     2     4     8     0     2  -105.0   47.287   81.177   2226.4    718.9
     1     1    21     2     4     7     0     1  -106.0   47.304   80.495   2186.1    726.9
     1     1    21     2     4     6     0     0  -107.0   47.309   79.845   2120.7    737.5
     1     1    21     2     4     5     0     1  -108.0   47.300   79.223   2069.2    747.6
     1     1    21     2     4     4     0     2  -109.0   47.280   78.608   2036.9    747.0
     1     1    21     2     4     3     0     3  -110.0   47.248   77.996   1993.0    744.8
     1     1    21     2     4     2     0     2  -111.0   47.208   77.401   1942.3    750.9
     1     1    21     2     4     1     0     1  -112.0   47.160   76.834   1901.6    757.6
     1     1    21     2     4     0     0     0  -113.0   47.104   76.297   1865.3    767.5
     1     1    21     2     3    23     0     1  -114.0   47.045   75.803   1827.9    777.6
     1     1    21     2     3    22     0     2  -115.0   46.987   75.350   1809.6    782.0
     1     1    21     2     3    21     0     3  -116.0   46.927   74.932   1813.1    781.0
     1     1    21     2     3    20     0     2  -117.0   46.869   74.539   1816.1    777.9
     1     1    21     2     3    19     0     1  -118.0   46.817   74.159   1819.7    777.6
     1     1    21     2     3    18     0     0  -119.0   46.775   73.786   1829.7    773.6
     1     1    21     2     3    17     0     1  -120.0   46.746   73.410   1825.5    769.1
