     5     1
    GDAS    21     2     1     0     0
    GDAS    21     2     8     0     0
    GDAS    21     2    15     0     0
    GDAS    21     2    22     0     0
    GDAS    21     3     1     0     0
     1 BACKWARD OMEGA   
    21     2    16    15   44.970  -93.230   500.0
     1 PRESSURE
     1     1    21     2    16    15     0     3     0.0   44.970  -93.230    500.0    924.4
     1     1    21     2    16    14     0     2    -1.0   44.942  -93.043    496.6    923.6
     1     1    21     2    16    13     0     1    -2.0   44.933  -92.837    484.1    924.4
     1     1    21     2    16    12     0     0    -3.0   44.945  -92.607    459.4    927.5
     1     1    21     2    16    11     0     1    -4.0   44.977  -92.345    426.8    933.2
     1     1    21     2    16    10     0     2    -5.0   45.023  -92.048    394.4    937.6
     1     1    21     2    16     9     0     3    -6.0   45.082  -91.730    377.2    938.6
     1     1    21     2    16     8     0     2    -7.0   45.153  -91.405    392.0    934.6
     1     1    21     2    16     7     0     1    -8.0   45.231  -91.077    445.5    925.6
     1     1    21     2    16     6     0     0    -9.0   45.314  -90.739    515.5    910.8
     1     1    21     2    16     5     0     1   -10.0   45.411  -90.389    572.1    899.7
     1     1    21     2    16     4     0     2   -11.0   45.532  -90.028    618.4    892.6
     1     1    21     2    16     3     0     3   -12.0   45.685  -89.656    669.1    883.6
     1     1    21     2    16     2     0     2   -13.0   45.864  -89.291    705.5    872.9
     1     1    21     2    16     1     0     1   -14.0   46.060  -88.966    711.1    871.5
     1     1    21     2    16     0     0     0   -15.0   46.258  -88.729    710.1    885.4
     1     1    21     2    15    23     0     1   -16.0   46.443  -88.597    701.4    892.6
     1     1    21     2    15    22     0     2   -17.0   46.615  -88.568    678.0    902.3
     1     1    21     2    15    21     0     3   -18.0   46.768  -88.631    646.9    912.2
     1     1    21     2    15    20     0     2   -19.0   46.903  -88.756    590.2    922.0
     1     1    21     2    15    19     0     1   -20.0   47.030  -88.911    484.8    938.3
     1     1    21     2    15    18     0     0   -21.0   47.163  -89.067    352.0    959.3
     1     1    21     2    15    17     0     1   -22.0   47.312  -89.216    235.4    975.2
     1     1    21     2    15    16     0     2   -23.0   47.470  -89.367    156.3    984.9
     1     1    21     2    15    15     0     3   -24.0   47.639  -89.530    125.2    983.0
     1     1    21     2    15    14     0     2   -25.0   47.830  -89.736    167.2    970.1
     1     1    21     2    15    13     0     1   -26.0   48.087  -90.015    362.9    936.6
     1     1    21     2    15    12     0     0   -27.0   48.394  -90.280    572.1    888.0
     1     1    21     2    15    11     0     1   -28.0   48.666  -90.539    681.8    878.0
     1     1    21     2    15    10     0     2   -29.0   48.891  -90.808    733.6    875.5
     1     1    21     2    15     9     0     3   -30.0   49.075  -91.108    761.7    876.1
     1     1    21     2    15     8     0     2   -31.0   49.231  -91.407    778.3    876.9
     1     1    21     2    15     7     0     1   -32.0   49.381  -91.668    782.7    878.3
     1     1    21     2    15     6     0     0   -33.0   49.532  -91.901    777.7    880.3
     1     1    21     2    15     5     0     1   -34.0   49.686  -92.129    773.9    882.4
     1     1    21     2    15     4     0     2   -35.0   49.844  -92.365    776.5    881.7
     1     1    21     2    15     3     0     3   -36.0   50.008  -92.606    778.4    881.3
     1     1    21     2    15     2     0     2   -37.0   50.170  -92.861    775.4    881.3
     1     1    21     2    15     1     0     1   -38.0   50.326  -93.141    770.8    882.2
     1     1    21     2    15     0     0     0   -39.0   50.480  -93.444    770.7    882.2
     1     1    21     2    14    23     0     1   -40.0   50.622  -93.745    777.4    881.7
     1     1    21     2    14    22     0     2   -41.0   50.740  -94.021    794.0    880.4
     1     1    21     2    14    21     0     3   -42.0   50.833  -94.272    819.2    879.1
     1     1    21     2    14    20     0     2   -43.0   50.919  -94.499    837.9    877.6
     1     1    21     2    14    19     0     1   -44.0   51.009  -94.704    845.0    879.2
     1     1    21     2    14    18     0     0   -45.0   51.106  -94.888    853.1    880.7
     1     1    21     2    14    17     0     1   -46.0   51.214  -95.055    866.2    879.9
     1     1    21     2    14    16     0     2   -47.0   51.335  -95.208    879.4    879.0
     1     1    21     2    14    15     0     3   -48.0   51.467  -95.347    889.1    878.7
     1     1    21     2    14    14     0     2   -49.0   51.601  -95.483    897.0    878.8
     1     1    21     2    14    13     0     1   -50.0   51.731  -95.631    904.0    878.8
     1     1    21     2    14    12     0     0   -51.0   51.856  -95.791    908.2    879.1
     1     1    21     2    14    11     0     1   -52.0   51.976  -95.953    908.1    880.5
     1     1    21     2    14    10     0     2   -53.0   52.092  -96.109    906.5    882.2
     1     1    21     2    14     9     0     3   -54.0   52.199  -96.264    906.4    883.6
     1     1    21     2    14     8     0     2   -55.0   52.300  -96.410    908.0    884.4
     1     1    21     2    14     7     0     1   -56.0   52.403  -96.541    911.7    884.9
     1     1    21     2    14     6     0     0   -57.0   52.509  -96.655    917.2    884.9
     1     1    21     2    14     5     0     1   -58.0   52.625  -96.774    923.3    885.0
     1     1    21     2    14     4     0     2   -59.0   52.759  -96.923    929.8    885.5
     1     1    21     2    14     3     0     3   -60.0   52.914  -97.105    939.1    885.2
     1     1    21     2    14     2     0     2   -61.0   53.071  -97.284    947.9    883.2
     1     1    21     2    14     1     0     1   -62.0   53.214  -97.445    953.0    882.8
     1     1    21     2    14     0     0     0   -63.0   53.347  -97.597    958.2    882.3
     1     1    21     2    13    23     0     1   -64.0   53.467  -97.741    963.5    881.4
     1     1    21     2    13    22     0     2   -65.0   53.575  -97.873    966.6    880.8
     1     1    21     2    13    21     0     3   -66.0   53.671  -98.002    967.5    880.7
     1     1    21     2    13    20     0     2   -67.0   53.762  -98.129    967.7    881.2
     1     1    21     2    13    19     0     1   -68.0   53.853  -98.254    968.4    881.4
     1     1    21     2    13    18     0     0   -69.0   53.944  -98.385    969.4    881.6
     1     1    21     2    13    17     0     1   -70.0   54.032  -98.507    968.4    881.5
     1     1    21     2    13    16     0     2   -71.0   54.119  -98.602    963.8    882.2
     1     1    21     2    13    15     0     3   -72.0   54.207  -98.673    956.3    883.2
     1     1    21     2    13    14     0     2   -73.0   54.294  -98.732    949.3    884.5
     1     1    21     2    13    13     0     1   -74.0   54.378  -98.793    945.5    884.9
     1     1    21     2    13    12     0     0   -75.0   54.456  -98.860    944.3    885.0
     1     1    21     2    13    11     0     1   -76.0   54.529  -98.928    944.3    885.2
     1     1    21     2    13    10     0     2   -77.0   54.600  -98.995    944.3    885.5
     1     1    21     2    13     9     0     3   -78.0   54.668  -99.064    944.1    885.3
     1     1    21     2    13     8     0     2   -79.0   54.733  -99.126    944.0    884.7
     1     1    21     2    13     7     0     1   -80.0   54.792  -99.176    943.9    884.2
     1     1    21     2    13     6     0     0   -81.0   54.846  -99.213    943.8    883.8
     1     1    21     2    13     5     0     1   -82.0   54.898  -99.244    943.8    883.5
     1     1    21     2    13     4     0     2   -83.0   54.951  -99.273    943.8    883.2
     1     1    21     2    13     3     0     3   -84.0   55.007  -99.301    943.9    882.9
     1     1    21     2    13     2     0     2   -85.0   55.062  -99.323    945.2    882.3
     1     1    21     2    13     1     0     1   -86.0   55.114  -99.335    949.0    881.2
     1     1    21     2    13     0     0     0   -87.0   55.162  -99.339    954.8    880.0
     1     1    21     2    12    23     0     1   -88.0   55.199  -99.329    960.3    878.8
     1     1    21     2    12    22     0     2   -89.0   55.219  -99.302    963.5    878.3
     1     1    21     2    12    21     0     3   -90.0   55.219  -99.260    964.7    878.3
     1     1    21     2    12    20     0     2   -91.0   55.208  -99.211    964.9    878.4
     1     1    21     2    12    19     0     1   -92.0   55.193  -99.157    965.3    878.4
     1     1    21     2    12    18     0     0   -93.0   55.174  -99.102    965.8    878.4
     1     1    21     2    12    17     0     1   -94.0   55.152  -99.044    966.4    878.6
     1     1    21     2    12    16     0     2   -95.0   55.125  -98.984    967.0    878.7
     1     1    21     2    12    15     0     3   -96.0   55.093  -98.924    967.3    878.8
     1     1    21     2    12    14     0     2   -97.0   55.053  -98.872    967.5    878.5
     1     1    21     2    12    13     0     1   -98.0   55.004  -98.835    967.7    878.3
     1     1    21     2    12    12     0     0   -99.0   54.948  -98.809    966.9    877.8
     1     1    21     2    12    11     0     1  -100.0   54.875  -98.783    971.7    877.9
     1     1    21     2    12    10     0     2  -101.0   54.781  -98.751    988.4    875.4
     1     1    21     2    12     9     0     3  -102.0   54.667  -98.722   1016.0    871.7
     1     1    21     2    12     8     0     2  -103.0   54.540  -98.707   1045.7    866.6
     1     1    21     2    12     7     0     1  -104.0   54.407  -98.715   1070.9    863.3
     1     1    21     2    12     6     0     0  -105.0   54.272  -98.751   1095.0    860.2
     1     1    21     2    12     5     0     1  -106.0   54.147  -98.821   1121.8    857.3
     1     1    21     2    12     4     0     2  -107.0   54.043  -98.926   1151.5    853.8
     1     1    21     2    12     3     0     3  -108.0   53.968  -99.061   1180.3    849.6
     1     1    21     2    12     2     0     2  -109.0   53.923  -99.218   1192.8    844.9
     1     1    21     2    12     1     0     1  -110.0   53.907  -99.399   1175.6    845.5
     1     1    21     2    12     0     0     0  -111.0   53.921  -99.613   1131.8    849.3
     1     1    21     2    11    23     0     1  -112.0   53.965  -99.868   1080.8    855.3
     1     1    21     2    11    22     0     2  -113.0   54.040 -100.164   1033.7    859.7
     1     1    21     2    11    21     0     3  -114.0   54.146 -100.494    989.7    865.1
     1     1    21     2    11    20     0     2  -115.0   54.276 -100.833    951.1    868.8
     1     1    21     2    11    19     0     1  -116.0   54.422 -101.161    917.2    871.6
     1     1    21     2    11    18     0     0  -117.0   54.581 -101.472    887.3    874.4
     1     1    21     2    11    17     0     1  -118.0   54.762 -101.757    863.2    876.6
     1     1    21     2    11    16     0     2  -119.0   54.976 -102.003    847.9    877.4
     1     1    21     2    11    15     0     3  -120.0   55.223 -102.217    839.2    878.0
