     5     1
    GDAS    21     2     1     0     0
    GDAS    21     2     8     0     0
    GDAS    21     2    15     0     0
    GDAS    21     2    22     0     0
    GDAS    21     3     1     0     0
     1 BACKWARD OMEGA   
    21     2    18    21   37.820  111.540  1000.0
     1 PRESSURE
     1     1    21     2    18    21     0     3     0.0   37.820  111.540   1000.0    777.4
     1     1    21     2    18    20     0     2    -1.0   38.068  111.005    899.7    792.3
     1     1    21     2    18    19     0     1    -2.0   38.274  110.545    773.9    819.6
     1     1    21     2    18    18     0     0    -3.0   38.468  110.080    777.0    816.9
     1     1    21     2    18    17     0     1    -4.0   38.663  109.563    849.3    794.0
     1     1    21     2    18    16     0     2    -5.0   38.832  108.988    911.1    782.4
     1     1    21     2    18    15     0     3    -6.0   38.997  108.374   1022.1    767.1
     1     1    21     2    18    14     0     2    -7.0   39.147  107.771   1172.3    749.0
     1     1    21     2    18    13     0     1    -8.0   39.261  107.202   1322.1    745.5
     1     1    21     2    18    12     0     0    -9.0   39.342  106.653   1536.6    716.9
     1     1    21     2    18    11     0     1   -10.0   39.419  106.115   1867.1    668.8
     1     1    21     2    18    10     0     2   -11.0   39.523  105.590   2192.5    640.4
     1     1    21     2    18     9     0     3   -12.0   39.651  105.069   2360.1    633.5
     1     1    21     2    18     8     0     2   -13.0   39.786  104.560   2412.0    632.8
     1     1    21     2    18     7     0     1   -14.0   39.907  104.076   2361.6    638.6
     1     1    21     2    18     6     0     0   -15.0   40.013  103.596   2262.7    648.5
     1     1    21     2    18     5     0     1   -16.0   40.123  103.116   2233.1    645.9
     1     1    21     2    18     4     0     2   -17.0   40.239  102.639   2257.4    647.4
     1     1    21     2    18     3     0     3   -18.0   40.345  102.144   2286.1    657.5
     1     1    21     2    18     2     0     2   -19.0   40.447  101.638   2308.2    661.1
     1     1    21     2    18     1     0     1   -20.0   40.546  101.128   2319.2    664.3
     1     1    21     2    18     0     0     0   -21.0   40.634  100.614   2295.1    663.4
     1     1    21     2    17    23     0     1   -22.0   40.710  100.109   2232.5    665.6
     1     1    21     2    17    22     0     2   -23.0   40.775   99.617   2210.1    666.8
     1     1    21     2    17    21     0     3   -24.0   40.828   99.135   2292.7    650.2
     1     1    21     2    17    20     0     2   -25.0   40.874   98.689   2418.0    629.3
     1     1    21     2    17    19     0     1   -26.0   40.906   98.282   2519.5    619.3
     1     1    21     2    17    18     0     0   -27.0   40.926   97.908   2588.1    611.4
     1     1    21     2    17    17     0     1   -28.0   40.948   97.562   2633.8    600.2
     1     1    21     2    17    16     0     2   -29.0   40.985   97.245   2683.6    589.9
     1     1    21     2    17    15     0     3   -30.0   41.040   96.957   2757.3    579.7
     1     1    21     2    17    14     0     2   -31.0   41.100   96.685   2844.3    572.7
     1     1    21     2    17    13     0     1   -32.0   41.152   96.416   2913.5    568.8
     1     1    21     2    17    12     0     0   -33.0   41.196   96.155   2984.1    563.9
     1     1    21     2    17    11     0     1   -34.0   41.237   95.910   3058.2    557.2
     1     1    21     2    17    10     0     2   -35.0   41.282   95.690   3132.7    552.9
     1     1    21     2    17     9     0     3   -36.0   41.330   95.497   3212.7    549.4
     1     1    21     2    17     8     0     2   -37.0   41.383   95.322   3299.6    545.9
     1     1    21     2    17     7     0     1   -38.0   41.443   95.157   3385.8    543.6
     1     1    21     2    17     6     0     0   -39.0   41.509   95.005   3463.4    542.9
     1     1    21     2    17     5     0     1   -40.0   41.576   94.862   3526.2    544.3
     1     1    21     2    17     4     0     2   -41.0   41.640   94.721   3573.5    547.0
     1     1    21     2    17     3     0     3   -42.0   41.701   94.580   3614.2    550.1
     1     1    21     2    17     2     0     2   -43.0   41.755   94.441   3660.7    552.5
     1     1    21     2    17     1     0     1   -44.0   41.798   94.303   3713.5    553.1
     1     1    21     2    17     0     0     0   -45.0   41.829   94.169   3759.9    553.6
     1     1    21     2    16    23     0     1   -46.0   41.852   94.036   3804.1    555.5
     1     1    21     2    16    22     0     2   -47.0   41.871   93.904   3856.9    554.1
     1     1    21     2    16    21     0     3   -48.0   41.883   93.782   3924.3    550.1
     1     1    21     2    16    20     0     2   -49.0   41.892   93.671   3986.7    545.3
     1     1    21     2    16    19     0     1   -50.0   41.903   93.566   4023.6    543.8
     1     1    21     2    16    18     0     0   -51.0   41.915   93.464   4032.4    544.4
     1     1    21     2    16    17     0     1   -52.0   41.920   93.358   4041.4    547.1
     1     1    21     2    16    16     0     2   -53.0   41.910   93.251   4079.3    545.0
     1     1    21     2    16    15     0     3   -54.0   41.886   93.146   4146.8    540.2
     1     1    21     2    16    14     0     2   -55.0   41.856   93.044   4219.2    532.5
     1     1    21     2    16    13     0     1   -56.0   41.822   92.939   4267.5    527.8
     1     1    21     2    16    12     0     0   -57.0   41.785   92.830   4294.1    524.2
     1     1    21     2    16    11     0     1   -58.0   41.746   92.725   4318.9    522.0
     1     1    21     2    16    10     0     2   -59.0   41.706   92.631   4360.4    517.5
     1     1    21     2    16     9     0     3   -60.0   41.665   92.548   4417.8    512.1
     1     1    21     2    16     8     0     2   -61.0   41.624   92.473   4476.5    506.2
     1     1    21     2    16     7     0     1   -62.0   41.584   92.406   4519.7    502.4
     1     1    21     2    16     6     0     0   -63.0   41.544   92.347   4544.4    500.2
     1     1    21     2    16     5     0     1   -64.0   41.510   92.292   4551.2    499.3
     1     1    21     2    16     4     0     2   -65.0   41.487   92.238   4544.9    499.8
     1     1    21     2    16     3     0     3   -66.0   41.475   92.187   4530.5    501.0
     1     1    21     2    16     2     0     2   -67.0   41.469   92.133   4526.0    502.4
     1     1    21     2    16     1     0     1   -68.0   41.462   92.073   4545.8    501.0
     1     1    21     2    16     0     0     0   -69.0   41.452   92.007   4585.0    498.2
     1     1    21     2    15    23     0     1   -70.0   41.443   91.937   4626.6    494.7
     1     1    21     2    15    22     0     2   -71.0   41.437   91.863   4657.1    493.1
     1     1    21     2    15    21     0     3   -72.0   41.433   91.780   4678.8    492.3
     1     1    21     2    15    20     0     2   -73.0   41.435   91.695   4701.1    492.1
     1     1    21     2    15    19     0     1   -74.0   41.443   91.618   4732.9    490.6
     1     1    21     2    15    18     0     0   -75.0   41.459   91.550   4775.0    488.2
     1     1    21     2    15    17     0     1   -76.0   41.474   91.489   4825.5    484.8
     1     1    21     2    15    16     0     2   -77.0   41.483   91.431   4882.8    481.2
     1     1    21     2    15    15     0     3   -78.0   41.486   91.375   4948.0    477.1
     1     1    21     2    15    14     0     2   -79.0   41.481   91.320   5011.9    472.4
     1     1    21     2    15    13     0     1   -80.0   41.467   91.263   5061.1    469.5
     1     1    21     2    15    12     0     0   -81.0   41.445   91.199   5090.2    468.1
     1     1    21     2    15    11     0     1   -82.0   41.420   91.126   5100.4    468.6
     1     1    21     2    15    10     0     2   -83.0   41.399   91.048   5096.2    469.8
     1     1    21     2    15     9     0     3   -84.0   41.381   90.964   5078.8    471.5
     1     1    21     2    15     8     0     2   -85.0   41.360   90.879   5057.1    473.5
     1     1    21     2    15     7     0     1   -86.0   41.327   90.797   5039.1    474.9
     1     1    21     2    15     6     0     0   -87.0   41.283   90.721   5024.8    476.0
     1     1    21     2    15     5     0     1   -88.0   41.237   90.641   5004.0    476.5
     1     1    21     2    15     4     0     2   -89.0   41.198   90.549   4964.1    478.1
     1     1    21     2    15     3     0     3   -90.0   41.170   90.450   4898.0    481.0
     1     1    21     2    15     2     0     2   -91.0   41.143   90.340   4815.1    485.7
     1     1    21     2    15     1     0     1   -92.0   41.104   90.213   4725.4    489.5
     1     1    21     2    15     0     0     0   -93.0   41.049   90.071   4625.9    492.9
     1     1    21     2    14    23     0     1   -94.0   40.984   89.932   4526.6    498.5
     1     1    21     2    14    22     0     2   -95.0   40.913   89.808   4443.6    506.2
     1     1    21     2    14    21     0     3   -96.0   40.836   89.698   4370.5    513.1
     1     1    21     2    14    20     0     2   -97.0   40.757   89.591   4297.6    519.8
     1     1    21     2    14    19     0     1   -98.0   40.678   89.481   4222.6    527.7
     1     1    21     2    14    18     0     0   -99.0   40.595   89.382   4156.4    534.9
     1     1    21     2    14    17     0     1  -100.0   40.518   89.297   4121.8    540.8
     1     1    21     2    14    16     0     2  -101.0   40.462   89.222   4133.3    541.4
     1     1    21     2    14    15     0     3  -102.0   40.426   89.146   4183.4    538.6
     1     1    21     2    14    14     0     2  -103.0   40.400   89.056   4225.2    533.0
     1     1    21     2    14    13     0     1  -104.0   40.377   88.958   4222.4    533.8
     1     1    21     2    14    12     0     0  -105.0   40.360   88.859   4180.0    537.5
     1     1    21     2    14    11     0     1  -106.0   40.349   88.759   4148.7    543.6
     1     1    21     2    14    10     0     2  -107.0   40.334   88.647   4169.9    541.9
     1     1    21     2    14     9     0     3  -108.0   40.309   88.519   4224.7    537.5
     1     1    21     2    14     8     0     2  -109.0   40.281   88.377   4282.9    532.3
     1     1    21     2    14     7     0     1  -110.0   40.258   88.223   4341.8    529.6
     1     1    21     2    14     6     0     0  -111.0   40.239   88.052   4431.4    524.4
     1     1    21     2    14     5     0     1  -112.0   40.231   87.860   4508.1    514.7
     1     1    21     2    14     4     0     2  -113.0   40.246   87.666   4512.8    513.8
     1     1    21     2    14     3     0     3  -114.0   40.291   87.483   4451.0    518.2
     1     1    21     2    14     2     0     2  -115.0   40.369   87.309   4349.8    526.2
     1     1    21     2    14     1     0     1  -116.0   40.482   87.138   4230.0    534.8
     1     1    21     2    14     0     0     0  -117.0   40.630   86.978   4089.0    545.1
     1     1    21     2    13    23     0     1  -118.0   40.790   86.831   3975.2    557.7
     1     1    21     2    13    22     0     2  -119.0   40.940   86.665   3929.7    560.1
     1     1    21     2    13    21     0     3  -120.0   41.084   86.459   3935.1    555.1
