     5     1
    GDAS    21     2     1     0     0
    GDAS    21     2     8     0     0
    GDAS    21     2    15     0     0
    GDAS    21     2    22     0     0
    GDAS    21     3     1     0     0
     1 BACKWARD OMEGA   
    21     2     2     6   44.970  -93.230   500.0
     1 PRESSURE
     1     1    21     2     2     6     0     0     0.0   44.970  -93.230    500.0    931.1
     1     1    21     2     2     5     0     1    -1.0   44.987  -93.247    510.6    930.3
     1     1    21     2     2     4     0     2    -2.0   45.042  -93.287    525.4    928.3
     1     1    21     2     2     3     0     3    -3.0   45.134  -93.348    542.9    925.1
     1     1    21     2     2     2     0     2    -4.0   45.239  -93.421    560.2    921.8
     1     1    21     2     2     1     0     1    -5.0   45.336  -93.504    577.9    918.7
     1     1    21     2     2     0     0     0    -6.0   45.427  -93.600    598.4    915.4
     1     1    21     2     1    23     0     1    -7.0   45.518  -93.714    616.6    910.9
     1     1    21     2     1    22     0     2    -8.0   45.614  -93.846    623.4    907.9
     1     1    21     2     1    21     0     3    -9.0   45.711  -93.999    612.2    906.4
     1     1    21     2     1    20     0     2   -10.0   45.810  -94.150    600.3    908.9
     1     1    21     2     1    19     0     1   -11.0   45.917  -94.280    607.0    906.8
     1     1    21     2     1    18     0     0   -12.0   46.036  -94.399    629.7    903.5
     1     1    21     2     1    17     0     1   -13.0   46.176  -94.520    662.3    898.3
     1     1    21     2     1    16     0     2   -14.0   46.343  -94.661    699.6    892.9
     1     1    21     2     1    15     0     3   -15.0   46.534  -94.827    740.3    886.5
     1     1    21     2     1    14     0     2   -16.0   46.736  -95.023    777.2    879.5
     1     1    21     2     1    13     0     1   -17.0   46.934  -95.244    801.4    876.5
     1     1    21     2     1    12     0     0   -18.0   47.119  -95.486    813.8    877.9
     1     1    21     2     1    11     0     1   -19.0   47.292  -95.734    823.1    880.7
     1     1    21     2     1    10     0     2   -20.0   47.461  -95.979    836.4    881.8
     1     1    21     2     1     9     0     3   -21.0   47.625  -96.219    854.8    883.2
     1     1    21     2     1     8     0     2   -22.0   47.778  -96.455    870.0    883.6
     1     1    21     2     1     7     0     1   -23.0   47.915  -96.680    877.0    885.3
     1     1    21     2     1     6     0     0   -24.0   48.039  -96.891    879.0    886.9
     1     1    21     2     1     5     0     1   -25.0   48.162  -97.083    887.8    886.2
     1     1    21     2     1     4     0     2   -26.0   48.302  -97.260    909.0    879.9
     1     1    21     2     1     3     0     3   -27.0   48.465  -97.428    930.9    874.4
     1     1    21     2     1     2     0     2   -28.0   48.645  -97.600    947.2    871.6
     1     1    21     2     1     1     0     1   -29.0   48.832  -97.784    967.4    870.0
     1     1    21     2     1     0     0     0   -30.0   49.026  -97.973   1011.9    866.8
