     5     1
    GDAS    21     2     1     0     0
    GDAS    21     2     8     0     0
    GDAS    21     2    15     0     0
    GDAS    21     2    22     0     0
    GDAS    21     3     1     0     0
     1 BACKWARD OMEGA   
    21     2    16    18   37.820  111.540  1000.0
     1 PRESSURE
     1     1    21     2    16    18     0     0     0.0   37.820  111.540   1000.0    778.2
     1     1    21     2    16    17     0     1    -1.0   38.271  111.186   1082.2    775.3
     1     1    21     2    16    16     0     2    -2.0   38.694  110.869   1078.8    782.4
     1     1    21     2    16    15     0     3    -3.0   39.097  110.552   1010.1    788.0
     1     1    21     2    16    14     0     2    -4.0   39.505  110.199    980.8    779.3
     1     1    21     2    16    13     0     1    -5.0   39.922  109.808    982.7    763.0
     1     1    21     2    16    12     0     0    -6.0   40.335  109.403    985.3    764.9
     1     1    21     2    16    11     0     1    -7.0   40.706  109.022    915.0    781.7
     1     1    21     2    16    10     0     2    -8.0   40.961  108.670    749.4    816.0
     1     1    21     2    16     9     0     3    -9.0   41.129  108.326    583.0    835.6
     1     1    21     2    16     8     0     2   -10.0   41.258  107.988    475.4    847.6
     1     1    21     2    16     7     0     1   -11.0   41.347  107.678    418.6    846.8
     1     1    21     2    16     6     0     0   -12.0   41.381  107.404    369.1    848.6
     1     1    21     2    16     5     0     1   -13.0   41.373  107.174    316.4    854.7
     1     1    21     2    16     4     0     2   -14.0   41.333  107.001    270.6    860.5
     1     1    21     2    16     3     0     3   -15.0   41.267  106.871    234.2    863.8
     1     1    21     2    16     2     0     2   -16.0   41.203  106.772    208.7    864.7
     1     1    21     2    16     1     0     1   -17.0   41.155  106.699    195.0    864.3
     1     1    21     2    16     0     0     0   -18.0   41.118  106.652    192.5    862.9
     1     1    21     2    15    23     0     1   -19.0   41.078  106.625    192.0    860.3
     1     1    21     2    15    22     0     2   -20.0   41.019  106.614    183.2    859.4
     1     1    21     2    15    21     0     3   -21.0   40.943  106.625    176.2    860.4
     1     1    21     2    15    20     0     2   -22.0   40.886  106.674    182.2    860.2
     1     1    21     2    15    19     0     1   -23.0   40.881  106.761    186.2    859.7
     1     1    21     2    15    18     0     0   -24.0   40.936  106.889    179.6    862.8
     1     1    21     2    15    17     0     1   -25.0   41.042  107.045    164.5    869.4
     1     1    21     2    15    16     0     2   -26.0   41.167  107.207    158.7    872.6
     1     1    21     2    15    15     0     3   -27.0   41.314  107.382    160.5    871.3
     1     1    21     2    15    14     0     2   -28.0   41.496  107.549    146.5    868.3
     1     1    21     2    15    13     0     1   -29.0   41.711  107.693    100.6    867.6
     1     1    21     2    15    12     0     0   -30.0   41.945  107.841     51.7    867.4
     1     1    21     2    15    11     0     1   -31.0   42.186  107.942     24.4    874.3
     1     1    21     2    15    10     0     2   -32.0   42.430  107.949      7.6    883.2
     1     1    21     2    15     9     0     3   -33.0   42.681  107.888      0.0    891.8
     1     1    21     2    15     8     0     2   -34.0   42.935  107.783      0.0    899.4
     1     1    21     2    15     7     0     1   -35.0   43.183  107.633      4.5    895.6
     1     1    21     2    15     6     0     0   -36.0   43.450  107.424     36.6    884.0
     1     1    21     2    15     5     0     1   -37.0   43.754  107.119     87.4    861.0
     1     1    21     2    15     4     0     2   -38.0   44.083  106.698    149.1    845.1
     1     1    21     2    15     3     0     3   -39.0   44.384  106.214    131.9    843.7
     1     1    21     2    15     2     0     2   -40.0   44.555  105.768     84.9    857.4
     1     1    21     2    15     1     0     1   -41.0   44.652  105.359     58.8    858.8
     1     1    21     2    15     0     0     0   -42.0   44.707  104.943     53.7    855.9
     1     1    21     2    14    23     0     1   -43.0   44.747  104.506     52.0    862.5
     1     1    21     2    14    22     0     2   -44.0   44.797  104.055     48.9    870.6
     1     1    21     2    14    21     0     3   -45.0   44.859  103.531     70.9    865.6
     1     1    21     2    14    20     0     2   -46.0   44.961  102.811    249.1    848.9
     1     1    21     2    14    19     0     1   -47.0   45.151  101.942    515.3    789.0
     1     1    21     2    14    18     0     0   -48.0   45.375  101.208    593.1    768.3
     1     1    21     2    14    17     0     1   -49.0   45.601  100.606    539.0    764.3
     1     1    21     2    14    16     0     2   -50.0   45.809  100.117    555.1    765.2
     1     1    21     2    14    15     0     3   -51.0   46.019   99.645    656.7    762.8
     1     1    21     2    14    14     0     2   -52.0   46.304   99.115    777.6    733.2
     1     1    21     2    14    13     0     1   -53.0   46.708   98.542    945.8    691.9
     1     1    21     2    14    12     0     0   -54.0   47.268   97.921   1380.6    626.1
     1     1    21     2    14    11     0     1   -55.0   47.876   97.240   1731.3    576.6
     1     1    21     2    14    10     0     2   -56.0   48.459   96.547   1847.0    619.4
     1     1    21     2    14     9     0     3   -57.0   49.035   95.813   1972.3    630.2
     1     1    21     2    14     8     0     2   -58.0   49.557   95.062   2070.0    659.5
     1     1    21     2    14     7     0     1   -59.0   49.980   94.314   2063.3    683.3
     1     1    21     2    14     6     0     0   -60.0   50.341   93.561   2023.9    681.1
     1     1    21     2    14     5     0     1   -61.0   50.743   92.768   1987.0    648.9
     1     1    21     2    14     4     0     2   -62.0   51.250   91.897   1921.2    646.1
     1     1    21     2    14     3     0     3   -63.0   51.704   90.965   1928.1    651.7
     1     1    21     2    14     2     0     2   -64.0   52.142   89.971   1995.7    659.3
     1     1    21     2    14     1     0     1   -65.0   52.469   88.937   1991.3    688.1
     1     1    21     2    14     0     0     0   -66.0   52.699   87.949   2078.6    714.9
     1     1    21     2    13    23     0     1   -67.0   52.844   87.090   2097.4    747.7
     1     1    21     2    13    22     0     2   -68.0   52.966   86.353   2040.3    762.7
     1     1    21     2    13    21     0     3   -69.0   53.088   85.686   1971.6    771.6
     1     1    21     2    13    20     0     2   -70.0   53.221   85.056   1929.0    778.3
     1     1    21     2    13    19     0     1   -71.0   53.356   84.443   1920.2    784.6
     1     1    21     2    13    18     0     0   -72.0   53.491   83.847   1922.4    786.1
     1     1    21     2    13    17     0     1   -73.0   53.630   83.249   1919.8    783.9
     1     1    21     2    13    16     0     2   -74.0   53.772   82.634   1918.4    783.4
     1     1    21     2    13    15     0     3   -75.0   53.914   82.016   1918.4    783.0
     1     1    21     2    13    14     0     2   -76.0   54.044   81.391   1921.5    786.7
     1     1    21     2    13    13     0     1   -77.0   54.160   80.762   1921.7    788.8
     1     1    21     2    13    12     0     0   -78.0   54.275   80.150   1920.0    789.2
     1     1    21     2    13    11     0     1   -79.0   54.381   79.558   1918.9    789.7
     1     1    21     2    13    10     0     2   -80.0   54.469   78.991   1915.5    791.8
     1     1    21     2    13     9     0     3   -81.0   54.553   78.455   1913.6    794.2
     1     1    21     2    13     8     0     2   -82.0   54.635   77.947   1914.5    795.1
     1     1    21     2    13     7     0     1   -83.0   54.714   77.459   1918.4    795.0
     1     1    21     2    13     6     0     0   -84.0   54.809   76.984   1928.3    793.7
     1     1    21     2    13     5     0     1   -85.0   54.908   76.512   1936.0    791.9
     1     1    21     2    13     4     0     2   -86.0   54.987   76.041   1942.5    791.7
     1     1    21     2    13     3     0     3   -87.0   55.054   75.562   1951.5    790.0
     1     1    21     2    13     2     0     2   -88.0   55.114   75.078   1955.1    788.4
     1     1    21     2    13     1     0     1   -89.0   55.165   74.601   1949.5    788.7
     1     1    21     2    13     0     0     0   -90.0   55.204   74.124   1926.9    790.6
     1     1    21     2    12    23     0     1   -91.0   55.226   73.658   1906.1    795.8
     1     1    21     2    12    22     0     2   -92.0   55.236   73.217   1914.9    794.7
     1     1    21     2    12    21     0     3   -93.0   55.244   72.788   1954.4    790.8
     1     1    21     2    12    20     0     2   -94.0   55.263   72.366   2019.0    783.1
     1     1    21     2    12    19     0     1   -95.0   55.301   71.944   2079.1    774.2
     1     1    21     2    12    18     0     0   -96.0   55.353   71.520   2106.7    768.0
     1     1    21     2    12    17     0     1   -97.0   55.410   71.094   2118.5    765.7
     1     1    21     2    12    16     0     2   -98.0   55.473   70.663   2134.2    763.2
     1     1    21     2    12    15     0     3   -99.0   55.538   70.227   2150.6    761.2
     1     1    21     2    12    14     0     2  -100.0   55.600   69.775   2164.4    760.0
     1     1    21     2    12    13     0     1  -101.0   55.653   69.299   2178.1    759.9
     1     1    21     2    12    12     0     0  -102.0   55.704   68.789   2192.2    758.0
     1     1    21     2    12    11     0     1  -103.0   55.748   68.266   2199.5    755.6
     1     1    21     2    12    10     0     2  -104.0   55.775   67.756   2201.2    755.1
     1     1    21     2    12     9     0     3  -105.0   55.793   67.236   2201.6    755.1
     1     1    21     2    12     8     0     2  -106.0   55.807   66.711   2202.4    756.2
     1     1    21     2    12     7     0     1  -107.0   55.814   66.201   2202.4    758.8
     1     1    21     2    12     6     0     0  -108.0   55.819   65.685   2198.9    758.8
     1     1    21     2    12     5     0     1  -109.0   55.833   65.158   2191.1    757.0
     1     1    21     2    12     4     0     2  -110.0   55.850   64.645   2188.0    758.3
     1     1    21     2    12     3     0     3  -111.0   55.865   64.148   2187.3    759.8
     1     1    21     2    12     2     0     2  -112.0   55.870   63.644   2176.6    759.4
     1     1    21     2    12     1     0     1  -113.0   55.863   63.108   2161.7    758.6
     1     1    21     2    12     0     0     0  -114.0   55.852   62.530   2158.3    758.9
     1     1    21     2    11    23     0     1  -115.0   55.837   61.949   2160.4    757.3
     1     1    21     2    11    22     0     2  -116.0   55.815   61.409   2157.7    753.8
     1     1    21     2    11    21     0     3  -117.0   55.793   60.894   2155.9    749.0
     1     1    21     2    11    20     0     2  -118.0   55.782   60.380   2159.2    740.2
     1     1    21     2    11    19     0     1  -119.0   55.788   59.844   2179.6    730.9
     1     1    21     2    11    18     0     0  -120.0   55.808   59.283   2204.1    725.0
