     5     1
    GDAS    21     2     1     0     0
    GDAS    21     2     8     0     0
    GDAS    21     2    15     0     0
    GDAS    21     2    22     0     0
    GDAS    21     3     1     0     0
     1 BACKWARD OMEGA   
    21     2    19    15   44.970  -93.230   500.0
     1 PRESSURE
     1     1    21     2    19    15     0     3     0.0   44.970  -93.230    500.0    927.3
     1     1    21     2    19    14     0     2    -1.0   45.038  -93.335    509.2    925.9
     1     1    21     2    19    13     0     1    -2.0   45.117  -93.428    518.9    923.2
     1     1    21     2    19    12     0     0    -3.0   45.207  -93.511    527.1    920.6
     1     1    21     2    19    11     0     1    -4.0   45.294  -93.600    532.9    918.8
     1     1    21     2    19    10     0     2    -5.0   45.365  -93.706    535.2    917.5
     1     1    21     2    19     9     0     3    -6.0   45.423  -93.827    534.6    916.7
     1     1    21     2    19     8     0     2    -7.0   45.476  -93.956    532.1    916.1
     1     1    21     2    19     7     0     1    -8.0   45.531  -94.083    528.7    915.4
     1     1    21     2    19     6     0     0    -9.0   45.586  -94.211    525.8    914.8
     1     1    21     2    19     5     0     1   -10.0   45.643  -94.348    527.8    914.1
     1     1    21     2    19     4     0     2   -11.0   45.704  -94.500    537.9    912.0
     1     1    21     2    19     3     0     3   -12.0   45.770  -94.669    556.1    909.1
     1     1    21     2    19     2     0     2   -13.0   45.843  -94.848    581.0    905.2
     1     1    21     2    19     1     0     1   -14.0   45.928  -95.030    609.7    901.3
     1     1    21     2    19     0     0     0   -15.0   46.023  -95.221    634.6    898.4
     1     1    21     2    18    23     0     1   -16.0   46.100  -95.424    645.7    897.5
     1     1    21     2    18    22     0     2   -17.0   46.141  -95.642    644.5    899.3
     1     1    21     2    18    21     0     3   -18.0   46.148  -95.868    638.2    902.1
     1     1    21     2    18    20     0     2   -19.0   46.146  -96.089    630.4    904.8
     1     1    21     2    18    19     0     1   -20.0   46.161  -96.290    620.5    906.7
     1     1    21     2    18    18     0     0   -21.0   46.182  -96.469    610.4    909.0
     1     1    21     2    18    17     0     1   -22.0   46.210  -96.648    601.5    910.4
     1     1    21     2    18    16     0     2   -23.0   46.251  -96.847    592.8    912.5
     1     1    21     2    18    15     0     3   -24.0   46.318  -97.068    587.5    913.7
     1     1    21     2    18    14     0     2   -25.0   46.393  -97.299    581.0    911.5
     1     1    21     2    18    13     0     1   -26.0   46.464  -97.537    573.2    910.3
     1     1    21     2    18    12     0     0   -27.0   46.537  -97.788    573.1    907.8
     1     1    21     2    18    11     0     1   -28.0   46.624  -98.052    580.2    903.1
     1     1    21     2    18    10     0     2   -29.0   46.724  -98.319    592.2    897.5
     1     1    21     2    18     9     0     3   -30.0   46.836  -98.589    611.5    891.3
     1     1    21     2    18     8     0     2   -31.0   46.953  -98.858    631.2    884.4
     1     1    21     2    18     7     0     1   -32.0   47.071  -99.124    637.1    881.2
     1     1    21     2    18     6     0     0   -33.0   47.190  -99.395    622.2    883.9
     1     1    21     2    18     5     0     1   -34.0   47.298  -99.667    600.7    888.7
     1     1    21     2    18     4     0     2   -35.0   47.399  -99.931    585.8    891.0
     1     1    21     2    18     3     0     3   -36.0   47.498 -100.186    577.5    891.3
     1     1    21     2    18     2     0     2   -37.0   47.594 -100.438    575.6    889.6
     1     1    21     2    18     1     0     1   -38.0   47.688 -100.690    579.1    887.4
     1     1    21     2    18     0     0     0   -39.0   47.782 -100.942    587.8    884.6
     1     1    21     2    17    23     0     1   -40.0   47.863 -101.187    594.1    880.3
     1     1    21     2    17    22     0     2   -41.0   47.921 -101.422    592.2    877.2
     1     1    21     2    17    21     0     3   -42.0   47.966 -101.646    585.3    874.7
     1     1    21     2    17    20     0     2   -43.0   48.010 -101.860    572.1    872.5
     1     1    21     2    17    19     0     1   -44.0   48.058 -102.062    548.9    873.3
     1     1    21     2    17    18     0     0   -45.0   48.106 -102.247    521.1    877.4
     1     1    21     2    17    17     0     1   -46.0   48.149 -102.418    501.9    880.4
     1     1    21     2    17    16     0     2   -47.0   48.191 -102.580    495.0    880.4
     1     1    21     2    17    15     0     3   -48.0   48.233 -102.733    492.8    879.8
     1     1    21     2    17    14     0     2   -49.0   48.270 -102.881    489.9    879.5
     1     1    21     2    17    13     0     1   -50.0   48.300 -103.028    487.5    879.9
     1     1    21     2    17    12     0     0   -51.0   48.324 -103.166    492.9    879.8
     1     1    21     2    17    11     0     1   -52.0   48.343 -103.280    503.0    877.7
     1     1    21     2    17    10     0     2   -53.0   48.353 -103.358    509.3    876.5
     1     1    21     2    17     9     0     3   -54.0   48.354 -103.399    509.6    876.0
     1     1    21     2    17     8     0     2   -55.0   48.344 -103.427    507.6    876.4
     1     1    21     2    17     7     0     1   -56.0   48.326 -103.467    507.6    876.2
     1     1    21     2    17     6     0     0   -57.0   48.301 -103.517    508.8    875.7
     1     1    21     2    17     5     0     1   -58.0   48.258 -103.567    508.4    875.6
     1     1    21     2    17     4     0     2   -59.0   48.184 -103.603    503.8    876.3
     1     1    21     2    17     3     0     3   -60.0   48.075 -103.621    495.2    877.6
     1     1    21     2    17     2     0     2   -61.0   47.948 -103.621    486.4    877.7
     1     1    21     2    17     1     0     1   -62.0   47.821 -103.619    480.5    875.1
     1     1    21     2    17     0     0     0   -63.0   47.695 -103.624    476.2    872.3
     1     1    21     2    16    23     0     1   -64.0   47.558 -103.633    470.1    869.1
     1     1    21     2    16    22     0     2   -65.0   47.394 -103.644    461.6    866.0
     1     1    21     2    16    21     0     3   -66.0   47.198 -103.655    455.6    861.8
     1     1    21     2    16    20     0     2   -67.0   46.972 -103.669    456.1    856.6
     1     1    21     2    16    19     0     1   -68.0   46.726 -103.673    460.3    853.9
     1     1    21     2    16    18     0     0   -69.0   46.465 -103.653    465.2    851.7
     1     1    21     2    16    17     0     1   -70.0   46.199 -103.613    471.5    849.1
     1     1    21     2    16    16     0     2   -71.0   45.940 -103.553    479.0    846.8
     1     1    21     2    16    15     0     3   -72.0   45.698 -103.467    482.8    845.5
     1     1    21     2    16    14     0     2   -73.0   45.464 -103.350    481.3    846.4
     1     1    21     2    16    13     0     1   -74.0   45.225 -103.205    478.9    847.9
     1     1    21     2    16    12     0     0   -75.0   44.985 -103.041    478.5    849.7
     1     1    21     2    16    11     0     1   -76.0   44.743 -102.867    475.5    850.7
     1     1    21     2    16    10     0     2   -77.0   44.504 -102.682    466.0    853.5
     1     1    21     2    16     9     0     3   -78.0   44.268 -102.483    451.4    856.9
     1     1    21     2    16     8     0     2   -79.0   44.041 -102.285    433.3    861.2
     1     1    21     2    16     7     0     1   -80.0   43.816 -102.121    418.4    861.2
     1     1    21     2    16     6     0     0   -81.0   43.575 -102.021    416.4    856.7
     1     1    21     2    16     5     0     1   -82.0   43.299 -101.999    432.4    847.4
     1     1    21     2    16     4     0     2   -83.0   42.985 -102.066    467.4    835.4
     1     1    21     2    16     3     0     3   -84.0   42.681 -102.188    502.2    826.0
     1     1    21     2    16     2     0     2   -85.0   42.408 -102.332    527.0    819.8
     1     1    21     2    16     1     0     1   -86.0   42.178 -102.498    551.3    813.3
     1     1    21     2    16     0     0     0   -87.0   42.000 -102.688    588.3    805.7
     1     1    21     2    15    23     0     1   -88.0   41.877 -102.916    634.3    797.9
     1     1    21     2    15    22     0     2   -89.0   41.799 -103.180    663.2    791.8
     1     1    21     2    15    21     0     3   -90.0   41.757 -103.477    658.4    789.7
     1     1    21     2    15    20     0     2   -91.0   41.741 -103.808    628.8    791.7
     1     1    21     2    15    19     0     1   -92.0   41.765 -104.191    577.1    791.1
     1     1    21     2    15    18     0     0   -93.0   41.816 -104.644    502.9    789.8
     1     1    21     2    15    17     0     1   -94.0   41.868 -105.201    408.6    779.8
     1     1    21     2    15    16     0     2   -95.0   41.853 -105.836    303.8    753.5
     1     1    21     2    15    15     0     3   -96.0   41.757 -106.393    249.6    747.6
     1     1    21     2    15    14     0     2   -97.0   41.637 -106.814    219.6    741.7
     1     1    21     2    15    13     0     1   -98.0   41.529 -107.111    187.9    742.9
     1     1    21     2    15    12     0     0   -99.0   41.437 -107.323    158.0    751.6
     1     1    21     2    15    11     0     1  -100.0   41.352 -107.488    133.6    758.0
     1     1    21     2    15    10     0     2  -101.0   41.267 -107.612    111.5    763.9
     1     1    21     2    15     9     0     3  -102.0   41.180 -107.708     93.0    769.2
     1     1    21     2    15     8     0     2  -103.0   41.097 -107.783     80.1    775.4
     1     1    21     2    15     7     0     1  -104.0   41.022 -107.845     73.4    781.0
     1     1    21     2    15     6     0     0  -105.0   40.956 -107.895     71.2    785.3
     1     1    21     2    15     5     0     1  -106.0   40.900 -107.935     71.8    786.3
     1     1    21     2    15     4     0     2  -107.0   40.855 -107.964     73.0    786.9
     1     1    21     2    15     3     0     3  -108.0   40.821 -107.985     73.7    787.3
     1     1    21     2    15     2     0     2  -109.0   40.799 -107.999     74.9    786.8
     1     1    21     2    15     1     0     1  -110.0   40.787 -108.008     77.7    785.0
     1     1    21     2    15     0     0     0  -111.0   40.785 -108.012     82.3    783.4
     1     1    21     2    14    23     0     1  -112.0   40.809 -108.013     88.2    783.2
     1     1    21     2    14    22     0     2  -113.0   40.873 -108.014     96.1    783.6
     1     1    21     2    14    21     0     3  -114.0   40.982 -108.012    109.3    784.5
     1     1    21     2    14    20     0     2  -115.0   41.110 -108.006    125.3    782.6
     1     1    21     2    14    19     0     1  -116.0   41.226 -107.996    134.3    780.8
     1     1    21     2    14    18     0     0  -117.0   41.332 -107.981    133.7    779.5
     1     1    21     2    14    17     0     1  -118.0   41.440 -107.954    126.9    779.3
     1     1    21     2    14    16     0     2  -119.0   41.554 -107.905    117.6    778.3
     1     1    21     2    14    15     0     3  -120.0   41.670 -107.832    106.4    777.7
