     5     1
    GDAS    21     2     1     0     0
    GDAS    21     2     8     0     0
    GDAS    21     2    15     0     0
    GDAS    21     2    22     0     0
    GDAS    21     3     1     0     0
     1 BACKWARD OMEGA   
    21     2     4    21   44.970  -93.230   500.0
     1 PRESSURE
     1     1    21     2     4    21     0     3     0.0   44.970  -93.230    500.0    906.4
     1     1    21     2     4    20     0     2    -1.0   45.314  -93.777    525.2    903.6
     1     1    21     2     4    19     0     1    -2.0   45.664  -94.280    567.5    888.5
     1     1    21     2     4    18     0     0    -3.0   45.987  -94.748    593.2    882.6
     1     1    21     2     4    17     0     1    -4.0   46.302  -95.214    613.4    880.9
     1     1    21     2     4    16     0     2    -5.0   46.641  -95.683    622.7    880.8
     1     1    21     2     4    15     0     3    -6.0   47.015  -96.114    621.5    883.9
     1     1    21     2     4    14     0     2    -7.0   47.412  -96.499    598.4    891.0
     1     1    21     2     4    13     0     1    -8.0   47.825  -96.885    536.4    903.1
     1     1    21     2     4    12     0     0    -9.0   48.253  -97.330    499.3    909.5
     1     1    21     2     4    11     0     1   -10.0   48.686  -97.814    543.7    899.4
     1     1    21     2     4    10     0     2   -11.0   49.124  -98.291    602.1    886.8
     1     1    21     2     4     9     0     3   -12.0   49.552  -98.749    631.8    882.9
     1     1    21     2     4     8     0     2   -13.0   49.964  -99.146    630.2    884.1
     1     1    21     2     4     7     0     1   -14.0   50.369  -99.506    615.5    886.4
     1     1    21     2     4     6     0     0   -15.0   50.749  -99.871    578.9    883.8
     1     1    21     2     4     5     0     1   -16.0   51.088 -100.262    503.5    890.2
     1     1    21     2     4     4     0     2   -17.0   51.396 -100.703    418.3    895.8
     1     1    21     2     4     3     0     3   -18.0   51.667 -101.141    300.6    901.4
     1     1    21     2     4     2     0     2   -19.0   51.871 -101.544    191.4    929.5
     1     1    21     2     4     1     0     1   -20.0   52.057 -101.893    174.3    937.3
     1     1    21     2     4     0     0     0   -21.0   52.281 -102.230    228.2    925.8
     1     1    21     2     3    23     0     1   -22.0   52.532 -102.553    295.5    911.2
     1     1    21     2     3    22     0     2   -23.0   52.779 -102.871    341.7    901.2
     1     1    21     2     3    21     0     3   -24.0   53.007 -103.210    349.8    900.9
     1     1    21     2     3    20     0     2   -25.0   53.211 -103.555    316.7    914.7
     1     1    21     2     3    19     0     1   -26.0   53.410 -103.865    268.0    925.5
     1     1    21     2     3    18     0     0   -27.0   53.619 -104.131    229.7    930.1
     1     1    21     2     3    17     0     1   -28.0   53.849 -104.356    220.1    926.6
     1     1    21     2     3    16     0     2   -29.0   54.102 -104.550    235.2    920.5
     1     1    21     2     3    15     0     3   -30.0   54.364 -104.703    247.3    920.1
     1     1    21     2     3    14     0     2   -31.0   54.626 -104.812    238.3    925.9
     1     1    21     2     3    13     0     1   -32.0   54.885 -104.892    212.7    935.8
     1     1    21     2     3    12     0     0   -33.0   55.139 -104.958    187.7    942.9
     1     1    21     2     3    11     0     1   -34.0   55.382 -104.989    172.9    943.2
     1     1    21     2     3    10     0     2   -35.0   55.611 -104.972    169.0    942.2
     1     1    21     2     3     9     0     3   -36.0   55.838 -104.906    178.9    939.0
     1     1    21     2     3     8     0     2   -37.0   56.069 -104.775    202.1    933.6
     1     1    21     2     3     7     0     1   -38.0   56.304 -104.581    222.1    927.5
     1     1    21     2     3     6     0     0   -39.0   56.534 -104.343    225.4    926.9
     1     1    21     2     3     5     0     1   -40.0   56.756 -104.081    212.6    931.1
     1     1    21     2     3     4     0     2   -41.0   56.960 -103.810    187.5    937.7
     1     1    21     2     3     3     0     3   -42.0   57.141 -103.535    160.0    944.4
     1     1    21     2     3     2     0     2   -43.0   57.303 -103.264    139.4    948.8
     1     1    21     2     3     1     0     1   -44.0   57.458 -103.004    127.4    950.2
     1     1    21     2     3     0     0     0   -45.0   57.603 -102.753    120.7    951.1
     1     1    21     2     2    23     0     1   -46.0   57.731 -102.511    113.7    952.2
     1     1    21     2     2    22     0     2   -47.0   57.839 -102.292    103.4    954.7
     1     1    21     2     2    21     0     3   -48.0   57.932 -102.108     92.1    957.7
     1     1    21     2     2    20     0     2   -49.0   58.000 -101.955     81.9    960.0
     1     1    21     2     2    19     0     1   -50.0   58.033 -101.818     74.0    960.2
     1     1    21     2     2    18     0     0   -51.0   58.033 -101.696     68.0    960.6
     1     1    21     2     2    17     0     1   -52.0   58.013 -101.600     64.3    961.0
     1     1    21     2     2    16     0     2   -53.0   57.981 -101.537     62.7    961.2
     1     1    21     2     2    15     0     3   -54.0   57.938 -101.505     62.5    961.3
     1     1    21     2     2    14     0     2   -55.0   57.873 -101.492     62.1    961.5
     1     1    21     2     2    13     0     1   -56.0   57.778 -101.486     60.2    962.2
     1     1    21     2     2    12     0     0   -57.0   57.656 -101.486     57.3    963.2
     1     1    21     2     2    11     0     1   -58.0   57.521 -101.474     54.0    964.4
     1     1    21     2     2    10     0     2   -59.0   57.377 -101.430     50.9    965.3
     1     1    21     2     2     9     0     3   -60.0   57.225 -101.356     48.5    966.3
     1     1    21     2     2     8     0     2   -61.0   57.067 -101.246     46.2    967.1
     1     1    21     2     2     7     0     1   -62.0   56.905 -101.091     42.6    968.1
     1     1    21     2     2     6     0     0   -63.0   56.742 -100.894     38.0    969.8
     1     1    21     2     2     5     0     1   -64.0   56.590 -100.679     32.0    972.8
     1     1    21     2     2     4     0     2   -65.0   56.454 -100.465     25.0    976.3
     1     1    21     2     2     3     0     3   -66.0   56.330 -100.247     18.9    980.0
     1     1    21     2     2     2     0     2   -67.0   56.219 -100.027     15.3    982.9
     1     1    21     2     2     1     0     1   -68.0   56.125  -99.814     13.8    984.7
     1     1    21     2     2     0     0     0   -69.0   56.049  -99.616     12.9    986.0
     1     1    21     2     1    23     0     1   -70.0   55.984  -99.440     12.3    987.9
     1     1    21     2     1    22     0     2   -71.0   55.922  -99.294     12.2    989.5
     1     1    21     2     1    21     0     3   -72.0   55.864  -99.174     12.9    991.0
     1     1    21     2     1    20     0     2   -73.0   55.808  -99.076     14.3    991.3
     1     1    21     2     1    19     0     1   -74.0   55.752  -98.996     16.4    991.5
     1     1    21     2     1    18     0     0   -75.0   55.696  -98.932     19.3    991.5
     1     1    21     2     1    17     0     1   -76.0   55.644  -98.883     22.0    991.4
     1     1    21     2     1    16     0     2   -77.0   55.601  -98.847     23.7    991.5
     1     1    21     2     1    15     0     3   -78.0   55.568  -98.824     24.4    991.7
     1     1    21     2     1    14     0     2   -79.0   55.543  -98.815     24.7    991.8
     1     1    21     2     1    13     0     1   -80.0   55.524  -98.819     25.2    991.8
     1     1    21     2     1    12     0     0   -81.0   55.509  -98.838     26.1    991.5
     1     1    21     2     1    11     0     1   -82.0   55.495  -98.865     26.7    991.9
     1     1    21     2     1    10     0     2   -83.0   55.480  -98.896     26.8    992.4
     1     1    21     2     1     9     0     3   -84.0   55.462  -98.931     26.1    993.1
     1     1    21     2     1     8     0     2   -85.0   55.448  -98.965     25.3    993.0
     1     1    21     2     1     7     0     1   -86.0   55.442  -98.996     24.8    992.7
     1     1    21     2     1     6     0     0   -87.0   55.443  -99.025     24.6    992.4
     1     1    21     2     1     5     0     1   -88.0   55.449  -99.054     24.6    992.2
     1     1    21     2     1     4     0     2   -89.0   55.458  -99.084     24.6    992.1
     1     1    21     2     1     3     0     3   -90.0   55.470  -99.115     24.6    991.9
     1     1    21     2     1     2     0     2   -91.0   55.487  -99.150     25.0    991.8
     1     1    21     2     1     1     0     1   -92.0   55.510  -99.194     26.1    991.5
     1     1    21     2     1     0     0     0   -93.0   55.539  -99.244     28.1    991.0
