     5     1
    GDAS    21     2     1     0     0
    GDAS    21     2     8     0     0
    GDAS    21     2    15     0     0
    GDAS    21     2    22     0     0
    GDAS    21     3     1     0     0
     1 BACKWARD OMEGA   
    21     2    25    21   37.820  111.540  1000.0
     1 PRESSURE
     1     1    21     2    25    21     0     3     0.0   37.820  111.540   1000.0    777.4
     1     1    21     2    25    20     0     2    -1.0   37.668  111.768   1019.9    774.4
     1     1    21     2    25    19     0     1    -2.0   37.547  112.000   1031.2    775.4
     1     1    21     2    25    18     0     0    -3.0   37.463  112.228   1043.6    777.3
     1     1    21     2    25    17     0     1    -4.0   37.413  112.459   1050.9    777.0
     1     1    21     2    25    16     0     2    -5.0   37.387  112.703   1044.1    779.2
     1     1    21     2    25    15     0     3    -6.0   37.375  112.969   1032.9    781.8
     1     1    21     2    25    14     0     2    -7.0   37.389  113.233   1034.6    795.4
     1     1    21     2    25    13     0     1    -8.0   37.436  113.467   1050.0    807.3
     1     1    21     2    25    12     0     0    -9.0   37.504  113.670   1084.3    816.7
     1     1    21     2    25    11     0     1   -10.0   37.582  113.848   1125.5    822.7
     1     1    21     2    25    10     0     2   -11.0   37.663  114.003   1155.3    830.7
     1     1    21     2    25     9     0     3   -12.0   37.743  114.137   1178.0    837.6
     1     1    21     2    25     8     0     2   -13.0   37.822  114.257   1198.6    842.9
     1     1    21     2    25     7     0     1   -14.0   37.902  114.361   1213.2    847.6
     1     1    21     2    25     6     0     0   -15.0   37.983  114.446   1215.5    852.2
     1     1    21     2    25     5     0     1   -16.0   38.052  114.521   1201.1    855.8
     1     1    21     2    25     4     0     2   -17.0   38.100  114.603   1170.5    861.7
     1     1    21     2    25     3     0     3   -18.0   38.132  114.696   1122.1    870.6
     1     1    21     2    25     2     0     2   -19.0   38.164  114.800   1079.0    881.9
     1     1    21     2    25     1     0     1   -20.0   38.204  114.910   1073.3    887.1
     1     1    21     2    25     0     0     0   -21.0   38.247  115.019   1111.1    886.1
     1     1    21     2    24    23     0     1   -22.0   38.284  115.103   1150.8    876.6
     1     1    21     2    24    22     0     2   -23.0   38.314  115.146   1159.6    875.4
     1     1    21     2    24    21     0     3   -24.0   38.336  115.150   1144.3    876.5
     1     1    21     2    24    20     0     2   -25.0   38.348  115.142   1120.3    880.0
     1     1    21     2    24    19     0     1   -26.0   38.352  115.145   1101.7    881.9
     1     1    21     2    24    18     0     0   -27.0   38.348  115.159   1089.8    883.5
     1     1    21     2    24    17     0     1   -28.0   38.326  115.180   1090.8    885.0
     1     1    21     2    24    16     0     2   -29.0   38.278  115.207   1109.9    884.7
     1     1    21     2    24    15     0     3   -30.0   38.203  115.242   1148.6    883.4
     1     1    21     2    24    14     0     2   -31.0   38.113  115.288   1195.9    878.9
     1     1    21     2    24    13     0     1   -32.0   38.020  115.345   1230.9    876.5
     1     1    21     2    24    12     0     0   -33.0   37.925  115.417   1252.8    874.6
     1     1    21     2    24    11     0     1   -34.0   37.836  115.501   1284.2    873.1
     1     1    21     2    24    10     0     2   -35.0   37.750  115.585   1346.0    866.4
     1     1    21     2    24     9     0     3   -36.0   37.658  115.663   1437.9    856.4
     1     1    21     2    24     8     0     2   -37.0   37.565  115.734   1514.2    843.6
     1     1    21     2    24     7     0     1   -38.0   37.476  115.801   1532.2    841.3
     1     1    21     2    24     6     0     0   -39.0   37.384  115.872   1489.3    845.9
     1     1    21     2    24     5     0     1   -40.0   37.272  115.949   1434.8    857.7
     1     1    21     2    24     4     0     2   -41.0   37.132  116.011   1421.3    860.2
     1     1    21     2    24     3     0     3   -42.0   36.960  116.049   1450.3    857.8
     1     1    21     2    24     2     0     2   -43.0   36.796  116.098   1464.3    850.5
     1     1    21     2    24     1     0     1   -44.0   36.670  116.190   1420.9    855.3
     1     1    21     2    24     0     0     0   -45.0   36.569  116.316   1329.0    864.8
     1     1    21     2    23    23     0     1   -46.0   36.484  116.460   1230.2    879.2
     1     1    21     2    23    22     0     2   -47.0   36.415  116.605   1159.3    886.1
     1     1    21     2    23    21     0     3   -48.0   36.368  116.750   1111.8    890.0
     1     1    21     2    23    20     0     2   -49.0   36.328  116.889   1083.8    891.8
     1     1    21     2    23    19     0     1   -50.0   36.278  117.019   1074.8    891.2
     1     1    21     2    23    18     0     0   -51.0   36.214  117.145   1080.9    886.1
     1     1    21     2    23    17     0     1   -52.0   36.141  117.267   1088.6    879.7
     1     1    21     2    23    16     0     2   -53.0   36.064  117.384   1095.5    874.8
     1     1    21     2    23    15     0     3   -54.0   35.985  117.490   1113.5    868.9
     1     1    21     2    23    14     0     2   -55.0   35.904  117.577   1138.6    863.8
     1     1    21     2    23    13     0     1   -56.0   35.815  117.649   1165.1    860.8
     1     1    21     2    23    12     0     0   -57.0   35.711  117.710   1198.4    857.9
     1     1    21     2    23    11     0     1   -58.0   35.591  117.766   1230.1    855.2
     1     1    21     2    23    10     0     2   -59.0   35.453  117.828   1247.7    855.7
     1     1    21     2    23     9     0     3   -60.0   35.297  117.894   1247.2    859.1
     1     1    21     2    23     8     0     2   -61.0   35.126  117.984   1233.8    865.5
     1     1    21     2    23     7     0     1   -62.0   34.944  118.125   1219.5    873.5
     1     1    21     2    23     6     0     0   -63.0   34.765  118.326   1207.2    878.1
     1     1    21     2    23     5     0     1   -64.0   34.598  118.569   1190.8    882.4
     1     1    21     2    23     4     0     2   -65.0   34.448  118.853   1156.9    888.2
     1     1    21     2    23     3     0     3   -66.0   34.325  119.177   1105.7    895.8
     1     1    21     2    23     2     0     2   -67.0   34.248  119.524   1067.2    902.4
     1     1    21     2    23     1     0     1   -68.0   34.228  119.865   1057.9    902.7
     1     1    21     2    23     0     0     0   -69.0   34.260  120.189   1068.4    900.8
     1     1    21     2    22    23     0     1   -70.0   34.351  120.490   1102.1    898.0
     1     1    21     2    22    22     0     2   -71.0   34.499  120.755   1143.1    891.4
     1     1    21     2    22    21     0     3   -72.0   34.700  120.990   1139.0    888.8
     1     1    21     2    22    20     0     2   -73.0   34.949  121.225   1128.3    897.2
     1     1    21     2    22    19     0     1   -74.0   35.252  121.426   1171.7    891.4
     1     1    21     2    22    18     0     0   -75.0   35.600  121.568   1235.7    880.8
     1     1    21     2    22    17     0     1   -76.0   35.981  121.649   1284.6    874.4
     1     1    21     2    22    16     0     2   -77.0   36.395  121.671   1330.9    869.5
     1     1    21     2    22    15     0     3   -78.0   36.861  121.619   1378.1    859.0
     1     1    21     2    22    14     0     2   -79.0   37.363  121.504   1407.5    855.1
     1     1    21     2    22    13     0     1   -80.0   37.873  121.335   1429.0    856.9
     1     1    21     2    22    12     0     0   -81.0   38.381  121.117   1504.3    855.1
     1     1    21     2    22    11     0     1   -82.0   38.867  120.793   1688.4    834.1
     1     1    21     2    22    10     0     2   -83.0   39.325  120.362   1883.0    805.6
     1     1    21     2    22     9     0     3   -84.0   39.700  119.952   1884.7    793.5
     1     1    21     2    22     8     0     2   -85.0   39.984  119.682   1670.8    825.0
     1     1    21     2    22     7     0     1   -86.0   40.233  119.485   1431.3    842.2
     1     1    21     2    22     6     0     0   -87.0   40.463  119.297   1196.2    847.6
     1     1    21     2    22     5     0     1   -88.0   40.674  119.120    965.9    861.5
     1     1    21     2    22     4     0     2   -89.0   40.879  118.960    782.8    865.9
     1     1    21     2    22     3     0     3   -90.0   41.096  118.798    665.1    875.2
     1     1    21     2    22     2     0     2   -91.0   41.364  118.605    643.6    869.7
     1     1    21     2    22     1     0     1   -92.0   41.688  118.366    698.7    844.5
     1     1    21     2    22     0     0     0   -93.0   42.064  118.075    767.7    807.3
     1     1    21     2    21    23     0     1   -94.0   42.496  117.621    843.6    788.7
     1     1    21     2    21    22     0     2   -95.0   42.974  116.958    948.9    766.1
     1     1    21     2    21    21     0     3   -96.0   43.427  116.294    999.8    765.4
     1     1    21     2    21    20     0     2   -97.0   43.834  115.720    999.8    780.9
     1     1    21     2    21    19     0     1   -98.0   44.210  115.183   1010.8    777.5
     1     1    21     2    21    18     0     0   -99.0   44.599  114.602   1126.5    760.4
     1     1    21     2    21    17     0     1  -100.0   45.018  113.909   1404.2    719.1
     1     1    21     2    21    16     0     2  -101.0   45.428  113.183   1637.9    710.0
     1     1    21     2    21    15     0     3  -102.0   45.813  112.518   1735.8    708.4
     1     1    21     2    21    14     0     2  -103.0   46.185  111.890   1729.2    710.3
     1     1    21     2    21    13     0     1  -104.0   46.562  111.253   1693.6    707.5
     1     1    21     2    21    12     0     0  -105.0   46.941  110.584   1686.4    704.3
     1     1    21     2    21    11     0     1  -106.0   47.307  109.933   1694.3    707.2
     1     1    21     2    21    10     0     2  -107.0   47.693  109.212   1703.2    673.7
     1     1    21     2    21     9     0     3  -108.0   48.089  108.321   1725.0    653.0
     1     1    21     2    21     8     0     2  -109.0   48.466  107.419   1810.1    659.1
     1     1    21     2    21     7     0     1  -110.0   48.807  106.650   1819.7    687.8
     1     1    21     2    21     6     0     0  -111.0   49.123  105.978   1798.3    720.6
     1     1    21     2    21     5     0     1  -112.0   49.390  105.363   1757.4    726.3
     1     1    21     2    21     4     0     2  -113.0   49.610  104.758   1716.4    712.0
     1     1    21     2    21     3     0     3  -114.0   49.791  104.160   1689.6    694.6
     1     1    21     2    21     2     0     2  -115.0   50.000  103.523   1654.7    679.4
     1     1    21     2    21     1     0     1  -116.0   50.275  102.868   1572.4    678.0
     1     1    21     2    21     0     0     0  -117.0   50.616  102.216   1619.0    668.0
     1     1    21     2    20    23     0     1  -118.0   51.027  101.423   1797.0    625.8
     1     1    21     2    20    22     0     2  -119.0   51.449  100.439   1997.2    598.6
     1     1    21     2    20    21     0     3  -120.0   51.812   99.306   2321.6    560.4
