     5     1
    GDAS    21     2     1     0     0
    GDAS    21     2     8     0     0
    GDAS    21     2    15     0     0
    GDAS    21     2    22     0     0
    GDAS    21     3     1     0     0
     1 BACKWARD OMEGA   
    21     2    18    18   44.970  -93.230   500.0
     1 PRESSURE
     1     1    21     2    18    18     0     0     0.0   44.970  -93.230    500.0    930.4
     1     1    21     2    18    17     0     1    -1.0   44.914  -93.315    485.1    932.6
     1     1    21     2    18    16     0     2    -2.0   44.862  -93.406    481.5    932.7
     1     1    21     2    18    15     0     3    -3.0   44.816  -93.499    487.3    931.9
     1     1    21     2    18    14     0     2    -4.0   44.777  -93.595    491.3    929.5
     1     1    21     2    18    13     0     1    -5.0   44.745  -93.690    482.2    930.4
     1     1    21     2    18    12     0     0    -6.0   44.721  -93.782    460.6    933.0
     1     1    21     2    18    11     0     1    -7.0   44.694  -93.889    436.9    938.0
     1     1    21     2    18    10     0     2    -8.0   44.651  -94.028    419.8    940.5
     1     1    21     2    18     9     0     3    -9.0   44.593  -94.197    410.5    940.0
     1     1    21     2    18     8     0     2   -10.0   44.519  -94.377    406.8    937.6
     1     1    21     2    18     7     0     1   -11.0   44.424  -94.550    405.5    935.3
     1     1    21     2    18     6     0     0   -12.0   44.304  -94.719    409.5    932.2
     1     1    21     2    18     5     0     1   -13.0   44.166  -94.878    427.6    927.8
     1     1    21     2    18     4     0     2   -14.0   44.030  -95.027    463.9    919.7
     1     1    21     2    18     3     0     3   -15.0   43.904  -95.169    504.5    910.7
     1     1    21     2    18     2     0     2   -16.0   43.787  -95.309    530.0    904.4
     1     1    21     2    18     1     0     1   -17.0   43.669  -95.449    534.6    902.6
     1     1    21     2    18     0     0     0   -18.0   43.549  -95.589    521.9    903.1
     1     1    21     2    17    23     0     1   -19.0   43.410  -95.718    500.7    906.8
     1     1    21     2    17    22     0     2   -20.0   43.237  -95.829    481.9    910.5
     1     1    21     2    17    21     0     3   -21.0   43.037  -95.916    469.9    914.6
     1     1    21     2    17    20     0     2   -22.0   42.820  -95.989    464.1    917.0
     1     1    21     2    17    19     0     1   -23.0   42.594  -96.056    461.6    918.9
     1     1    21     2    17    18     0     0   -24.0   42.356  -96.123    461.9    920.0
     1     1    21     2    17    17     0     1   -25.0   42.106  -96.194    462.8    919.9
     1     1    21     2    17    16     0     2   -26.0   41.847  -96.267    459.8    919.2
     1     1    21     2    17    15     0     3   -27.0   41.582  -96.333    449.5    919.2
     1     1    21     2    17    14     0     2   -28.0   41.323  -96.391    437.1    920.3
     1     1    21     2    17    13     0     1   -29.0   41.081  -96.441    429.3    920.2
     1     1    21     2    17    12     0     0   -30.0   40.854  -96.486    427.0    919.9
     1     1    21     2    17    11     0     1   -31.0   40.631  -96.533    426.6    919.6
     1     1    21     2    17    10     0     2   -32.0   40.400  -96.582    422.5    920.3
     1     1    21     2    17     9     0     3   -33.0   40.153  -96.624    409.8    922.2
     1     1    21     2    17     8     0     2   -34.0   39.898  -96.647    393.8    926.0
     1     1    21     2    17     7     0     1   -35.0   39.654  -96.648    381.1    928.4
     1     1    21     2    17     6     0     0   -36.0   39.429  -96.631    366.2    930.8
     1     1    21     2    17     5     0     1   -37.0   39.213  -96.580    347.1    934.5
     1     1    21     2    17     4     0     2   -38.0   38.996  -96.477    327.6    938.4
     1     1    21     2    17     3     0     3   -39.0   38.777  -96.329    315.5    940.4
     1     1    21     2    17     2     0     2   -40.0   38.581  -96.161    310.2    940.0
     1     1    21     2    17     1     0     1   -41.0   38.431  -95.990    301.9    940.9
     1     1    21     2    17     0     0     0   -42.0   38.321  -95.817    286.8    944.0
     1     1    21     2    16    23     0     1   -43.0   38.240  -95.663    272.7    948.4
     1     1    21     2    16    22     0     2   -44.0   38.177  -95.552    266.6    950.0
     1     1    21     2    16    21     0     3   -45.0   38.130  -95.487    266.4    950.5
     1     1    21     2    16    20     0     2   -46.0   38.085  -95.456    268.9    950.4
     1     1    21     2    16    19     0     1   -47.0   38.031  -95.446    270.7    950.8
     1     1    21     2    16    18     0     0   -48.0   37.965  -95.457    273.1    951.2
     1     1    21     2    16    17     0     1   -49.0   37.899  -95.470    277.3    950.6
     1     1    21     2    16    16     0     2   -50.0   37.847  -95.468    281.5    949.8
     1     1    21     2    16    15     0     3   -51.0   37.808  -95.451    283.2    949.6
     1     1    21     2    16    14     0     2   -52.0   37.792  -95.420    283.0    949.7
     1     1    21     2    16    13     0     1   -53.0   37.809  -95.375    282.9    949.6
     1     1    21     2    16    12     0     0   -54.0   37.861  -95.317    282.9    949.5
     1     1    21     2    16    11     0     1   -55.0   37.939  -95.269    286.1    949.8
     1     1    21     2    16    10     0     2   -56.0   38.033  -95.248    296.0    948.7
     1     1    21     2    16     9     0     3   -57.0   38.141  -95.254    311.7    946.6
     1     1    21     2    16     8     0     2   -58.0   38.264  -95.264    332.3    943.9
     1     1    21     2    16     7     0     1   -59.0   38.408  -95.255    358.7    940.6
     1     1    21     2    16     6     0     0   -60.0   38.568  -95.225    391.3    937.0
     1     1    21     2    16     5     0     1   -61.0   38.742  -95.174    424.3    933.0
     1     1    21     2    16     4     0     2   -62.0   38.929  -95.105    451.6    930.2
     1     1    21     2    16     3     0     3   -63.0   39.127  -95.015    476.3    928.3
     1     1    21     2    16     2     0     2   -64.0   39.329  -94.913    492.4    925.3
     1     1    21     2    16     1     0     1   -65.0   39.535  -94.818    491.7    925.9
     1     1    21     2    16     0     0     0   -66.0   39.747  -94.733    478.6    928.1
     1     1    21     2    15    23     0     1   -67.0   39.962  -94.656    464.1    931.9
     1     1    21     2    15    22     0     2   -68.0   40.174  -94.573    456.9    932.0
     1     1    21     2    15    21     0     3   -69.0   40.385  -94.481    454.8    931.0
     1     1    21     2    15    20     0     2   -70.0   40.596  -94.369    459.4    930.0
     1     1    21     2    15    19     0     1   -71.0   40.810  -94.219    475.3    927.4
     1     1    21     2    15    18     0     0   -72.0   41.030  -94.020    506.0    923.1
     1     1    21     2    15    17     0     1   -73.0   41.248  -93.772    553.6    919.4
     1     1    21     2    15    16     0     2   -74.0   41.453  -93.481    595.6    914.4
     1     1    21     2    15    15     0     3   -75.0   41.653  -93.154    583.7    915.9
     1     1    21     2    15    14     0     2   -76.0   41.866  -92.812    538.1    928.0
     1     1    21     2    15    13     0     1   -77.0   42.100  -92.486    525.1    932.2
     1     1    21     2    15    12     0     0   -78.0   42.341  -92.204    568.6    924.6
     1     1    21     2    15    11     0     1   -79.0   42.568  -91.979    634.0    911.5
     1     1    21     2    15    10     0     2   -80.0   42.781  -91.803    684.2    903.7
     1     1    21     2    15     9     0     3   -81.0   42.991  -91.674    716.7    900.2
     1     1    21     2    15     8     0     2   -82.0   43.200  -91.577    740.1    898.6
     1     1    21     2    15     7     0     1   -83.0   43.408  -91.503    762.5    897.1
     1     1    21     2    15     6     0     0   -84.0   43.606  -91.445    795.6    894.7
     1     1    21     2    15     5     0     1   -85.0   43.799  -91.398    835.7    889.0
     1     1    21     2    15     4     0     2   -86.0   44.004  -91.349    867.6    885.1
     1     1    21     2    15     3     0     3   -87.0   44.229  -91.296    886.5    882.2
     1     1    21     2    15     2     0     2   -88.0   44.468  -91.265    906.2    880.7
     1     1    21     2    15     1     0     1   -89.0   44.711  -91.272    935.0    875.3
     1     1    21     2    15     0     0     0   -90.0   44.958  -91.305    959.3    870.8
     1     1    21     2    14    23     0     1   -91.0   45.203  -91.377    971.5    867.9
     1     1    21     2    14    22     0     2   -92.0   45.438  -91.504    977.9    866.7
     1     1    21     2    14    21     0     3   -93.0   45.663  -91.677    987.7    865.4
     1     1    21     2    14    20     0     2   -94.0   45.878  -91.862   1018.0    863.3
     1     1    21     2    14    19     0     1   -95.0   46.095  -92.031   1074.8    855.4
     1     1    21     2    14    18     0     0   -96.0   46.324  -92.197   1132.2    845.1
     1     1    21     2    14    17     0     1   -97.0   46.561  -92.386   1176.0    838.2
     1     1    21     2    14    16     0     2   -98.0   46.797  -92.602   1216.6    831.7
     1     1    21     2    14    15     0     3   -99.0   47.042  -92.824   1261.8    824.6
     1     1    21     2    14    14     0     2  -100.0   47.293  -93.039   1309.7    818.0
     1     1    21     2    14    13     0     1  -101.0   47.547  -93.245   1352.9    812.7
     1     1    21     2    14    12     0     0  -102.0   47.809  -93.442   1389.8    807.9
     1     1    21     2    14    11     0     1  -103.0   48.080  -93.653   1422.8    804.8
     1     1    21     2    14    10     0     2  -104.0   48.351  -93.892   1459.6    803.0
     1     1    21     2    14     9     0     3  -105.0   48.617  -94.144   1506.4    800.1
     1     1    21     2    14     8     0     2  -106.0   48.864  -94.399   1544.2    795.0
     1     1    21     2    14     7     0     1  -107.0   49.086  -94.639   1557.4    794.1
     1     1    21     2    14     6     0     0  -108.0   49.295  -94.852   1558.1    794.6
     1     1    21     2    14     5     0     1  -109.0   49.500  -95.018   1562.2    795.2
     1     1    21     2    14     4     0     2  -110.0   49.709  -95.126   1577.4    794.2
     1     1    21     2    14     3     0     3  -111.0   49.931  -95.188   1606.8    791.4
     1     1    21     2    14     2     0     2  -112.0   50.154  -95.223   1633.5    786.4
     1     1    21     2    14     1     0     1  -113.0   50.358  -95.241   1637.5    785.7
     1     1    21     2    14     0     0     0  -114.0   50.545  -95.239   1618.9    787.6
     1     1    21     2    13    23     0     1  -115.0   50.719  -95.213   1591.8    792.1
     1     1    21     2    13    22     0     2  -116.0   50.886  -95.162   1571.5    794.2
     1     1    21     2    13    21     0     3  -117.0   51.048  -95.087   1559.9    795.1
     1     1    21     2    13    20     0     2  -118.0   51.186  -94.983   1548.9    794.7
     1     1    21     2    13    19     0     1  -119.0   51.287  -94.845   1529.0    796.4
     1     1    21     2    13    18     0     0  -120.0   51.357  -94.673   1499.7    799.2
