     5     1
    GDAS    21     2     1     0     0
    GDAS    21     2     8     0     0
    GDAS    21     2    15     0     0
    GDAS    21     2    22     0     0
    GDAS    21     3     1     0     0
     1 BACKWARD OMEGA   
    21     2     5    15   37.820  111.540  1000.0
     1 PRESSURE
     1     1    21     2     5    15     0     3     0.0   37.820  111.540   1000.0    774.3
     1     1    21     2     5    14     0     2    -1.0   38.125  110.939    973.9    790.7
     1     1    21     2     5    13     0     1    -2.0   38.380  110.383    965.0    790.0
     1     1    21     2     5    12     0     0    -3.0   38.626  109.785    983.0    780.8
     1     1    21     2     5    11     0     1    -4.0   38.877  109.097   1007.1    764.9
     1     1    21     2     5    10     0     2    -5.0   39.099  108.343   1030.7    756.2
     1     1    21     2     5     9     0     3    -6.0   39.279  107.566   1043.5    756.1
     1     1    21     2     5     8     0     2    -7.0   39.412  106.861    908.2    772.7
     1     1    21     2     5     7     0     1    -8.0   39.534  106.180    986.4    766.8
     1     1    21     2     5     6     0     0    -9.0   39.728  105.428   1234.6    726.3
     1     1    21     2     5     5     0     1   -10.0   40.001  104.660   1275.3    725.0
     1     1    21     2     5     4     0     2   -11.0   40.284  103.913   1270.7    735.2
     1     1    21     2     5     3     0     3   -12.0   40.569  103.107   1289.5    725.1
     1     1    21     2     5     2     0     2   -13.0   40.871  102.269   1373.8    735.0
     1     1    21     2     5     1     0     1   -14.0   41.153  101.540   1417.4    745.3
     1     1    21     2     5     0     0     0   -15.0   41.442  100.865   1371.2    757.3
     1     1    21     2     4    23     0     1   -16.0   41.766  100.170   1214.0    769.0
     1     1    21     2     4    22     0     2   -17.0   42.090   99.417   1208.3    783.1
     1     1    21     2     4    21     0     3   -18.0   42.444   98.658   1495.1    703.9
     1     1    21     2     4    20     0     2   -19.0   42.857   97.859   1351.0    715.1
     1     1    21     2     4    19     0     1   -20.0   43.230   96.956   1291.4    738.3
     1     1    21     2     4    18     0     0   -21.0   43.505   96.088   1396.1    751.2
     1     1    21     2     4    17     0     1   -22.0   43.717   95.282   1412.1    759.0
     1     1    21     2     4    16     0     2   -23.0   43.911   94.531   1163.4    799.5
     1     1    21     2     4    15     0     3   -24.0   44.043   93.984    666.3    848.0
     1     1    21     2     4    14     0     2   -25.0   44.062   93.772    406.6    878.8
     1     1    21     2     4    13     0     1   -26.0   44.048   93.584    297.7    861.4
     1     1    21     2     4    12     0     0   -27.0   43.992   93.371    252.1    847.7
     1     1    21     2     4    11     0     1   -28.0   43.899   93.108    232.7    832.7
     1     1    21     2     4    10     0     2   -29.0   43.798   92.819    221.9    834.7
     1     1    21     2     4     9     0     3   -30.0   43.712   92.542    207.6    844.3
     1     1    21     2     4     8     0     2   -31.0   43.632   92.307    208.4    857.5
     1     1    21     2     4     7     0     1   -32.0   43.546   92.125    243.5    866.8
     1     1    21     2     4     6     0     0   -33.0   43.464   91.994    302.6    873.7
     1     1    21     2     4     5     0     1   -34.0   43.397   91.901    359.4    877.7
     1     1    21     2     4     4     0     2   -35.0   43.338   91.838    387.9    884.3
     1     1    21     2     4     3     0     3   -36.0   43.280   91.802    384.4    893.4
     1     1    21     2     4     2     0     2   -37.0   43.227   91.787    361.0    904.5
     1     1    21     2     4     1     0     1   -38.0   43.188   91.775    332.8    913.1
     1     1    21     2     4     0     0     0   -39.0   43.163   91.761    304.3    920.0
     1     1    21     2     3    23     0     1   -40.0   43.145   91.752    275.6    925.8
     1     1    21     2     3    22     0     2   -41.0   43.126   91.757    245.0    932.0
     1     1    21     2     3    21     0     3   -42.0   43.103   91.773    214.0    938.5
     1     1    21     2     3    20     0     2   -43.0   43.086   91.802    194.2    944.7
     1     1    21     2     3    19     0     1   -44.0   43.084   91.838    193.4    945.2
     1     1    21     2     3    18     0     0   -45.0   43.098   91.873    209.9    941.4
     1     1    21     2     3    17     0     1   -46.0   43.132   91.883    234.9    932.7
     1     1    21     2     3    16     0     2   -47.0   43.188   91.841    258.4    922.3
     1     1    21     2     3    15     0     3   -48.0   43.257   91.746    280.8    911.1
     1     1    21     2     3    14     0     2   -49.0   43.317   91.589    272.2    902.7
     1     1    21     2     3    13     0     1   -50.0   43.340   91.395    222.2    911.4
     1     1    21     2     3    12     0     0   -51.0   43.328   91.193    164.7    924.5
     1     1    21     2     3    11     0     1   -52.0   43.299   91.009    121.8    936.1
     1     1    21     2     3    10     0     2   -53.0   43.270   90.858     88.9    940.5
     1     1    21     2     3     9     0     3   -54.0   43.242   90.733     56.8    946.2
     1     1    21     2     3     8     0     2   -55.0   43.217   90.626     31.7    950.9
     1     1    21     2     3     7     0     1   -56.0   43.196   90.532     17.2    954.3
     1     1    21     2     3     6     0     0   -57.0   43.180   90.447      6.9    954.8
     1     1    21     2     3     5     0     1   -58.0   43.167   90.375      0.3    955.0
     1     1    21     2     3     4     0     2   -59.0   43.157   90.322      0.0    955.0
     1     1    21     2     3     3     0     3   -60.0   43.150   90.289      0.0    955.1
     1     1    21     2     3     2     0     2   -61.0   43.145   90.277      0.0    954.4
     1     1    21     2     3     1     0     1   -62.0   43.138   90.285      0.0    953.9
     1     1    21     2     3     0     0     0   -63.0   43.130   90.312      1.3    953.6
     1     1    21     2     2    23     0     1   -64.0   43.121   90.350      2.9    954.5
     1     1    21     2     2    22     0     2   -65.0   43.112   90.391      3.5    955.4
     1     1    21     2     2    21     0     3   -66.0   43.103   90.437      3.2    956.3
     1     1    21     2     2    20     0     2   -67.0   43.099   90.473      3.7    956.9
     1     1    21     2     2    19     0     1   -68.0   43.103   90.483      6.6    956.8
     1     1    21     2     2    18     0     0   -69.0   43.115   90.468     12.4    955.9
     1     1    21     2     2    17     0     1   -70.0   43.128   90.431     24.1    953.6
     1     1    21     2     2    16     0     2   -71.0   43.136   90.381     38.7    951.1
     1     1    21     2     2    15     0     3   -72.0   43.141   90.322     48.3    949.3
     1     1    21     2     2    14     0     2   -73.0   43.143   90.259     48.9    948.3
     1     1    21     2     2    13     0     1   -74.0   43.142   90.192     41.4    947.9
     1     1    21     2     2    12     0     0   -75.0   43.138   90.121     28.1    948.0
     1     1    21     2     2    11     0     1   -76.0   43.129   90.045     12.2    948.9
     1     1    21     2     2    10     0     2   -77.0   43.113   89.965      0.0    950.8
     1     1    21     2     2     9     0     3   -78.0   43.089   89.880      0.0    955.2
     1     1    21     2     2     8     0     2   -79.0   43.062   89.808      0.0    960.5
     1     1    21     2     2     7     0     1   -80.0   43.038   89.761      0.0    964.8
     1     1    21     2     2     6     0     0   -81.0   43.018   89.738      0.0    967.9
     1     1    21     2     2     5     0     1   -82.0   43.005   89.731      0.0    967.7
     1     1    21     2     2     4     0     2   -83.0   43.006   89.735      0.0    966.4
     1     1    21     2     2     3     0     3   -84.0   43.021   89.747      1.6    964.2
     1     1    21     2     2     2     0     2   -85.0   43.045   89.761      9.5    962.7
     1     1    21     2     2     1     0     1   -86.0   43.071   89.768     30.6    960.1
     1     1    21     2     2     0     0     0   -87.0   43.097   89.771     95.3    952.5
     1     1    21     2     1    23     0     1   -88.0   43.118   89.780    168.5    939.9
     1     1    21     2     1    22     0     2   -89.0   43.133   89.800    236.1    931.3
     1     1    21     2     1    21     0     3   -90.0   43.139   89.827    300.7    922.0
     1     1    21     2     1    20     0     2   -91.0   43.141   89.852    354.6    914.2
     1     1    21     2     1    19     0     1   -92.0   43.141   89.871    393.2    909.6
     1     1    21     2     1    18     0     0   -93.0   43.141   89.886    419.3    906.6
     1     1    21     2     1    17     0     1   -94.0   43.140   89.889    445.1    904.7
     1     1    21     2     1    16     0     2   -95.0   43.133   89.872    479.6    901.2
     1     1    21     2     1    15     0     3   -96.0   43.121   89.837    521.6    897.9
     1     1    21     2     1    14     0     2   -97.0   43.108   89.792    557.7    894.6
     1     1    21     2     1    13     0     1   -98.0   43.108   89.736    580.5    894.7
     1     1    21     2     1    12     0     0   -99.0   43.121   89.669    598.7    895.1
     1     1    21     2     1    11     0     1  -100.0   43.139   89.607    601.9    894.5
     1     1    21     2     1    10     0     2  -101.0   43.149   89.570    571.3    898.4
     1     1    21     2     1     9     0     3  -102.0   43.150   89.557    504.5    905.8
     1     1    21     2     1     8     0     2  -103.0   43.145   89.565    421.1    918.6
     1     1    21     2     1     7     0     1  -104.0   43.140   89.588    351.7    926.4
     1     1    21     2     1     6     0     0  -105.0   43.135   89.625    302.2    931.5
     1     1    21     2     1     5     0     1  -106.0   43.134   89.671    273.6    933.3
     1     1    21     2     1     4     0     2  -107.0   43.143   89.719    264.7    931.8
     1     1    21     2     1     3     0     3  -108.0   43.161   89.768    273.6    927.7
     1     1    21     2     1     2     0     2  -109.0   43.182   89.820    285.0    921.3
     1     1    21     2     1     1     0     1  -110.0   43.197   89.876    288.5    917.8
     1     1    21     2     1     0     0     0  -111.0   43.208   89.935    284.4    915.3
