     5     1
    GDAS    21     2     1     0     0
    GDAS    21     2     8     0     0
    GDAS    21     2    15     0     0
    GDAS    21     2    22     0     0
    GDAS    21     3     1     0     0
     1 BACKWARD OMEGA   
    21     2    12    15   37.820  111.540  1000.0
     1 PRESSURE
     1     1    21     2    12    15     0     3     0.0   37.820  111.540   1000.0    779.1
     1     1    21     2    12    14     0     2    -1.0   37.692  111.359    933.2    787.3
     1     1    21     2    12    13     0     1    -2.0   37.556  111.239    889.5    790.4
     1     1    21     2    12    12     0     0    -3.0   37.419  111.171    860.7    789.8
     1     1    21     2    12    11     0     1    -4.0   37.283  111.139    826.7    788.9
     1     1    21     2    12    10     0     2    -5.0   37.155  111.129    778.6    790.6
     1     1    21     2    12     9     0     3    -6.0   37.041  111.134    710.8    794.0
     1     1    21     2    12     8     0     2    -7.0   36.943  111.163    641.4    804.0
     1     1    21     2    12     7     0     1    -8.0   36.856  111.221    609.2    809.6
     1     1    21     2    12     6     0     0    -9.0   36.775  111.297    610.5    811.1
     1     1    21     2    12     5     0     1   -10.0   36.717  111.374    615.5    810.7
     1     1    21     2    12     4     0     2   -11.0   36.697  111.445    606.0    814.4
     1     1    21     2    12     3     0     3   -12.0   36.711  111.512    592.5    818.1
     1     1    21     2    12     2     0     2   -13.0   36.754  111.559    588.3    820.0
     1     1    21     2    12     1     0     1   -14.0   36.826  111.568    603.5    818.2
     1     1    21     2    12     0     0     0   -15.0   36.926  111.534    646.1    813.0
     1     1    21     2    11    23     0     1   -16.0   37.044  111.445    709.2    802.5
     1     1    21     2    11    22     0     2   -17.0   37.174  111.295    773.6    794.1
     1     1    21     2    11    21     0     3   -18.0   37.321  111.086    838.3    787.3
     1     1    21     2    11    20     0     2   -19.0   37.464  110.859    901.7    786.1
     1     1    21     2    11    19     0     1   -20.0   37.586  110.644    950.8    786.6
     1     1    21     2    11    18     0     0   -21.0   37.686  110.431    970.0    788.9
     1     1    21     2    11    17     0     1   -22.0   37.782  110.218    960.0    794.1
     1     1    21     2    11    16     0     2   -23.0   37.898  110.000    929.6    800.1
     1     1    21     2    11    15     0     3   -24.0   38.034  109.769    890.6    801.8
     1     1    21     2    11    14     0     2   -25.0   38.176  109.525    855.2    799.6
     1     1    21     2    11    13     0     1   -26.0   38.307  109.249    825.4    797.6
     1     1    21     2    11    12     0     0   -27.0   38.430  108.915    812.6    793.6
     1     1    21     2    11    11     0     1   -28.0   38.563  108.566    824.9    785.6
     1     1    21     2    11    10     0     2   -29.0   38.722  108.224    861.7    775.2
     1     1    21     2    11     9     0     3   -30.0   38.903  107.868    908.7    767.5
     1     1    21     2    11     8     0     2   -31.0   39.083  107.506    952.6    771.9
     1     1    21     2    11     7     0     1   -32.0   39.238  107.133   1006.3    773.3
     1     1    21     2    11     6     0     0   -33.0   39.385  106.711   1079.4    752.8
     1     1    21     2    11     5     0     1   -34.0   39.569  106.238   1159.6    737.6
     1     1    21     2    11     4     0     2   -35.0   39.809  105.747   1225.8    746.0
     1     1    21     2    11     3     0     3   -36.0   40.107  105.203   1296.5    734.4
     1     1    21     2    11     2     0     2   -37.0   40.438  104.553   1377.7    720.4
     1     1    21     2    11     1     0     1   -38.0   40.769  103.819   1385.0    724.0
     1     1    21     2    11     0     0     0   -39.0   41.071  102.969   1491.5    713.4
     1     1    21     2    10    23     0     1   -40.0   41.351  102.091   1691.2    716.3
     1     1    21     2    10    22     0     2   -41.0   41.628  101.259   1790.9    720.7
     1     1    21     2    10    21     0     3   -42.0   41.909  100.447   1802.5    723.8
     1     1    21     2    10    20     0     2   -43.0   42.224   99.652   1786.3    710.5
     1     1    21     2    10    19     0     1   -44.0   42.594   98.774   1530.1    703.7
     1     1    21     2    10    18     0     0   -45.0   42.928   97.905   1103.4    742.4
     1     1    21     2    10    17     0     1   -46.0   43.112   97.033   1019.7    762.6
     1     1    21     2    10    16     0     2   -47.0   43.243   96.259   1189.1    763.3
     1     1    21     2    10    15     0     3   -48.0   43.326   95.644   1274.1    751.0
     1     1    21     2    10    14     0     2   -49.0   43.422   95.069   1367.3    730.7
     1     1    21     2    10    13     0     1   -50.0   43.563   94.452   1462.2    731.0
     1     1    21     2    10    12     0     0   -51.0   43.747   93.653   1638.9    723.1
     1     1    21     2    10    11     0     1   -52.0   43.984   92.727   1862.9    653.5
     1     1    21     2    10    10     0     2   -53.0   44.237   91.651   2138.2    639.9
     1     1    21     2    10     9     0     3   -54.0   44.468   90.639   2392.8    649.3
     1     1    21     2    10     8     0     2   -55.0   44.627   89.719   2602.2    655.7
     1     1    21     2    10     7     0     1   -56.0   44.719   88.783   2701.1    660.0
     1     1    21     2    10     6     0     0   -57.0   44.820   87.811   2702.0    668.6
     1     1    21     2    10     5     0     1   -58.0   44.901   86.988   2698.6    686.4
     1     1    21     2    10     4     0     2   -59.0   44.904   86.294   2642.7    693.2
     1     1    21     2    10     3     0     3   -60.0   44.830   85.500   2546.2    690.4
     1     1    21     2    10     2     0     2   -61.0   44.749   84.504   2483.8    667.9
     1     1    21     2    10     1     0     1   -62.0   44.662   83.345   2460.5    644.3
     1     1    21     2    10     0     0     0   -63.0   44.533   82.249   2027.7    686.4
     1     1    21     2     9    23     0     1   -64.0   44.466   81.425   1537.6    729.3
     1     1    21     2     9    22     0     2   -65.0   44.389   80.776    975.3    781.8
     1     1    21     2     9    21     0     3   -66.0   44.248   80.092    631.6    841.3
     1     1    21     2     9    20     0     2   -67.0   44.166   79.376    641.6    842.7
     1     1    21     2     9    19     0     1   -68.0   44.210   78.753    910.8    813.5
     1     1    21     2     9    18     0     0   -69.0   44.249   78.002   1085.9    774.5
     1     1    21     2     9    17     0     1   -70.0   44.264   77.362   1103.3    822.6
     1     1    21     2     9    16     0     2   -71.0   44.268   76.794   1165.9    828.1
     1     1    21     2     9    15     0     3   -72.0   44.269   76.196   1233.8    814.3
     1     1    21     2     9    14     0     2   -73.0   44.284   75.458   1227.8    798.4
     1     1    21     2     9    13     0     1   -74.0   44.324   74.602   1118.4    823.3
     1     1    21     2     9    12     0     0   -75.0   44.378   73.890   1081.9    844.3
     1     1    21     2     9    11     0     1   -76.0   44.428   73.225   1060.0    845.1
     1     1    21     2     9    10     0     2   -77.0   44.476   72.571   1015.6    855.7
     1     1    21     2     9     9     0     3   -78.0   44.521   71.897    982.0    868.1
     1     1    21     2     9     8     0     2   -79.0   44.536   71.198    969.2    871.4
     1     1    21     2     9     7     0     1   -80.0   44.501   70.510    962.2    873.7
     1     1    21     2     9     6     0     0   -81.0   44.427   69.876    962.8    875.6
     1     1    21     2     9     5     0     1   -82.0   44.336   69.316    959.4    872.1
     1     1    21     2     9     4     0     2   -83.0   44.244   68.815    931.0    867.5
     1     1    21     2     9     3     0     3   -84.0   44.142   68.263    892.0    848.9
     1     1    21     2     9     2     0     2   -85.0   44.043   67.604    895.1    858.4
     1     1    21     2     9     1     0     1   -86.0   43.997   67.020    905.5    893.3
     1     1    21     2     9     0     0     0   -87.0   43.995   66.501    866.3    897.8
     1     1    21     2     8    23     0     1   -88.0   44.007   65.983    813.8    908.2
     1     1    21     2     8    22     0     2   -89.0   44.005   65.493    801.4    911.8
     1     1    21     2     8    21     0     3   -90.0   43.962   65.017    853.0    906.0
     1     1    21     2     8    20     0     2   -91.0   43.903   64.536    939.9    894.1
     1     1    21     2     8    19     0     1   -92.0   43.868   64.048   1022.2    887.5
     1     1    21     2     8    18     0     0   -93.0   43.864   63.542   1079.6    879.3
     1     1    21     2     8    17     0     1   -94.0   43.883   63.030   1112.1    877.8
     1     1    21     2     8    16     0     2   -95.0   43.922   62.508   1129.9    875.2
     1     1    21     2     8    15     0     3   -96.0   43.984   61.980   1122.4    875.7
     1     1    21     2     8    14     0     2   -97.0   44.065   61.461   1109.5    879.4
     1     1    21     2     8    13     0     1   -98.0   44.148   60.952   1088.5    880.2
     1     1    21     2     8    12     0     0   -99.0   44.229   60.472   1049.2    890.4
     1     1    21     2     8    11     0     1  -100.0   44.312   60.033   1020.2    898.5
     1     1    21     2     8    10     0     2  -101.0   44.404   59.612   1012.6    898.7
     1     1    21     2     8     9     0     3  -102.0   44.502   59.184   1031.6    896.7
     1     1    21     2     8     8     0     2  -103.0   44.612   58.720   1072.1    884.3
     1     1    21     2     8     7     0     1  -104.0   44.742   58.186   1131.5    865.7
     1     1    21     2     8     6     0     0  -105.0   44.889   57.584   1223.8    852.2
     1     1    21     2     8     5     0     1  -106.0   45.048   56.946   1303.7    842.7
     1     1    21     2     8     4     0     2  -107.0   45.215   56.285   1344.9    845.5
     1     1    21     2     8     3     0     3  -108.0   45.402   55.603   1390.9    846.4
     1     1    21     2     8     2     0     2  -109.0   45.616   54.880   1441.5    840.5
     1     1    21     2     8     1     0     1  -110.0   45.831   54.120   1440.5    843.2
     1     1    21     2     8     0     0     0  -111.0   46.024   53.369   1407.0    852.9
     1     1    21     2     7    23     0     1  -112.0   46.194   52.623   1406.6    852.4
     1     1    21     2     7    22     0     2  -113.0   46.357   51.905   1432.9    850.5
     1     1    21     2     7    21     0     3  -114.0   46.519   51.222   1468.1    844.0
     1     1    21     2     7    20     0     2  -115.0   46.690   50.560   1504.4    841.2
     1     1    21     2     7    19     0     1  -116.0   46.887   49.889   1556.3    835.3
     1     1    21     2     7    18     0     0  -117.0   47.120   49.206   1630.4    826.8
     1     1    21     2     7    17     0     1  -118.0   47.369   48.488   1701.7    815.0
     1     1    21     2     7    16     0     2  -119.0   47.619   47.729   1757.7    807.8
     1     1    21     2     7    15     0     3  -120.0   47.887   46.949   1811.9    800.4
