     5     1
    GDAS    21     2     1     0     0
    GDAS    21     2     8     0     0
    GDAS    21     2    15     0     0
    GDAS    21     2    22     0     0
    GDAS    21     3     1     0     0
     1 BACKWARD OMEGA   
    21     2    10    15   37.820  111.540  1000.0
     1 PRESSURE
     1     1    21     2    10    15     0     3     0.0   37.820  111.540   1000.0    778.2
     1     1    21     2    10    14     0     2    -1.0   37.489  111.420   1003.3    779.3
     1     1    21     2    10    13     0     1    -2.0   37.178  111.350   1046.5    771.6
     1     1    21     2    10    12     0     0    -3.0   36.880  111.308   1118.1    761.9
     1     1    21     2    10    11     0     1    -4.0   36.599  111.282   1207.5    753.5
     1     1    21     2    10    10     0     2    -5.0   36.344  111.269   1301.0    744.8
     1     1    21     2    10     9     0     3    -6.0   36.113  111.267   1387.3    737.6
     1     1    21     2    10     8     0     2    -7.0   35.907  111.272   1455.7    737.4
     1     1    21     2    10     7     0     1    -8.0   35.718  111.289   1505.3    747.1
     1     1    21     2    10     6     0     0    -9.0   35.540  111.331   1545.2    756.8
     1     1    21     2    10     5     0     1   -10.0   35.376  111.399   1590.9    765.9
     1     1    21     2    10     4     0     2   -11.0   35.234  111.480   1649.5    770.7
     1     1    21     2    10     3     0     3   -12.0   35.114  111.563   1715.5    773.2
     1     1    21     2    10     2     0     2   -13.0   35.018  111.637   1761.3    773.1
     1     1    21     2    10     1     0     1   -14.0   34.949  111.702   1757.6    773.6
     1     1    21     2    10     0     0     0   -15.0   34.907  111.764   1711.4    777.4
     1     1    21     2     9    23     0     1   -16.0   34.900  111.816   1658.2    785.5
     1     1    21     2     9    22     0     2   -17.0   34.938  111.840   1627.8    789.2
     1     1    21     2     9    21     0     3   -18.0   35.021  111.824   1615.9    790.1
     1     1    21     2     9    20     0     2   -19.0   35.123  111.766   1651.2    782.7
     1     1    21     2     9    19     0     1   -20.0   35.221  111.673   1761.6    765.3
     1     1    21     2     9    18     0     0   -21.0   35.321  111.542   1944.4    740.6
     1     1    21     2     9    17     0     1   -22.0   35.436  111.367   2133.8    709.0
     1     1    21     2     9    16     0     2   -23.0   35.586  111.141   2257.4    685.1
     1     1    21     2     9    15     0     3   -24.0   35.782  110.848   2300.3    667.5
     1     1    21     2     9    14     0     2   -25.0   36.003  110.489   2231.9    660.7
     1     1    21     2     9    13     0     1   -26.0   36.211  110.112   2090.8    681.6
     1     1    21     2     9    12     0     0   -27.0   36.395  109.734   1922.0    698.9
     1     1    21     2     9    11     0     1   -28.0   36.543  109.350   1782.3    708.8
     1     1    21     2     9    10     0     2   -29.0   36.665  108.958   1699.0    707.4
     1     1    21     2     9     9     0     3   -30.0   36.770  108.569   1662.9    703.9
     1     1    21     2     9     8     0     2   -31.0   36.853  108.183   1627.5    697.9
     1     1    21     2     9     7     0     1   -32.0   36.908  107.799   1581.5    699.7
     1     1    21     2     9     6     0     0   -33.0   36.933  107.416   1570.8    699.5
     1     1    21     2     9     5     0     1   -34.0   36.932  107.045   1605.7    694.2
     1     1    21     2     9     4     0     2   -35.0   36.928  106.688   1641.9    688.0
     1     1    21     2     9     3     0     3   -36.0   36.918  106.354   1651.5    688.9
     1     1    21     2     9     2     0     2   -37.0   36.908  106.038   1633.4    689.3
     1     1    21     2     9     1     0     1   -38.0   36.912  105.730   1586.0    689.7
     1     1    21     2     9     0     0     0   -39.0   36.915  105.435   1527.7    688.8
     1     1    21     2     8    23     0     1   -40.0   36.912  105.166   1485.2    689.9
     1     1    21     2     8    22     0     2   -41.0   36.926  104.908   1501.6    684.4
     1     1    21     2     8    21     0     3   -42.0   36.946  104.639   1590.4    671.4
     1     1    21     2     8    20     0     2   -43.0   36.959  104.367   1707.2    652.8
     1     1    21     2     8    19     0     1   -44.0   36.965  104.119   1797.1    639.3
     1     1    21     2     8    18     0     0   -45.0   36.957  103.886   1849.8    625.7
     1     1    21     2     8    17     0     1   -46.0   36.974  103.620   1898.2    605.9
     1     1    21     2     8    16     0     2   -47.0   37.041  103.246   1972.4    576.6
     1     1    21     2     8    15     0     3   -48.0   37.130  102.751   2020.8    556.6
     1     1    21     2     8    14     0     2   -49.0   37.242  102.236   1944.8    552.6
     1     1    21     2     8    13     0     1   -50.0   37.353  101.780   1775.4    557.4
     1     1    21     2     8    12     0     0   -51.0   37.453  101.339   1568.8    555.6
     1     1    21     2     8    11     0     1   -52.0   37.551  100.844   1352.5    555.5
     1     1    21     2     8    10     0     2   -53.0   37.668  100.318   1233.5    563.4
     1     1    21     2     8     9     0     3   -54.0   37.813   99.788   1245.4    549.4
     1     1    21     2     8     8     0     2   -55.0   37.976   99.210   1375.4    513.5
     1     1    21     2     8     7     0     1   -56.0   38.153   98.564   1620.9    491.0
     1     1    21     2     8     6     0     0   -57.0   38.391   97.839   1916.2    475.6
     1     1    21     2     8     5     0     1   -58.0   38.688   97.078   1938.0    474.5
     1     1    21     2     8     4     0     2   -59.0   38.920   96.440   1705.3    517.7
     1     1    21     2     8     3     0     3   -60.0   39.016   96.027   1432.8    560.3
     1     1    21     2     8     2     0     2   -61.0   39.030   95.733   1175.8    586.9
     1     1    21     2     8     1     0     1   -62.0   39.040   95.437   1022.2    599.0
     1     1    21     2     8     0     0     0   -63.0   39.061   95.154    959.5    606.8
     1     1    21     2     7    23     0     1   -64.0   39.074   94.872    942.1    610.3
     1     1    21     2     7    22     0     2   -65.0   39.054   94.585    914.9    615.5
     1     1    21     2     7    21     0     3   -66.0   39.006   94.296    855.8    619.5
     1     1    21     2     7    20     0     2   -67.0   38.946   94.046    769.9    634.5
     1     1    21     2     7    19     0     1   -68.0   38.880   93.869    679.3    647.7
     1     1    21     2     7    18     0     0   -69.0   38.806   93.752    604.2    657.8
     1     1    21     2     7    17     0     1   -70.0   38.738   93.664    540.4    665.3
     1     1    21     2     7    16     0     2   -71.0   38.686   93.586    482.6    672.6
     1     1    21     2     7    15     0     3   -72.0   38.647   93.510    435.2    678.5
     1     1    21     2     7    14     0     2   -73.0   38.622   93.437    418.5    683.1
     1     1    21     2     7    13     0     1   -74.0   38.616   93.354    447.9    680.6
     1     1    21     2     7    12     0     0   -75.0   38.638   93.255    520.8    674.6
     1     1    21     2     7    11     0     1   -76.0   38.675   93.137    622.9    664.5
     1     1    21     2     7    10     0     2   -77.0   38.714   93.007    719.8    655.2
     1     1    21     2     7     9     0     3   -78.0   38.761   92.859    795.1    644.5
     1     1    21     2     7     8     0     2   -79.0   38.799   92.663    839.5    633.3
     1     1    21     2     7     7     0     1   -80.0   38.820   92.412    843.9    625.8
     1     1    21     2     7     6     0     0   -81.0   38.835   92.097    816.7    619.4
     1     1    21     2     7     5     0     1   -82.0   38.854   91.720    796.7    618.2
     1     1    21     2     7     4     0     2   -83.0   38.886   91.284    785.9    613.0
     1     1    21     2     7     3     0     3   -84.0   38.929   90.791    767.7    617.4
     1     1    21     2     7     2     0     2   -85.0   38.958   90.324    765.2    633.5
     1     1    21     2     7     1     0     1   -86.0   38.964   89.935    763.9    648.5
     1     1    21     2     7     0     0     0   -87.0   38.952   89.615    750.1    678.6
     1     1    21     2     6    23     0     1   -88.0   38.925   89.342    743.2    703.4
     1     1    21     2     6    22     0     2   -89.0   38.885   89.090    759.5    718.1
     1     1    21     2     6    21     0     3   -90.0   38.838   88.845    794.7    724.4
     1     1    21     2     6    20     0     2   -91.0   38.787   88.608    833.4    725.2
     1     1    21     2     6    19     0     1   -92.0   38.735   88.379    871.9    724.4
     1     1    21     2     6    18     0     0   -93.0   38.683   88.154    919.9    719.9
     1     1    21     2     6    17     0     1   -94.0   38.631   87.923    963.7    709.0
     1     1    21     2     6    16     0     2   -95.0   38.577   87.693    988.5    695.8
     1     1    21     2     6    15     0     3   -96.0   38.522   87.469   1003.8    684.5
     1     1    21     2     6    14     0     2   -97.0   38.462   87.264   1038.8    672.7
     1     1    21     2     6    13     0     1   -98.0   38.393   87.065   1117.5    654.0
     1     1    21     2     6    12     0     0   -99.0   38.311   86.855   1232.9    643.5
     1     1    21     2     6    11     0     1  -100.0   38.220   86.619   1310.4    646.6
     1     1    21     2     6    10     0     2  -101.0   38.129   86.370   1298.5    673.4
     1     1    21     2     6     9     0     3  -102.0   38.042   86.120   1226.5    715.0
     1     1    21     2     6     8     0     2  -103.0   37.951   85.882   1170.4    735.1
     1     1    21     2     6     7     0     1  -104.0   37.855   85.643   1175.7    709.3
     1     1    21     2     6     6     0     0  -105.0   37.758   85.409   1230.3    681.7
     1     1    21     2     6     5     0     1  -106.0   37.669   85.183   1296.7    655.6
     1     1    21     2     6     4     0     2  -107.0   37.597   84.970   1360.2    639.6
     1     1    21     2     6     3     0     3  -108.0   37.543   84.770   1435.1    633.6
     1     1    21     2     6     2     0     2  -109.0   37.503   84.587   1511.1    631.3
     1     1    21     2     6     1     0     1  -110.0   37.473   84.419   1587.4    632.0
     1     1    21     2     6     0     0     0  -111.0   37.453   84.267   1673.8    633.8
     1     1    21     2     5    23     0     1  -112.0   37.445   84.124   1763.7    635.3
     1     1    21     2     5    22     0     2  -113.0   37.449   83.991   1845.8    639.1
     1     1    21     2     5    21     0     3  -114.0   37.464   83.873   1914.4    639.9
     1     1    21     2     5    20     0     2  -115.0   37.481   83.768   1985.3    641.3
     1     1    21     2     5    19     0     1  -116.0   37.497   83.668   2069.4    639.7
     1     1    21     2     5    18     0     0  -117.0   37.520   83.574   2162.4    637.2
     1     1    21     2     5    17     0     1  -118.0   37.558   83.482   2236.0    634.7
     1     1    21     2     5    16     0     2  -119.0   37.610   83.391   2274.5    638.0
     1     1    21     2     5    15     0     3  -120.0   37.674   83.302   2286.0    643.1
