     5     1
    GDAS    21     2     1     0     0
    GDAS    21     2     8     0     0
    GDAS    21     2    15     0     0
    GDAS    21     2    22     0     0
    GDAS    21     3     1     0     0
     1 BACKWARD OMEGA   
    21     2     5    11   37.820  111.540  1000.0
     1 PRESSURE
     1     1    21     2     5    11     0     1     0.0   37.820  111.540   1000.0    773.5
     1     1    21     2     5    10     0     2    -1.0   38.017  110.937    994.6    785.9
     1     1    21     2     5     9     0     3    -2.0   38.167  110.377    963.0    786.4
     1     1    21     2     5     8     0     2    -3.0   38.292  109.793    914.4    793.5
     1     1    21     2     5     7     0     1    -4.0   38.405  109.197    897.8    786.0
     1     1    21     2     5     6     0     0    -5.0   38.507  108.601    906.1    776.6
     1     1    21     2     5     5     0     1    -6.0   38.614  107.994    961.1    763.2
     1     1    21     2     5     4     0     2    -7.0   38.746  107.363   1013.2    761.2
     1     1    21     2     5     3     0     3    -8.0   38.871  106.730   1107.2    756.0
     1     1    21     2     5     2     0     2    -9.0   39.109  105.927   1721.9    678.2
     1     1    21     2     5     1     0     1   -10.0   39.477  105.080   2316.7    628.8
     1     1    21     2     5     0     0     0   -11.0   39.833  104.213   2328.3    637.7
     1     1    21     2     4    23     0     1   -12.0   40.196  103.250   2311.9    636.6
     1     1    21     2     4    22     0     2   -13.0   40.524  102.243   2566.2    625.0
     1     1    21     2     4    21     0     3   -14.0   40.787  101.316   2698.8    628.8
     1     1    21     2     4    20     0     2   -15.0   41.055  100.446   2655.4    633.9
     1     1    21     2     4    19     0     1   -16.0   41.305   99.571   2449.5    646.3
     1     1    21     2     4    18     0     0   -17.0   41.552   98.738   2462.3    625.9
     1     1    21     2     4    17     0     1   -18.0   41.780   98.054   2459.3    617.5
     1     1    21     2     4    16     0     2   -19.0   41.989   97.399   2436.8    609.7
     1     1    21     2     4    15     0     3   -20.0   42.225   96.601   2377.9    603.6
     1     1    21     2     4    14     0     2   -21.0   42.493   95.765   2414.2    617.0
     1     1    21     2     4    13     0     1   -22.0   42.722   95.077   2416.7    604.7
     1     1    21     2     4    12     0     0   -23.0   42.925   94.469   2391.1    600.3
     1     1    21     2     4    11     0     1   -24.0   43.143   93.803   2397.1    625.8
     1     1    21     2     4    10     0     2   -25.0   43.370   93.111   2399.7    656.1
     1     1    21     2     4     9     0     3   -26.0   43.580   92.445   2365.7    655.1
     1     1    21     2     4     8     0     2   -27.0   43.791   91.772   2417.4    638.0
     1     1    21     2     4     7     0     1   -28.0   44.019   91.082   2434.4    636.8
     1     1    21     2     4     6     0     0   -29.0   44.238   90.446   2387.2    671.7
     1     1    21     2     4     5     0     1   -30.0   44.454   89.845   2409.1    680.9
     1     1    21     2     4     4     0     2   -31.0   44.685   89.233   2442.1    684.8
     1     1    21     2     4     3     0     3   -32.0   44.931   88.615   2442.1    694.4
     1     1    21     2     4     2     0     2   -33.0   45.164   88.022   2401.0    702.7
     1     1    21     2     4     1     0     1   -34.0   45.376   87.471   2376.5    716.7
     1     1    21     2     4     0     0     0   -35.0   45.597   86.913   2389.0    722.1
     1     1    21     2     3    23     0     1   -36.0   45.807   86.342   2414.6    723.9
     1     1    21     2     3    22     0     2   -37.0   46.009   85.779   2441.2    716.7
     1     1    21     2     3    21     0     3   -38.0   46.233   85.182   2426.7    669.6
     1     1    21     2     3    20     0     2   -39.0   46.453   84.531   2440.4    634.6
     1     1    21     2     3    19     0     1   -40.0   46.649   83.859   2462.4    622.3
     1     1    21     2     3    18     0     0   -41.0   46.812   83.194   2476.8    640.3
     1     1    21     2     3    17     0     1   -42.0   46.936   82.550   2479.8    666.1
     1     1    21     2     3    16     0     2   -43.0   47.025   81.926   2459.0    691.6
     1     1    21     2     3    15     0     3   -44.0   47.080   81.330   2417.2    705.7
     1     1    21     2     3    14     0     2   -45.0   47.113   80.785   2354.8    720.1
     1     1    21     2     3    13     0     1   -46.0   47.143   80.276   2299.6    728.8
     1     1    21     2     3    12     0     0   -47.0   47.168   79.774   2259.7    732.8
     1     1    21     2     3    11     0     1   -48.0   47.191   79.287   2236.8    736.4
     1     1    21     2     3    10     0     2   -49.0   47.222   78.812   2220.1    734.1
     1     1    21     2     3     9     0     3   -50.0   47.248   78.340   2191.8    731.9
     1     1    21     2     3     8     0     2   -51.0   47.278   77.883   2165.2    731.8
     1     1    21     2     3     7     0     1   -52.0   47.319   77.452   2140.9    732.1
     1     1    21     2     3     6     0     0   -53.0   47.358   77.056   2105.3    734.1
     1     1    21     2     3     5     0     1   -54.0   47.408   76.683   2075.4    740.2
     1     1    21     2     3     4     0     2   -55.0   47.483   76.316   2058.9    743.2
     1     1    21     2     3     3     0     3   -56.0   47.579   75.961   2051.1    743.9
     1     1    21     2     3     2     0     2   -57.0   47.691   75.594   2040.7    738.6
     1     1    21     2     3     1     0     1   -58.0   47.815   75.189   2022.0    732.6
     1     1    21     2     3     0     0     0   -59.0   47.953   74.750   2007.9    729.7
     1     1    21     2     2    23     0     1   -60.0   48.093   74.291   2032.4    728.9
     1     1    21     2     2    22     0     2   -61.0   48.229   73.818   2086.8    722.0
     1     1    21     2     2    21     0     3   -62.0   48.362   73.336   2151.5    715.4
     1     1    21     2     2    20     0     2   -63.0   48.491   72.851   2217.2    710.9
     1     1    21     2     2    19     0     1   -64.0   48.620   72.368   2257.3    713.4
     1     1    21     2     2    18     0     0   -65.0   48.743   71.892   2252.8    721.3
     1     1    21     2     2    17     0     1   -66.0   48.868   71.417   2228.1    729.6
     1     1    21     2     2    16     0     2   -67.0   49.007   70.920   2209.4    732.1
     1     1    21     2     2    15     0     3   -68.0   49.145   70.409   2193.4    738.1
     1     1    21     2     2    14     0     2   -69.0   49.266   69.891   2186.9    743.7
     1     1    21     2     2    13     0     1   -70.0   49.374   69.357   2191.8    744.0
     1     1    21     2     2    12     0     0   -71.0   49.481   68.805   2198.7    743.3
     1     1    21     2     2    11     0     1   -72.0   49.571   68.244   2204.3    740.2
     1     1    21     2     2    10     0     2   -73.0   49.633   67.687   2196.0    738.6
     1     1    21     2     2     9     0     3   -74.0   49.676   67.147   2169.5    742.6
     1     1    21     2     2     8     0     2   -75.0   49.707   66.627   2157.7    753.1
     1     1    21     2     2     7     0     1   -76.0   49.731   66.128   2166.4    762.1
     1     1    21     2     2     6     0     0   -77.0   49.753   65.650   2178.2    765.4
     1     1    21     2     2     5     0     1   -78.0   49.774   65.174   2185.7    766.9
     1     1    21     2     2     4     0     2   -79.0   49.791   64.689   2186.1    770.3
     1     1    21     2     2     3     0     3   -80.0   49.806   64.207   2182.3    774.2
     1     1    21     2     2     2     0     2   -81.0   49.819   63.728   2173.0    774.8
     1     1    21     2     2     1     0     1   -82.0   49.827   63.246   2164.9    772.9
     1     1    21     2     2     0     0     0   -83.0   49.832   62.756   2173.7    771.2
     1     1    21     2     1    23     0     1   -84.0   49.832   62.263   2196.1    768.3
     1     1    21     2     1    22     0     2   -85.0   49.825   61.775   2217.9    763.6
     1     1    21     2     1    21     0     3   -86.0   49.808   61.294   2281.3    755.5
     1     1    21     2     1    20     0     2   -87.0   49.781   60.782   2363.9    737.6
     1     1    21     2     1    19     0     1   -88.0   49.739   60.233   2385.1    734.2
     1     1    21     2     1    18     0     0   -89.0   49.693   59.673   2352.4    738.8
     1     1    21     2     1    17     0     1   -90.0   49.635   59.117   2314.7    741.6
     1     1    21     2     1    16     0     2   -91.0   49.552   58.567   2297.2    740.7
     1     1    21     2     1    15     0     3   -92.0   49.443   58.017   2299.7    738.7
     1     1    21     2     1    14     0     2   -93.0   49.316   57.473   2337.0    742.1
     1     1    21     2     1    13     0     1   -94.0   49.170   56.938   2410.2    738.8
     1     1    21     2     1    12     0     0   -95.0   49.001   56.406   2466.5    730.3
     1     1    21     2     1    11     0     1   -96.0   48.827   55.886   2481.5    732.3
     1     1    21     2     1    10     0     2   -97.0   48.658   55.400   2486.7    739.0
     1     1    21     2     1     9     0     3   -98.0   48.485   54.954   2492.7    742.5
     1     1    21     2     1     8     0     2   -99.0   48.318   54.529   2494.3    745.2
     1     1    21     2     1     7     0     1  -100.0   48.161   54.112   2473.4    748.8
     1     1    21     2     1     6     0     0  -101.0   48.005   53.698   2406.2    756.1
     1     1    21     2     1     5     0     1  -102.0   47.858   53.296   2319.9    769.3
     1     1    21     2     1     4     0     2  -103.0   47.717   52.916   2259.9    776.7
     1     1    21     2     1     3     0     3  -104.0   47.578   52.561   2239.0    778.6
     1     1    21     2     1     2     0     2  -105.0   47.442   52.224   2239.7    776.1
     1     1    21     2     1     1     0     1  -106.0   47.321   51.892   2240.3    776.1
     1     1    21     2     1     0     0     0  -107.0   47.223   51.566   2258.4    775.5
