     5     1
    GDAS    21     2     1     0     0
    GDAS    21     2     8     0     0
    GDAS    21     2    15     0     0
    GDAS    21     2    22     0     0
    GDAS    21     3     1     0     0
     1 BACKWARD OMEGA   
    21     2    20    21   44.970  -93.230   500.0
     1 PRESSURE
     1     1    21     2    20    21     0     3     0.0   44.970  -93.230    500.0    924.6
     1     1    21     2    20    20     0     2    -1.0   44.647  -93.322    511.5    921.0
     1     1    21     2    20    19     0     1    -2.0   44.326  -93.437    526.0    917.1
     1     1    21     2    20    18     0     0    -3.0   43.999  -93.564    539.5    915.3
     1     1    21     2    20    17     0     1    -4.0   43.676  -93.682    547.6    914.6
     1     1    21     2    20    16     0     2    -5.0   43.366  -93.783    550.8    914.9
     1     1    21     2    20    15     0     3    -6.0   43.063  -93.883    563.3    913.2
     1     1    21     2    20    14     0     2    -7.0   42.781  -93.982    578.6    909.7
     1     1    21     2    20    13     0     1    -8.0   42.542  -94.069    579.4    909.0
     1     1    21     2    20    12     0     0    -9.0   42.341  -94.144    566.1    910.2
     1     1    21     2    20    11     0     1   -10.0   42.154  -94.228    551.3    912.7
     1     1    21     2    20    10     0     2   -11.0   41.958  -94.354    547.6    912.8
     1     1    21     2    20     9     0     3   -12.0   41.755  -94.521    554.7    911.5
     1     1    21     2    20     8     0     2   -13.0   41.552  -94.694    560.7    910.1
     1     1    21     2    20     7     0     1   -14.0   41.344  -94.852    554.9    911.7
     1     1    21     2    20     6     0     0   -15.0   41.114  -95.005    536.0    915.6
     1     1    21     2    20     5     0     1   -16.0   40.886  -95.155    518.6    921.2
     1     1    21     2    20     4     0     2   -17.0   40.685  -95.301    514.5    922.2
     1     1    21     2    20     3     0     3   -18.0   40.496  -95.439    516.7    922.2
     1     1    21     2    20     2     0     2   -19.0   40.307  -95.577    505.9    921.5
     1     1    21     2    20     1     0     1   -20.0   40.101  -95.705    454.2    925.9
     1     1    21     2    20     0     0     0   -21.0   39.878  -95.780    361.1    937.7
     1     1    21     2    19    23     0     1   -22.0   39.657  -95.819    300.0    952.1
     1     1    21     2    19    22     0     2   -23.0   39.427  -95.894    292.7    950.6
     1     1    21     2    19    21     0     3   -24.0   39.190  -96.009    321.9    945.5
     1     1    21     2    19    20     0     2   -25.0   38.956  -96.162    355.0    939.2
     1     1    21     2    19    19     0     1   -26.0   38.740  -96.339    365.0    938.5
     1     1    21     2    19    18     0     0   -27.0   38.546  -96.529    359.7    939.7
     1     1    21     2    19    17     0     1   -28.0   38.360  -96.716    354.6    939.7
     1     1    21     2    19    16     0     2   -29.0   38.165  -96.890    355.0    937.2
     1     1    21     2    19    15     0     3   -30.0   37.958  -97.053    355.8    935.0
     1     1    21     2    19    14     0     2   -31.0   37.767  -97.207    358.4    935.6
     1     1    21     2    19    13     0     1   -32.0   37.624  -97.357    364.5    935.1
     1     1    21     2    19    12     0     0   -33.0   37.529  -97.507    375.5    933.7
     1     1    21     2    19    11     0     1   -34.0   37.471  -97.657    390.7    931.2
     1     1    21     2    19    10     0     2   -35.0   37.434  -97.802    410.1    928.6
     1     1    21     2    19     9     0     3   -36.0   37.414  -97.944    437.2    924.9
     1     1    21     2    19     8     0     2   -37.0   37.413  -98.080    461.5    919.3
     1     1    21     2    19     7     0     1   -38.0   37.432  -98.209    471.0    916.6
     1     1    21     2    19     6     0     0   -39.0   37.465  -98.332    467.4    915.7
     1     1    21     2    19     5     0     1   -40.0   37.504  -98.449    464.1    915.6
     1     1    21     2    19     4     0     2   -41.0   37.542  -98.559    471.5    912.6
     1     1    21     2    19     3     0     3   -42.0   37.579  -98.660    488.0    908.8
     1     1    21     2    19     2     0     2   -43.0   37.616  -98.746    488.9    904.3
     1     1    21     2    19     1     0     1   -44.0   37.659  -98.809    448.0    907.9
     1     1    21     2    19     0     0     0   -45.0   37.715  -98.843    370.0    916.6
     1     1    21     2    18    23     0     1   -46.0   37.789  -98.873    298.5    927.8
     1     1    21     2    18    22     0     2   -47.0   37.881  -98.925    256.8    930.0
     1     1    21     2    18    21     0     3   -48.0   37.980  -99.003    232.3    929.7
     1     1    21     2    18    20     0     2   -49.0   38.083  -99.082    218.6    930.5
     1     1    21     2    18    19     0     1   -50.0   38.194  -99.144    213.4    931.0
     1     1    21     2    18    18     0     0   -51.0   38.315  -99.192    213.8    931.3
     1     1    21     2    18    17     0     1   -52.0   38.451  -99.227    215.2    930.6
     1     1    21     2    18    16     0     2   -53.0   38.608  -99.250    213.4    930.9
     1     1    21     2    18    15     0     3   -54.0   38.786  -99.270    206.7    931.9
     1     1    21     2    18    14     0     2   -55.0   38.979  -99.308    202.0    933.0
     1     1    21     2    18    13     0     1   -56.0   39.188  -99.371    204.1    929.4
     1     1    21     2    18    12     0     0   -57.0   39.414  -99.451    208.4    925.1
     1     1    21     2    18    11     0     1   -58.0   39.635  -99.546    217.1    921.9
     1     1    21     2    18    10     0     2   -59.0   39.832  -99.656    237.4    917.3
     1     1    21     2    18     9     0     3   -60.0   40.001  -99.781    272.3    911.1
     1     1    21     2    18     8     0     2   -61.0   40.150  -99.899    310.6    901.8
     1     1    21     2    18     7     0     1   -62.0   40.292  -99.985    340.8    895.9
     1     1    21     2    18     6     0     0   -63.0   40.428 -100.033    361.6    891.4
     1     1    21     2    18     5     0     1   -64.0   40.560 -100.055    372.5    888.3
     1     1    21     2    18     4     0     2   -65.0   40.696 -100.066    376.0    886.3
     1     1    21     2    18     3     0     3   -66.0   40.843 -100.065    375.6    884.9
     1     1    21     2    18     2     0     2   -67.0   41.005 -100.066    378.5    883.0
     1     1    21     2    18     1     0     1   -68.0   41.179 -100.089    387.1    880.4
     1     1    21     2    18     0     0     0   -69.0   41.356 -100.136    398.2    877.3
     1     1    21     2    17    23     0     1   -70.0   41.521 -100.195    405.4    874.1
     1     1    21     2    17    22     0     2   -71.0   41.664 -100.255    402.7    872.4
     1     1    21     2    17    21     0     3   -72.0   41.787 -100.309    390.7    871.7
     1     1    21     2    17    20     0     2   -73.0   41.895 -100.359    375.7    872.5
     1     1    21     2    17    19     0     1   -74.0   41.989 -100.408    365.1    872.4
     1     1    21     2    17    18     0     0   -75.0   42.072 -100.461    361.5    872.1
     1     1    21     2    17    17     0     1   -76.0   42.154 -100.525    364.0    870.3
     1     1    21     2    17    16     0     2   -77.0   42.249 -100.605    370.7    867.8
     1     1    21     2    17    15     0     3   -78.0   42.367 -100.698    380.5    864.8
     1     1    21     2    17    14     0     2   -79.0   42.512 -100.803    385.8    861.8
     1     1    21     2    17    13     0     1   -80.0   42.689 -100.920    382.7    860.5
     1     1    21     2    17    12     0     0   -81.0   42.897 -101.052    378.2    859.9
     1     1    21     2    17    11     0     1   -82.0   43.095 -101.202    378.3    860.8
     1     1    21     2    17    10     0     2   -83.0   43.248 -101.362    381.6    861.9
     1     1    21     2    17     9     0     3   -84.0   43.368 -101.523    386.2    862.2
     1     1    21     2    17     8     0     2   -85.0   43.471 -101.679    388.9    862.2
     1     1    21     2    17     7     0     1   -86.0   43.571 -101.828    388.0    862.9
     1     1    21     2    17     6     0     0   -87.0   43.686 -101.974    385.4    864.2
     1     1    21     2    17     5     0     1   -88.0   43.808 -102.111    389.7    866.2
     1     1    21     2    17     4     0     2   -89.0   43.929 -102.231    407.8    865.8
     1     1    21     2    17     3     0     3   -90.0   44.057 -102.334    439.0    862.6
     1     1    21     2    17     2     0     2   -91.0   44.167 -102.428    468.5    856.5
     1     1    21     2    17     1     0     1   -92.0   44.240 -102.506    484.6    853.8
     1     1    21     2    17     0     0     0   -93.0   44.282 -102.563    490.8    852.3
     1     1    21     2    16    23     0     1   -94.0   44.301 -102.598    494.6    851.9
     1     1    21     2    16    22     0     2   -95.0   44.305 -102.616    501.9    850.5
     1     1    21     2    16    21     0     3   -96.0   44.294 -102.615    512.7    848.9
     1     1    21     2    16    20     0     2   -97.0   44.267 -102.601    521.0    847.3
     1     1    21     2    16    19     0     1   -98.0   44.223 -102.577    520.2    847.3
     1     1    21     2    16    18     0     0   -99.0   44.164 -102.544    509.7    848.5
     1     1    21     2    16    17     0     1  -100.0   44.094 -102.495    496.2    850.6
     1     1    21     2    16    16     0     2  -101.0   44.012 -102.424    488.1    851.7
     1     1    21     2    16    15     0     3  -102.0   43.914 -102.339    487.0    850.9
     1     1    21     2    16    14     0     2  -103.0   43.793 -102.282    493.0    848.0
     1     1    21     2    16    13     0     1  -104.0   43.652 -102.291    506.9    843.2
     1     1    21     2    16    12     0     0  -105.0   43.497 -102.366    531.3    836.8
     1     1    21     2    16    11     0     1  -106.0   43.333 -102.469    556.1    830.0
     1     1    21     2    16    10     0     2  -107.0   43.157 -102.566    568.0    826.1
     1     1    21     2    16     9     0     3  -108.0   42.965 -102.660    563.4    824.0
     1     1    21     2    16     8     0     2  -109.0   42.767 -102.776    552.8    822.7
     1     1    21     2    16     7     0     1  -110.0   42.583 -102.928    545.8    819.4
     1     1    21     2    16     6     0     0  -111.0   42.405 -103.104    543.2    814.3
     1     1    21     2    16     5     0     1  -112.0   42.239 -103.307    548.5    809.0
     1     1    21     2    16     4     0     2  -113.0   42.103 -103.542    558.2    804.8
     1     1    21     2    16     3     0     3  -114.0   41.995 -103.811    564.0    802.8
     1     1    21     2    16     2     0     2  -115.0   41.924 -104.105    535.1    798.2
     1     1    21     2    16     1     0     1  -116.0   41.893 -104.406    407.8    798.9
     1     1    21     2    16     0     0     0  -117.0   41.878 -104.645    243.1    817.4
     1     1    21     2    15    23     0     1  -118.0   41.883 -104.820    131.9    826.7
     1     1    21     2    15    22     0     2  -119.0   41.916 -104.984     67.5    829.5
     1     1    21     2    15    21     0     3  -120.0   41.967 -105.199     34.0    823.2
