     5     1
    GDAS    21     2     1     0     0
    GDAS    21     2     8     0     0
    GDAS    21     2    15     0     0
    GDAS    21     2    22     0     0
    GDAS    21     3     1     0     0
     1 BACKWARD OMEGA   
    21     2    20    23   37.820  111.540  1000.0
     1 PRESSURE
     1     1    21     2    20    23     0     1     0.0   37.820  111.540   1000.0    771.9
     1     1    21     2    20    22     0     2    -1.0   38.122  111.185   1082.0    760.8
     1     1    21     2    20    21     0     3    -2.0   38.419  110.858    980.7    781.4
     1     1    21     2    20    20     0     2    -3.0   38.701  110.521    827.9    802.0
     1     1    21     2    20    19     0     1    -4.0   38.977  110.089    761.3    800.8
     1     1    21     2    20    18     0     0    -5.0   39.268  109.567    811.2    783.2
     1     1    21     2    20    17     0     1    -6.0   39.573  109.024    923.8    764.3
     1     1    21     2    20    16     0     2    -7.0   39.878  108.456   1061.9    751.2
     1     1    21     2    20    15     0     3    -8.0   40.170  107.858   1147.4    754.4
     1     1    21     2    20    14     0     2    -9.0   40.455  107.278   1256.5    748.0
     1     1    21     2    20    13     0     1   -10.0   40.753  106.757   1397.1    731.2
     1     1    21     2    20    12     0     0   -11.0   41.063  106.263   1426.3    713.6
     1     1    21     2    20    11     0     1   -12.0   41.343  105.714   1315.4    735.3
     1     1    21     2    20    10     0     2   -13.0   41.625  105.141   1225.0    751.6
     1     1    21     2    20     9     0     3   -14.0   41.926  104.626   1149.1    758.0
     1     1    21     2    20     8     0     2   -15.0   42.191  104.105   1137.1    763.0
     1     1    21     2    20     7     0     1   -16.0   42.446  103.546   1187.5    742.4
     1     1    21     2    20     6     0     0   -17.0   42.706  102.975   1221.4    746.6
     1     1    21     2    20     5     0     1   -18.0   42.994  102.451   1324.3    717.0
     1     1    21     2    20     4     0     2   -19.0   43.281  101.980   1454.8    698.1
     1     1    21     2    20     3     0     3   -20.0   43.548  101.536   1466.8    703.1
     1     1    21     2    20     2     0     2   -21.0   43.810  101.077   1383.1    732.5
     1     1    21     2    20     1     0     1   -22.0   44.067  100.542   1333.6    737.3
     1     1    21     2    20     0     0     0   -23.0   44.330   99.904   1337.8    713.3
     1     1    21     2    19    23     0     1   -24.0   44.657   99.218   1435.4    679.6
     1     1    21     2    19    22     0     2   -25.0   45.023   98.523   1574.9    627.9
     1     1    21     2    19    21     0     3   -26.0   45.344   97.730   1751.2    623.5
     1     1    21     2    19    20     0     2   -27.0   45.608   96.883   1817.3    645.5
     1     1    21     2    19    19     0     1   -28.0   45.806   96.099   1633.6    688.7
     1     1    21     2    19    18     0     0   -29.0   45.873   95.422   1446.9    714.1
     1     1    21     2    19    17     0     1   -30.0   45.875   94.796   1420.8    707.1
     1     1    21     2    19    16     0     2   -31.0   45.892   94.082   1579.3    643.4
     1     1    21     2    19    15     0     3   -32.0   45.923   93.223   1754.7    618.4
     1     1    21     2    19    14     0     2   -33.0   45.885   92.490   1771.1    653.3
     1     1    21     2    19    13     0     1   -34.0   45.854   91.990   1668.8    692.5
     1     1    21     2    19    12     0     0   -35.0   45.817   91.635   1545.8    705.7
     1     1    21     2    19    11     0     1   -36.0   45.772   91.330   1459.8    710.8
     1     1    21     2    19    10     0     2   -37.0   45.727   91.075   1400.5    716.9
     1     1    21     2    19     9     0     3   -38.0   45.672   90.861   1380.3    723.3
     1     1    21     2    19     8     0     2   -39.0   45.591   90.689   1373.2    729.1
     1     1    21     2    19     7     0     1   -40.0   45.476   90.571   1356.9    735.7
     1     1    21     2    19     6     0     0   -41.0   45.322   90.513   1341.1    740.7
     1     1    21     2    19     5     0     1   -42.0   45.151   90.509   1341.2    742.2
     1     1    21     2    19     4     0     2   -43.0   44.992   90.534   1347.6    739.8
     1     1    21     2    19     3     0     3   -44.0   44.856   90.571   1361.1    741.5
     1     1    21     2    19     2     0     2   -45.0   44.737   90.589   1388.6    741.0
     1     1    21     2    19     1     0     1   -46.0   44.619   90.589   1438.0    740.0
     1     1    21     2    19     0     0     0   -47.0   44.498   90.583   1529.8    735.6
     1     1    21     2    18    23     0     1   -48.0   44.391   90.570   1665.0    725.4
     1     1    21     2    18    22     0     2   -49.0   44.312   90.553   1816.1    713.5
     1     1    21     2    18    21     0     3   -50.0   44.251   90.537   1962.1    701.5
     1     1    21     2    18    20     0     2   -51.0   44.204   90.511   2094.8    692.4
     1     1    21     2    18    19     0     1   -52.0   44.167   90.461   2216.6    684.8
     1     1    21     2    18    18     0     0   -53.0   44.143   90.391   2329.3    678.1
     1     1    21     2    18    17     0     1   -54.0   44.124   90.310   2421.0    672.2
     1     1    21     2    18    16     0     2   -55.0   44.095   90.227   2477.2    670.3
     1     1    21     2    18    15     0     3   -56.0   44.054   90.145   2493.2    671.9
     1     1    21     2    18    14     0     2   -57.0   44.024   90.060   2523.7    677.1
     1     1    21     2    18    13     0     1   -58.0   44.040   89.963   2626.8    670.1
     1     1    21     2    18    12     0     0   -59.0   44.100   89.858   2790.6    655.2
     1     1    21     2    18    11     0     1   -60.0   44.169   89.739   2956.1    637.3
     1     1    21     2    18    10     0     2   -61.0   44.222   89.603   3096.4    627.5
     1     1    21     2    18     9     0     3   -62.0   44.266   89.458   3239.6    617.9
     1     1    21     2    18     8     0     2   -63.0   44.312   89.323   3385.8    606.5
     1     1    21     2    18     7     0     1   -64.0   44.368   89.203   3515.6    597.9
     1     1    21     2    18     6     0     0   -65.0   44.433   89.097   3626.9    591.2
     1     1    21     2    18     5     0     1   -66.0   44.523   88.994   3730.0    586.0
     1     1    21     2    18     4     0     2   -67.0   44.658   88.888   3825.8    579.3
     1     1    21     2    18     3     0     3   -68.0   44.845   88.784   3909.1    575.9
     1     1    21     2    18     2     0     2   -69.0   45.064   88.654   3985.8    573.7
     1     1    21     2    18     1     0     1   -70.0   45.287   88.462   4063.3    567.5
     1     1    21     2    18     0     0     0   -71.0   45.522   88.213   4151.6    560.3
     1     1    21     2    17    23     0     1   -72.0   45.762   87.921   4242.1    554.5
     1     1    21     2    17    22     0     2   -73.0   45.992   87.582   4337.9    551.2
     1     1    21     2    17    21     0     3   -74.0   46.209   87.184   4427.2    545.6
     1     1    21     2    17    20     0     2   -75.0   46.416   86.733   4463.7    530.6
     1     1    21     2    17    19     0     1   -76.0   46.604   86.236   4398.4    500.9
     1     1    21     2    17    18     0     0   -77.0   46.763   85.688   4294.8    476.6
     1     1    21     2    17    17     0     1   -78.0   46.911   85.096   4299.5    464.3
     1     1    21     2    17    16     0     2   -79.0   47.044   84.472   4413.2    462.7
     1     1    21     2    17    15     0     3   -80.0   47.159   83.850   4485.6    486.6
     1     1    21     2    17    14     0     2   -81.0   47.259   83.223   4526.4    509.1
     1     1    21     2    17    13     0     1   -82.0   47.339   82.563   4579.5    517.4
     1     1    21     2    17    12     0     0   -83.0   47.393   81.861   4617.9    520.4
     1     1    21     2    17    11     0     1   -84.0   47.428   81.152   4653.2    523.0
     1     1    21     2    17    10     0     2   -85.0   47.446   80.462   4647.4    522.5
     1     1    21     2    17     9     0     3   -86.0   47.442   79.787   4571.0    531.9
     1     1    21     2    17     8     0     2   -87.0   47.427   79.124   4521.3    544.5
     1     1    21     2    17     7     0     1   -88.0   47.406   78.467   4524.5    539.2
     1     1    21     2    17     6     0     0   -89.0   47.369   77.812   4544.8    534.7
     1     1    21     2    17     5     0     1   -90.0   47.334   77.161   4554.7    531.4
     1     1    21     2    17     4     0     2   -91.0   47.311   76.510   4550.2    536.6
     1     1    21     2    17     3     0     3   -92.0   47.276   75.842   4530.1    541.7
     1     1    21     2    17     2     0     2   -93.0   47.236   75.156   4479.0    544.8
     1     1    21     2    17     1     0     1   -94.0   47.200   74.450   4421.8    548.7
     1     1    21     2    17     0     0     0   -95.0   47.154   73.718   4370.1    549.7
     1     1    21     2    16    23     0     1   -96.0   47.094   72.965   4316.5    547.8
     1     1    21     2    16    22     0     2   -97.0   47.025   72.199   4269.9    555.8
     1     1    21     2    16    21     0     3   -98.0   46.923   71.407   4210.7    562.6
     1     1    21     2    16    20     0     2   -99.0   46.793   70.618   4187.9    570.2
     1     1    21     2    16    19     0     1  -100.0   46.651   69.842   4183.0    578.5
     1     1    21     2    16    18     0     0  -101.0   46.486   69.073   4155.2    582.4
     1     1    21     2    16    17     0     1  -102.0   46.319   68.315   4125.3    589.6
     1     1    21     2    16    16     0     2  -103.0   46.161   67.572   4108.3    592.8
     1     1    21     2    16    15     0     3  -104.0   45.989   66.850   4085.8    596.2
     1     1    21     2    16    14     0     2  -105.0   45.813   66.136   4061.9    605.5
     1     1    21     2    16    13     0     1  -106.0   45.647   65.412   4042.7    607.5
     1     1    21     2    16    12     0     0  -107.0   45.490   64.683   4052.5    606.6
     1     1    21     2    16    11     0     1  -108.0   45.342   63.953   4075.0    606.2
     1     1    21     2    16    10     0     2  -109.0   45.202   63.218   4090.6    604.2
     1     1    21     2    16     9     0     3  -110.0   45.059   62.474   4098.0    604.0
     1     1    21     2    16     8     0     2  -111.0   44.918   61.717   4088.8    605.2
     1     1    21     2    16     7     0     1  -112.0   44.775   60.945   4058.5    612.6
     1     1    21     2    16     6     0     0  -113.0   44.613   60.158   4020.6    616.8
     1     1    21     2    16     5     0     1  -114.0   44.429   59.350   4005.5    618.3
     1     1    21     2    16     4     0     2  -115.0   44.222   58.520   3989.1    612.7
     1     1    21     2    16     3     0     3  -116.0   43.983   57.687   3962.1    609.4
     1     1    21     2    16     2     0     2  -117.0   43.726   56.891   3958.6    608.0
     1     1    21     2    16     1     0     1  -118.0   43.457   56.116   3945.0    607.7
     1     1    21     2    16     0     0     0  -119.0   43.181   55.358   3925.3    605.3
     1     1    21     2    15    23     0     1  -120.0   42.911   54.622   3909.3    607.6
