     5     1
    GDAS    21     2     1     0     0
    GDAS    21     2     8     0     0
    GDAS    21     2    15     0     0
    GDAS    21     2    22     0     0
    GDAS    21     3     1     0     0
     1 BACKWARD OMEGA   
    21     2    27    21   44.970  -93.230   500.0
     1 PRESSURE
     1     1    21     2    27    21     0     3     0.0   44.970  -93.230    500.0    920.9
     1     1    21     2    27    20     0     2    -1.0   44.948  -93.355    517.4    918.7
     1     1    21     2    27    19     0     1    -2.0   44.939  -93.504    531.4    916.5
     1     1    21     2    27    18     0     0    -3.0   44.950  -93.675    531.5    916.0
     1     1    21     2    27    17     0     1    -4.0   44.986  -93.874    512.3    917.4
     1     1    21     2    27    16     0     2    -5.0   45.053  -94.105    477.1    919.6
     1     1    21     2    27    15     0     3    -6.0   45.143  -94.356    447.4    920.9
     1     1    21     2    27    14     0     2    -7.0   45.240  -94.628    443.4    919.0
     1     1    21     2    27    13     0     1    -8.0   45.341  -94.916    479.4    912.0
     1     1    21     2    27    12     0     0    -9.0   45.452  -95.209    553.9    901.4
     1     1    21     2    27    11     0     1   -10.0   45.545  -95.528    622.0    890.0
     1     1    21     2    27    10     0     2   -11.0   45.599  -95.876    647.5    888.1
     1     1    21     2    27     9     0     3   -12.0   45.619  -96.238    635.3    887.5
     1     1    21     2    27     8     0     2   -13.0   45.614  -96.596    621.8    888.4
     1     1    21     2    27     7     0     1   -14.0   45.596  -96.944    655.0    881.9
     1     1    21     2    27     6     0     0   -15.0   45.578  -97.291    715.2    870.8
     1     1    21     2    27     5     0     1   -16.0   45.578  -97.657    696.2    867.5
     1     1    21     2    27     4     0     2   -17.0   45.589  -98.055    517.0    887.0
     1     1    21     2    27     3     0     3   -18.0   45.579  -98.499    351.5    915.3
     1     1    21     2    27     2     0     2   -19.0   45.567  -99.009    346.0    910.6
     1     1    21     2    27     1     0     1   -20.0   45.576  -99.538    403.5    886.6
     1     1    21     2    27     0     0     0   -21.0   45.598 -100.051    439.0    882.5
     1     1    21     2    26    23     0     1   -22.0   45.630 -100.554    501.8    873.9
     1     1    21     2    26    22     0     2   -23.0   45.669 -101.046    611.4    858.5
     1     1    21     2    26    21     0     3   -24.0   45.710 -101.541    719.2    838.3
     1     1    21     2    26    20     0     2   -25.0   45.749 -102.046    765.3    829.2
     1     1    21     2    26    19     0     1   -26.0   45.793 -102.572    747.7    824.7
     1     1    21     2    26    18     0     0   -27.0   45.862 -103.121    713.8    825.7
     1     1    21     2    26    17     0     1   -28.0   45.953 -103.712    679.6    823.5
     1     1    21     2    26    16     0     2   -29.0   46.052 -104.364    617.8    827.7
     1     1    21     2    26    15     0     3   -30.0   46.169 -105.100    415.8    841.3
     1     1    21     2    26    14     0     2   -31.0   46.209 -105.801    251.1    877.7
     1     1    21     2    26    13     0     1   -32.0   46.187 -106.375    208.8    879.9
     1     1    21     2    26    12     0     0   -33.0   46.135 -106.971    268.5    862.9
     1     1    21     2    26    11     0     1   -34.0   46.083 -107.739    424.0    843.8
     1     1    21     2    26    10     0     2   -35.0   46.008 -108.619    591.7    812.9
     1     1    21     2    26     9     0     3   -36.0   45.948 -109.683    978.6    749.0
     1     1    21     2    26     8     0     2   -37.0   46.073 -110.839   1596.6    646.1
     1     1    21     2    26     7     0     1   -38.0   46.207 -111.844   2076.9    631.6
     1     1    21     2    26     6     0     0   -39.0   46.276 -112.777   2548.4    568.8
     1     1    21     2    26     5     0     1   -40.0   46.323 -113.714   2788.6    560.0
     1     1    21     2    26     4     0     2   -41.0   46.367 -114.656   2655.3    582.7
     1     1    21     2    26     3     0     3   -42.0   46.388 -115.585   2339.1    639.4
     1     1    21     2    26     2     0     2   -43.0   46.453 -116.454   2070.3    686.4
     1     1    21     2    26     1     0     1   -44.0   46.488 -117.313   1770.1    726.8
     1     1    21     2    26     0     0     0   -45.0   46.421 -118.185   1314.6    773.1
     1     1    21     2    25    23     0     1   -46.0   46.303 -119.076   1066.9    863.3
     1     1    21     2    25    22     0     2   -47.0   46.277 -119.949   1464.5    801.8
     1     1    21     2    25    21     0     3   -48.0   46.370 -120.931   1657.4    728.7
     1     1    21     2    25    20     0     2   -49.0   46.414 -121.965   1440.9    764.2
     1     1    21     2    25    19     0     1   -50.0   46.434 -122.805   1201.4    854.4
     1     1    21     2    25    18     0     0   -51.0   46.515 -123.525   1117.0    878.1
     1     1    21     2    25    17     0     1   -52.0   46.644 -124.222    908.9    912.8
     1     1    21     2    25    16     0     2   -53.0   46.818 -124.920    768.8    941.5
     1     1    21     2    25    15     0     3   -54.0   47.020 -125.662    736.0    936.6
     1     1    21     2    25    14     0     2   -55.0   47.236 -126.474    752.2    932.5
     1     1    21     2    25    13     0     1   -56.0   47.459 -127.323    784.3    927.7
     1     1    21     2    25    12     0     0   -57.0   47.669 -128.218    807.1    926.0
     1     1    21     2    25    11     0     1   -58.0   47.877 -129.154    871.4    919.3
     1     1    21     2    25    10     0     2   -59.0   48.103 -130.111    948.6    908.9
     1     1    21     2    25     9     0     3   -60.0   48.328 -131.111    989.8    904.8
     1     1    21     2    25     8     0     2   -61.0   48.543 -132.202   1008.2    902.4
     1     1    21     2    25     7     0     1   -62.0   48.765 -133.360   1039.3    898.7
     1     1    21     2    25     6     0     0   -63.0   48.975 -134.553   1097.6    890.4
     1     1    21     2    25     5     0     1   -64.0   49.174 -135.803   1136.0    886.7
     1     1    21     2    25     4     0     2   -65.0   49.395 -137.139   1174.9    879.8
     1     1    21     2    25     3     0     3   -66.0   49.594 -138.559   1189.0    878.0
     1     1    21     2    25     2     0     2   -67.0   49.800 -140.020   1229.5    873.4
     1     1    21     2    25     1     0     1   -68.0   50.056 -141.504   1282.4    866.7
     1     1    21     2    25     0     0     0   -69.0   50.286 -143.012   1330.4    860.1
     1     1    21     2    24    23     0     1   -70.0   50.520 -144.480   1377.2    853.6
     1     1    21     2    24    22     0     2   -71.0   50.795 -145.979   1402.4    851.5
     1     1    21     2    24    21     0     3   -72.0   51.034 -147.480   1425.2    847.6
     1     1    21     2    24    20     0     2   -73.0   51.289 -148.950   1453.9    845.0
     1     1    21     2    24    19     0     1   -74.0   51.570 -150.394   1494.8    838.5
     1     1    21     2    24    18     0     0   -75.0   51.822 -151.778   1534.8    832.8
     1     1    21     2    24    17     0     1   -76.0   52.078 -153.137   1564.9    829.4
     1     1    21     2    24    16     0     2   -77.0   52.341 -154.468   1603.9    824.7
     1     1    21     2    24    15     0     3   -78.0   52.550 -155.696   1680.3    815.0
     1     1    21     2    24    14     0     2   -79.0   52.722 -156.814   1749.1    808.2
     1     1    21     2    24    13     0     1   -80.0   52.878 -157.858   1841.9    799.3
     1     1    21     2    24    12     0     0   -81.0   52.974 -158.833   1914.9    788.0
     1     1    21     2    24    11     0     1   -82.0   53.020 -159.756   1931.1    789.8
     1     1    21     2    24    10     0     2   -83.0   53.030 -160.599   1976.3    783.4
     1     1    21     2    24     9     0     3   -84.0   52.953 -161.339   2020.6    779.0
     1     1    21     2    24     8     0     2   -85.0   52.833 -162.035   2027.5    777.4
     1     1    21     2    24     7     0     1   -86.0   52.684 -162.732   2002.6    782.8
     1     1    21     2    24     6     0     0   -87.0   52.481 -163.424   1974.0    782.9
     1     1    21     2    24     5     0     1   -88.0   52.270 -164.082   1911.2    788.5
     1     1    21     2    24     4     0     2   -89.0   52.046 -164.672   1797.8    799.2
     1     1    21     2    24     3     0     3   -90.0   51.789 -165.200   1677.1    815.6
     1     1    21     2    24     2     0     2   -91.0   51.533 -165.712   1604.4    826.6
     1     1    21     2    24     1     0     1   -92.0   51.279 -166.213   1568.4    825.8
     1     1    21     2    24     0     0     0   -93.0   51.014 -166.684   1529.6    831.7
     1     1    21     2    23    23     0     1   -94.0   50.743 -167.167   1513.1    834.3
     1     1    21     2    23    22     0     2   -95.0   50.465 -167.656   1511.5    833.2
     1     1    21     2    23    21     0     3   -96.0   50.180 -168.134   1547.7    833.4
     1     1    21     2    23    20     0     2   -97.0   49.874 -168.607   1605.7    821.3
     1     1    21     2    23    19     0     1   -98.0   49.572 -169.075   1637.9    819.0
     1     1    21     2    23    18     0     0   -99.0   49.273 -169.528   1656.8    817.4
     1     1    21     2    23    17     0     1  -100.0   48.976 -169.993   1670.4    816.6
     1     1    21     2    23    16     0     2  -101.0   48.667 -170.486   1669.7    814.9
     1     1    21     2    23    15     0     3  -102.0   48.347 -170.992   1619.0    818.5
     1     1    21     2    23    14     0     2  -103.0   48.038 -171.504   1572.8    831.0
     1     1    21     2    23    13     0     1  -104.0   47.732 -172.025   1579.3    828.2
     1     1    21     2    23    12     0     0  -105.0   47.430 -172.549   1601.5    824.4
     1     1    21     2    23    11     0     1  -106.0   47.126 -173.076   1622.4    822.4
     1     1    21     2    23    10     0     2  -107.0   46.811 -173.626   1636.2    820.7
     1     1    21     2    23     9     0     3  -108.0   46.501 -174.204   1655.3    820.4
     1     1    21     2    23     8     0     2  -109.0   46.204 -174.804   1686.2    816.2
     1     1    21     2    23     7     0     1  -110.0   45.901 -175.416   1712.9    812.4
     1     1    21     2    23     6     0     0  -111.0   45.579 -176.037   1719.8    810.8
     1     1    21     2    23     5     0     1  -112.0   45.264 -176.693   1720.6    812.5
     1     1    21     2    23     4     0     2  -113.0   44.952 -177.404   1748.2    810.7
     1     1    21     2    23     3     0     3  -114.0   44.619 -178.159   1809.4    803.3
     1     1    21     2    23     2     0     2  -115.0   44.288 -178.925   1863.7    797.0
     1     1    21     2    23     1     0     1  -116.0   43.972 -179.693   1908.7    791.9
     1     1    21     2    23     0     0     0  -117.0   43.659  179.518   1943.4    789.9
     1     1    21     2    22    23     0     1  -118.0   43.368  178.727   1991.1    784.0
     1     1    21     2    22    22     0     2  -119.0   43.109  177.901   2031.7    780.2
     1     1    21     2    22    21     0     3  -120.0   42.863  177.032   2072.9    775.2
