     5     1
    GDAS    21     2     1     0     0
    GDAS    21     2     8     0     0
    GDAS    21     2    15     0     0
    GDAS    21     2    22     0     0
    GDAS    21     3     1     0     0
     1 BACKWARD OMEGA   
    21     2     7     6   44.970  -93.230   500.0
     1 PRESSURE
     1     1    21     2     7     6     0     0     0.0   44.970  -93.230    500.0    921.2
     1     1    21     2     7     5     0     1    -1.0   45.300  -93.581    533.8    913.7
     1     1    21     2     7     4     0     2    -2.0   45.634  -93.975    574.3    903.0
     1     1    21     2     7     3     0     3    -3.0   45.968  -94.389    631.5    891.4
     1     1    21     2     7     2     0     2    -4.0   46.296  -94.813    700.1    878.5
     1     1    21     2     7     1     0     1    -5.0   46.623  -95.234    759.1    868.7
     1     1    21     2     7     0     0     0    -6.0   46.941  -95.645    794.2    864.2
     1     1    21     2     6    23     0     1    -7.0   47.243  -96.056    812.1    868.8
     1     1    21     2     6    22     0     2    -8.0   47.534  -96.468    828.9    874.7
     1     1    21     2     6    21     0     3    -9.0   47.820  -96.865    858.7    877.4
     1     1    21     2     6    20     0     2   -10.0   48.117  -97.246    891.4    867.2
     1     1    21     2     6    19     0     1   -11.0   48.440  -97.613    912.9    859.6
     1     1    21     2     6    18     0     0   -12.0   48.785  -97.970    933.3    857.0
     1     1    21     2     6    17     0     1   -13.0   49.158  -98.315    963.2    853.7
     1     1    21     2     6    16     0     2   -14.0   49.562  -98.636    995.0    848.9
     1     1    21     2     6    15     0     3   -15.0   49.991  -98.906    992.8    849.5
     1     1    21     2     6    14     0     2   -16.0   50.448  -99.158    971.6    856.6
     1     1    21     2     6    13     0     1   -17.0   50.925  -99.439    973.7    855.8
     1     1    21     2     6    12     0     0   -18.0   51.407  -99.735    995.6    852.2
     1     1    21     2     6    11     0     1   -19.0   51.895 -100.028   1027.4    852.9
     1     1    21     2     6    10     0     2   -20.0   52.375 -100.305   1066.6    845.2
     1     1    21     2     6     9     0     3   -21.0   52.830 -100.575   1095.1    842.4
     1     1    21     2     6     8     0     2   -22.0   53.266 -100.836   1081.6    845.8
     1     1    21     2     6     7     0     1   -23.0   53.691 -101.064   1037.8    852.6
     1     1    21     2     6     6     0     0   -24.0   54.112 -101.245    998.3    858.4
     1     1    21     2     6     5     0     1   -25.0   54.544 -101.385    985.2    857.5
     1     1    21     2     6     4     0     2   -26.0   54.996 -101.494   1003.1    851.1
     1     1    21     2     6     3     0     3   -27.0   55.459 -101.579   1028.3    845.8
     1     1    21     2     6     2     0     2   -28.0   55.916 -101.664   1038.4    844.4
     1     1    21     2     6     1     0     1   -29.0   56.365 -101.780   1043.6    844.6
     1     1    21     2     6     0     0     0   -30.0   56.804 -101.946   1056.1    843.4
     1     1    21     2     5    23     0     1   -31.0   57.229 -102.136   1068.0    840.0
     1     1    21     2     5    22     0     2   -32.0   57.639 -102.316   1070.2    838.4
     1     1    21     2     5    21     0     3   -33.0   58.040 -102.494   1075.6    836.2
     1     1    21     2     5    20     0     2   -34.0   58.433 -102.680   1094.6    831.2
     1     1    21     2     5    19     0     1   -35.0   58.810 -102.872   1119.6    825.9
     1     1    21     2     5    18     0     0   -36.0   59.168 -103.066   1141.6    822.6
     1     1    21     2     5    17     0     1   -37.0   59.519 -103.269   1156.7    820.6
     1     1    21     2     5    16     0     2   -38.0   59.873 -103.482   1159.5    820.0
     1     1    21     2     5    15     0     3   -39.0   60.228 -103.700   1155.5    822.8
     1     1    21     2     5    14     0     2   -40.0   60.574 -103.926   1158.2    825.5
     1     1    21     2     5    13     0     1   -41.0   60.905 -104.167   1166.9    825.3
     1     1    21     2     5    12     0     0   -42.0   61.222 -104.422   1173.0    822.5
     1     1    21     2     5    11     0     1   -43.0   61.524 -104.677   1175.8    820.7
     1     1    21     2     5    10     0     2   -44.0   61.804 -104.918   1176.7    818.9
     1     1    21     2     5     9     0     3   -45.0   62.065 -105.139   1177.7    819.6
     1     1    21     2     5     8     0     2   -46.0   62.316 -105.360   1186.9    821.8
     1     1    21     2     5     7     0     1   -47.0   62.560 -105.605   1203.2    820.9
     1     1    21     2     5     6     0     0   -48.0   62.795 -105.867   1216.6    819.4
     1     1    21     2     5     5     0     1   -49.0   63.020 -106.129   1221.3    818.9
     1     1    21     2     5     4     0     2   -50.0   63.232 -106.386   1220.7    818.0
     1     1    21     2     5     3     0     3   -51.0   63.437 -106.644   1220.0    816.5
     1     1    21     2     5     2     0     2   -52.0   63.639 -106.906   1221.0    814.5
     1     1    21     2     5     1     0     1   -53.0   63.837 -107.176   1227.6    813.0
     1     1    21     2     5     0     0     0   -54.0   64.033 -107.445   1241.5    811.5
     1     1    21     2     4    23     0     1   -55.0   64.226 -107.718   1258.4    810.7
     1     1    21     2     4    22     0     2   -56.0   64.413 -108.009   1275.5    810.7
     1     1    21     2     4    21     0     3   -57.0   64.596 -108.320   1294.8    808.8
     1     1    21     2     4    20     0     2   -58.0   64.774 -108.624   1312.7    805.3
     1     1    21     2     4    19     0     1   -59.0   64.942 -108.900   1323.9    802.2
     1     1    21     2     4    18     0     0   -60.0   65.102 -109.146   1323.2    799.1
     1     1    21     2     4    17     0     1   -61.0   65.262 -109.391   1310.9    798.2
     1     1    21     2     4    16     0     2   -62.0   65.430 -109.660   1297.4    797.7
     1     1    21     2     4    15     0     3   -63.0   65.605 -109.935   1299.8    795.5
     1     1    21     2     4    14     0     2   -64.0   65.781 -110.212   1316.6    790.5
     1     1    21     2     4    13     0     1   -65.0   65.950 -110.498   1332.8    787.1
     1     1    21     2     4    12     0     0   -66.0   66.113 -110.795   1344.5    786.6
     1     1    21     2     4    11     0     1   -67.0   66.271 -111.109   1350.5    788.7
     1     1    21     2     4    10     0     2   -68.0   66.420 -111.434   1351.3    790.1
     1     1    21     2     4     9     0     3   -69.0   66.562 -111.744   1350.3    791.5
     1     1    21     2     4     8     0     2   -70.0   66.700 -112.029   1350.5    791.4
     1     1    21     2     4     7     0     1   -71.0   66.837 -112.288   1352.3    793.9
     1     1    21     2     4     6     0     0   -72.0   66.974 -112.507   1353.8    796.1
     1     1    21     2     4     5     0     1   -73.0   67.112 -112.719   1352.5    803.5
     1     1    21     2     4     4     0     2   -74.0   67.249 -112.955   1342.1    813.4
     1     1    21     2     4     3     0     3   -75.0   67.388 -113.208   1321.8    822.3
     1     1    21     2     4     2     0     2   -76.0   67.527 -113.466   1301.1    831.5
     1     1    21     2     4     1     0     1   -77.0   67.662 -113.714   1287.5    839.2
     1     1    21     2     4     0     0     0   -78.0   67.795 -113.934   1278.4    846.7
     1     1    21     2     3    23     0     1   -79.0   67.924 -114.142   1269.3    854.9
     1     1    21     2     3    22     0     2   -80.0   68.050 -114.369   1256.8    861.2
     1     1    21     2     3    21     0     3   -81.0   68.172 -114.629   1242.3    863.6
     1     1    21     2     3    20     0     2   -82.0   68.293 -114.900   1231.8    865.3
     1     1    21     2     3    19     0     1   -83.0   68.416 -115.155   1224.4    863.6
     1     1    21     2     3    18     0     0   -84.0   68.541 -115.378   1215.3    862.1
     1     1    21     2     3    17     0     1   -85.0   68.669 -115.564   1203.5    863.9
     1     1    21     2     3    16     0     2   -86.0   68.799 -115.708   1189.7    867.3
     1     1    21     2     3    15     0     3   -87.0   68.928 -115.810   1172.6    872.0
     1     1    21     2     3    14     0     2   -88.0   69.060 -115.910   1155.6    874.7
     1     1    21     2     3    13     0     1   -89.0   69.200 -116.039   1147.5    872.5
     1     1    21     2     3    12     0     0   -90.0   69.348 -116.170   1150.6    868.5
     1     1    21     2     3    11     0     1   -91.0   69.504 -116.282   1158.7    864.4
     1     1    21     2     3    10     0     2   -92.0   69.669 -116.351   1168.7    860.2
     1     1    21     2     3     9     0     3   -93.0   69.845 -116.338   1182.6    855.0
     1     1    21     2     3     8     0     2   -94.0   70.032 -116.277   1201.9    847.6
     1     1    21     2     3     7     0     1   -95.0   70.232 -116.245   1217.4    841.1
     1     1    21     2     3     6     0     0   -96.0   70.447 -116.225   1219.5    836.7
     1     1    21     2     3     5     0     1   -97.0   70.674 -116.179   1211.2    834.6
     1     1    21     2     3     4     0     2   -98.0   70.903 -116.096   1195.3    832.6
     1     1    21     2     3     3     0     3   -99.0   71.135 -115.990   1178.6    835.1
     1     1    21     2     3     2     0     2  -100.0   71.383 -115.890   1164.1    838.2
     1     1    21     2     3     1     0     1  -101.0   71.662 -115.775   1148.1    841.8
     1     1    21     2     3     0     0     0  -102.0   71.972 -115.587   1128.0    845.7
     1     1    21     2     2    23     0     1  -103.0   72.295 -115.409   1111.7    852.1
     1     1    21     2     2    22     0     2  -104.0   72.613 -115.298   1104.0    855.8
     1     1    21     2     2    21     0     3  -105.0   72.921 -115.169   1101.4    858.3
     1     1    21     2     2    20     0     2  -106.0   73.222 -115.013   1097.6    862.7
     1     1    21     2     2    19     0     1  -107.0   73.521 -114.857   1090.5    872.2
     1     1    21     2     2    18     0     0  -108.0   73.813 -114.683   1090.4    880.0
     1     1    21     2     2    17     0     1  -109.0   74.107 -114.476   1098.1    882.0
     1     1    21     2     2    16     0     2  -110.0   74.416 -114.240   1096.2    880.5
     1     1    21     2     2    15     0     3  -111.0   74.735 -113.994   1076.5    884.3
     1     1    21     2     2    14     0     2  -112.0   75.066 -113.763   1060.0    884.9
     1     1    21     2     2    13     0     1  -113.0   75.440 -113.538   1081.1    874.7
     1     1    21     2     2    12     0     0  -114.0   75.875 -113.309   1162.7    855.9
     1     1    21     2     2    11     0     1  -115.0   76.359 -112.974   1265.5    842.5
     1     1    21     2     2    10     0     2  -116.0   76.848 -112.504   1315.5    848.1
     1     1    21     2     2     9     0     3  -117.0   77.320 -111.981   1320.7    853.9
     1     1    21     2     2     8     0     2  -118.0   77.799 -111.373   1316.1    853.9
     1     1    21     2     2     7     0     1  -119.0   78.293 -110.609   1301.7    855.0
     1     1    21     2     2     6     0     0  -120.0   78.789 -109.715   1270.0    858.4
