     5     1
    GDAS    21     2     1     0     0
    GDAS    21     2     8     0     0
    GDAS    21     2    15     0     0
    GDAS    21     2    22     0     0
    GDAS    21     3     1     0     0
     1 BACKWARD OMEGA   
    21     2     4    11   37.820  111.540  1000.0
     1 PRESSURE
     1     1    21     2     4    11     0     1     0.0   37.820  111.540   1000.0    777.7
     1     1    21     2     4    10     0     2    -1.0   37.983  111.215   1032.1    777.1
     1     1    21     2     4     9     0     3    -2.0   38.106  110.946   1005.5    787.6
     1     1    21     2     4     8     0     2    -3.0   38.199  110.697    962.4    795.5
     1     1    21     2     4     7     0     1    -4.0   38.285  110.422    936.4    798.2
     1     1    21     2     4     6     0     0    -5.0   38.366  110.105    936.0    796.5
     1     1    21     2     4     5     0     1    -6.0   38.442  109.752    949.6    789.7
     1     1    21     2     4     4     0     2    -7.0   38.507  109.391    961.1    784.6
     1     1    21     2     4     3     0     3    -8.0   38.552  109.035    971.9    780.2
     1     1    21     2     4     2     0     2    -9.0   38.579  108.679    982.7    773.6
     1     1    21     2     4     1     0     1   -10.0   38.601  108.319    997.0    766.5
     1     1    21     2     4     0     0     0   -11.0   38.619  107.977   1012.9    760.0
     1     1    21     2     3    23     0     1   -12.0   38.639  107.651   1031.2    762.5
     1     1    21     2     3    22     0     2   -13.0   38.664  107.342   1049.2    765.7
     1     1    21     2     3    21     0     3   -14.0   38.688  107.065   1073.3    768.2
     1     1    21     2     3    20     0     2   -15.0   38.717  106.796   1103.8    756.0
     1     1    21     2     3    19     0     1   -16.0   38.765  106.509   1154.2    734.0
     1     1    21     2     3    18     0     0   -17.0   38.842  106.205   1229.6    703.2
     1     1    21     2     3    17     0     1   -18.0   38.950  105.885   1337.0    678.3
     1     1    21     2     3    16     0     2   -19.0   39.064  105.559   1463.0    687.6
     1     1    21     2     3    15     0     3   -20.0   39.156  105.267   1552.2    700.5
     1     1    21     2     3    14     0     2   -21.0   39.232  105.011   1599.3    708.8
     1     1    21     2     3    13     0     1   -22.0   39.318  104.759   1622.2    709.4
     1     1    21     2     3    12     0     0   -23.0   39.423  104.486   1665.1    705.6
     1     1    21     2     3    11     0     1   -24.0   39.539  104.206   1729.0    699.7
     1     1    21     2     3    10     0     2   -25.0   39.661  103.933   1803.5    691.6
     1     1    21     2     3     9     0     3   -26.0   39.781  103.666   1861.2    679.4
     1     1    21     2     3     8     0     2   -27.0   39.895  103.405   1891.9    672.0
     1     1    21     2     3     7     0     1   -28.0   40.000  103.162   1915.3    666.4
     1     1    21     2     3     6     0     0   -29.0   40.103  102.940   1958.5    663.2
     1     1    21     2     3     5     0     1   -30.0   40.227  102.712   2004.1    663.5
     1     1    21     2     3     4     0     2   -31.0   40.380  102.468   2027.5    669.4
     1     1    21     2     3     3     0     3   -32.0   40.561  102.210   2043.7    676.4
     1     1    21     2     3     2     0     2   -33.0   40.754  101.941   2068.8    682.1
     1     1    21     2     3     1     0     1   -34.0   40.942  101.662   2104.7    683.4
     1     1    21     2     3     0     0     0   -35.0   41.121  101.378   2153.0    684.9
     1     1    21     2     2    23     0     1   -36.0   41.300  101.088   2204.3    684.4
     1     1    21     2     2    22     0     2   -37.0   41.485  100.787   2242.2    682.6
     1     1    21     2     2    21     0     3   -38.0   41.670  100.480   2269.7    681.7
     1     1    21     2     2    20     0     2   -39.0   41.851  100.192   2277.6    682.3
     1     1    21     2     2    19     0     1   -40.0   42.033   99.947   2239.9    684.8
     1     1    21     2     2    18     0     0   -41.0   42.232   99.719   2165.5    680.1
     1     1    21     2     2    17     0     1   -42.0   42.454   99.465   2144.4    674.5
     1     1    21     2     2    16     0     2   -43.0   42.696   99.196   2220.4    659.6
     1     1    21     2     2    15     0     3   -44.0   42.973   98.944   2354.4    640.8
     1     1    21     2     2    14     0     2   -45.0   43.286   98.681   2424.9    624.8
     1     1    21     2     2    13     0     1   -46.0   43.604   98.390   2371.6    626.9
     1     1    21     2     2    12     0     0   -47.0   43.880   98.101   2229.7    632.1
     1     1    21     2     2    11     0     1   -48.0   44.138   97.820   2086.9    643.6
     1     1    21     2     2    10     0     2   -49.0   44.437   97.524   2013.8    643.4
     1     1    21     2     2     9     0     3   -50.0   44.768   97.245   1974.9    640.2
     1     1    21     2     2     8     0     2   -51.0   45.101   97.003   1949.8    647.5
     1     1    21     2     2     7     0     1   -52.0   45.432   96.741   1912.9    648.8
     1     1    21     2     2     6     0     0   -53.0   45.755   96.452   1844.8    658.5
     1     1    21     2     2     5     0     1   -54.0   46.039   96.176   1762.4    674.4
     1     1    21     2     2     4     0     2   -55.0   46.280   95.913   1678.6    686.8
     1     1    21     2     2     3     0     3   -56.0   46.497   95.655   1596.1    692.3
     1     1    21     2     2     2     0     2   -57.0   46.698   95.399   1515.2    695.8
     1     1    21     2     2     1     0     1   -58.0   46.869   95.159   1435.0    699.3
     1     1    21     2     2     0     0     0   -59.0   47.000   94.957   1359.1    702.3
     1     1    21     2     1    23     0     1   -60.0   47.090   94.779   1301.0    709.8
     1     1    21     2     1    22     0     2   -61.0   47.144   94.600   1259.8    715.3
     1     1    21     2     1    21     0     3   -62.0   47.155   94.440   1223.5    721.1
     1     1    21     2     1    20     0     2   -63.0   47.138   94.304   1193.1    727.1
     1     1    21     2     1    19     0     1   -64.0   47.115   94.180   1173.4    731.3
     1     1    21     2     1    18     0     0   -65.0   47.082   94.070   1166.7    733.6
     1     1    21     2     1    17     0     1   -66.0   47.049   93.961   1172.0    732.2
     1     1    21     2     1    16     0     2   -67.0   47.029   93.837   1187.3    726.3
     1     1    21     2     1    15     0     3   -68.0   47.028   93.698   1215.6    719.2
     1     1    21     2     1    14     0     2   -69.0   47.049   93.542   1242.0    711.0
     1     1    21     2     1    13     0     1   -70.0   47.093   93.372   1248.9    706.7
     1     1    21     2     1    12     0     0   -71.0   47.156   93.193   1233.6    705.8
     1     1    21     2     1    11     0     1   -72.0   47.221   93.013   1214.2    707.6
     1     1    21     2     1    10     0     2   -73.0   47.283   92.824   1212.4    701.9
     1     1    21     2     1     9     0     3   -74.0   47.358   92.613   1233.7    694.1
     1     1    21     2     1     8     0     2   -75.0   47.445   92.389   1258.6    688.8
     1     1    21     2     1     7     0     1   -76.0   47.534   92.164   1271.4    688.9
     1     1    21     2     1     6     0     0   -77.0   47.615   91.941   1271.4    689.6
     1     1    21     2     1     5     0     1   -78.0   47.697   91.709   1274.4    679.6
     1     1    21     2     1     4     0     2   -79.0   47.806   91.448   1305.1    657.1
     1     1    21     2     1     3     0     3   -80.0   47.993   91.127   1363.1    613.9
     1     1    21     2     1     2     0     2   -81.0   48.250   90.734   1472.7    608.6
     1     1    21     2     1     1     0     1   -82.0   48.496   90.325   1563.8    618.5
     1     1    21     2     1     0     0     0   -83.0   48.719   89.917   1621.1    625.7
