     5     1
    GDAS    21     2     1     0     0
    GDAS    21     2     8     0     0
    GDAS    21     2    15     0     0
    GDAS    21     2    22     0     0
    GDAS    21     3     1     0     0
     1 BACKWARD OMEGA   
    21     2    15    21   44.970  -93.230   500.0
     1 PRESSURE
     1     1    21     2    15    21     0     3     0.0   44.970  -93.230    500.0    929.7
     1     1    21     2    15    20     0     2    -1.0   45.056  -93.193    535.6    924.9
     1     1    21     2    15    19     0     1    -2.0   45.127  -93.135    546.7    923.7
     1     1    21     2    15    18     0     0    -3.0   45.189  -93.062    533.0    926.2
     1     1    21     2    15    17     0     1    -4.0   45.258  -92.994    519.0    930.4
     1     1    21     2    15    16     0     2    -5.0   45.350  -92.937    528.4    928.6
     1     1    21     2    15    15     0     3    -6.0   45.466  -92.889    563.7    923.4
     1     1    21     2    15    14     0     2    -7.0   45.599  -92.865    611.9    914.7
     1     1    21     2    15    13     0     1    -8.0   45.741  -92.881    651.2    908.0
     1     1    21     2    15    12     0     0    -9.0   45.893  -92.946    671.9    903.5
     1     1    21     2    15    11     0     1   -10.0   46.039  -93.053    684.9    902.5
     1     1    21     2    15    10     0     2   -11.0   46.168  -93.189    712.1    897.8
     1     1    21     2    15     9     0     3   -12.0   46.280  -93.350    757.3    890.5
     1     1    21     2    15     8     0     2   -13.0   46.385  -93.514    807.8    881.8
     1     1    21     2    15     7     0     1   -14.0   46.485  -93.661    848.3    876.2
     1     1    21     2    15     6     0     0   -15.0   46.579  -93.797    876.6    872.0
     1     1    21     2    15     5     0     1   -16.0   46.683  -93.922    894.0    869.6
     1     1    21     2    15     4     0     2   -17.0   46.817  -94.036    900.3    868.2
     1     1    21     2    15     3     0     3   -18.0   46.980  -94.146    897.7    868.0
     1     1    21     2    15     2     0     2   -19.0   47.156  -94.264    902.3    868.5
     1     1    21     2    15     1     0     1   -20.0   47.336  -94.398    925.0    865.6
     1     1    21     2    15     0     0     0   -21.0   47.525  -94.538    959.4    861.8
     1     1    21     2    14    23     0     1   -22.0   47.718  -94.698    994.8    858.9
     1     1    21     2    14    22     0     2   -23.0   47.900  -94.890   1023.5    858.4
     1     1    21     2    14    21     0     3   -24.0   48.070  -95.108   1042.1    858.3
     1     1    21     2    14    20     0     2   -25.0   48.233  -95.340   1055.6    857.7
     1     1    21     2    14    19     0     1   -26.0   48.394  -95.572   1072.1    856.2
     1     1    21     2    14    18     0     0   -27.0   48.551  -95.797   1096.8    853.8
     1     1    21     2    14    17     0     1   -28.0   48.710  -96.008   1125.8    849.5
     1     1    21     2    14    16     0     2   -29.0   48.876  -96.204   1145.8    847.9
     1     1    21     2    14    15     0     3   -30.0   49.050  -96.392   1152.3    848.9
     1     1    21     2    14    14     0     2   -31.0   49.228  -96.589   1157.0    852.1
     1     1    21     2    14    13     0     1   -32.0   49.408  -96.806   1169.9    853.4
     1     1    21     2    14    12     0     0   -33.0   49.582  -97.042   1190.6    852.9
     1     1    21     2    14    11     0     1   -34.0   49.755  -97.272   1209.4    849.1
     1     1    21     2    14    10     0     2   -35.0   49.923  -97.479   1219.4    847.6
     1     1    21     2    14     9     0     3   -36.0   50.078  -97.678   1222.6    846.6
     1     1    21     2    14     8     0     2   -37.0   50.223  -97.859   1228.8    845.2
     1     1    21     2    14     7     0     1   -38.0   50.372  -98.002   1244.6    841.7
     1     1    21     2    14     6     0     0   -39.0   50.527  -98.111   1266.9    838.1
     1     1    21     2    14     5     0     1   -40.0   50.695  -98.199   1287.9    834.9
     1     1    21     2    14     4     0     2   -41.0   50.878  -98.283   1302.5    833.4
     1     1    21     2    14     3     0     3   -42.0   51.071  -98.375   1312.7    833.0
     1     1    21     2    14     2     0     2   -43.0   51.263  -98.468   1320.2    832.5
     1     1    21     2    14     1     0     1   -44.0   51.443  -98.552   1324.4    832.2
     1     1    21     2    14     0     0     0   -45.0   51.611  -98.634   1325.8    832.0
     1     1    21     2    13    23     0     1   -46.0   51.764  -98.709   1326.2    832.0
     1     1    21     2    13    22     0     2   -47.0   51.900  -98.772   1326.6    831.9
     1     1    21     2    13    21     0     3   -48.0   52.018  -98.826   1327.3    831.6
     1     1    21     2    13    20     0     2   -49.0   52.124  -98.857   1328.3    832.1
     1     1    21     2    13    19     0     1   -50.0   52.227  -98.858   1329.5    832.8
     1     1    21     2    13    18     0     0   -51.0   52.327  -98.834   1331.1    833.5
     1     1    21     2    13    17     0     1   -52.0   52.426  -98.788   1331.2    834.0
     1     1    21     2    13    16     0     2   -53.0   52.526  -98.722   1327.1    835.2
     1     1    21     2    13    15     0     3   -54.0   52.627  -98.639   1317.7    837.0
     1     1    21     2    13    14     0     2   -55.0   52.722  -98.553   1308.3    839.3
     1     1    21     2    13    13     0     1   -56.0   52.804  -98.471   1303.6    840.2
     1     1    21     2    13    12     0     0   -57.0   52.874  -98.393   1303.1    840.4
     1     1    21     2    13    11     0     1   -58.0   52.931  -98.306   1298.2    840.4
     1     1    21     2    13    10     0     2   -59.0   52.978  -98.203   1280.8    842.8
     1     1    21     2    13     9     0     3   -60.0   53.015  -98.087   1251.3    846.6
     1     1    21     2    13     8     0     2   -61.0   53.042  -97.968   1224.5    851.6
     1     1    21     2    13     7     0     1   -62.0   53.055  -97.841   1215.5    852.5
     1     1    21     2    13     6     0     0   -63.0   53.053  -97.701   1222.3    851.4
     1     1    21     2    13     5     0     1   -64.0   53.042  -97.553   1234.6    848.6
     1     1    21     2    13     4     0     2   -65.0   53.030  -97.405   1242.9    847.5
     1     1    21     2    13     3     0     3   -66.0   53.017  -97.249   1246.9    846.8
     1     1    21     2    13     2     0     2   -67.0   52.990  -97.088   1254.6    846.6
     1     1    21     2    13     1     0     1   -68.0   52.936  -96.924   1274.3    843.5
     1     1    21     2    13     0     0     0   -69.0   52.855  -96.764   1304.7    838.1
     1     1    21     2    12    23     0     1   -70.0   52.751  -96.617   1334.0    831.9
     1     1    21     2    12    22     0     2   -71.0   52.619  -96.483   1356.0    828.3
     1     1    21     2    12    21     0     3   -72.0   52.457  -96.364   1374.5    825.1
     1     1    21     2    12    20     0     2   -73.0   52.268  -96.246   1388.4    821.9
     1     1    21     2    12    19     0     1   -74.0   52.056  -96.113   1390.4    819.9
     1     1    21     2    12    18     0     0   -75.0   51.818  -95.980   1376.2    820.4
     1     1    21     2    12    17     0     1   -76.0   51.584  -95.880   1361.6    823.0
     1     1    21     2    12    16     0     2   -77.0   51.378  -95.827   1359.3    822.4
     1     1    21     2    12    15     0     3   -78.0   51.194  -95.814   1367.7    821.2
     1     1    21     2    12    14     0     2   -79.0   51.021  -95.846   1380.4    819.0
     1     1    21     2    12    13     0     1   -80.0   50.851  -95.930   1387.3    818.3
     1     1    21     2    12    12     0     0   -81.0   50.690  -96.065   1380.0    819.5
     1     1    21     2    12    11     0     1   -82.0   50.537  -96.250   1363.6    824.2
     1     1    21     2    12    10     0     2   -83.0   50.395  -96.487   1348.5    828.0
     1     1    21     2    12     9     0     3   -84.0   50.258  -96.793   1336.1    832.2
     1     1    21     2    12     8     0     2   -85.0   50.131  -97.157   1333.8    833.7
     1     1    21     2    12     7     0     1   -86.0   50.028  -97.553   1356.7    829.0
     1     1    21     2    12     6     0     0   -87.0   49.938  -97.972   1412.1    818.8
     1     1    21     2    12     5     0     1   -88.0   49.877  -98.393   1465.7    805.3
     1     1    21     2    12     4     0     2   -89.0   49.864  -98.797   1491.5    799.6
     1     1    21     2    12     3     0     3   -90.0   49.882  -99.190   1492.7    795.7
     1     1    21     2    12     2     0     2   -91.0   49.928  -99.605   1483.0    792.7
     1     1    21     2    12     1     0     1   -92.0   49.994 -100.075   1482.8    788.6
     1     1    21     2    12     0     0     0   -93.0   50.075 -100.567   1493.2    786.8
     1     1    21     2    11    23     0     1   -94.0   50.173 -101.057   1507.6    782.4
     1     1    21     2    11    22     0     2   -95.0   50.288 -101.562   1520.3    772.6
     1     1    21     2    11    21     0     3   -96.0   50.408 -102.095   1524.6    767.3
     1     1    21     2    11    20     0     2   -97.0   50.538 -102.632   1515.8    768.6
     1     1    21     2    11    19     0     1   -98.0   50.685 -103.146   1496.6    771.2
     1     1    21     2    11    18     0     0   -99.0   50.839 -103.658   1478.9    776.1
     1     1    21     2    11    17     0     1  -100.0   51.002 -104.158   1483.2    778.5
     1     1    21     2    11    16     0     2  -101.0   51.180 -104.617   1512.4    778.2
     1     1    21     2    11    15     0     3  -102.0   51.366 -105.036   1548.7    775.6
     1     1    21     2    11    14     0     2  -103.0   51.568 -105.424   1571.3    770.3
     1     1    21     2    11    13     0     1  -104.0   51.790 -105.798   1577.0    770.7
     1     1    21     2    11    12     0     0  -105.0   52.014 -106.182   1581.1    772.1
     1     1    21     2    11    11     0     1  -106.0   52.237 -106.557   1592.2    771.3
     1     1    21     2    11    10     0     2  -107.0   52.462 -106.902   1604.9    767.0
     1     1    21     2    11     9     0     3  -108.0   52.692 -107.239   1608.7    763.2
     1     1    21     2    11     8     0     2  -109.0   52.928 -107.566   1606.9    762.6
     1     1    21     2    11     7     0     1  -110.0   53.172 -107.868   1609.1    763.9
     1     1    21     2    11     6     0     0  -111.0   53.425 -108.150   1619.4    765.1
     1     1    21     2    11     5     0     1  -112.0   53.688 -108.404   1636.5    765.2
     1     1    21     2    11     4     0     2  -113.0   53.967 -108.630   1656.9    764.1
     1     1    21     2    11     3     0     3  -114.0   54.253 -108.828   1672.2    759.3
     1     1    21     2    11     2     0     2  -115.0   54.536 -108.979   1679.8    753.7
     1     1    21     2    11     1     0     1  -116.0   54.818 -109.107   1682.3    748.6
     1     1    21     2    11     0     0     0  -117.0   55.110 -109.251   1681.8    748.8
     1     1    21     2    10    23     0     1  -118.0   55.408 -109.369   1679.5    755.6
     1     1    21     2    10    22     0     2  -119.0   55.708 -109.421   1671.8    762.4
     1     1    21     2    10    21     0     3  -120.0   56.020 -109.433   1655.2    770.0
