     5     1
    GDAS    21     2     1     0     0
    GDAS    21     2     8     0     0
    GDAS    21     2    15     0     0
    GDAS    21     2    22     0     0
    GDAS    21     3     1     0     0
     1 BACKWARD OMEGA   
    21     2    27    18   37.820  111.540  1000.0
     1 PRESSURE
     1     1    21     2    27    18     0     0     0.0   37.820  111.540   1000.0    775.0
     1     1    21     2    27    17     0     1    -1.0   37.637  111.367    898.1    784.1
     1     1    21     2    27    16     0     2    -2.0   37.432  111.241    771.5    794.5
     1     1    21     2    27    15     0     3    -3.0   37.191  111.149    642.1    805.0
     1     1    21     2    27    14     0     2    -4.0   36.941  111.102    570.7    810.7
     1     1    21     2    27    13     0     1    -5.0   36.705  111.104    559.6    811.2
     1     1    21     2    27    12     0     0    -6.0   36.461  111.157    606.2    809.8
     1     1    21     2    27    11     0     1    -7.0   36.179  111.245    709.9    800.7
     1     1    21     2    27    10     0     2    -8.0   35.865  111.343    855.9    798.4
     1     1    21     2    27     9     0     3    -9.0   35.542  111.438   1016.7    804.1
     1     1    21     2    27     8     0     2   -10.0   35.213  111.540   1152.8    813.6
     1     1    21     2    27     7     0     1   -11.0   34.877  111.666   1249.1    816.9
     1     1    21     2    27     6     0     0   -12.0   34.555  111.783   1312.1    803.2
     1     1    21     2    27     5     0     1   -13.0   34.277  111.849   1359.8    792.0
     1     1    21     2    27     4     0     2   -14.0   34.052  111.865   1386.1    783.6
     1     1    21     2    27     3     0     3   -15.0   33.869  111.868   1391.0    789.2
     1     1    21     2    27     2     0     2   -16.0   33.713  111.887   1399.1    800.6
     1     1    21     2    27     1     0     1   -17.0   33.569  111.918   1436.1    805.5
     1     1    21     2    27     0     0     0   -18.0   33.434  111.951   1497.6    807.9
     1     1    21     2    26    23     0     1   -19.0   33.312  111.986   1585.8    807.1
     1     1    21     2    26    22     0     2   -20.0   33.208  112.023   1711.5    801.9
     1     1    21     2    26    21     0     3   -21.0   33.124  112.056   1885.4    789.8
     1     1    21     2    26    20     0     2   -22.0   33.058  112.067   2074.4    771.1
     1     1    21     2    26    19     0     1   -23.0   32.999  112.062   2215.8    758.2
     1     1    21     2    26    18     0     0   -24.0   32.942  112.052   2274.7    752.0
     1     1    21     2    26    17     0     1   -25.0   32.880  112.059   2286.4    755.5
     1     1    21     2    26    16     0     2   -26.0   32.817  112.082   2288.2    755.9
     1     1    21     2    26    15     0     3   -27.0   32.752  112.129   2277.6    757.3
     1     1    21     2    26    14     0     2   -28.0   32.683  112.214   2255.3    759.7
     1     1    21     2    26    13     0     1   -29.0   32.609  112.341   2226.0    762.5
     1     1    21     2    26    12     0     0   -30.0   32.535  112.500   2194.4    765.3
     1     1    21     2    26    11     0     1   -31.0   32.471  112.663   2184.9    767.8
     1     1    21     2    26    10     0     2   -32.0   32.422  112.808   2227.8    763.9
     1     1    21     2    26     9     0     3   -33.0   32.387  112.930   2339.6    753.4
     1     1    21     2    26     8     0     2   -34.0   32.373  113.021   2478.9    735.4
     1     1    21     2    26     7     0     1   -35.0   32.371  113.096   2592.9    723.9
     1     1    21     2    26     6     0     0   -36.0   32.373  113.164   2671.1    716.4
     1     1    21     2    26     5     0     1   -37.0   32.377  113.233   2714.7    712.9
     1     1    21     2    26     4     0     2   -38.0   32.383  113.317   2735.3    711.9
     1     1    21     2    26     3     0     3   -39.0   32.388  113.424   2748.9    711.6
     1     1    21     2    26     2     0     2   -40.0   32.394  113.546   2763.6    709.8
     1     1    21     2    26     1     0     1   -41.0   32.403  113.678   2772.4    708.5
     1     1    21     2    26     0     0     0   -42.0   32.417  113.831   2770.0    708.2
     1     1    21     2    25    23     0     1   -43.0   32.428  114.009   2769.1    709.5
     1     1    21     2    25    22     0     2   -44.0   32.420  114.181   2774.3    709.6
     1     1    21     2    25    21     0     3   -45.0   32.398  114.336   2778.2    710.6
     1     1    21     2    25    20     0     2   -46.0   32.373  114.469   2759.7    711.5
     1     1    21     2    25    19     0     1   -47.0   32.356  114.595   2703.0    718.1
     1     1    21     2    25    18     0     0   -48.0   32.349  114.722   2606.7    728.0
     1     1    21     2    25    17     0     1   -49.0   32.351  114.867   2517.6    742.3
     1     1    21     2    25    16     0     2   -50.0   32.348  115.019   2466.3    747.9
     1     1    21     2    25    15     0     3   -51.0   32.337  115.158   2442.8    750.8
     1     1    21     2    25    14     0     2   -52.0   32.320  115.281   2422.6    750.7
     1     1    21     2    25    13     0     1   -53.0   32.307  115.409   2384.1    755.1
     1     1    21     2    25    12     0     0   -54.0   32.298  115.550   2334.1    760.6
     1     1    21     2    25    11     0     1   -55.0   32.301  115.689   2277.5    766.9
     1     1    21     2    25    10     0     2   -56.0   32.331  115.810   2224.4    773.0
     1     1    21     2    25     9     0     3   -57.0   32.387  115.912   2186.8    777.5
     1     1    21     2    25     8     0     2   -58.0   32.467  115.992   2172.4    779.5
     1     1    21     2    25     7     0     1   -59.0   32.568  116.040   2185.5    778.3
     1     1    21     2    25     6     0     0   -60.0   32.686  116.049   2232.8    773.9
     1     1    21     2    25     5     0     1   -61.0   32.823  116.001   2308.2    765.9
     1     1    21     2    25     4     0     2   -62.0   32.982  115.882   2393.1    757.5
     1     1    21     2    25     3     0     3   -63.0   33.155  115.712   2464.8    750.2
     1     1    21     2    25     2     0     2   -64.0   33.322  115.536   2526.4    745.3
     1     1    21     2    25     1     0     1   -65.0   33.464  115.351   2589.0    739.0
     1     1    21     2    25     0     0     0   -66.0   33.583  115.139   2651.5    733.2
     1     1    21     2    24    23     0     1   -67.0   33.684  114.900   2710.8    726.8
     1     1    21     2    24    22     0     2   -68.0   33.778  114.638   2768.3    719.8
     1     1    21     2    24    21     0     3   -69.0   33.878  114.343   2817.0    712.0
     1     1    21     2    24    20     0     2   -70.0   33.979  114.010   2835.2    706.9
     1     1    21     2    24    19     0     1   -71.0   34.055  113.642   2841.0    706.8
     1     1    21     2    24    18     0     0   -72.0   34.105  113.249   2864.2    703.0
     1     1    21     2    24    17     0     1   -73.0   34.128  112.830   2885.4    691.4
     1     1    21     2    24    16     0     2   -74.0   34.137  112.375   2899.8    670.0
     1     1    21     2    24    15     0     3   -75.0   34.183  111.913   2957.4    649.4
     1     1    21     2    24    14     0     2   -76.0   34.217  111.460   3007.5    632.9
     1     1    21     2    24    13     0     1   -77.0   34.205  111.001   2937.7    631.5
     1     1    21     2    24    12     0     0   -78.0   34.198  110.536   2801.5    641.5
     1     1    21     2    24    11     0     1   -79.0   34.200  110.085   2734.9    652.8
     1     1    21     2    24    10     0     2   -80.0   34.163  109.616   2782.2    639.6
     1     1    21     2    24     9     0     3   -81.0   34.052  109.062   2841.3    620.5
     1     1    21     2    24     8     0     2   -82.0   33.890  108.493   2854.3    607.9
     1     1    21     2    24     7     0     1   -83.0   33.676  108.005   2855.4    603.9
     1     1    21     2    24     6     0     0   -84.0   33.397  107.587   2796.5    622.5
     1     1    21     2    24     5     0     1   -85.0   33.062  107.242   2600.0    664.6
     1     1    21     2    24     4     0     2   -86.0   32.727  106.983   2335.7    701.4
     1     1    21     2    24     3     0     3   -87.0   32.403  106.782   2074.1    717.0
     1     1    21     2    24     2     0     2   -88.0   32.072  106.613   1738.2    739.6
     1     1    21     2    24     1     0     1   -89.0   31.753  106.535   1369.6    795.3
     1     1    21     2    24     0     0     0   -90.0   31.454  106.572   1091.8    836.9
     1     1    21     2    23    23     0     1   -91.0   31.177  106.690    929.2    866.6
     1     1    21     2    23    22     0     2   -92.0   30.904  106.830    843.9    876.9
     1     1    21     2    23    21     0     3   -93.0   30.625  106.988    785.0    878.4
     1     1    21     2    23    20     0     2   -94.0   30.362  107.169    770.4    877.4
     1     1    21     2    23    19     0     1   -95.0   30.074  107.351    811.5    863.3
     1     1    21     2    23    18     0     0   -96.0   29.731  107.513    892.2    841.6
     1     1    21     2    23    17     0     1   -97.0   29.353  107.621   1005.7    814.0
     1     1    21     2    23    16     0     2   -98.0   28.969  107.688   1099.0    790.4
     1     1    21     2    23    15     0     3   -99.0   28.597  107.737   1088.1    789.3
     1     1    21     2    23    14     0     2  -100.0   28.256  107.797    940.1    809.9
     1     1    21     2    23    13     0     1  -101.0   27.958  107.900    735.7    841.4
     1     1    21     2    23    12     0     0  -102.0   27.705  108.042    612.0    863.9
     1     1    21     2    23    11     0     1  -103.0   27.472  108.157    583.2    862.2
     1     1    21     2    23    10     0     2  -104.0   27.247  108.219    591.0    860.2
     1     1    21     2    23     9     0     3  -105.0   27.019  108.234    612.6    855.8
     1     1    21     2    23     8     0     2  -106.0   26.797  108.224    632.0    855.7
     1     1    21     2    23     7     0     1  -107.0   26.596  108.210    634.7    857.0
     1     1    21     2    23     6     0     0  -108.0   26.413  108.196    604.2    861.9
     1     1    21     2    23     5     0     1  -109.0   26.248  108.184    560.5    871.3
     1     1    21     2    23     4     0     2  -110.0   26.099  108.173    533.4    876.9
     1     1    21     2    23     3     0     3  -111.0   25.968  108.163    529.8    880.3
     1     1    21     2    23     2     0     2  -112.0   25.849  108.156    538.6    880.4
     1     1    21     2    23     1     0     1  -113.0   25.734  108.161    543.6    882.5
     1     1    21     2    23     0     0     0  -114.0   25.621  108.176    545.5    885.0
     1     1    21     2    22    23     0     1  -115.0   25.514  108.205    536.9    887.6
     1     1    21     2    22    22     0     2  -116.0   25.417  108.248    510.6    893.1
     1     1    21     2    22    21     0     3  -117.0   25.333  108.306    468.5    900.5
     1     1    21     2    22    20     0     2  -118.0   25.266  108.375    423.1    910.5
     1     1    21     2    22    19     0     1  -119.0   25.213  108.444    385.0    917.7
     1     1    21     2    22    18     0     0  -120.0   25.174  108.506    354.7    923.8
