     5     1
    GDAS    21     2     1     0     0
    GDAS    21     2     8     0     0
    GDAS    21     2    15     0     0
    GDAS    21     2    22     0     0
    GDAS    21     3     1     0     0
     1 BACKWARD OMEGA   
    21     2    11    18   44.970  -93.230   500.0
     1 PRESSURE
     1     1    21     2    11    18     0     0     0.0   44.970  -93.230    500.0    934.5
     1     1    21     2    11    17     0     1    -1.0   45.100  -93.223    578.7    923.2
     1     1    21     2    11    16     0     2    -2.0   45.242  -93.248    639.3    914.3
     1     1    21     2    11    15     0     3    -3.0   45.395  -93.307    689.3    906.8
     1     1    21     2    11    14     0     2    -4.0   45.562  -93.406    733.3    898.4
     1     1    21     2    11    13     0     1    -5.0   45.741  -93.547    763.4    890.9
     1     1    21     2    11    12     0     0    -6.0   45.930  -93.726    767.5    885.6
     1     1    21     2    11    11     0     1    -7.0   46.122  -93.944    762.7    886.3
     1     1    21     2    11    10     0     2    -8.0   46.312  -94.219    776.7    884.0
     1     1    21     2    11     9     0     3    -9.0   46.495  -94.558    808.8    878.2
     1     1    21     2    11     8     0     2   -10.0   46.671  -94.939    840.6    869.6
     1     1    21     2    11     7     0     1   -11.0   46.837  -95.330    862.1    868.2
     1     1    21     2    11     6     0     0   -12.0   46.995  -95.725    871.4    867.9
     1     1    21     2    11     5     0     1   -13.0   47.153  -96.108    874.4    873.5
     1     1    21     2    11     4     0     2   -14.0   47.316  -96.464    884.0    878.3
     1     1    21     2    11     3     0     3   -15.0   47.490  -96.785    905.6    880.2
     1     1    21     2    11     2     0     2   -16.0   47.673  -97.100    930.9    875.7
     1     1    21     2    11     1     0     1   -17.0   47.855  -97.438    950.5    865.4
     1     1    21     2    11     0     0     0   -18.0   48.037  -97.816    971.7    853.9
     1     1    21     2    10    23     0     1   -19.0   48.230  -98.240   1000.8    848.4
     1     1    21     2    10    22     0     2   -20.0   48.444  -98.701   1031.9    843.7
     1     1    21     2    10    21     0     3   -21.0   48.672  -99.189   1060.0    835.8
     1     1    21     2    10    20     0     2   -22.0   48.900  -99.698   1078.8    821.4
     1     1    21     2    10    19     0     1   -23.0   49.116 -100.201   1085.9    818.2
     1     1    21     2    10    18     0     0   -24.0   49.332 -100.655   1090.2    828.9
     1     1    21     2    10    17     0     1   -25.0   49.555 -101.067   1094.9    832.2
     1     1    21     2    10    16     0     2   -26.0   49.789 -101.480   1096.6    823.4
     1     1    21     2    10    15     0     3   -27.0   50.040 -101.913   1099.8    812.4
     1     1    21     2    10    14     0     2   -28.0   50.302 -102.370   1116.6    811.7
     1     1    21     2    10    13     0     1   -29.0   50.570 -102.863   1132.6    809.1
     1     1    21     2    10    12     0     0   -30.0   50.844 -103.378   1140.6    810.0
     1     1    21     2    10    11     0     1   -31.0   51.111 -103.909   1136.4    810.7
     1     1    21     2    10    10     0     2   -32.0   51.361 -104.436   1122.5    817.6
     1     1    21     2    10     9     0     3   -33.0   51.601 -104.940   1116.4    821.5
     1     1    21     2    10     8     0     2   -34.0   51.833 -105.425   1116.4    820.0
     1     1    21     2    10     7     0     1   -35.0   52.054 -105.882   1112.2    820.7
     1     1    21     2    10     6     0     0   -36.0   52.277 -106.302   1109.7    822.3
     1     1    21     2    10     5     0     1   -37.0   52.529 -106.695   1107.0    818.9
     1     1    21     2    10     4     0     2   -38.0   52.827 -107.061   1089.8    815.6
     1     1    21     2    10     3     0     3   -39.0   53.170 -107.404   1061.5    819.2
     1     1    21     2    10     2     0     2   -40.0   53.530 -107.762   1026.0    825.5
     1     1    21     2    10     1     0     1   -41.0   53.876 -108.149    978.3    833.1
     1     1    21     2    10     0     0     0   -42.0   54.209 -108.561    915.3    840.2
     1     1    21     2     9    23     0     1   -43.0   54.529 -108.989    851.1    843.5
     1     1    21     2     9    22     0     2   -44.0   54.845 -109.410    817.8    843.3
     1     1    21     2     9    21     0     3   -45.0   55.167 -109.828    820.9    843.8
     1     1    21     2     9    20     0     2   -46.0   55.504 -110.246    824.3    844.2
     1     1    21     2     9    19     0     1   -47.0   55.863 -110.660    810.8    848.6
     1     1    21     2     9    18     0     0   -48.0   56.246 -111.057    785.1    853.6
     1     1    21     2     9    17     0     1   -49.0   56.631 -111.439    756.8    865.8
     1     1    21     2     9    16     0     2   -50.0   56.988 -111.818    742.8    880.0
     1     1    21     2     9    15     0     3   -51.0   57.344 -112.223    746.5    875.7
     1     1    21     2     9    14     0     2   -52.0   57.730 -112.652    753.5    863.4
     1     1    21     2     9    13     0     1   -53.0   58.131 -113.062    745.6    862.7
     1     1    21     2     9    12     0     0   -54.0   58.536 -113.430    698.0    880.6
     1     1    21     2     9    11     0     1   -55.0   58.946 -113.756    654.0    889.8
     1     1    21     2     9    10     0     2   -56.0   59.376 -114.085    651.3    892.3
     1     1    21     2     9     9     0     3   -57.0   59.804 -114.518    655.1    899.5
     1     1    21     2     9     8     0     2   -58.0   60.187 -115.061    598.2    917.9
     1     1    21     2     9     7     0     1   -59.0   60.524 -115.611    499.4    943.0
     1     1    21     2     9     6     0     0   -60.0   60.838 -116.134    432.3    960.4
     1     1    21     2     9     5     0     1   -61.0   61.149 -116.648    390.8    961.1
     1     1    21     2     9     4     0     2   -62.0   61.486 -117.120    359.5    962.9
     1     1    21     2     9     3     0     3   -63.0   61.879 -117.519    378.1    962.3
     1     1    21     2     9     2     0     2   -64.0   62.337 -117.784    430.0    946.9
     1     1    21     2     9     1     0     1   -65.0   62.770 -117.950    455.0    940.1
     1     1    21     2     9     0     0     0   -66.0   63.161 -118.089    449.8    941.0
     1     1    21     2     8    23     0     1   -67.0   63.545 -118.255    427.3    942.0
     1     1    21     2     8    22     0     2   -68.0   63.929 -118.476    391.7    943.4
     1     1    21     2     8    21     0     3   -69.0   64.275 -118.785    350.2    952.3
     1     1    21     2     8    20     0     2   -70.0   64.579 -119.180    315.3    958.9
     1     1    21     2     8    19     0     1   -71.0   64.860 -119.566    309.2    957.3
     1     1    21     2     8    18     0     0   -72.0   65.120 -119.866    330.7    951.5
     1     1    21     2     8    17     0     1   -73.0   65.370 -120.109    356.0    954.4
     1     1    21     2     8    16     0     2   -74.0   65.611 -120.342    366.4    962.8
     1     1    21     2     8    15     0     3   -75.0   65.847 -120.583    365.4    971.1
     1     1    21     2     8    14     0     2   -76.0   66.067 -120.820    363.6    974.0
     1     1    21     2     8    13     0     1   -77.0   66.258 -121.031    364.0    971.6
     1     1    21     2     8    12     0     0   -78.0   66.425 -121.214    367.4    966.5
     1     1    21     2     8    11     0     1   -79.0   66.583 -121.380    373.6    960.9
     1     1    21     2     8    10     0     2   -80.0   66.742 -121.525    377.9    956.1
     1     1    21     2     8     9     0     3   -81.0   66.901 -121.660    378.6    952.1
     1     1    21     2     8     8     0     2   -82.0   67.049 -121.798    377.6    947.7
     1     1    21     2     8     7     0     1   -83.0   67.177 -121.939    378.4    942.6
     1     1    21     2     8     6     0     0   -84.0   67.286 -122.079    380.5    938.6
     1     1    21     2     8     5     0     1   -85.0   67.383 -122.203    383.5    936.5
     1     1    21     2     8     4     0     2   -86.0   67.470 -122.296    388.3    934.3
     1     1    21     2     8     3     0     3   -87.0   67.548 -122.361    393.7    932.5
     1     1    21     2     8     2     0     2   -88.0   67.620 -122.424    398.0    930.5
     1     1    21     2     8     1     0     1   -89.0   67.692 -122.515    400.0    929.2
     1     1    21     2     8     0     0     0   -90.0   67.762 -122.637    400.6    928.5
     1     1    21     2     7    23     0     1   -91.0   67.826 -122.787    400.8    928.5
     1     1    21     2     7    22     0     2   -92.0   67.874 -122.965    400.9    928.9
     1     1    21     2     7    21     0     3   -93.0   67.904 -123.183    400.6    928.8
     1     1    21     2     7    20     0     2   -94.0   67.923 -123.435    399.7    928.3
     1     1    21     2     7    19     0     1   -95.0   67.936 -123.708    399.2    927.7
     1     1    21     2     7    18     0     0   -96.0   67.942 -123.994    399.8    926.9
     1     1    21     2     7    17     0     1   -97.0   67.955 -124.308    394.8    930.9
     1     1    21     2     7    16     0     2   -98.0   67.990 -124.680    372.1    938.9
     1     1    21     2     7    15     0     3   -99.0   68.047 -125.136    331.0    950.9
     1     1    21     2     7    14     0     2  -100.0   68.110 -125.703    301.6    962.0
     1     1    21     2     7    13     0     1  -101.0   68.172 -126.385    294.9    960.3
     1     1    21     2     7    12     0     0  -102.0   68.235 -127.181    289.1    956.5
     1     1    21     2     7    11     0     1  -103.0   68.296 -128.026    237.8    968.4
     1     1    21     2     7    10     0     2  -104.0   68.352 -128.830    179.6    981.8
     1     1    21     2     7     9     0     3  -105.0   68.423 -129.641    159.1    986.1
     1     1    21     2     7     8     0     2  -106.0   68.508 -130.488    143.1    990.0
     1     1    21     2     7     7     0     1  -107.0   68.597 -131.333    118.2    997.5
     1     1    21     2     7     6     0     0  -108.0   68.689 -132.158    101.5   1003.0
     1     1    21     2     7     5     0     1  -109.0   68.792 -132.965     82.5   1010.0
     1     1    21     2     7     4     0     2  -110.0   68.909 -133.768     65.3   1010.7
     1     1    21     2     7     3     0     3  -111.0   69.037 -134.577     46.1   1016.5
     1     1    21     2     7     2     0     2  -112.0   69.180 -135.371     39.0   1021.4
     1     1    21     2     7     1     0     1  -113.0   69.335 -136.220     31.6   1023.3
     1     1    21     2     7     0     0     0  -114.0   69.461 -137.055     24.8   1023.3
     1     1    21     2     6    23     0     1  -115.0   69.549 -137.805     22.8   1021.4
     1     1    21     2     6    22     0     2  -116.0   69.618 -138.501     26.9   1013.8
     1     1    21     2     6    21     0     3  -117.0   69.684 -139.231     38.9   1004.5
     1     1    21     2     6    20     0     2  -118.0   69.757 -140.018     45.3    995.7
     1     1    21     2     6    19     0     1  -119.0   69.833 -140.827     46.6   1001.8
     1     1    21     2     6    18     0     0  -120.0   69.915 -141.634     46.3   1010.1
