     5     1
    GDAS    21     2     1     0     0
    GDAS    21     2     8     0     0
    GDAS    21     2    15     0     0
    GDAS    21     2    22     0     0
    GDAS    21     3     1     0     0
     1 BACKWARD OMEGA   
    21     2     8     6   44.970  -93.230   500.0
     1 PRESSURE
     1     1    21     2     8     6     0     0     0.0   44.970  -93.230    500.0    925.9
     1     1    21     2     8     5     0     1    -1.0   45.046  -93.430    498.5    925.7
     1     1    21     2     8     4     0     2    -2.0   45.124  -93.631    496.0    925.5
     1     1    21     2     8     3     0     3    -3.0   45.204  -93.833    498.3    924.3
     1     1    21     2     8     2     0     2    -4.0   45.292  -94.026    506.9    920.8
     1     1    21     2     8     1     0     1    -5.0   45.388  -94.207    518.5    916.1
     1     1    21     2     8     0     0     0    -6.0   45.492  -94.377    530.5    912.0
     1     1    21     2     7    23     0     1    -7.0   45.608  -94.548    551.5    908.4
     1     1    21     2     7    22     0     2    -8.0   45.739  -94.731    590.4    901.7
     1     1    21     2     7    21     0     3    -9.0   45.879  -94.931    643.8    893.3
     1     1    21     2     7    20     0     2   -10.0   46.027  -95.146    699.0    885.1
     1     1    21     2     7    19     0     1   -11.0   46.188  -95.368    745.2    879.9
     1     1    21     2     7    18     0     0   -12.0   46.363  -95.592    781.3    876.0
     1     1    21     2     7    17     0     1   -13.0   46.558  -95.828    811.5    873.0
     1     1    21     2     7    16     0     2   -14.0   46.777  -96.084    846.5    870.1
     1     1    21     2     7    15     0     3   -15.0   47.018  -96.354    897.8    867.1
     1     1    21     2     7    14     0     2   -16.0   47.272  -96.636    951.7    862.7
     1     1    21     2     7    13     0     1   -17.0   47.537  -96.925    988.5    861.8
     1     1    21     2     7    12     0     0   -18.0   47.816  -97.231   1008.0    855.0
     1     1    21     2     7    11     0     1   -19.0   48.107  -97.564   1020.5    847.4
     1     1    21     2     7    10     0     2   -20.0   48.405  -97.927   1038.5    842.2
     1     1    21     2     7     9     0     3   -21.0   48.714  -98.312   1064.2    839.2
     1     1    21     2     7     8     0     2   -22.0   49.031  -98.702   1091.8    832.9
     1     1    21     2     7     7     0     1   -23.0   49.339  -99.085   1108.8    828.2
     1     1    21     2     7     6     0     0   -24.0   49.629  -99.450   1091.3    826.6
     1     1    21     2     7     5     0     1   -25.0   49.908  -99.768   1023.5    833.8
     1     1    21     2     7     4     0     2   -26.0   50.197 -100.037    937.3    848.0
     1     1    21     2     7     3     0     3   -27.0   50.512 -100.284    895.5    856.1
     1     1    21     2     7     2     0     2   -28.0   50.855 -100.530    902.7    847.1
     1     1    21     2     7     1     0     1   -29.0   51.210 -100.785    917.6    838.9
     1     1    21     2     7     0     0     0   -30.0   51.569 -101.055    947.6    835.3
     1     1    21     2     6    23     0     1   -31.0   51.938 -101.343    999.3    832.4
     1     1    21     2     6    22     0     2   -32.0   52.314 -101.639   1028.8    835.1
     1     1    21     2     6    21     0     3   -33.0   52.684 -101.936   1032.5    844.5
     1     1    21     2     6    20     0     2   -34.0   53.051 -102.236   1053.4    844.0
     1     1    21     2     6    19     0     1   -35.0   53.431 -102.558   1102.0    837.7
     1     1    21     2     6    18     0     0   -36.0   53.816 -102.897   1143.7    836.8
     1     1    21     2     6    17     0     1   -37.0   54.202 -103.241   1157.9    836.2
     1     1    21     2     6    16     0     2   -38.0   54.602 -103.611   1179.6    831.0
     1     1    21     2     6    15     0     3   -39.0   55.032 -104.046   1267.1    819.6
     1     1    21     2     6    14     0     2   -40.0   55.452 -104.518   1358.4    802.0
     1     1    21     2     6    13     0     1   -41.0   55.835 -105.011   1392.8    799.7
     1     1    21     2     6    12     0     0   -42.0   56.191 -105.545   1387.4    793.6
     1     1    21     2     6    11     0     1   -43.0   56.530 -106.093   1369.4    793.3
     1     1    21     2     6    10     0     2   -44.0   56.865 -106.653   1378.0    792.7
     1     1    21     2     6     9     0     3   -45.0   57.187 -107.224   1412.4    787.8
     1     1    21     2     6     8     0     2   -46.0   57.498 -107.783   1435.0    785.0
     1     1    21     2     6     7     0     1   -47.0   57.815 -108.346   1448.4    783.5
     1     1    21     2     6     6     0     0   -48.0   58.134 -108.949   1492.5    782.7
     1     1    21     2     6     5     0     1   -49.0   58.448 -109.567   1561.6    787.9
     1     1    21     2     6     4     0     2   -50.0   58.754 -110.182   1603.3    793.2
     1     1    21     2     6     3     0     3   -51.0   59.047 -110.802   1569.1    799.4
     1     1    21     2     6     2     0     2   -52.0   59.332 -111.401   1507.5    813.5
     1     1    21     2     6     1     0     1   -53.0   59.628 -112.010   1484.5    816.7
     1     1    21     2     6     0     0     0   -54.0   59.943 -112.696   1484.7    811.2
     1     1    21     2     5    23     0     1   -55.0   60.262 -113.407   1502.9    810.0
     1     1    21     2     5    22     0     2   -56.0   60.575 -114.086   1527.8    811.9
     1     1    21     2     5    21     0     3   -57.0   60.882 -114.794   1540.9    813.1
     1     1    21     2     5    20     0     2   -58.0   61.181 -115.486   1535.7    816.3
     1     1    21     2     5    19     0     1   -59.0   61.487 -116.097   1526.7    813.7
     1     1    21     2     5    18     0     0   -60.0   61.802 -116.684   1510.1    811.7
     1     1    21     2     5    17     0     1   -61.0   62.130 -117.255   1474.7    812.7
     1     1    21     2     5    16     0     2   -62.0   62.484 -117.781   1433.8    815.0
     1     1    21     2     5    15     0     3   -63.0   62.872 -118.341   1415.8    816.8
     1     1    21     2     5    14     0     2   -64.0   63.268 -118.940   1419.1    814.0
     1     1    21     2     5    13     0     1   -65.0   63.654 -119.534   1394.4    809.9
     1     1    21     2     5    12     0     0   -66.0   64.052 -120.198   1304.3    818.4
     1     1    21     2     5    11     0     1   -67.0   64.444 -120.870   1191.3    843.0
     1     1    21     2     5    10     0     2   -68.0   64.810 -121.489   1094.1    860.4
     1     1    21     2     5     9     0     3   -69.0   65.164 -122.098   1049.8    870.5
     1     1    21     2     5     8     0     2   -70.0   65.501 -122.695   1044.1    864.2
     1     1    21     2     5     7     0     1   -71.0   65.818 -123.283   1044.6    868.0
     1     1    21     2     5     6     0     0   -72.0   66.121 -123.876   1066.2    861.3
     1     1    21     2     5     5     0     1   -73.0   66.406 -124.431   1073.7    853.9
     1     1    21     2     5     4     0     2   -74.0   66.680 -124.965   1052.7    852.7
     1     1    21     2     5     3     0     3   -75.0   66.954 -125.533   1017.7    857.6
     1     1    21     2     5     2     0     2   -76.0   67.216 -126.083    989.6    866.6
     1     1    21     2     5     1     0     1   -77.0   67.457 -126.588    967.0    868.1
     1     1    21     2     5     0     0     0   -78.0   67.686 -127.115    949.3    869.6
     1     1    21     2     4    23     0     1   -79.0   67.909 -127.663    933.4    875.2
     1     1    21     2     4    22     0     2   -80.0   68.123 -128.159    912.7    882.2
     1     1    21     2     4    21     0     3   -81.0   68.319 -128.584    893.6    887.7
     1     1    21     2     4    20     0     2   -82.0   68.508 -128.978    880.5    889.4
     1     1    21     2     4    19     0     1   -83.0   68.697 -129.369    873.2    891.7
     1     1    21     2     4    18     0     0   -84.0   68.891 -129.760    872.2    896.5
     1     1    21     2     4    17     0     1   -85.0   69.088 -130.142    874.8    903.7
     1     1    21     2     4    16     0     2   -86.0   69.288 -130.495    877.1    908.3
     1     1    21     2     4    15     0     3   -87.0   69.496 -130.829    878.5    911.4
     1     1    21     2     4    14     0     2   -88.0   69.712 -131.154    875.7    912.2
     1     1    21     2     4    13     0     1   -89.0   69.926 -131.472    867.7    913.1
     1     1    21     2     4    12     0     0   -90.0   70.138 -131.775    858.6    914.4
     1     1    21     2     4    11     0     1   -91.0   70.345 -132.026    849.3    915.7
     1     1    21     2     4    10     0     2   -92.0   70.550 -132.207    839.3    917.7
     1     1    21     2     4     9     0     3   -93.0   70.756 -132.337    833.7    919.2
     1     1    21     2     4     8     0     2   -94.0   70.969 -132.428    830.6    918.8
     1     1    21     2     4     7     0     1   -95.0   71.192 -132.470    824.1    919.2
     1     1    21     2     4     6     0     0   -96.0   71.429 -132.463    811.3    920.4
     1     1    21     2     4     5     0     1   -97.0   71.680 -132.418    795.7    923.5
     1     1    21     2     4     4     0     2   -98.0   71.940 -132.346    784.4    925.7
     1     1    21     2     4     3     0     3   -99.0   72.208 -132.251    781.2    926.9
     1     1    21     2     4     2     0     2  -100.0   72.482 -132.135    781.9    925.9
     1     1    21     2     4     1     0     1  -101.0   72.759 -132.000    777.2    926.0
     1     1    21     2     4     0     0     0  -102.0   73.040 -131.848    761.9    927.6
     1     1    21     2     3    23     0     1  -103.0   73.328 -131.650    745.8    931.6
     1     1    21     2     3    22     0     2  -104.0   73.628 -131.392    738.2    932.9
     1     1    21     2     3    21     0     3  -105.0   73.945 -131.093    736.1    933.5
     1     1    21     2     3    20     0     2  -106.0   74.274 -130.744    739.0    933.1
     1     1    21     2     3    19     0     1  -107.0   74.614 -130.330    744.1    931.7
     1     1    21     2     3    18     0     0  -108.0   74.967 -129.873    746.0    931.2
     1     1    21     2     3    17     0     1  -109.0   75.335 -129.362    746.0    931.7
     1     1    21     2     3    16     0     2  -110.0   75.716 -128.788    746.0    932.0
     1     1    21     2     3    15     0     3  -111.0   76.113 -128.170    746.0    932.3
     1     1    21     2     3    14     0     2  -112.0   76.523 -127.498    746.0    932.3
     1     1    21     2     3    13     0     1  -113.0   76.944 -126.778    746.3    932.4
     1     1    21     2     3    12     0     0  -114.0   77.376 -126.030    748.5    932.4
     1     1    21     2     3    11     0     1  -115.0   77.810 -125.213    748.9    932.4
     1     1    21     2     3    10     0     2  -116.0   78.248 -124.288    743.9    933.6
     1     1    21     2     3     9     0     3  -117.0   78.695 -123.258    741.6    934.0
     1     1    21     2     3     8     0     2  -118.0   79.153 -122.107    741.2    933.8
     1     1    21     2     3     7     0     1  -119.0   79.620 -120.823    741.0    933.4
     1     1    21     2     3     6     0     0  -120.0   80.101 -119.414    737.2    933.3
