     5     1
    GDAS    21     2     1     0     0
    GDAS    21     2     8     0     0
    GDAS    21     2    15     0     0
    GDAS    21     2    22     0     0
    GDAS    21     3     1     0     0
     1 BACKWARD OMEGA   
    21     2     6    15   37.820  111.540  1000.0
     1 PRESSURE
     1     1    21     2     6    15     0     3     0.0   37.820  111.540   1000.0    777.4
     1     1    21     2     6    14     0     2    -1.0   38.008  111.219   1037.0    774.2
     1     1    21     2     6    13     0     1    -2.0   38.190  110.975    962.4    786.7
     1     1    21     2     6    12     0     0    -3.0   38.376  110.780    815.6    809.4
     1     1    21     2     6    11     0     1    -4.0   38.567  110.568    736.9    821.5
     1     1    21     2     6    10     0     2    -5.0   38.770  110.291    745.3    811.0
     1     1    21     2     6     9     0     3    -6.0   39.001  109.922    797.2    793.9
     1     1    21     2     6     8     0     2    -7.0   39.236  109.481    857.5    778.6
     1     1    21     2     6     7     0     1    -8.0   39.450  109.007    895.3    766.4
     1     1    21     2     6     6     0     0    -9.0   39.647  108.512    925.2    766.5
     1     1    21     2     6     5     0     1   -10.0   39.848  107.962    988.0    772.5
     1     1    21     2     6     4     0     2   -11.0   40.054  107.312   1091.7    753.8
     1     1    21     2     6     3     0     3   -12.0   40.258  106.619   1209.2    746.3
     1     1    21     2     6     2     0     2   -13.0   40.464  105.982   1203.1    746.3
     1     1    21     2     6     1     0     1   -14.0   40.674  105.357   1156.0    755.1
     1     1    21     2     6     0     0     0   -15.0   40.896  104.651   1305.8    736.0
     1     1    21     2     5    23     0     1   -16.0   41.137  103.905   1361.6    729.4
     1     1    21     2     5    22     0     2   -17.0   41.386  103.229   1361.2    732.6
     1     1    21     2     5    21     0     3   -18.0   41.651  102.603   1326.4    737.1
     1     1    21     2     5    20     0     2   -19.0   41.937  101.981   1176.0    773.2
     1     1    21     2     5    19     0     1   -20.0   42.244  101.353   1030.4    786.5
     1     1    21     2     5    18     0     0   -21.0   42.567  100.735    901.4    776.0
     1     1    21     2     5    17     0     1   -22.0   42.904  100.078    917.1    783.7
     1     1    21     2     5    16     0     2   -23.0   43.244   99.360   1099.7    744.7
     1     1    21     2     5    15     0     3   -24.0   43.601   98.546   1190.2    732.8
     1     1    21     2     5    14     0     2   -25.0   43.861   97.810   1247.0    724.2
     1     1    21     2     5    13     0     1   -26.0   44.130   96.991   1296.7    738.8
     1     1    21     2     5    12     0     0   -27.0   44.394   96.078   1329.9    744.3
     1     1    21     2     5    11     0     1   -28.0   44.618   95.200   1292.7    713.0
     1     1    21     2     5    10     0     2   -29.0   44.831   94.360   1479.9    681.6
     1     1    21     2     5     9     0     3   -30.0   45.067   93.486   1781.6    660.2
     1     1    21     2     5     8     0     2   -31.0   45.315   92.669   1943.1    652.6
     1     1    21     2     5     7     0     1   -32.0   45.553   91.854   2046.3    661.1
     1     1    21     2     5     6     0     0   -33.0   45.780   91.010   2116.3    652.3
     1     1    21     2     5     5     0     1   -34.0   45.977   90.266   2225.4    666.5
     1     1    21     2     5     4     0     2   -35.0   46.133   89.673   2239.8    676.3
     1     1    21     2     5     3     0     3   -36.0   46.286   89.112   2216.8    692.8
     1     1    21     2     5     2     0     2   -37.0   46.453   88.537   2192.0    709.0
     1     1    21     2     5     1     0     1   -38.0   46.645   87.933   2203.5    718.4
     1     1    21     2     5     0     0     0   -39.0   46.836   87.344   2207.0    708.6
     1     1    21     2     4    23     0     1   -40.0   46.999   86.764   2176.0    678.7
     1     1    21     2     4    22     0     2   -41.0   47.156   86.040   2177.9    623.8
     1     1    21     2     4    21     0     3   -42.0   47.327   85.117   2360.8    626.7
     1     1    21     2     4    20     0     2   -43.0   47.475   84.196   2480.1    651.7
     1     1    21     2     4    19     0     1   -44.0   47.566   83.347   2411.0    685.6
     1     1    21     2     4    18     0     0   -45.0   47.606   82.541   2326.2    700.0
     1     1    21     2     4    17     0     1   -46.0   47.620   81.765   2247.3    705.1
     1     1    21     2     4    16     0     2   -47.0   47.611   81.026   2168.1    714.2
     1     1    21     2     4    15     0     3   -48.0   47.597   80.333   2055.5    726.6
     1     1    21     2     4    14     0     2   -49.0   47.585   79.683   1937.7    747.7
     1     1    21     2     4    13     0     1   -50.0   47.562   79.046   1857.3    760.1
     1     1    21     2     4    12     0     0   -51.0   47.527   78.410   1797.9    763.2
     1     1    21     2     4    11     0     1   -52.0   47.493   77.784   1754.2    764.3
     1     1    21     2     4    10     0     2   -53.0   47.466   77.172   1723.2    766.1
     1     1    21     2     4     9     0     3   -54.0   47.440   76.572   1714.2    771.7
     1     1    21     2     4     8     0     2   -55.0   47.410   75.982   1706.9    776.7
     1     1    21     2     4     7     0     1   -56.0   47.375   75.400   1671.7    778.5
     1     1    21     2     4     6     0     0   -57.0   47.335   74.824   1618.8    783.6
     1     1    21     2     4     5     0     1   -58.0   47.290   74.267   1571.0    790.5
     1     1    21     2     4     4     0     2   -59.0   47.242   73.730   1531.4    790.8
     1     1    21     2     4     3     0     3   -60.0   47.190   73.202   1467.2    790.5
     1     1    21     2     4     2     0     2   -61.0   47.133   72.691   1397.1    801.6
     1     1    21     2     4     1     0     1   -62.0   47.066   72.199   1356.1    810.5
     1     1    21     2     4     0     0     0   -63.0   46.987   71.717   1327.2    814.3
     1     1    21     2     3    23     0     1   -64.0   46.891   71.260   1290.9    819.2
     1     1    21     2     3    22     0     2   -65.0   46.781   70.851   1251.6    828.0
     1     1    21     2     3    21     0     3   -66.0   46.661   70.489   1216.3    839.6
     1     1    21     2     3    20     0     2   -67.0   46.539   70.170   1191.6    848.1
     1     1    21     2     3    19     0     1   -68.0   46.418   69.889   1184.8    852.4
     1     1    21     2     3    18     0     0   -69.0   46.299   69.635   1196.2    852.1
     1     1    21     2     3    17     0     1   -70.0   46.186   69.401   1203.4    851.2
     1     1    21     2     3    16     0     2   -71.0   46.083   69.188   1185.1    854.9
     1     1    21     2     3    15     0     3   -72.0   45.994   68.999   1135.3    862.2
     1     1    21     2     3    14     0     2   -73.0   45.906   68.844   1077.5    872.9
     1     1    21     2     3    13     0     1   -74.0   45.815   68.717   1038.6    878.4
     1     1    21     2     3    12     0     0   -75.0   45.726   68.610   1011.9    882.4
     1     1    21     2     3    11     0     1   -76.0   45.638   68.529    994.8    885.7
     1     1    21     2     3    10     0     2   -77.0   45.546   68.480    987.8    887.6
     1     1    21     2     3     9     0     3   -78.0   45.450   68.458    991.2    888.3
     1     1    21     2     3     8     0     2   -79.0   45.355   68.463   1000.6    887.6
     1     1    21     2     3     7     0     1   -80.0   45.269   68.501   1012.3    886.9
     1     1    21     2     3     6     0     0   -81.0   45.191   68.575   1027.1    885.6
     1     1    21     2     3     5     0     1   -82.0   45.127   68.670   1045.0    883.4
     1     1    21     2     3     4     0     2   -83.0   45.082   68.771   1062.2    880.9
     1     1    21     2     3     3     0     3   -84.0   45.056   68.876   1072.8    878.9
     1     1    21     2     3     2     0     2   -85.0   45.044   68.977   1078.5    878.4
     1     1    21     2     3     1     0     1   -86.0   45.037   69.065   1086.8    877.7
     1     1    21     2     3     0     0     0   -87.0   45.037   69.138   1097.8    876.5
     1     1    21     2     2    23     0     1   -88.0   45.039   69.208   1110.3    875.3
     1     1    21     2     2    22     0     2   -89.0   45.041   69.283   1121.9    874.0
     1     1    21     2     2    21     0     3   -90.0   45.040   69.366   1128.2    873.2
     1     1    21     2     2    20     0     2   -91.0   45.044   69.459   1135.7    873.5
     1     1    21     2     2    19     0     1   -92.0   45.060   69.567   1154.2    871.7
     1     1    21     2     2    18     0     0   -93.0   45.093   69.685   1187.1    868.0
     1     1    21     2     2    17     0     1   -94.0   45.143   69.792   1224.6    861.9
     1     1    21     2     2    16     0     2   -95.0   45.209   69.874   1256.5    857.7
     1     1    21     2     2    15     0     3   -96.0   45.291   69.930   1283.9    853.7
     1     1    21     2     2    14     0     2   -97.0   45.385   69.961   1307.0    849.8
     1     1    21     2     2    13     0     1   -98.0   45.487   69.966   1328.5    846.1
     1     1    21     2     2    12     0     0   -99.0   45.598   69.945   1352.5    842.3
     1     1    21     2     2    11     0     1  -100.0   45.712   69.895   1376.7    837.8
     1     1    21     2     2    10     0     2  -101.0   45.823   69.817   1392.4    834.6
     1     1    21     2     2     9     0     3  -102.0   45.926   69.712   1393.2    833.3
     1     1    21     2     2     8     0     2  -103.0   46.030   69.600   1386.9    835.0
     1     1    21     2     2     7     0     1  -104.0   46.145   69.499   1387.4    835.6
     1     1    21     2     2     6     0     0  -105.0   46.272   69.406   1396.8    834.6
     1     1    21     2     2     5     0     1  -106.0   46.413   69.301   1411.0    832.3
     1     1    21     2     2     4     0     2  -107.0   46.565   69.166   1422.6    829.9
     1     1    21     2     2     3     0     3  -108.0   46.727   68.994   1419.7    828.6
     1     1    21     2     2     2     0     2  -109.0   46.898   68.799   1411.5    830.8
     1     1    21     2     2     1     0     1  -110.0   47.077   68.598   1415.3    830.4
     1     1    21     2     2     0     0     0  -111.0   47.258   68.391   1428.8    828.1
     1     1    21     2     1    23     0     1  -112.0   47.440   68.177   1440.0    824.5
     1     1    21     2     1    22     0     2  -113.0   47.624   67.957   1443.8    821.5
     1     1    21     2     1    21     0     3  -114.0   47.811   67.726   1444.4    817.2
     1     1    21     2     1    20     0     2  -115.0   48.005   67.489   1444.5    812.9
     1     1    21     2     1    19     0     1  -116.0   48.201   67.257   1445.8    809.4
     1     1    21     2     1    18     0     0  -117.0   48.384   67.030   1439.9    806.5
     1     1    21     2     1    17     0     1  -118.0   48.562   66.799   1435.2    810.2
     1     1    21     2     1    16     0     2  -119.0   48.747   66.559   1444.2    813.5
     1     1    21     2     1    15     0     3  -120.0   48.934   66.311   1464.9    817.4
