     5     1
    GDAS    21     2     1     0     0
    GDAS    21     2     8     0     0
    GDAS    21     2    15     0     0
    GDAS    21     2    22     0     0
    GDAS    21     3     1     0     0
     1 BACKWARD OMEGA   
    21     2    10    23   37.820  111.540  1000.0
     1 PRESSURE
     1     1    21     2    10    23     0     1     0.0   37.820  111.540   1000.0    777.3
     1     1    21     2    10    22     0     2    -1.0   37.605  111.213    937.1    782.6
     1     1    21     2    10    21     0     3    -2.0   37.341  110.946    866.6    786.0
     1     1    21     2    10    20     0     2    -3.0   37.052  110.748    824.4    791.1
     1     1    21     2    10    19     0     1    -4.0   36.744  110.619    820.9    793.6
     1     1    21     2    10    18     0     0    -5.0   36.404  110.566    841.2    791.5
     1     1    21     2    10    17     0     1    -6.0   36.050  110.584    889.4    787.1
     1     1    21     2    10    16     0     2    -7.0   35.710  110.645   1000.3    799.1
     1     1    21     2    10    15     0     3    -8.0   35.399  110.719   1196.3    803.8
     1     1    21     2    10    14     0     2    -9.0   35.126  110.788   1447.9    794.9
     1     1    21     2    10    13     0     1   -10.0   34.889  110.848   1665.0    773.3
     1     1    21     2    10    12     0     0   -11.0   34.683  110.907   1817.0    751.4
     1     1    21     2    10    11     0     1   -12.0   34.498  110.973   1927.0    735.5
     1     1    21     2    10    10     0     2   -13.0   34.325  111.053   2021.3    723.4
     1     1    21     2    10     9     0     3   -14.0   34.159  111.131   2125.4    710.5
     1     1    21     2    10     8     0     2   -15.0   34.005  111.199   2223.6    695.8
     1     1    21     2    10     7     0     1   -16.0   33.868  111.270   2295.2    695.3
     1     1    21     2    10     6     0     0   -17.0   33.742  111.350   2335.8    699.3
     1     1    21     2    10     5     0     1   -18.0   33.634  111.441   2367.9    704.5
     1     1    21     2    10     4     0     2   -19.0   33.557  111.547   2399.2    707.5
     1     1    21     2    10     3     0     3   -20.0   33.513  111.668   2419.5    710.7
     1     1    21     2    10     2     0     2   -21.0   33.489  111.787   2421.8    714.5
     1     1    21     2    10     1     0     1   -22.0   33.473  111.885   2407.4    719.2
     1     1    21     2    10     0     0     0   -23.0   33.460  111.961   2380.1    724.4
     1     1    21     2     9    23     0     1   -24.0   33.465  112.016   2371.6    729.1
     1     1    21     2     9    22     0     2   -25.0   33.503  112.047   2413.5    723.9
     1     1    21     2     9    21     0     3   -26.0   33.578  112.049   2504.0    711.8
     1     1    21     2     9    20     0     2   -27.0   33.679  112.008   2610.1    693.5
     1     1    21     2     9    19     0     1   -28.0   33.794  111.919   2716.9    677.7
     1     1    21     2     9    18     0     0   -29.0   33.926  111.783   2851.3    659.2
     1     1    21     2     9    17     0     1   -30.0   34.070  111.601   2994.4    639.4
     1     1    21     2     9    16     0     2   -31.0   34.227  111.388   3092.9    632.1
     1     1    21     2     9    15     0     3   -32.0   34.405  111.162   3139.4    631.3
     1     1    21     2     9    14     0     2   -33.0   34.594  110.929   3167.0    634.6
     1     1    21     2     9    13     0     1   -34.0   34.781  110.680   3205.8    637.9
     1     1    21     2     9    12     0     0   -35.0   34.962  110.418   3257.0    641.0
     1     1    21     2     9    11     0     1   -36.0   35.130  110.120   3276.9    633.0
     1     1    21     2     9    10     0     2   -37.0   35.279  109.762   3267.6    620.9
     1     1    21     2     9     9     0     3   -38.0   35.410  109.344   3266.5    606.4
     1     1    21     2     9     8     0     2   -39.0   35.525  108.893   3276.5    593.9
     1     1    21     2     9     7     0     1   -40.0   35.631  108.436   3301.0    587.3
     1     1    21     2     9     6     0     0   -41.0   35.739  107.978   3341.4    578.5
     1     1    21     2     9     5     0     1   -42.0   35.866  107.520   3376.3    568.1
     1     1    21     2     9     4     0     2   -43.0   36.027  107.065   3412.1    558.2
     1     1    21     2     9     3     0     3   -44.0   36.219  106.591   3460.8    540.4
     1     1    21     2     9     2     0     2   -45.0   36.437  106.062   3537.8    523.6
     1     1    21     2     9     1     0     1   -46.0   36.670  105.504   3655.0    520.0
     1     1    21     2     9     0     0     0   -47.0   36.915  104.927   3815.8    506.0
     1     1    21     2     8    23     0     1   -48.0   37.183  104.318   3985.6    485.7
     1     1    21     2     8    22     0     2   -49.0   37.493  103.704   4121.0    474.6
     1     1    21     2     8    21     0     3   -50.0   37.842  103.102   4299.9    473.5
     1     1    21     2     8    20     0     2   -51.0   38.220  102.484   4377.5    449.8
     1     1    21     2     8    19     0     1   -52.0   38.629  101.844   4478.1    445.2
     1     1    21     2     8    18     0     0   -53.0   39.089  101.204   4672.9    437.5
     1     1    21     2     8    17     0     1   -54.0   39.581  100.546   4915.4    435.4
     1     1    21     2     8    16     0     2   -55.0   40.063   99.873   5093.3    442.6
     1     1    21     2     8    15     0     3   -56.0   40.555   99.186   5150.6    437.9
     1     1    21     2     8    14     0     2   -57.0   41.049   98.474   5195.6    435.7
     1     1    21     2     8    13     0     1   -58.0   41.555   97.706   5357.8    417.4
     1     1    21     2     8    12     0     0   -59.0   42.104   96.844   5496.9    397.0
     1     1    21     2     8    11     0     1   -60.0   42.636   95.922   5611.6    407.3
     1     1    21     2     8    10     0     2   -61.0   43.114   94.979   5617.3    390.7
     1     1    21     2     8     9     0     3   -62.0   43.551   93.985   5802.7    403.3
     1     1    21     2     8     8     0     2   -63.0   43.917   93.034   5649.8    401.6
     1     1    21     2     8     7     0     1   -64.0   44.272   92.056   5575.7    397.1
     1     1    21     2     8     6     0     0   -65.0   44.581   91.092   5649.1    411.1
     1     1    21     2     8     5     0     1   -66.0   44.863   90.154   5835.6    419.2
     1     1    21     2     8     4     0     2   -67.0   45.103   89.218   6049.5    423.1
     1     1    21     2     8     3     0     3   -68.0   45.318   88.232   6219.6    420.2
     1     1    21     2     8     2     0     2   -69.0   45.532   87.156   6431.6    415.5
     1     1    21     2     8     1     0     1   -70.0   45.703   85.988   6557.5    415.5
     1     1    21     2     8     0     0     0   -71.0   45.829   84.705   6458.2    393.8
     1     1    21     2     7    23     0     1   -72.0   45.931   83.243   6265.3    369.7
     1     1    21     2     7    22     0     2   -73.0   45.987   81.771   6691.7    400.2
     1     1    21     2     7    21     0     3   -74.0   46.001   80.262   6646.9    396.1
     1     1    21     2     7    20     0     2   -75.0   45.943   78.703   6611.4    404.4
     1     1    21     2     7    19     0     1   -76.0   45.830   77.107   6572.1    412.7
     1     1    21     2     7    18     0     0   -77.0   45.675   75.487   6594.7    410.6
     1     1    21     2     7    17     0     1   -78.0   45.476   73.857   6616.1    409.5
     1     1    21     2     7    16     0     2   -79.0   45.233   72.186   6599.2    410.5
     1     1    21     2     7    15     0     3   -80.0   44.948   70.523   6510.2    422.4
     1     1    21     2     7    14     0     2   -81.0   44.620   68.923   6405.3    425.7
     1     1    21     2     7    13     0     1   -82.0   44.281   67.385   6208.9    435.3
     1     1    21     2     7    12     0     0   -83.0   43.968   65.902   6093.6    454.4
     1     1    21     2     7    11     0     1   -84.0   43.677   64.467   6069.5    455.6
     1     1    21     2     7    10     0     2   -85.0   43.408   63.027   6071.4    457.2
     1     1    21     2     7     9     0     3   -86.0   43.163   61.568   6079.9    459.2
     1     1    21     2     7     8     0     2   -87.0   42.936   60.122   6137.5    454.0
     1     1    21     2     7     7     0     1   -88.0   42.742   58.709   6129.3    455.9
     1     1    21     2     7     6     0     0   -89.0   42.575   57.328   6113.8    454.7
     1     1    21     2     7     5     0     1   -90.0   42.448   55.974   6009.7    456.8
     1     1    21     2     7     4     0     2   -91.0   42.372   54.631   5951.2    460.7
     1     1    21     2     7     3     0     3   -92.0   42.339   53.323   5903.4    471.9
     1     1    21     2     7     2     0     2   -93.0   42.362   52.016   5877.7    478.5
     1     1    21     2     7     1     0     1   -94.0   42.425   50.697   5901.8    478.9
     1     1    21     2     7     0     0     0   -95.0   42.500   49.382   6080.3    469.5
     1     1    21     2     6    23     0     1   -96.0   42.625   48.056   6306.4    434.4
     1     1    21     2     6    22     0     2   -97.0   42.872   46.666   6511.1    388.0
     1     1    21     2     6    21     0     3   -98.0   43.191   45.221   6691.4    376.8
     1     1    21     2     6    20     0     2   -99.0   43.555   43.661   6571.8    371.9
     1     1    21     2     6    19     0     1  -100.0   44.004   41.993   6524.2    376.6
     1     1    21     2     6    18     0     0  -101.0   44.441   40.378   6537.8    388.7
     1     1    21     2     6    17     0     1  -102.0   44.867   38.709   6979.9    403.1
     1     1    21     2     6    16     0     2  -103.0   45.367   36.964   6883.2    411.7
     1     1    21     2     6    15     0     3  -104.0   45.950   35.233   6978.5    401.8
     1     1    21     2     6    14     0     2  -105.0   46.524   33.451   6846.2    411.7
     1     1    21     2     6    13     0     1  -106.0   47.075   31.554   6985.3    401.1
     1     1    21     2     6    12     0     0  -107.0   47.712   29.622   7046.9    390.9
     1     1    21     2     6    11     0     1  -108.0   48.320   27.725   6965.9    393.3
     1     1    21     2     6    10     0     2  -109.0   48.855   25.784   6915.7    389.4
     1     1    21     2     6     9     0     3  -110.0   49.296   23.822   6871.3    384.4
     1     1    21     2     6     8     0     2  -111.0   49.682   21.887   6910.3    390.8
     1     1    21     2     6     7     0     1  -112.0   49.989   20.000   6889.5    393.6
     1     1    21     2     6     6     0     0  -113.0   50.187   18.186   6880.7    395.1
     1     1    21     2     6     5     0     1  -114.0   50.300   16.438   6708.3    400.7
     1     1    21     2     6     4     0     2  -115.0   50.385   14.733   6723.0    401.3
     1     1    21     2     6     3     0     3  -116.0   50.348   13.146   6635.4    399.2
     1     1    21     2     6     2     0     2  -117.0   50.178   11.686   6474.9    408.1
     1     1    21     2     6     1     0     1  -118.0   49.925   10.256   6040.0    441.0
     1     1    21     2     6     0     0     0  -119.0   49.626    8.993   5391.6    496.8
     1     1    21     2     5    23     0     1  -120.0   49.300    7.920   4943.6    524.1
