     5     1
    GDAS    21     2     1     0     0
    GDAS    21     2     8     0     0
    GDAS    21     2    15     0     0
    GDAS    21     2    22     0     0
    GDAS    21     3     1     0     0
     1 BACKWARD OMEGA   
    21     2    16    15   37.820  111.540  1000.0
     1 PRESSURE
     1     1    21     2    16    15     0     3     0.0   37.820  111.540   1000.0    778.4
     1     1    21     2    16    14     0     2    -1.0   38.236  111.183   1082.0    773.5
     1     1    21     2    16    13     0     1    -2.0   38.610  110.855   1080.6    783.1
     1     1    21     2    16    12     0     0    -3.0   38.960  110.539   1059.7    787.0
     1     1    21     2    16    11     0     1    -4.0   39.327  110.201   1055.6    770.1
     1     1    21     2    16    10     0     2    -5.0   39.724  109.812   1043.9    758.9
     1     1    21     2    16     9     0     3    -6.0   40.162  109.384   1030.6    754.9
     1     1    21     2    16     8     0     2    -7.0   40.548  108.966    979.6    772.1
     1     1    21     2    16     7     0     1    -8.0   40.801  108.592    905.6    797.3
     1     1    21     2    16     6     0     0    -9.0   40.960  108.252    885.4    810.1
     1     1    21     2    16     5     0     1   -10.0   41.119  107.908    905.1    799.0
     1     1    21     2    16     4     0     2   -11.0   41.300  107.561    892.6    794.0
     1     1    21     2    16     3     0     3   -12.0   41.474  107.198    873.7    796.1
     1     1    21     2    16     2     0     2   -13.0   41.643  106.836    862.6    796.2
     1     1    21     2    16     1     0     1   -14.0   41.804  106.523    849.2    803.4
     1     1    21     2    16     0     0     0   -15.0   41.942  106.275    854.3    810.8
     1     1    21     2    15    23     0     1   -16.0   42.066  106.091    899.9    810.6
     1     1    21     2    15    22     0     2   -17.0   42.205  105.932    990.0    795.5
     1     1    21     2    15    21     0     3   -18.0   42.377  105.753   1103.8    772.3
     1     1    21     2    15    20     0     2   -19.0   42.599  105.517   1193.6    746.6
     1     1    21     2    15    19     0     1   -20.0   42.883  105.210   1227.3    723.9
     1     1    21     2    15    18     0     0   -21.0   43.204  104.865   1208.5    717.9
     1     1    21     2    15    17     0     1   -22.0   43.500  104.564   1145.3    732.6
     1     1    21     2    15    16     0     2   -23.0   43.748  104.330   1055.0    747.7
     1     1    21     2    15    15     0     3   -24.0   43.941  104.154    927.1    762.6
     1     1    21     2    15    14     0     2   -25.0   44.077  104.038    748.0    784.2
     1     1    21     2    15    13     0     1   -26.0   44.184  103.975    541.7    809.8
     1     1    21     2    15    12     0     0   -27.0   44.304  103.938    373.8    833.0
     1     1    21     2    15    11     0     1   -28.0   44.446  103.899    279.3    844.8
     1     1    21     2    15    10     0     2   -29.0   44.609  103.831    235.0    848.9
     1     1    21     2    15     9     0     3   -30.0   44.800  103.713    225.9    851.2
     1     1    21     2    15     8     0     2   -31.0   45.010  103.524    273.4    849.4
     1     1    21     2    15     7     0     1   -32.0   45.238  103.267    387.8    825.7
     1     1    21     2    15     6     0     0   -33.0   45.513  102.962    550.2    792.8
     1     1    21     2    15     5     0     1   -34.0   45.834  102.625    715.4    749.4
     1     1    21     2    15     4     0     2   -35.0   46.185  102.286    850.0    713.1
     1     1    21     2    15     3     0     3   -36.0   46.631  101.868    956.0    696.4
     1     1    21     2    15     2     0     2   -37.0   47.216  101.258    972.6    667.5
     1     1    21     2    15     1     0     1   -38.0   47.815  100.475    918.0    684.4
     1     1    21     2    15     0     0     0   -39.0   48.367   99.510    935.9    680.2
     1     1    21     2    14    23     0     1   -40.0   48.983   98.559    927.1    686.9
     1     1    21     2    14    22     0     2   -41.0   49.609   97.611   1091.6    674.3
     1     1    21     2    14    21     0     3   -42.0   50.271   96.687   1460.9    653.6
     1     1    21     2    14    20     0     2   -43.0   50.800   95.777   1495.0    700.0
     1     1    21     2    14    19     0     1   -44.0   51.189   94.985   1365.8    742.5
     1     1    21     2    14    18     0     0   -45.0   51.555   94.277   1325.6    727.6
     1     1    21     2    14    17     0     1   -46.0   51.945   93.492   1316.8    738.5
     1     1    21     2    14    16     0     2   -47.0   52.282   92.639   1231.4    753.9
     1     1    21     2    14    15     0     3   -48.0   52.511   91.786   1081.0    781.0
     1     1    21     2    14    14     0     2   -49.0   52.664   90.809   1013.5    796.5
     1     1    21     2    14    13     0     1   -50.0   52.742   89.773    918.3    820.2
     1     1    21     2    14    12     0     0   -51.0   52.780   88.890    902.6    811.0
     1     1    21     2    14    11     0     1   -52.0   52.810   88.122    951.4    828.4
     1     1    21     2    14    10     0     2   -53.0   52.815   87.422    960.4    854.1
     1     1    21     2    14     9     0     3   -54.0   52.796   86.760    915.7    876.0
     1     1    21     2    14     8     0     2   -55.0   52.766   86.140    851.3    890.8
     1     1    21     2    14     7     0     1   -56.0   52.728   85.538    805.8    896.1
     1     1    21     2    14     6     0     0   -57.0   52.673   84.930    785.2    897.1
     1     1    21     2    14     5     0     1   -58.0   52.603   84.329    775.3    903.7
     1     1    21     2    14     4     0     2   -59.0   52.521   83.757    760.2    908.5
     1     1    21     2    14     3     0     3   -60.0   52.421   83.203    736.1    909.3
     1     1    21     2    14     2     0     2   -61.0   52.301   82.675    712.1    914.5
     1     1    21     2    14     1     0     1   -62.0   52.161   82.189    697.0    918.5
     1     1    21     2    14     0     0     0   -63.0   52.002   81.745    687.7    918.9
     1     1    21     2    13    23     0     1   -64.0   51.848   81.366    681.5    915.8
     1     1    21     2    13    22     0     2   -65.0   51.708   81.058    675.3    914.8
     1     1    21     2    13    21     0     3   -66.0   51.575   80.805    667.5    917.2
     1     1    21     2    13    20     0     2   -67.0   51.442   80.600    659.8    920.1
     1     1    21     2    13    19     0     1   -68.0   51.305   80.437    655.3    921.9
     1     1    21     2    13    18     0     0   -69.0   51.158   80.312    654.0    923.0
     1     1    21     2    13    17     0     1   -70.0   51.013   80.223    660.8    923.5
     1     1    21     2    13    16     0     2   -71.0   50.886   80.158    679.9    920.1
     1     1    21     2    13    15     0     3   -72.0   50.785   80.108    705.4    915.2
     1     1    21     2    13    14     0     2   -73.0   50.703   80.062    729.0    910.9
     1     1    21     2    13    13     0     1   -74.0   50.635   80.015    750.9    907.9
     1     1    21     2    13    12     0     0   -75.0   50.581   79.964    776.6    904.4
     1     1    21     2    13    11     0     1   -76.0   50.530   79.912    806.2    899.9
     1     1    21     2    13    10     0     2   -77.0   50.474   79.863    836.0    895.4
     1     1    21     2    13     9     0     3   -78.0   50.409   79.817    861.4    891.2
     1     1    21     2    13     8     0     2   -79.0   50.341   79.786    879.8    888.4
     1     1    21     2    13     7     0     1   -80.0   50.274   79.780    893.7    886.2
     1     1    21     2    13     6     0     0   -81.0   50.209   79.802    905.9    884.0
     1     1    21     2    13     5     0     1   -82.0   50.157   79.840    924.8    881.5
     1     1    21     2    13     4     0     2   -83.0   50.129   79.880    959.7    876.7
     1     1    21     2    13     3     0     3   -84.0   50.124   79.917   1012.9    870.2
     1     1    21     2    13     2     0     2   -85.0   50.129   79.939   1066.2    861.7
     1     1    21     2    13     1     0     1   -86.0   50.129   79.941   1099.4    857.6
     1     1    21     2    13     0     0     0   -87.0   50.124   79.929   1111.5    855.9
     1     1    21     2    12    23     0     1   -88.0   50.116   79.911   1113.6    857.0
     1     1    21     2    12    22     0     2   -89.0   50.109   79.895   1117.4    856.8
     1     1    21     2    12    21     0     3   -90.0   50.104   79.880   1123.5    856.2
     1     1    21     2    12    20     0     2   -91.0   50.098   79.866   1130.3    855.2
     1     1    21     2    12    19     0     1   -92.0   50.091   79.851   1135.5    854.5
     1     1    21     2    12    18     0     0   -93.0   50.081   79.835   1138.8    854.0
     1     1    21     2    12    17     0     1   -94.0   50.073   79.813   1142.5    853.9
     1     1    21     2    12    16     0     2   -95.0   50.069   79.781   1150.0    853.3
     1     1    21     2    12    15     0     3   -96.0   50.072   79.735   1163.5    852.2
     1     1    21     2    12    14     0     2   -97.0   50.075   79.673   1179.6    850.1
     1     1    21     2    12    13     0     1   -98.0   50.072   79.594   1191.6    848.9
     1     1    21     2    12    12     0     0   -99.0   50.062   79.502   1196.5    848.5
     1     1    21     2    12    11     0     1  -100.0   50.051   79.403   1202.0    849.4
     1     1    21     2    12    10     0     2  -101.0   50.045   79.296   1217.7    848.1
     1     1    21     2    12     9     0     3  -102.0   50.046   79.175   1243.3    845.9
     1     1    21     2    12     8     0     2  -103.0   50.049   79.038   1269.0    842.7
     1     1    21     2    12     7     0     1  -104.0   50.050   78.889   1283.9    839.1
     1     1    21     2    12     6     0     0  -105.0   50.051   78.724   1289.1    835.2
     1     1    21     2    12     5     0     1  -106.0   50.060   78.544   1294.2    832.3
     1     1    21     2    12     4     0     2  -107.0   50.080   78.348   1311.7    827.3
     1     1    21     2    12     3     0     3  -108.0   50.109   78.133   1347.1    820.5
     1     1    21     2    12     2     0     2  -109.0   50.140   77.890   1378.9    811.2
     1     1    21     2    12     1     0     1  -110.0   50.163   77.623   1377.9    807.0
     1     1    21     2    12     0     0     0  -111.0   50.178   77.336   1342.6    806.2
     1     1    21     2    11    23     0     1  -112.0   50.190   77.039   1304.9    808.6
     1     1    21     2    11    22     0     2  -113.0   50.206   76.736   1296.6    809.4
     1     1    21     2    11    21     0     3  -114.0   50.225   76.427   1313.7    807.6
     1     1    21     2    11    20     0     2  -115.0   50.247   76.105   1338.2    803.9
     1     1    21     2    11    19     0     1  -116.0   50.272   75.775   1357.7    802.6
     1     1    21     2    11    18     0     0  -117.0   50.303   75.438   1377.1    801.3
     1     1    21     2    11    17     0     1  -118.0   50.348   75.092   1402.3    799.8
     1     1    21     2    11    16     0     2  -119.0   50.408   74.741   1427.6    798.4
     1     1    21     2    11    15     0     3  -120.0   50.475   74.394   1442.3    798.7
