     5     1
    GDAS    21     2     1     0     0
    GDAS    21     2     8     0     0
    GDAS    21     2    15     0     0
    GDAS    21     2    22     0     0
    GDAS    21     3     1     0     0
     1 BACKWARD OMEGA   
    21     2    11    21   44.970  -93.230   500.0
     1 PRESSURE
     1     1    21     2    11    21     0     3     0.0   44.970  -93.230    500.0    934.0
     1     1    21     2    11    20     0     2    -1.0   45.093  -93.293    514.0    933.5
     1     1    21     2    11    19     0     1    -2.0   45.213  -93.334    550.2    927.3
     1     1    21     2    11    18     0     0    -3.0   45.334  -93.357    603.1    919.3
     1     1    21     2    11    17     0     1    -4.0   45.463  -93.392    660.5    909.4
     1     1    21     2    11    16     0     2    -5.0   45.605  -93.466    716.2    900.9
     1     1    21     2    11    15     0     3    -6.0   45.768  -93.585    781.1    890.9
     1     1    21     2    11    14     0     2    -7.0   45.951  -93.762    843.5    877.5
     1     1    21     2    11    13     0     1    -8.0   46.146  -94.000    874.2    869.6
     1     1    21     2    11    12     0     0    -9.0   46.350  -94.278    870.2    869.8
     1     1    21     2    11    11     0     1   -10.0   46.550  -94.590    868.1    871.8
     1     1    21     2    11    10     0     2   -11.0   46.739  -94.966    892.9    865.3
     1     1    21     2    11     9     0     3   -12.0   46.921  -95.414    939.3    860.6
     1     1    21     2    11     8     0     2   -13.0   47.096  -95.902    986.4    856.5
     1     1    21     2    11     7     0     1   -14.0   47.257  -96.368   1015.7    859.4
     1     1    21     2    11     6     0     0   -15.0   47.405  -96.792   1029.5    864.1
     1     1    21     2    11     5     0     1   -16.0   47.558  -97.195   1042.7    862.5
     1     1    21     2    11     4     0     2   -17.0   47.730  -97.606   1062.2    850.6
     1     1    21     2    11     3     0     3   -18.0   47.923  -98.030   1084.8    838.4
     1     1    21     2    11     2     0     2   -19.0   48.125  -98.471   1113.4    834.8
     1     1    21     2    11     1     0     1   -20.0   48.330  -98.937   1147.2    830.5
     1     1    21     2    11     0     0     0   -21.0   48.546  -99.448   1183.5    819.1
     1     1    21     2    10    23     0     1   -22.0   48.771 -100.018   1207.2    804.5
     1     1    21     2    10    22     0     2   -23.0   48.990 -100.591   1231.2    810.3
     1     1    21     2    10    21     0     3   -24.0   49.202 -101.136   1261.2    815.2
     1     1    21     2    10    20     0     2   -25.0   49.418 -101.697   1284.6    802.8
     1     1    21     2    10    19     0     1   -26.0   49.638 -102.276   1296.2    793.5
     1     1    21     2    10    18     0     0   -27.0   49.860 -102.842   1299.8    789.4
     1     1    21     2    10    17     0     1   -28.0   50.086 -103.390   1299.9    791.7
     1     1    21     2    10    16     0     2   -29.0   50.320 -103.936   1300.7    795.2
     1     1    21     2    10    15     0     3   -30.0   50.567 -104.474   1301.5    797.0
     1     1    21     2    10    14     0     2   -31.0   50.824 -105.002   1307.9    800.3
     1     1    21     2    10    13     0     1   -32.0   51.086 -105.543   1319.7    796.0
     1     1    21     2    10    12     0     0   -33.0   51.358 -106.119   1330.0    792.6
     1     1    21     2    10    11     0     1   -34.0   51.637 -106.709   1322.9    794.5
     1     1    21     2    10    10     0     2   -35.0   51.918 -107.286   1305.0    796.4
     1     1    21     2    10     9     0     3   -36.0   52.210 -107.868   1297.5    791.0
     1     1    21     2    10     8     0     2   -37.0   52.508 -108.447   1303.8    791.5
     1     1    21     2    10     7     0     1   -38.0   52.795 -108.983   1315.7    796.4
     1     1    21     2    10     6     0     0   -39.0   53.072 -109.483   1325.7    794.0
     1     1    21     2    10     5     0     1   -40.0   53.372 -109.960   1322.5    787.9
     1     1    21     2    10     4     0     2   -41.0   53.723 -110.404   1309.4    786.6
     1     1    21     2    10     3     0     3   -42.0   54.117 -110.806   1295.0    787.2
     1     1    21     2    10     2     0     2   -43.0   54.542 -111.194   1282.7    789.3
     1     1    21     2    10     1     0     1   -44.0   54.985 -111.591   1270.6    793.3
     1     1    21     2    10     0     0     0   -45.0   55.423 -112.008   1263.1    795.3
     1     1    21     2     9    23     0     1   -46.0   55.850 -112.431   1269.5    794.2
     1     1    21     2     9    22     0     2   -47.0   56.272 -112.813   1262.0    797.2
     1     1    21     2     9    21     0     3   -48.0   56.698 -113.175   1214.2    806.0
     1     1    21     2     9    20     0     2   -49.0   57.127 -113.531   1158.8    816.4
     1     1    21     2     9    19     0     1   -50.0   57.533 -113.841   1119.6    829.4
     1     1    21     2     9    18     0     0   -51.0   57.890 -114.082   1064.0    844.9
     1     1    21     2     9    17     0     1   -52.0   58.229 -114.281    971.1    853.5
     1     1    21     2     9    16     0     2   -53.0   58.620 -114.439    883.4    851.3
     1     1    21     2     9    15     0     3   -54.0   59.085 -114.514    857.7    843.3
     1     1    21     2     9    14     0     2   -55.0   59.578 -114.657    845.4    860.4
     1     1    21     2     9    13     0     1   -56.0   60.045 -115.015    794.9    890.1
     1     1    21     2     9    12     0     0   -57.0   60.487 -115.433    685.6    913.4
     1     1    21     2     9    11     0     1   -58.0   60.916 -115.834    581.0    939.5
     1     1    21     2     9    10     0     2   -59.0   61.340 -116.263    511.0    947.4
     1     1    21     2     9     9     0     3   -60.0   61.784 -116.684    474.5    948.5
     1     1    21     2     9     8     0     2   -61.0   62.259 -117.046    456.5    947.1
     1     1    21     2     9     7     0     1   -62.0   62.725 -117.332    443.6    944.8
     1     1    21     2     9     6     0     0   -63.0   63.165 -117.554    431.3    944.6
     1     1    21     2     9     5     0     1   -64.0   63.607 -117.728    418.9    945.3
     1     1    21     2     9     4     0     2   -65.0   64.072 -117.857    408.9    944.0
     1     1    21     2     9     3     0     3   -66.0   64.527 -118.026    392.9    951.3
     1     1    21     2     9     2     0     2   -67.0   64.936 -118.339    369.0    959.9
     1     1    21     2     9     1     0     1   -68.0   65.286 -118.764    355.1    964.2
     1     1    21     2     9     0     0     0   -69.0   65.582 -119.207    349.6    967.0
     1     1    21     2     8    23     0     1   -70.0   65.831 -119.630    335.6    972.2
     1     1    21     2     8    22     0     2   -71.0   66.050 -120.033    311.3    981.2
     1     1    21     2     8    21     0     3   -72.0   66.250 -120.379    292.0    984.0
     1     1    21     2     8    20     0     2   -73.0   66.436 -120.634    284.9    982.9
     1     1    21     2     8    19     0     1   -74.0   66.617 -120.818    284.8    980.9
     1     1    21     2     8    18     0     0   -75.0   66.801 -120.942    287.4    978.5
     1     1    21     2     8    17     0     1   -76.0   66.990 -121.014    290.8    975.9
     1     1    21     2     8    16     0     2   -77.0   67.182 -121.040    295.0    967.4
     1     1    21     2     8    15     0     3   -78.0   67.370 -121.015    302.6    958.7
     1     1    21     2     8    14     0     2   -79.0   67.544 -120.956    313.5    949.1
     1     1    21     2     8    13     0     1   -80.0   67.701 -120.885    325.5    939.2
     1     1    21     2     8    12     0     0   -81.0   67.842 -120.809    333.5    930.1
     1     1    21     2     8    11     0     1   -82.0   67.973 -120.710    338.7    922.1
     1     1    21     2     8    10     0     2   -83.0   68.094 -120.574    344.5    917.4
     1     1    21     2     8     9     0     3   -84.0   68.206 -120.413    352.1    914.6
     1     1    21     2     8     8     0     2   -85.0   68.307 -120.254    363.7    912.1
     1     1    21     2     8     7     0     1   -86.0   68.400 -120.115    379.4    909.9
     1     1    21     2     8     6     0     0   -87.0   68.486 -120.000    397.7    908.2
     1     1    21     2     8     5     0     1   -88.0   68.568 -119.896    414.0    910.5
     1     1    21     2     8     4     0     2   -89.0   68.649 -119.801    425.7    913.6
     1     1    21     2     8     3     0     3   -90.0   68.727 -119.716    437.9    916.0
     1     1    21     2     8     2     0     2   -91.0   68.803 -119.643    448.9    917.0
     1     1    21     2     8     1     0     1   -92.0   68.886 -119.586    454.1    918.7
     1     1    21     2     8     0     0     0   -93.0   68.973 -119.543    452.2    921.0
     1     1    21     2     7    23     0     1   -94.0   69.064 -119.529    446.6    926.0
     1     1    21     2     7    22     0     2   -95.0   69.150 -119.550    440.8    930.5
     1     1    21     2     7    21     0     3   -96.0   69.231 -119.598    434.5    934.1
     1     1    21     2     7    20     0     2   -97.0   69.300 -119.663    431.7    936.7
     1     1    21     2     7    19     0     1   -98.0   69.352 -119.740    436.9    936.5
     1     1    21     2     7    18     0     0   -99.0   69.388 -119.833    450.5    934.1
     1     1    21     2     7    17     0     1  -100.0   69.419 -119.948    471.6    930.2
     1     1    21     2     7    16     0     2  -101.0   69.452 -120.079    497.3    926.4
     1     1    21     2     7    15     0     3  -102.0   69.484 -120.219    523.7    923.0
     1     1    21     2     7    14     0     2  -103.0   69.507 -120.383    544.3    919.5
     1     1    21     2     7    13     0     1  -104.0   69.515 -120.594    556.5    916.5
     1     1    21     2     7    12     0     0  -105.0   69.506 -120.861    563.2    912.4
     1     1    21     2     7    11     0     1  -106.0   69.476 -121.174    569.0    907.9
     1     1    21     2     7    10     0     2  -107.0   69.428 -121.513    575.6    902.3
     1     1    21     2     7     9     0     3  -108.0   69.370 -121.869    584.1    896.0
     1     1    21     2     7     8     0     2  -109.0   69.298 -122.243    587.3    892.9
     1     1    21     2     7     7     0     1  -110.0   69.203 -122.638    574.1    896.7
     1     1    21     2     7     6     0     0  -111.0   69.092 -123.045    548.3    903.6
     1     1    21     2     7     5     0     1  -112.0   68.977 -123.498    520.8    910.3
     1     1    21     2     7     4     0     2  -113.0   68.865 -124.026    507.5    918.8
     1     1    21     2     7     3     0     3  -114.0   68.775 -124.582    497.3    922.3
     1     1    21     2     7     2     0     2  -115.0   68.709 -125.142    476.3    928.6
     1     1    21     2     7     1     0     1  -116.0   68.661 -125.726    437.7    934.5
     1     1    21     2     7     0     0     0  -117.0   68.635 -126.357    385.9    941.3
     1     1    21     2     6    23     0     1  -118.0   68.621 -127.050    343.7    946.8
     1     1    21     2     6    22     0     2  -119.0   68.608 -127.769    306.1    951.9
     1     1    21     2     6    21     0     3  -120.0   68.589 -128.452    280.7    961.1
