     5     1
    GDAS    21     2     1     0     0
    GDAS    21     2     8     0     0
    GDAS    21     2    15     0     0
    GDAS    21     2    22     0     0
    GDAS    21     3     1     0     0
     1 BACKWARD OMEGA   
    21     2    27    15   44.970  -93.230   500.0
     1 PRESSURE
     1     1    21     2    27    15     0     3     0.0   44.970  -93.230    500.0    917.7
     1     1    21     2    27    14     0     2    -1.0   45.066  -93.621    488.7    915.3
     1     1    21     2    27    13     0     1    -2.0   45.143  -94.047    451.2    919.4
     1     1    21     2    27    12     0     0    -3.0   45.227  -94.480    443.6    920.0
     1     1    21     2    27    11     0     1    -4.0   45.309  -94.878    481.0    909.7
     1     1    21     2    27    10     0     2    -5.0   45.359  -95.262    511.7    902.2
     1     1    21     2    27     9     0     3    -6.0   45.379  -95.655    499.8    902.9
     1     1    21     2    27     8     0     2    -7.0   45.382  -96.043    462.1    910.1
     1     1    21     2    27     7     0     1    -8.0   45.370  -96.436    438.9    907.6
     1     1    21     2    27     6     0     0    -9.0   45.333  -96.853    451.8    897.6
     1     1    21     2    27     5     0     1   -10.0   45.287  -97.282    464.2    890.7
     1     1    21     2    27     4     0     2   -11.0   45.234  -97.717    385.8    900.2
     1     1    21     2    27     3     0     3   -12.0   45.112  -98.144    246.0    925.3
     1     1    21     2    27     2     0     2   -13.0   44.982  -98.503    174.9    939.2
     1     1    21     2    27     1     0     1   -14.0   44.874  -98.882    205.6    929.8
     1     1    21     2    27     0     0     0   -15.0   44.751  -99.304    323.8    908.2
     1     1    21     2    26    23     0     1   -16.0   44.674  -99.749    461.5    884.1
     1     1    21     2    26    22     0     2   -17.0   44.653 -100.201    570.6    868.3
     1     1    21     2    26    21     0     3   -18.0   44.640 -100.641    630.8    855.0
     1     1    21     2    26    20     0     2   -19.0   44.632 -101.084    688.8    852.5
     1     1    21     2    26    19     0     1   -20.0   44.635 -101.541    783.8    835.6
     1     1    21     2    26    18     0     0   -21.0   44.632 -102.001    815.6    820.8
     1     1    21     2    26    17     0     1   -22.0   44.646 -102.468    777.8    824.9
     1     1    21     2    26    16     0     2   -23.0   44.717 -102.989    739.8    824.2
     1     1    21     2    26    15     0     3   -24.0   44.821 -103.592    748.6    811.2
     1     1    21     2    26    14     0     2   -25.0   44.960 -104.266    843.9    797.1
     1     1    21     2    26    13     0     1   -26.0   45.111 -104.944    966.6    773.6
     1     1    21     2    26    12     0     0   -27.0   45.254 -105.623    995.3    765.3
     1     1    21     2    26    11     0     1   -28.0   45.406 -106.374    985.5    783.8
     1     1    21     2    26    10     0     2   -29.0   45.585 -107.177   1192.3    748.8
     1     1    21     2    26     9     0     3   -30.0   45.743 -108.055   1355.6    725.8
     1     1    21     2    26     8     0     2   -31.0   45.917 -109.056   1394.9    719.2
     1     1    21     2    26     7     0     1   -32.0   46.066 -110.132   1686.1    666.5
     1     1    21     2    26     6     0     0   -33.0   46.149 -111.126   1946.5    621.3
     1     1    21     2    26     5     0     1   -34.0   46.209 -112.045   2346.8    611.2
     1     1    21     2    26     4     0     2   -35.0   46.262 -112.969   2767.3    549.1
     1     1    21     2    26     3     0     3   -36.0   46.337 -113.924   2963.6    551.0
     1     1    21     2    26     2     0     2   -37.0   46.388 -114.877   2708.4    581.5
     1     1    21     2    26     1     0     1   -38.0   46.430 -115.759   2466.1    630.9
     1     1    21     2    26     0     0     0   -39.0   46.490 -116.606   1953.6    702.6
     1     1    21     2    25    23     0     1   -40.0   46.449 -117.471   1526.6    748.0
     1     1    21     2    25    22     0     2   -41.0   46.330 -118.375   1039.7    818.2
     1     1    21     2    25    21     0     3   -42.0   46.169 -119.210    995.2    866.6
     1     1    21     2    25    20     0     2   -43.0   46.111 -120.049   1303.1    814.4
     1     1    21     2    25    19     0     1   -44.0   46.186 -121.049   1432.3    756.9
     1     1    21     2    25    18     0     0   -45.0   46.256 -122.025   1438.5    773.7
     1     1    21     2    25    17     0     1   -46.0   46.310 -122.838   1344.4    833.9
     1     1    21     2    25    16     0     2   -47.0   46.390 -123.591   1160.5    877.7
     1     1    21     2    25    15     0     3   -48.0   46.532 -124.260    987.6    907.8
     1     1    21     2    25    14     0     2   -49.0   46.714 -124.948    856.5    919.2
     1     1    21     2    25    13     0     1   -50.0   46.932 -125.701    774.6    935.8
     1     1    21     2    25    12     0     0   -51.0   47.183 -126.498    794.4    926.7
     1     1    21     2    25    11     0     1   -52.0   47.386 -127.359    777.4    928.4
     1     1    21     2    25    10     0     2   -53.0   47.621 -128.273    764.4    931.2
     1     1    21     2    25     9     0     3   -54.0   47.892 -129.194    820.8    924.9
     1     1    21     2    25     8     0     2   -55.0   48.125 -130.157    906.1    912.9
     1     1    21     2    25     7     0     1   -56.0   48.336 -131.197    948.3    908.2
     1     1    21     2    25     6     0     0   -57.0   48.569 -132.296    977.0    904.9
     1     1    21     2    25     5     0     1   -58.0   48.776 -133.465   1015.8    899.0
     1     1    21     2    25     4     0     2   -59.0   48.957 -134.700   1033.3    896.8
     1     1    21     2    25     3     0     3   -60.0   49.167 -136.004   1095.8    888.7
     1     1    21     2    25     2     0     2   -61.0   49.358 -137.378   1143.2    882.0
     1     1    21     2    25     1     0     1   -62.0   49.526 -138.796   1178.8    877.7
     1     1    21     2    25     0     0     0   -63.0   49.741 -140.232   1228.6    871.7
     1     1    21     2    24    23     0     1   -64.0   49.936 -141.669   1287.6    863.6
     1     1    21     2    24    22     0     2   -65.0   50.096 -143.078   1303.5    862.2
     1     1    21     2    24    21     0     3   -66.0   50.288 -144.478   1337.4    857.4
     1     1    21     2    24    20     0     2   -67.0   50.482 -145.894   1356.3    855.1
     1     1    21     2    24    19     0     1   -68.0   50.679 -147.290   1373.4    852.6
     1     1    21     2    24    18     0     0   -69.0   50.914 -148.659   1411.1    845.6
     1     1    21     2    24    17     0     1   -70.0   51.123 -150.015   1432.7    845.0
     1     1    21     2    24    16     0     2   -71.0   51.319 -151.342   1457.1    839.8
     1     1    21     2    24    15     0     3   -72.0   51.553 -152.669   1445.7    841.5
     1     1    21     2    24    14     0     2   -73.0   51.765 -153.953   1487.5    837.0
     1     1    21     2    24    13     0     1   -74.0   51.959 -155.128   1542.2    828.6
     1     1    21     2    24    12     0     0   -75.0   52.163 -156.218   1588.4    824.1
     1     1    21     2    24    11     0     1   -76.0   52.326 -157.196   1616.7    821.2
     1     1    21     2    24    10     0     2   -77.0   52.452 -158.043   1673.9    815.8
     1     1    21     2    24     9     0     3   -78.0   52.542 -158.801   1732.3    807.9
     1     1    21     2    24     8     0     2   -79.0   52.591 -159.471   1742.2    807.9
     1     1    21     2    24     7     0     1   -80.0   52.588 -160.056   1732.2    808.5
     1     1    21     2    24     6     0     0   -81.0   52.536 -160.576   1710.4    811.9
     1     1    21     2    24     5     0     1   -82.0   52.436 -161.044   1677.9    814.4
     1     1    21     2    24     4     0     2   -83.0   52.286 -161.448   1634.0    819.9
     1     1    21     2    24     3     0     3   -84.0   52.091 -161.765   1602.0    824.9
     1     1    21     2    24     2     0     2   -85.0   51.867 -161.998   1557.6    827.1
     1     1    21     2    24     1     0     1   -86.0   51.633 -162.172   1480.9    836.3
     1     1    21     2    24     0     0     0   -87.0   51.388 -162.299   1382.5    848.5
     1     1    21     2    23    23     0     1   -88.0   51.136 -162.392   1305.1    860.9
     1     1    21     2    23    22     0     2   -89.0   50.884 -162.469   1275.5    864.2
     1     1    21     2    23    21     0     3   -90.0   50.633 -162.521   1269.6    863.5
     1     1    21     2    23    20     0     2   -91.0   50.382 -162.534   1263.5    863.9
     1     1    21     2    23    19     0     1   -92.0   50.129 -162.502   1268.4    865.9
     1     1    21     2    23    18     0     0   -93.0   49.873 -162.422   1310.4    862.8
     1     1    21     2    23    17     0     1   -94.0   49.621 -162.327   1353.2    854.1
     1     1    21     2    23    16     0     2   -95.0   49.389 -162.233   1353.2    854.7
     1     1    21     2    23    15     0     3   -96.0   49.180 -162.119   1309.7    859.9
     1     1    21     2    23    14     0     2   -97.0   48.982 -161.979   1248.1    870.4
     1     1    21     2    23    13     0     1   -98.0   48.767 -161.822   1207.2    877.1
     1     1    21     2    23    12     0     0   -99.0   48.530 -161.644   1203.2    878.7
     1     1    21     2    23    11     0     1  -100.0   48.283 -161.455   1219.8    875.2
     1     1    21     2    23    10     0     2  -101.0   48.034 -161.254   1238.8    874.8
     1     1    21     2    23     9     0     3  -102.0   47.775 -161.008   1266.6    872.6
     1     1    21     2    23     8     0     2  -103.0   47.502 -160.730   1288.3    869.3
     1     1    21     2    23     7     0     1  -104.0   47.234 -160.425   1303.3    869.7
     1     1    21     2    23     6     0     0  -105.0   46.974 -160.050   1342.3    867.9
     1     1    21     2    23     5     0     1  -106.0   46.710 -159.646   1373.1    860.0
     1     1    21     2    23     4     0     2  -107.0   46.452 -159.274   1363.7    862.2
     1     1    21     2    23     3     0     3  -108.0   46.203 -158.914   1335.8    867.4
     1     1    21     2    23     2     0     2  -109.0   45.953 -158.568   1324.1    871.9
     1     1    21     2    23     1     0     1  -110.0   45.694 -158.248   1327.3    870.0
     1     1    21     2    23     0     0     0  -111.0   45.422 -157.950   1336.1    871.3
     1     1    21     2    22    23     0     1  -112.0   45.149 -157.669   1332.0    869.0
     1     1    21     2    22    22     0     2  -113.0   44.883 -157.388   1279.6    875.5
     1     1    21     2    22    21     0     3  -114.0   44.626 -157.100   1220.7    887.4
     1     1    21     2    22    20     0     2  -115.0   44.379 -156.828   1201.9    890.8
     1     1    21     2    22    19     0     1  -116.0   44.147 -156.574   1222.8    888.2
     1     1    21     2    22    18     0     0  -117.0   43.929 -156.323   1267.9    882.2
     1     1    21     2    22    17     0     1  -118.0   43.734 -156.100   1321.1    875.9
     1     1    21     2    22    16     0     2  -119.0   43.570 -155.933   1373.9    870.1
     1     1    21     2    22    15     0     3  -120.0   43.444 -155.811   1417.4    864.9
