     5     1
    GDAS    21     2     1     0     0
    GDAS    21     2     8     0     0
    GDAS    21     2    15     0     0
    GDAS    21     2    22     0     0
    GDAS    21     3     1     0     0
     1 BACKWARD OMEGA   
    21     2    26    21   44.970  -93.230   500.0
     1 PRESSURE
     1     1    21     2    26    21     0     3     0.0   44.970  -93.230    500.0    914.4
     1     1    21     2    26    20     0     2    -1.0   44.437  -93.512    489.8    915.1
     1     1    21     2    26    19     0     1    -2.0   43.864  -93.765    497.0    914.0
     1     1    21     2    26    18     0     0    -3.0   43.281  -93.981    487.2    913.2
     1     1    21     2    26    17     0     1    -4.0   42.727  -94.151    465.7    916.9
     1     1    21     2    26    16     0     2    -5.0   42.200  -94.281    453.7    919.2
     1     1    21     2    26    15     0     3    -6.0   41.684  -94.347    457.6    921.5
     1     1    21     2    26    14     0     2    -7.0   41.187  -94.343    485.1    920.0
     1     1    21     2    26    13     0     1    -8.0   40.733  -94.281    515.3    916.7
     1     1    21     2    26    12     0     0    -9.0   40.328  -94.158    520.9    919.1
     1     1    21     2    26    11     0     1   -10.0   39.974  -93.985    506.8    925.2
     1     1    21     2    26    10     0     2   -11.0   39.662  -93.793    495.3    929.3
     1     1    21     2    26     9     0     3   -12.0   39.384  -93.594    500.6    930.6
     1     1    21     2    26     8     0     2   -13.0   39.141  -93.381    506.7    930.9
     1     1    21     2    26     7     0     1   -14.0   38.926  -93.137    495.4    934.6
     1     1    21     2    26     6     0     0   -15.0   38.729  -92.870    472.9    938.2
     1     1    21     2    26     5     0     1   -16.0   38.564  -92.593    459.7    939.4
     1     1    21     2    26     4     0     2   -17.0   38.450  -92.313    461.7    937.6
     1     1    21     2    26     3     0     3   -18.0   38.386  -92.038    475.3    935.5
     1     1    21     2    26     2     0     2   -19.0   38.359  -91.785    501.2    933.3
     1     1    21     2    26     1     0     1   -20.0   38.353  -91.570    538.9    930.0
     1     1    21     2    26     0     0     0   -21.0   38.361  -91.401    590.4    925.3
     1     1    21     2    25    23     0     1   -22.0   38.391  -91.276    636.8    918.5
     1     1    21     2    25    22     0     2   -23.0   38.451  -91.185    650.4    917.1
     1     1    21     2    25    21     0     3   -24.0   38.542  -91.123    627.2    920.8
     1     1    21     2    25    20     0     2   -25.0   38.642  -91.076    603.4    928.7
     1     1    21     2    25    19     0     1   -26.0   38.729  -91.024    607.2    929.4
     1     1    21     2    25    18     0     0   -27.0   38.802  -90.963    637.2    927.6
     1     1    21     2    25    17     0     1   -28.0   38.885  -90.891    674.6    921.8
     1     1    21     2    25    16     0     2   -29.0   38.993  -90.813    704.0    920.0
     1     1    21     2    25    15     0     3   -30.0   39.130  -90.740    734.8    917.3
     1     1    21     2    25    14     0     2   -31.0   39.288  -90.689    762.8    913.2
     1     1    21     2    25    13     0     1   -32.0   39.454  -90.670    780.7    910.8
     1     1    21     2    25    12     0     0   -33.0   39.625  -90.689    791.9    909.4
     1     1    21     2    25    11     0     1   -34.0   39.804  -90.740    802.8    907.7
     1     1    21     2    25    10     0     2   -35.0   39.990  -90.812    818.2    905.3
     1     1    21     2    25     9     0     3   -36.0   40.178  -90.896    838.6    901.7
     1     1    21     2    25     8     0     2   -37.0   40.371  -90.991    861.3    898.5
     1     1    21     2    25     7     0     1   -38.0   40.568  -91.096    880.8    895.7
     1     1    21     2    25     6     0     0   -39.0   40.760  -91.207    889.4    894.2
     1     1    21     2    25     5     0     1   -40.0   40.954  -91.323    896.7    894.4
     1     1    21     2    25     4     0     2   -41.0   41.158  -91.449    918.8    890.8
     1     1    21     2    25     3     0     3   -42.0   41.368  -91.587    965.2    884.1
     1     1    21     2    25     2     0     2   -43.0   41.585  -91.733   1022.6    873.5
     1     1    21     2    25     1     0     1   -44.0   41.812  -91.867   1078.2    865.7
     1     1    21     2    25     0     0     0   -45.0   42.048  -91.966   1140.4    857.1
     1     1    21     2    24    23     0     1   -46.0   42.308  -92.044   1188.0    846.4
     1     1    21     2    24    22     0     2   -47.0   42.611  -92.126   1208.8    842.0
     1     1    21     2    24    21     0     3   -48.0   42.964  -92.215   1224.8    838.1
     1     1    21     2    24    20     0     2   -49.0   43.342  -92.315   1265.0    833.6
     1     1    21     2    24    19     0     1   -50.0   43.720  -92.432   1340.8    823.3
     1     1    21     2    24    18     0     0   -51.0   44.095  -92.561   1443.6    810.8
     1     1    21     2    24    17     0     1   -52.0   44.475  -92.691   1547.1    800.3
     1     1    21     2    24    16     0     2   -53.0   44.871  -92.808   1624.6    795.4
     1     1    21     2    24    15     0     3   -54.0   45.285  -92.910   1678.6    789.8
     1     1    21     2    24    14     0     2   -55.0   45.695  -93.009   1725.0    781.8
     1     1    21     2    24    13     0     1   -56.0   46.099  -93.099   1788.1    773.5
     1     1    21     2    24    12     0     0   -57.0   46.512  -93.183   1847.4    760.0
     1     1    21     2    24    11     0     1   -58.0   46.911  -93.270   1856.0    755.8
     1     1    21     2    24    10     0     2   -59.0   47.288  -93.365   1851.0    759.6
     1     1    21     2    24     9     0     3   -60.0   47.658  -93.483   1869.6    757.4
     1     1    21     2    24     8     0     2   -61.0   48.011  -93.634   1914.8    752.8
     1     1    21     2    24     7     0     1   -62.0   48.326  -93.826   1977.0    746.5
     1     1    21     2    24     6     0     0   -63.0   48.601  -94.060   2040.2    742.0
     1     1    21     2    24     5     0     1   -64.0   48.848  -94.324   2094.0    737.8
     1     1    21     2    24     4     0     2   -65.0   49.082  -94.608   2139.5    734.7
     1     1    21     2    24     3     0     3   -66.0   49.322  -94.909   2181.8    730.1
     1     1    21     2    24     2     0     2   -67.0   49.568  -95.223   2236.7    727.2
     1     1    21     2    24     1     0     1   -68.0   49.814  -95.547   2319.0    719.9
     1     1    21     2    24     0     0     0   -69.0   50.058  -95.886   2413.5    712.1
     1     1    21     2    23    23     0     1   -70.0   50.319  -96.270   2479.2    704.5
     1     1    21     2    23    22     0     2   -71.0   50.609  -96.718   2532.3    705.6
     1     1    21     2    23    21     0     3   -72.0   50.929  -97.228   2620.6    698.0
     1     1    21     2    23    20     0     2   -73.0   51.270  -97.806   2696.6    683.7
     1     1    21     2    23    19     0     1   -74.0   51.621  -98.441   2722.1    681.6
     1     1    21     2    23    18     0     0   -75.0   51.976  -99.125   2734.2    680.7
     1     1    21     2    23    17     0     1   -76.0   52.336  -99.848   2800.8    677.6
     1     1    21     2    23    16     0     2   -77.0   52.677 -100.607   2902.1    659.7
     1     1    21     2    23    15     0     3   -78.0   52.989 -101.391   2994.9    654.0
     1     1    21     2    23    14     0     2   -79.0   53.301 -102.183   3111.8    638.7
     1     1    21     2    23    13     0     1   -80.0   53.627 -102.938   3183.3    630.4
     1     1    21     2    23    12     0     0   -81.0   53.980 -103.678   3256.2    624.4
     1     1    21     2    23    11     0     1   -82.0   54.362 -104.453   3285.6    613.2
     1     1    21     2    23    10     0     2   -83.0   54.756 -105.260   3278.8    618.5
     1     1    21     2    23     9     0     3   -84.0   55.168 -106.125   3295.1    615.6
     1     1    21     2    23     8     0     2   -85.0   55.559 -107.003   3318.4    612.1
     1     1    21     2    23     7     0     1   -86.0   55.932 -107.909   3350.8    606.9
     1     1    21     2    23     6     0     0   -87.0   56.306 -108.871   3439.4    602.4
     1     1    21     2    23     5     0     1   -88.0   56.677 -109.834   3537.6    586.4
     1     1    21     2    23     4     0     2   -89.0   57.050 -110.841   3674.9    580.1
     1     1    21     2    23     3     0     3   -90.0   57.420 -111.878   3841.7    569.8
     1     1    21     2    23     2     0     2   -91.0   57.776 -112.947   3953.5    547.3
     1     1    21     2    23     1     0     1   -92.0   58.137 -114.077   3946.5    562.1
     1     1    21     2    23     0     0     0   -93.0   58.484 -115.233   3804.2    559.0
     1     1    21     2    22    23     0     1   -94.0   58.789 -116.410   3775.3    557.9
     1     1    21     2    22    22     0     2   -95.0   59.066 -117.644   3779.4    579.6
     1     1    21     2    22    21     0     3   -96.0   59.327 -118.928   3857.5    565.6
     1     1    21     2    22    20     0     2   -97.0   59.570 -120.218   3790.2    567.9
     1     1    21     2    22    19     0     1   -98.0   59.812 -121.538   3810.6    561.8
     1     1    21     2    22    18     0     0   -99.0   60.085 -122.898   3824.8    567.4
     1     1    21     2    22    17     0     1  -100.0   60.309 -124.319   3632.1    568.7
     1     1    21     2    22    16     0     2  -101.0   60.451 -125.795   3732.7    532.6
     1     1    21     2    22    15     0     3  -102.0   60.531 -127.293   4008.3    506.7
     1     1    21     2    22    14     0     2  -103.0   60.553 -128.744   4256.9    489.5
     1     1    21     2    22    13     0     1  -104.0   60.527 -130.089   4119.9    488.0
     1     1    21     2    22    12     0     0  -105.0   60.483 -131.369   4104.5    489.6
     1     1    21     2    22    11     0     1  -106.0   60.428 -132.590   3839.1    518.5
     1     1    21     2    22    10     0     2  -107.0   60.387 -133.772   3432.7    556.1
     1     1    21     2    22     9     0     3  -108.0   60.347 -134.973   3215.0    559.0
     1     1    21     2    22     8     0     2  -109.0   60.246 -136.240   3232.2    544.1
     1     1    21     2    22     7     0     1  -110.0   60.021 -137.572   3371.4    559.6
     1     1    21     2    22     6     0     0  -111.0   59.737 -138.946   3879.1    518.2
     1     1    21     2    22     5     0     1  -112.0   59.471 -140.092   3742.3    577.2
     1     1    21     2    22     4     0     2  -113.0   59.237 -140.950   3200.8    651.9
     1     1    21     2    22     3     0     3  -114.0   59.032 -141.761   2988.4    677.3
     1     1    21     2    22     2     0     2  -115.0   58.824 -142.616   2915.2    680.5
     1     1    21     2    22     1     0     1  -116.0   58.608 -143.452   2808.5    690.6
     1     1    21     2    22     0     0     0  -117.0   58.371 -144.334   2702.1    701.0
     1     1    21     2    21    23     0     1  -118.0   58.132 -145.258   2640.6    706.4
     1     1    21     2    21    22     0     2  -119.0   57.881 -146.184   2607.5    709.4
     1     1    21     2    21    21     0     3  -120.0   57.609 -147.110   2610.4    709.0
