     5     1
    GDAS    21     2     1     0     0
    GDAS    21     2     8     0     0
    GDAS    21     2    15     0     0
    GDAS    21     2    22     0     0
    GDAS    21     3     1     0     0
     1 BACKWARD OMEGA   
    21     2    18    23   37.820  111.540  1000.0
     1 PRESSURE
     1     1    21     2    18    23     0     1     0.0   37.820  111.540   1000.0    777.1
     1     1    21     2    18    22     0     2    -1.0   38.053  110.985    861.7    793.2
     1     1    21     2    18    21     0     3    -2.0   38.226  110.503    681.0    829.5
     1     1    21     2    18    20     0     2    -3.0   38.365  110.018    637.8    831.5
     1     1    21     2    18    19     0     1    -4.0   38.520  109.510    680.6    813.3
     1     1    21     2    18    18     0     0    -5.0   38.686  108.979    735.0    800.6
     1     1    21     2    18    17     0     1    -6.0   38.855  108.398    804.1    785.6
     1     1    21     2    18    16     0     2    -7.0   39.022  107.785    921.8    775.7
     1     1    21     2    18    15     0     3    -8.0   39.140  107.209   1072.4    770.3
     1     1    21     2    18    14     0     2    -9.0   39.224  106.658   1275.6    738.3
     1     1    21     2    18    13     0     1   -10.0   39.323  106.086   1644.4    684.1
     1     1    21     2    18    12     0     0   -11.0   39.446  105.549   2069.6    647.3
     1     1    21     2    18    11     0     1   -12.0   39.594  105.046   2312.2    637.5
     1     1    21     2    18    10     0     2   -13.0   39.759  104.554   2408.8    631.8
     1     1    21     2    18     9     0     3   -14.0   39.922  104.066   2356.7    636.8
     1     1    21     2    18     8     0     2   -15.0   40.085  103.573   2254.7    650.8
     1     1    21     2    18     7     0     1   -16.0   40.244  103.084   2255.6    645.3
     1     1    21     2    18     6     0     0   -17.0   40.394  102.607   2301.3    644.1
     1     1    21     2    18     5     0     1   -18.0   40.529  102.132   2321.4    655.5
     1     1    21     2    18     4     0     2   -19.0   40.653  101.655   2328.1    662.4
     1     1    21     2    18     3     0     3   -20.0   40.766  101.185   2330.2    667.7
     1     1    21     2    18     2     0     2   -21.0   40.869  100.721   2304.8    669.2
     1     1    21     2    18     1     0     1   -22.0   40.952  100.259   2226.6    671.7
     1     1    21     2    18     0     0     0   -23.0   41.013   99.792   2143.2    676.5
     1     1    21     2    17    23     0     1   -24.0   41.070   99.323   2166.9    667.9
     1     1    21     2    17    22     0     2   -25.0   41.136   98.877   2293.9    642.7
     1     1    21     2    17    21     0     3   -26.0   41.194   98.477   2414.2    627.7
     1     1    21     2    17    20     0     2   -27.0   41.238   98.114   2487.6    621.7
     1     1    21     2    17    19     0     1   -28.0   41.275   97.773   2532.8    613.2
     1     1    21     2    17    18     0     0   -29.0   41.317   97.458   2566.8    603.5
     1     1    21     2    17    17     0     1   -30.0   41.368   97.164   2608.4    595.2
     1     1    21     2    17    16     0     2   -31.0   41.429   96.883   2675.7    586.3
     1     1    21     2    17    15     0     3   -32.0   41.497   96.613   2757.2    576.6
     1     1    21     2    17    14     0     2   -33.0   41.568   96.351   2826.8    566.6
     1     1    21     2    17    13     0     1   -34.0   41.636   96.097   2886.0    557.7
     1     1    21     2    17    12     0     0   -35.0   41.703   95.857   2963.2    554.3
     1     1    21     2    17    11     0     1   -36.0   41.767   95.636   3056.4    554.5
     1     1    21     2    17    10     0     2   -37.0   41.831   95.436   3155.0    555.8
     1     1    21     2    17     9     0     3   -38.0   41.896   95.252   3265.9    556.8
     1     1    21     2    17     8     0     2   -39.0   41.966   95.082   3375.6    557.6
     1     1    21     2    17     7     0     1   -40.0   42.039   94.926   3453.5    557.5
     1     1    21     2    17     6     0     0   -41.0   42.113   94.789   3496.7    555.1
     1     1    21     2    17     5     0     1   -42.0   42.185   94.664   3529.3    553.2
     1     1    21     2    17     4     0     2   -43.0   42.257   94.544   3564.6    549.9
     1     1    21     2    17     3     0     3   -44.0   42.329   94.431   3603.6    545.8
     1     1    21     2    17     2     0     2   -45.0   42.398   94.324   3646.1    541.1
     1     1    21     2    17     1     0     1   -46.0   42.459   94.223   3691.8    536.1
     1     1    21     2    17     0     0     0   -47.0   42.513   94.130   3740.7    531.1
     1     1    21     2    16    23     0     1   -48.0   42.563   94.046   3789.1    525.8
     1     1    21     2    16    22     0     2   -49.0   42.609   93.969   3833.2    522.0
     1     1    21     2    16    21     0     3   -50.0   42.648   93.904   3870.5    520.1
     1     1    21     2    16    20     0     2   -51.0   42.686   93.843   3897.8    519.7
     1     1    21     2    16    19     0     1   -52.0   42.727   93.783   3918.6    519.9
     1     1    21     2    16    18     0     0   -53.0   42.772   93.723   3937.1    520.4
     1     1    21     2    16    17     0     1   -54.0   42.815   93.659   3965.2    521.2
     1     1    21     2    16    16     0     2   -55.0   42.850   93.590   4009.9    521.0
     1     1    21     2    16    15     0     3   -56.0   42.878   93.517   4065.6    520.8
     1     1    21     2    16    14     0     2   -57.0   42.901   93.441   4118.9    520.6
     1     1    21     2    16    13     0     1   -58.0   42.919   93.364   4161.6    522.4
     1     1    21     2    16    12     0     0   -59.0   42.933   93.284   4196.3    525.1
     1     1    21     2    16    11     0     1   -60.0   42.943   93.203   4223.0    528.3
     1     1    21     2    16    10     0     2   -61.0   42.951   93.125   4242.8    532.1
     1     1    21     2    16     9     0     3   -62.0   42.957   93.048   4258.8    536.2
     1     1    21     2    16     8     0     2   -63.0   42.962   92.970   4270.5    539.7
     1     1    21     2    16     7     0     1   -64.0   42.966   92.894   4278.5    541.5
     1     1    21     2    16     6     0     0   -65.0   42.968   92.822   4290.2    542.8
     1     1    21     2    16     5     0     1   -66.0   42.978   92.759   4303.4    543.4
     1     1    21     2    16     4     0     2   -67.0   43.006   92.712   4312.5    543.8
     1     1    21     2    16     3     0     3   -68.0   43.052   92.682   4308.6    541.5
     1     1    21     2    16     2     0     2   -69.0   43.111   92.657   4299.5    538.6
     1     1    21     2    16     1     0     1   -70.0   43.175   92.624   4290.8    535.0
     1     1    21     2    16     0     0     0   -71.0   43.246   92.582   4284.2    530.8
     1     1    21     2    15    23     0     1   -72.0   43.322   92.531   4278.5    526.0
     1     1    21     2    15    22     0     2   -73.0   43.399   92.470   4270.6    521.2
     1     1    21     2    15    21     0     3   -74.0   43.476   92.400   4258.6    516.4
     1     1    21     2    15    20     0     2   -75.0   43.553   92.329   4248.8    511.7
     1     1    21     2    15    19     0     1   -76.0   43.632   92.270   4248.4    505.2
     1     1    21     2    15    18     0     0   -77.0   43.714   92.228   4256.5    497.4
     1     1    21     2    15    17     0     1   -78.0   43.801   92.203   4262.1    488.5
     1     1    21     2    15    16     0     2   -79.0   43.893   92.190   4255.8    480.5
     1     1    21     2    15    15     0     3   -80.0   43.993   92.189   4237.5    472.7
     1     1    21     2    15    14     0     2   -81.0   44.099   92.188   4255.4    474.8
     1     1    21     2    15    13     0     1   -82.0   44.209   92.173   4298.3    475.0
     1     1    21     2    15    12     0     0   -83.0   44.323   92.142   4363.5    473.9
     1     1    21     2    15    11     0     1   -84.0   44.445   92.092   4435.2    471.5
     1     1    21     2    15    10     0     2   -85.0   44.582   92.023   4502.4    471.7
     1     1    21     2    15     9     0     3   -86.0   44.733   91.937   4578.3    472.3
     1     1    21     2    15     8     0     2   -87.0   44.894   91.838   4654.5    470.7
     1     1    21     2    15     7     0     1   -88.0   45.059   91.730   4704.8    468.0
     1     1    21     2    15     6     0     0   -89.0   45.231   91.617   4719.9    464.9
     1     1    21     2    15     5     0     1   -90.0   45.418   91.499   4719.0    464.1
     1     1    21     2    15     4     0     2   -91.0   45.632   91.376   4715.0    463.3
     1     1    21     2    15     3     0     3   -92.0   45.872   91.253   4713.1    463.2
     1     1    21     2    15     2     0     2   -93.0   46.133   91.116   4703.8    455.9
     1     1    21     2    15     1     0     1   -94.0   46.412   90.945   4707.9    439.8
     1     1    21     2    15     0     0     0   -95.0   46.712   90.741   4763.6    425.2
     1     1    21     2    14    23     0     1   -96.0   47.025   90.509   4838.9    411.1
     1     1    21     2    14    22     0     2   -97.0   47.340   90.248   4903.1    401.0
     1     1    21     2    14    21     0     3   -98.0   47.655   89.951   4938.0    388.1
     1     1    21     2    14    20     0     2   -99.0   47.968   89.634   4976.9    378.4
     1     1    21     2    14    19     0     1  -100.0   48.281   89.316   5099.3    383.9
     1     1    21     2    14    18     0     0  -101.0   48.595   89.005   5159.1    384.5
     1     1    21     2    14    17     0     1  -102.0   48.922   88.696   5075.0    378.1
     1     1    21     2    14    16     0     2  -103.0   49.266   88.357   4913.5    378.6
     1     1    21     2    14    15     0     3  -104.0   49.649   87.968   4772.7    388.8
     1     1    21     2    14    14     0     2  -105.0   50.072   87.515   4820.1    406.2
     1     1    21     2    14    13     0     1  -106.0   50.496   86.990   4968.4    410.4
     1     1    21     2    14    12     0     0  -107.0   50.897   86.387   5109.4    425.4
     1     1    21     2    14    11     0     1  -108.0   51.255   85.726   5218.1    450.2
     1     1    21     2    14    10     0     2  -109.0   51.571   85.034   5256.2    466.0
     1     1    21     2    14     9     0     3  -110.0   51.857   84.306   5257.3    485.6
     1     1    21     2    14     8     0     2  -111.0   52.121   83.539   5234.1    503.0
     1     1    21     2    14     7     0     1  -112.0   52.373   82.755   5218.6    507.2
     1     1    21     2    14     6     0     0  -113.0   52.607   81.946   5209.7    509.9
     1     1    21     2    14     5     0     1  -114.0   52.828   81.134   5207.7    512.5
     1     1    21     2    14     4     0     2  -115.0   53.042   80.319   5221.1    516.3
     1     1    21     2    14     3     0     3  -116.0   53.243   79.477   5223.1    516.7
     1     1    21     2    14     2     0     2  -117.0   53.427   78.639   5222.2    515.2
     1     1    21     2    14     1     0     1  -118.0   53.604   77.810   5197.0    517.7
     1     1    21     2    14     0     0     0  -119.0   53.761   76.971   5157.4    522.3
     1     1    21     2    13    23     0     1  -120.0   53.895   76.126   5117.1    525.0
