     5     1
    GDAS    21     2     1     0     0
    GDAS    21     2     8     0     0
    GDAS    21     2    15     0     0
    GDAS    21     2    22     0     0
    GDAS    21     3     1     0     0
     1 BACKWARD OMEGA   
    21     2    10    18   44.970  -93.230   500.0
     1 PRESSURE
     1     1    21     2    10    18     0     0     0.0   44.970  -93.230    500.0    931.0
     1     1    21     2    10    17     0     1    -1.0   45.058  -93.476    509.5    929.2
     1     1    21     2    10    16     0     2    -2.0   45.175  -93.750    517.4    926.6
     1     1    21     2    10    15     0     3    -3.0   45.313  -94.068    528.0    922.5
     1     1    21     2    10    14     0     2    -4.0   45.460  -94.446    549.7    916.2
     1     1    21     2    10    13     0     1    -5.0   45.612  -94.893    582.5    908.0
     1     1    21     2    10    12     0     0    -6.0   45.779  -95.390    614.5    903.8
     1     1    21     2    10    11     0     1    -7.0   45.957  -95.898    643.2    903.8
     1     1    21     2    10    10     0     2    -8.0   46.123  -96.392    665.1    900.5
     1     1    21     2    10     9     0     3    -9.0   46.274  -96.867    677.4    901.2
     1     1    21     2    10     8     0     2   -10.0   46.429  -97.367    699.1    897.9
     1     1    21     2    10     7     0     1   -11.0   46.586  -97.942    735.1    885.5
     1     1    21     2    10     6     0     0   -12.0   46.735  -98.572    765.7    870.0
     1     1    21     2    10     5     0     1   -13.0   46.897  -99.219    772.2    861.4
     1     1    21     2    10     4     0     2   -14.0   47.087  -99.848    757.8    866.5
     1     1    21     2    10     3     0     3   -15.0   47.299 -100.456    755.6    866.5
     1     1    21     2    10     2     0     2   -16.0   47.530 -101.073    766.5    859.8
     1     1    21     2    10     1     0     1   -17.0   47.766 -101.729    776.1    851.3
     1     1    21     2    10     0     0     0   -18.0   47.994 -102.427    781.3    846.2
     1     1    21     2     9    23     0     1   -19.0   48.216 -103.117    783.8    849.0
     1     1    21     2     9    22     0     2   -20.0   48.452 -103.779    781.8    850.6
     1     1    21     2     9    21     0     3   -21.0   48.714 -104.438    763.6    847.6
     1     1    21     2     9    20     0     2   -22.0   49.007 -105.111    754.3    843.7
     1     1    21     2     9    19     0     1   -23.0   49.327 -105.785    790.2    837.1
     1     1    21     2     9    18     0     0   -24.0   49.651 -106.442    825.2    830.9
     1     1    21     2     9    17     0     1   -25.0   49.991 -107.093    841.7    832.4
     1     1    21     2     9    16     0     2   -26.0   50.359 -107.733    884.7    826.6
     1     1    21     2     9    15     0     3   -27.0   50.737 -108.310    916.0    823.0
     1     1    21     2     9    14     0     2   -28.0   51.122 -108.827    915.9    832.3
     1     1    21     2     9    13     0     1   -29.0   51.524 -109.322    925.1    830.1
     1     1    21     2     9    12     0     0   -30.0   51.958 -109.812    958.0    822.6
     1     1    21     2     9    11     0     1   -31.0   52.404 -110.285   1000.7    817.2
     1     1    21     2     9    10     0     2   -32.0   52.843 -110.719   1014.3    818.4
     1     1    21     2     9     9     0     3   -33.0   53.275 -111.116   1002.1    821.8
     1     1    21     2     9     8     0     2   -34.0   53.702 -111.474    988.4    824.7
     1     1    21     2     9     7     0     1   -35.0   54.126 -111.796    987.8    825.6
     1     1    21     2     9     6     0     0   -36.0   54.548 -112.084    986.0    827.2
     1     1    21     2     9     5     0     1   -37.0   54.985 -112.328    968.2    832.9
     1     1    21     2     9     4     0     2   -38.0   55.441 -112.532    951.9    835.9
     1     1    21     2     9     3     0     3   -39.0   55.901 -112.710    950.4    834.7
     1     1    21     2     9     2     0     2   -40.0   56.354 -112.872    935.9    838.8
     1     1    21     2     9     1     0     1   -41.0   56.803 -113.044    907.4    847.9
     1     1    21     2     9     0     0     0   -42.0   57.259 -113.230    888.6    851.2
     1     1    21     2     8    23     0     1   -43.0   57.703 -113.421    871.4    855.9
     1     1    21     2     8    22     0     2   -44.0   58.103 -113.611    833.0    867.8
     1     1    21     2     8    21     0     3   -45.0   58.466 -113.804    782.8    877.2
     1     1    21     2     8    20     0     2   -46.0   58.844 -113.932    756.5    874.7
     1     1    21     2     8    19     0     1   -47.0   59.268 -114.014    748.6    876.3
     1     1    21     2     8    18     0     0   -48.0   59.719 -114.167    738.7    889.0
     1     1    21     2     8    17     0     1   -49.0   60.168 -114.440    715.3    905.4
     1     1    21     2     8    16     0     2   -50.0   60.594 -114.758    663.1    918.7
     1     1    21     2     8    15     0     3   -51.0   60.993 -115.065    577.4    937.2
     1     1    21     2     8    14     0     2   -52.0   61.371 -115.372    502.4    952.2
     1     1    21     2     8    13     0     1   -53.0   61.765 -115.619    470.3    951.8
     1     1    21     2     8    12     0     0   -54.0   62.178 -115.797    455.8    950.3
     1     1    21     2     8    11     0     1   -55.0   62.583 -115.924    447.0    954.4
     1     1    21     2     8    10     0     2   -56.0   62.967 -116.012    442.9    958.5
     1     1    21     2     8     9     0     3   -57.0   63.327 -116.061    440.8    953.6
     1     1    21     2     8     8     0     2   -58.0   63.660 -116.080    441.1    947.6
     1     1    21     2     8     7     0     1   -59.0   63.966 -116.089    442.1    942.5
     1     1    21     2     8     6     0     0   -60.0   64.247 -116.094    443.9    939.2
     1     1    21     2     8     5     0     1   -61.0   64.499 -116.099    446.4    937.0
     1     1    21     2     8     4     0     2   -62.0   64.721 -116.102    449.2    934.8
     1     1    21     2     8     3     0     3   -63.0   64.918 -116.106    450.9    932.9
     1     1    21     2     8     2     0     2   -64.0   65.092 -116.106    451.2    931.0
     1     1    21     2     8     1     0     1   -65.0   65.249 -116.095    450.9    929.4
     1     1    21     2     8     0     0     0   -66.0   65.392 -116.073    450.6    927.6
     1     1    21     2     7    23     0     1   -67.0   65.521 -116.048    450.4    925.9
     1     1    21     2     7    22     0     2   -68.0   65.640 -116.036    450.3    924.4
     1     1    21     2     7    21     0     3   -69.0   65.749 -116.046    450.2    923.2
     1     1    21     2     7    20     0     2   -70.0   65.846 -116.072    450.3    921.9
     1     1    21     2     7    19     0     1   -71.0   65.925 -116.106    450.3    920.9
     1     1    21     2     7    18     0     0   -72.0   65.987 -116.148    450.4    920.0
     1     1    21     2     7    17     0     1   -73.0   66.040 -116.191    450.7    919.9
     1     1    21     2     7    16     0     2   -74.0   66.096 -116.227    451.8    919.6
     1     1    21     2     7    15     0     3   -75.0   66.155 -116.257    454.6    918.8
     1     1    21     2     7    14     0     2   -76.0   66.210 -116.307    458.6    917.6
     1     1    21     2     7    13     0     1   -77.0   66.250 -116.402    463.4    916.4
     1     1    21     2     7    12     0     0   -78.0   66.274 -116.543    468.6    915.2
     1     1    21     2     7    11     0     1   -79.0   66.281 -116.717    473.7    914.4
     1     1    21     2     7    10     0     2   -80.0   66.271 -116.912    477.8    913.9
     1     1    21     2     7     9     0     3   -81.0   66.239 -117.127    478.7    916.3
     1     1    21     2     7     8     0     2   -82.0   66.188 -117.338    477.2    921.2
     1     1    21     2     7     7     0     1   -83.0   66.123 -117.523    477.6    925.7
     1     1    21     2     7     6     0     0   -84.0   66.042 -117.674    483.1    929.3
     1     1    21     2     7     5     0     1   -85.0   65.946 -117.803    493.8    930.9
     1     1    21     2     7     4     0     2   -86.0   65.839 -117.927    509.0    930.9
     1     1    21     2     7     3     0     3   -87.0   65.724 -118.051    530.6    929.4
     1     1    21     2     7     2     0     2   -88.0   65.616 -118.180    550.3    925.8
     1     1    21     2     7     1     0     1   -89.0   65.527 -118.309    560.7    924.3
     1     1    21     2     7     0     0     0   -90.0   65.455 -118.439    562.5    923.6
     1     1    21     2     6    23     0     1   -91.0   65.396 -118.571    563.5    924.1
     1     1    21     2     6    22     0     2   -92.0   65.348 -118.715    570.6    922.6
     1     1    21     2     6    21     0     3   -93.0   65.309 -118.874    583.3    920.3
     1     1    21     2     6    20     0     2   -94.0   65.283 -119.047    596.3    916.6
     1     1    21     2     6    19     0     1   -95.0   65.273 -119.224    605.4    913.3
     1     1    21     2     6    18     0     0   -96.0   65.278 -119.403    612.6    910.5
     1     1    21     2     6    17     0     1   -97.0   65.302 -119.582    622.2    908.7
     1     1    21     2     6    16     0     2   -98.0   65.350 -119.759    639.7    906.6
     1     1    21     2     6    15     0     3   -99.0   65.423 -119.929    667.0    904.0
     1     1    21     2     6    14     0     2  -100.0   65.516 -120.105    697.5    902.7
     1     1    21     2     6    13     0     1  -101.0   65.619 -120.304    722.0    904.2
     1     1    21     2     6    12     0     0  -102.0   65.731 -120.526    737.6    906.6
     1     1    21     2     6    11     0     1  -103.0   65.850 -120.776    742.2    909.2
     1     1    21     2     6    10     0     2  -104.0   65.971 -121.055    737.4    911.5
     1     1    21     2     6     9     0     3  -105.0   66.095 -121.355    731.3    907.7
     1     1    21     2     6     8     0     2  -106.0   66.227 -121.644    732.5    902.1
     1     1    21     2     6     7     0     1  -107.0   66.371 -121.892    740.2    895.5
     1     1    21     2     6     6     0     0  -108.0   66.530 -122.095    748.6    891.0
     1     1    21     2     6     5     0     1  -109.0   66.709 -122.272    756.0    888.5
     1     1    21     2     6     4     0     2  -110.0   66.918 -122.444    770.3    884.0
     1     1    21     2     6     3     0     3  -111.0   67.158 -122.606    797.0    877.6
     1     1    21     2     6     2     0     2  -112.0   67.420 -122.776    823.3    870.9
     1     1    21     2     6     1     0     1  -113.0   67.693 -122.978    831.1    868.7
     1     1    21     2     6     0     0     0  -114.0   67.977 -123.215    813.0    870.7
     1     1    21     2     5    23     0     1  -115.0   68.258 -123.494    790.0    878.2
     1     1    21     2     5    22     0     2  -116.0   68.517 -123.807    777.8    884.3
     1     1    21     2     5    21     0     3  -117.0   68.746 -124.144    766.3    892.2
     1     1    21     2     5    20     0     2  -118.0   68.954 -124.474    745.9    900.0
     1     1    21     2     5    19     0     1  -119.0   69.153 -124.779    717.5    911.5
     1     1    21     2     5    18     0     0  -120.0   69.351 -125.063    685.1    922.7
