     5     1
    GDAS    21     2     1     0     0
    GDAS    21     2     8     0     0
    GDAS    21     2    15     0     0
    GDAS    21     2    22     0     0
    GDAS    21     3     1     0     0
     1 BACKWARD OMEGA   
    21     2     2    18   37.820  111.540  1000.0
     1 PRESSURE
     1     1    21     2     2    18     0     0     0.0   37.820  111.540   1000.0    774.5
     1     1    21     2     2    17     0     1    -1.0   37.849  110.991    884.6    789.6
     1     1    21     2     2    16     0     2    -2.0   37.804  110.553    758.4    814.5
     1     1    21     2     2    15     0     3    -3.0   37.701  110.185    680.9    825.9
     1     1    21     2     2    14     0     2    -4.0   37.573  109.873    632.1    829.8
     1     1    21     2     2    13     0     1    -5.0   37.456  109.601    595.8    826.2
     1     1    21     2     2    12     0     0    -6.0   37.350  109.370    567.7    822.3
     1     1    21     2     2    11     0     1    -7.0   37.256  109.152    554.8    817.3
     1     1    21     2     2    10     0     2    -8.0   37.181  108.907    560.7    809.6
     1     1    21     2     2     9     0     3    -9.0   37.117  108.641    581.0    802.9
     1     1    21     2     2     8     0     2   -10.0   37.057  108.362    594.0    795.2
     1     1    21     2     2     7     0     1   -11.0   36.991  108.082    576.4    792.5
     1     1    21     2     2     6     0     0   -12.0   36.917  107.819    535.4    797.1
     1     1    21     2     2     5     0     1   -13.0   36.842  107.581    496.2    803.2
     1     1    21     2     2     4     0     2   -14.0   36.776  107.359    478.3    805.3
     1     1    21     2     2     3     0     3   -15.0   36.724  107.142    484.1    804.3
     1     1    21     2     2     2     0     2   -16.0   36.681  106.922    499.2    799.2
     1     1    21     2     2     1     0     1   -17.0   36.636  106.699    508.9    795.0
     1     1    21     2     2     0     0     0   -18.0   36.584  106.460    521.9    789.3
     1     1    21     2     1    23     0     1   -19.0   36.525  106.200    551.9    779.6
     1     1    21     2     1    22     0     2   -20.0   36.453  105.919    597.4    766.0
     1     1    21     2     1    21     0     3   -21.0   36.377  105.646    645.1    757.4
     1     1    21     2     1    20     0     2   -22.0   36.301  105.412    685.6    752.3
     1     1    21     2     1    19     0     1   -23.0   36.209  105.227    717.6    748.8
     1     1    21     2     1    18     0     0   -24.0   36.086  105.105    732.8    746.8
     1     1    21     2     1    17     0     1   -25.0   35.957  105.048    722.1    747.5
     1     1    21     2     1    16     0     2   -26.0   35.851  105.041    684.5    750.8
     1     1    21     2     1    15     0     3   -27.0   35.774  105.075    617.2    756.5
     1     1    21     2     1    14     0     2   -28.0   35.740  105.133    541.0    765.1
     1     1    21     2     1    13     0     1   -29.0   35.753  105.191    477.2    770.4
     1     1    21     2     1    12     0     0   -30.0   35.815  105.241    420.9    774.9
     1     1    21     2     1    11     0     1   -31.0   35.908  105.278    387.2    778.7
     1     1    21     2     1    10     0     2   -32.0   36.006  105.301    395.8    776.8
     1     1    21     2     1     9     0     3   -33.0   36.101  105.316    448.2    773.0
     1     1    21     2     1     8     0     2   -34.0   36.184  105.316    506.3    765.0
     1     1    21     2     1     7     0     1   -35.0   36.262  105.295    526.5    764.7
     1     1    21     2     1     6     0     0   -36.0   36.340  105.250    512.6    767.8
     1     1    21     2     1     5     0     1   -37.0   36.421  105.186    487.1    773.8
     1     1    21     2     1     4     0     2   -38.0   36.503  105.110    462.9    776.9
     1     1    21     2     1     3     0     3   -39.0   36.583  105.031    432.9    780.4
     1     1    21     2     1     2     0     2   -40.0   36.656  104.948    392.5    783.3
     1     1    21     2     1     1     0     1   -41.0   36.712  104.860    341.7    786.3
     1     1    21     2     1     0     0     0   -42.0   36.743  104.770    285.5    790.2
