     5     1
    GDAS    21     2     1     0     0
    GDAS    21     2     8     0     0
    GDAS    21     2    15     0     0
    GDAS    21     2    22     0     0
    GDAS    21     3     1     0     0
     1 BACKWARD OMEGA   
    21     2     5     6   37.820  111.540  1000.0
     1 PRESSURE
     1     1    21     2     5     6     0     0     0.0   37.820  111.540   1000.0    773.8
     1     1    21     2     5     5     0     1    -1.0   37.900  111.089    840.6    794.8
     1     1    21     2     5     4     0     2    -2.0   37.954  110.705    686.3    821.7
     1     1    21     2     5     3     0     3    -3.0   38.005  110.341    573.2    836.6
     1     1    21     2     5     2     0     2    -4.0   38.062  109.952    499.3    844.7
     1     1    21     2     5     1     0     1    -5.0   38.119  109.493    466.8    841.2
     1     1    21     2     5     0     0     0    -6.0   38.188  108.972    477.3    832.8
     1     1    21     2     4    23     0     1    -7.0   38.282  108.414    498.9    816.5
     1     1    21     2     4    22     0     2    -8.0   38.373  107.818    512.0    808.9
     1     1    21     2     4    21     0     3    -9.0   38.466  107.180    517.0    814.4
     1     1    21     2     4    20     0     2   -10.0   38.568  106.551    572.7    801.1
     1     1    21     2     4    19     0     1   -11.0   38.700  105.902    803.6    752.8
     1     1    21     2     4    18     0     0   -12.0   38.891  105.200   1172.9    734.9
     1     1    21     2     4    17     0     1   -13.0   39.122  104.500   1333.3    724.2
     1     1    21     2     4    16     0     2   -14.0   39.382  103.791   1318.3    733.1
     1     1    21     2     4    15     0     3   -15.0   39.653  103.031   1410.7    724.8
     1     1    21     2     4    14     0     2   -16.0   39.889  102.243   1649.8    700.4
     1     1    21     2     4    13     0     1   -17.0   40.114  101.471   1704.6    706.8
     1     1    21     2     4    12     0     0   -18.0   40.347  100.567   1718.9    708.5
     1     1    21     2     4    11     0     1   -19.0   40.567   99.685   1840.9    688.9
     1     1    21     2     4    10     0     2   -20.0   40.739   98.852   1915.5    671.7
     1     1    21     2     4     9     0     3   -21.0   40.891   98.097   1907.3    664.5
     1     1    21     2     4     8     0     2   -22.0   41.033   97.356   1873.3    659.0
     1     1    21     2     4     7     0     1   -23.0   41.122   96.636   2077.7    634.3
     1     1    21     2     4     6     0     0   -24.0   41.188   95.994   2272.4    608.4
     1     1    21     2     4     5     0     1   -25.0   41.257   95.408   2371.4    610.3
     1     1    21     2     4     4     0     2   -26.0   41.322   94.858   2438.1    617.4
     1     1    21     2     4     3     0     3   -27.0   41.367   94.336   2482.4    634.7
     1     1    21     2     4     2     0     2   -28.0   41.404   93.845   2506.4    646.7
     1     1    21     2     4     1     0     1   -29.0   41.432   93.392   2519.9    647.5
     1     1    21     2     4     0     0     0   -30.0   41.446   92.979   2528.2    646.7
     1     1    21     2     3    23     0     1   -31.0   41.464   92.595   2536.8    650.9
     1     1    21     2     3    22     0     2   -32.0   41.495   92.235   2556.3    651.5
     1     1    21     2     3    21     0     3   -33.0   41.526   91.901   2576.0    651.5
     1     1    21     2     3    20     0     2   -34.0   41.569   91.582   2587.4    651.5
     1     1    21     2     3    19     0     1   -35.0   41.628   91.268   2583.7    651.3
     1     1    21     2     3    18     0     0   -36.0   41.682   90.957   2567.5    651.5
     1     1    21     2     3    17     0     1   -37.0   41.747   90.657   2566.4    654.4
     1     1    21     2     3    16     0     2   -38.0   41.845   90.370   2584.8    654.2
     1     1    21     2     3    15     0     3   -39.0   41.968   90.094   2590.4    657.7
     1     1    21     2     3    14     0     2   -40.0   42.097   89.840   2586.5    667.2
     1     1    21     2     3    13     0     1   -41.0   42.206   89.607   2581.1    674.4
     1     1    21     2     3    12     0     0   -42.0   42.288   89.378   2565.8    682.8
     1     1    21     2     3    11     0     1   -43.0   42.359   89.159   2553.7    692.4
     1     1    21     2     3    10     0     2   -44.0   42.436   88.971   2560.6    696.9
     1     1    21     2     3     9     0     3   -45.0   42.517   88.815   2566.4    689.0
     1     1    21     2     3     8     0     2   -46.0   42.595   88.692   2575.8    684.0
     1     1    21     2     3     7     0     1   -47.0   42.667   88.604   2592.5    680.5
     1     1    21     2     3     6     0     0   -48.0   42.737   88.546   2622.0    677.4
     1     1    21     2     3     5     0     1   -49.0   42.808   88.509   2656.7    674.0
     1     1    21     2     3     4     0     2   -50.0   42.887   88.487   2690.0    673.1
     1     1    21     2     3     3     0     3   -51.0   42.975   88.478   2724.6    673.1
     1     1    21     2     3     2     0     2   -52.0   43.064   88.461   2753.0    668.3
     1     1    21     2     3     1     0     1   -53.0   43.150   88.412   2777.7    660.2
     1     1    21     2     3     0     0     0   -54.0   43.234   88.329   2801.9    650.8
     1     1    21     2     2    23     0     1   -55.0   43.309   88.229   2799.8    641.3
     1     1    21     2     2    22     0     2   -56.0   43.370   88.135   2744.2    639.7
     1     1    21     2     2    21     0     3   -57.0   43.425   88.060   2612.2    645.3
     1     1    21     2     2    20     0     2   -58.0   43.500   88.006   2417.0    661.9
     1     1    21     2     2    19     0     1   -59.0   43.611   87.972   2185.8    679.5
     1     1    21     2     2    18     0     0   -60.0   43.756   87.959   1916.5    704.1
     1     1    21     2     2    17     0     1   -61.0   43.919   87.937   1633.5    732.8
     1     1    21     2     2    16     0     2   -62.0   44.085   87.866   1394.1    766.5
     1     1    21     2     2    15     0     3   -63.0   44.248   87.737   1239.2    797.0
     1     1    21     2     2    14     0     2   -64.0   44.408   87.574   1131.5    815.8
     1     1    21     2     2    13     0     1   -65.0   44.557   87.404   1048.6    834.8
     1     1    21     2     2    12     0     0   -66.0   44.689   87.238    997.1    850.7
     1     1    21     2     2    11     0     1   -67.0   44.806   87.066    972.4    859.9
     1     1    21     2     2    10     0     2   -68.0   44.912   86.884    950.4    866.0
     1     1    21     2     2     9     0     3   -69.0   45.007   86.704    921.2    873.4
     1     1    21     2     2     8     0     2   -70.0   45.079   86.528    896.8    878.9
     1     1    21     2     2     7     0     1   -71.0   45.126   86.357    884.8    881.0
     1     1    21     2     2     6     0     0   -72.0   45.151   86.191    876.1    883.1
     1     1    21     2     2     5     0     1   -73.0   45.168   86.038    869.0    885.3
     1     1    21     2     2     4     0     2   -74.0   45.191   85.902    869.3    885.5
     1     1    21     2     2     3     0     3   -75.0   45.223   85.782    881.0    883.5
     1     1    21     2     2     2     0     2   -76.0   45.261   85.666    895.6    879.3
     1     1    21     2     2     1     0     1   -77.0   45.305   85.545    902.1    876.5
     1     1    21     2     2     0     0     0   -78.0   45.353   85.419    897.0    874.2
     1     1    21     2     1    23     0     1   -79.0   45.404   85.295    885.6    873.2
     1     1    21     2     1    22     0     2   -80.0   45.452   85.180    876.6    870.8
     1     1    21     2     1    21     0     3   -81.0   45.495   85.074    872.8    867.8
     1     1    21     2     1    20     0     2   -82.0   45.533   84.968    873.2    863.3
     1     1    21     2     1    19     0     1   -83.0   45.574   84.855    876.1    856.8
     1     1    21     2     1    18     0     0   -84.0   45.625   84.730    881.3    848.0
     1     1    21     2     1    17     0     1   -85.0   45.690   84.584    890.5    836.5
     1     1    21     2     1    16     0     2   -86.0   45.779   84.394    910.9    818.2
     1     1    21     2     1    15     0     3   -87.0   45.914   84.120    951.6    786.8
     1     1    21     2     1    14     0     2   -88.0   46.090   83.768   1014.1    756.4
     1     1    21     2     1    13     0     1   -89.0   46.241   83.419   1053.1    747.1
     1     1    21     2     1    12     0     0   -90.0   46.350   83.072   1026.5    750.6
     1     1    21     2     1    11     0     1   -91.0   46.409   82.776    971.9    782.6
     1     1    21     2     1    10     0     2   -92.0   46.422   82.568    923.2    806.3
     1     1    21     2     1     9     0     3   -93.0   46.395   82.437    877.9    822.3
     1     1    21     2     1     8     0     2   -94.0   46.334   82.366    829.8    833.6
     1     1    21     2     1     7     0     1   -95.0   46.238   82.339    773.5    842.7
     1     1    21     2     1     6     0     0   -96.0   46.103   82.337    710.2    850.7
     1     1    21     2     1     5     0     1   -97.0   45.929   82.353    657.0    858.5
     1     1    21     2     1     4     0     2   -98.0   45.757   82.382    629.0    863.0
     1     1    21     2     1     3     0     3   -99.0   45.612   82.424    620.1    865.0
     1     1    21     2     1     2     0     2  -100.0   45.488   82.475    613.2    866.7
     1     1    21     2     1     1     0     1  -101.0   45.375   82.535    597.6    872.5
     1     1    21     2     1     0     0     0  -102.0   45.275   82.602    575.9    880.4
