     5     1
    GDAS    21     2     1     0     0
    GDAS    21     2     8     0     0
    GDAS    21     2    15     0     0
    GDAS    21     2    22     0     0
    GDAS    21     3     1     0     0
     1 BACKWARD OMEGA   
    21     2     9    11   37.820  111.540  1000.0
     1 PRESSURE
     1     1    21     2     9    11     0     1     0.0   37.820  111.540   1000.0    777.3
     1     1    21     2     9    10     0     2    -1.0   37.930  111.297   1076.2    773.8
     1     1    21     2     9     9     0     3    -2.0   38.046  111.070   1155.0    771.6
     1     1    21     2     9     8     0     2    -3.0   38.152  110.835   1206.1    766.5
     1     1    21     2     9     7     0     1    -4.0   38.234  110.582   1214.5    767.4
     1     1    21     2     9     6     0     0    -5.0   38.300  110.318   1205.2    768.4
     1     1    21     2     9     5     0     1    -6.0   38.365  110.052   1193.7    768.7
     1     1    21     2     9     4     0     2    -7.0   38.441  109.787   1184.0    766.2
     1     1    21     2     9     3     0     3    -8.0   38.526  109.521   1178.9    763.5
     1     1    21     2     9     2     0     2    -9.0   38.623  109.233   1188.5    758.9
     1     1    21     2     9     1     0     1   -10.0   38.729  108.903   1225.8    751.0
     1     1    21     2     9     0     0     0   -11.0   38.846  108.530   1286.4    738.0
     1     1    21     2     8    23     0     1   -12.0   38.973  108.118   1337.3    724.8
     1     1    21     2     8    22     0     2   -13.0   39.099  107.693   1377.0    728.8
     1     1    21     2     8    21     0     3   -14.0   39.219  107.269   1438.3    732.2
     1     1    21     2     8    20     0     2   -15.0   39.330  106.845   1533.7    717.5
     1     1    21     2     8    19     0     1   -16.0   39.434  106.412   1647.4    691.7
     1     1    21     2     8    18     0     0   -17.0   39.548  105.958   1768.4    678.1
     1     1    21     2     8    17     0     1   -18.0   39.678  105.507   1836.1    678.3
     1     1    21     2     8    16     0     2   -19.0   39.818  105.075   1823.2    679.6
     1     1    21     2     8    15     0     3   -20.0   39.968  104.651   1813.2    683.7
     1     1    21     2     8    14     0     2   -21.0   40.127  104.232   1851.8    686.3
     1     1    21     2     8    13     0     1   -22.0   40.305  103.798   1924.5    678.6
     1     1    21     2     8    12     0     0   -23.0   40.514  103.333   1997.8    665.9
     1     1    21     2     8    11     0     1   -24.0   40.740  102.857   2054.3    660.9
     1     1    21     2     8    10     0     2   -25.0   40.957  102.406   2099.8    670.2
     1     1    21     2     8     9     0     3   -26.0   41.157  101.974   2138.5    679.5
     1     1    21     2     8     8     0     2   -27.0   41.344  101.553   2173.4    684.1
     1     1    21     2     8     7     0     1   -28.0   41.528  101.141   2219.9    686.8
     1     1    21     2     8     6     0     0   -29.0   41.710  100.732   2276.5    683.8
     1     1    21     2     8     5     0     1   -30.0   41.887  100.332   2343.8    680.2
     1     1    21     2     8     4     0     2   -31.0   42.064   99.936   2423.5    671.2
     1     1    21     2     8     3     0     3   -32.0   42.258   99.523   2485.8    647.1
     1     1    21     2     8     2     0     2   -33.0   42.476   99.087   2504.9    630.7
     1     1    21     2     8     1     0     1   -34.0   42.704   98.630   2496.9    627.9
     1     1    21     2     8     0     0     0   -35.0   42.937   98.140   2526.5    624.6
     1     1    21     2     7    23     0     1   -36.0   43.173   97.639   2593.9    616.7
     1     1    21     2     7    22     0     2   -37.0   43.399   97.157   2650.7    616.3
     1     1    21     2     7    21     0     3   -38.0   43.603   96.685   2691.6    626.5
     1     1    21     2     7    20     0     2   -39.0   43.801   96.206   2740.2    634.1
     1     1    21     2     7    19     0     1   -40.0   44.010   95.711   2808.0    642.3
     1     1    21     2     7    18     0     0   -41.0   44.224   95.209   2864.5    633.8
     1     1    21     2     7    17     0     1   -42.0   44.455   94.706   2946.1    599.6
     1     1    21     2     7    16     0     2   -43.0   44.725   94.195   3042.8    568.9
     1     1    21     2     7    15     0     3   -44.0   45.026   93.672   3052.1    560.4
     1     1    21     2     7    14     0     2   -45.0   45.331   93.140   3068.5    558.9
     1     1    21     2     7    13     0     1   -46.0   45.628   92.589   3159.8    550.1
     1     1    21     2     7    12     0     0   -47.0   45.901   91.990   3207.1    563.5
     1     1    21     2     7    11     0     1   -48.0   46.150   91.376   3165.6    560.7
     1     1    21     2     7    10     0     2   -49.0   46.388   90.788   3154.8    548.9
     1     1    21     2     7     9     0     3   -50.0   46.580   90.193   3165.3    560.1
     1     1    21     2     7     8     0     2   -51.0   46.718   89.612   3204.0    580.6
     1     1    21     2     7     7     0     1   -52.0   46.820   89.075   3243.6    603.6
     1     1    21     2     7     6     0     0   -53.0   46.888   88.590   3221.8    618.7
     1     1    21     2     7     5     0     1   -54.0   46.935   88.155   3192.9    631.7
     1     1    21     2     7     4     0     2   -55.0   46.981   87.749   3164.3    632.8
     1     1    21     2     7     3     0     3   -56.0   47.050   87.347   3137.6    627.4
     1     1    21     2     7     2     0     2   -57.0   47.143   86.934   3127.6    618.7
     1     1    21     2     7     1     0     1   -58.0   47.242   86.492   3071.6    590.9
     1     1    21     2     7     0     0     0   -59.0   47.350   86.008   3019.4    575.8
     1     1    21     2     6    23     0     1   -60.0   47.444   85.523   3058.2    587.0
     1     1    21     2     6    22     0     2   -61.0   47.511   85.069   3154.6    588.8
     1     1    21     2     6    21     0     3   -62.0   47.562   84.642   3274.5    588.2
     1     1    21     2     6    20     0     2   -63.0   47.614   84.231   3335.3    593.0
     1     1    21     2     6    19     0     1   -64.0   47.670   83.836   3349.6    605.7
     1     1    21     2     6    18     0     0   -65.0   47.726   83.473   3391.2    612.9
     1     1    21     2     6    17     0     1   -66.0   47.782   83.128   3487.2    611.3
     1     1    21     2     6    16     0     2   -67.0   47.848   82.777   3620.7    600.6
     1     1    21     2     6    15     0     3   -68.0   47.937   82.414   3774.4    583.4
     1     1    21     2     6    14     0     2   -69.0   48.047   82.022   3904.6    562.1
     1     1    21     2     6    13     0     1   -70.0   48.165   81.615   3998.1    551.8
     1     1    21     2     6    12     0     0   -71.0   48.286   81.217   4074.4    547.0
     1     1    21     2     6    11     0     1   -72.0   48.401   80.831   4153.6    542.2
     1     1    21     2     6    10     0     2   -73.0   48.503   80.459   4218.6    539.3
     1     1    21     2     6     9     0     3   -74.0   48.599   80.100   4253.4    538.3
     1     1    21     2     6     8     0     2   -75.0   48.679   79.756   4279.8    538.9
     1     1    21     2     6     7     0     1   -76.0   48.738   79.440   4332.1    534.4
     1     1    21     2     6     6     0     0   -77.0   48.778   79.175   4417.4    526.6
     1     1    21     2     6     5     0     1   -78.0   48.804   78.938   4502.5    516.8
     1     1    21     2     6     4     0     2   -79.0   48.824   78.692   4550.1    510.7
     1     1    21     2     6     3     0     3   -80.0   48.839   78.442   4550.8    508.6
     1     1    21     2     6     2     0     2   -81.0   48.845   78.180   4500.5    509.8
     1     1    21     2     6     1     0     1   -82.0   48.836   77.885   4405.9    514.8
     1     1    21     2     6     0     0     0   -83.0   48.812   77.551   4297.5    521.2
     1     1    21     2     5    23     0     1   -84.0   48.778   77.176   4203.3    526.8
     1     1    21     2     5    22     0     2   -85.0   48.735   76.771   4123.1    530.6
     1     1    21     2     5    21     0     3   -86.0   48.676   76.340   4023.7    537.2
     1     1    21     2     5    20     0     2   -87.0   48.607   75.879   3923.6    549.3
     1     1    21     2     5    19     0     1   -88.0   48.537   75.394   3870.1    556.7
     1     1    21     2     5    18     0     0   -89.0   48.464   74.909   3844.8    558.0
     1     1    21     2     5    17     0     1   -90.0   48.392   74.414   3807.0    563.0
     1     1    21     2     5    16     0     2   -91.0   48.323   73.888   3730.1    571.8
     1     1    21     2     5    15     0     3   -92.0   48.257   73.320   3677.8    581.4
     1     1    21     2     5    14     0     2   -93.0   48.204   72.720   3681.2    579.0
     1     1    21     2     5    13     0     1   -94.0   48.154   72.114   3659.2    582.0
     1     1    21     2     5    12     0     0   -95.0   48.084   71.487   3599.2    595.1
     1     1    21     2     5    11     0     1   -96.0   47.999   70.846   3520.9    610.4
     1     1    21     2     5    10     0     2   -97.0   47.913   70.241   3445.2    625.3
     1     1    21     2     5     9     0     3   -98.0   47.799   69.683   3402.2    634.5
     1     1    21     2     5     8     0     2   -99.0   47.674   69.154   3372.3    637.2
     1     1    21     2     5     7     0     1  -100.0   47.569   68.642   3316.7    641.4
     1     1    21     2     5     6     0     0  -101.0   47.480   68.159   3252.4    649.7
     1     1    21     2     5     5     0     1  -102.0   47.405   67.695   3207.4    653.3
     1     1    21     2     5     4     0     2  -103.0   47.344   67.232   3183.3    653.1
     1     1    21     2     5     3     0     3  -104.0   47.293   66.777   3174.5    654.7
     1     1    21     2     5     2     0     2  -105.0   47.246   66.325   3167.5    659.8
     1     1    21     2     5     1     0     1  -106.0   47.197   65.877   3158.4    666.5
     1     1    21     2     5     0     0     0  -107.0   47.146   65.435   3157.3    671.3
     1     1    21     2     4    23     0     1  -108.0   47.095   64.998   3160.0    674.1
     1     1    21     2     4    22     0     2  -109.0   47.048   64.570   3147.9    676.8
     1     1    21     2     4    21     0     3  -110.0   47.000   64.157   3107.3    682.5
     1     1    21     2     4    20     0     2  -111.0   46.953   63.755   3052.6    690.1
     1     1    21     2     4    19     0     1  -112.0   46.914   63.355   3003.5    694.6
     1     1    21     2     4    18     0     0  -113.0   46.889   62.962   2955.5    698.6
     1     1    21     2     4    17     0     1  -114.0   46.869   62.575   2922.8    703.4
     1     1    21     2     4    16     0     2  -115.0   46.845   62.188   2911.9    703.2
     1     1    21     2     4    15     0     3  -116.0   46.823   61.803   2908.6    703.8
     1     1    21     2     4    14     0     2  -117.0   46.801   61.412   2915.2    704.2
     1     1    21     2     4    13     0     1  -118.0   46.778   61.018   2926.5    703.4
     1     1    21     2     4    12     0     0  -119.0   46.758   60.624   2924.6    700.2
     1     1    21     2     4    11     0     1  -120.0   46.729   60.239   2914.1    698.7
