     5     1
    GDAS    21     2     1     0     0
    GDAS    21     2     8     0     0
    GDAS    21     2    15     0     0
    GDAS    21     2    22     0     0
    GDAS    21     3     1     0     0
     1 BACKWARD OMEGA   
    21     2     3    21   37.820  111.540  1000.0
     1 PRESSURE
     1     1    21     2     3    21     0     3     0.0   37.820  111.540   1000.0    779.4
     1     1    21     2     3    20     0     2    -1.0   37.896  111.240   1010.6    781.4
     1     1    21     2     3    19     0     1    -2.0   37.984  110.989    999.0    789.5
     1     1    21     2     3    18     0     0    -3.0   38.082  110.777    975.9    794.9
     1     1    21     2     3    17     0     1    -4.0   38.180  110.576    953.7    798.5
     1     1    21     2     3    16     0     2    -5.0   38.279  110.376    936.1    799.9
     1     1    21     2     3    15     0     3    -6.0   38.385  110.172    921.4    799.7
     1     1    21     2     3    14     0     2    -7.0   38.499  109.966    920.3    797.1
     1     1    21     2     3    13     0     1    -8.0   38.617  109.755    946.7    790.2
     1     1    21     2     3    12     0     0    -9.0   38.740  109.536   1003.5    780.3
     1     1    21     2     3    11     0     1   -10.0   38.884  109.304   1074.7    767.7
     1     1    21     2     3    10     0     2   -11.0   39.059  109.055   1135.2    756.3
     1     1    21     2     3     9     0     3   -12.0   39.269  108.796   1180.9    747.0
     1     1    21     2     3     8     0     2   -13.0   39.502  108.522   1217.4    742.2
     1     1    21     2     3     7     0     1   -14.0   39.734  108.222   1236.2    743.8
     1     1    21     2     3     6     0     0   -15.0   39.958  107.912   1230.8    750.5
     1     1    21     2     3     5     0     1   -16.0   40.173  107.620   1236.2    752.4
     1     1    21     2     3     4     0     2   -17.0   40.392  107.348   1283.0    747.3
     1     1    21     2     3     3     0     3   -18.0   40.612  107.081   1352.4    740.7
     1     1    21     2     3     2     0     2   -19.0   40.842  106.813   1399.0    735.0
     1     1    21     2     3     1     0     1   -20.0   41.087  106.552   1394.4    734.7
     1     1    21     2     3     0     0     0   -21.0   41.354  106.296   1397.0    740.7
     1     1    21     2     2    23     0     1   -22.0   41.657  106.042   1489.4    744.7
     1     1    21     2     2    22     0     2   -23.0   41.977  105.782   1613.9    731.0
     1     1    21     2     2    21     0     3   -24.0   42.309  105.513   1642.9    712.0
     1     1    21     2     2    20     0     2   -25.0   42.694  105.181   1669.2    694.7
     1     1    21     2     2    19     0     1   -26.0   43.149  104.741   1856.0    670.2
     1     1    21     2     2    18     0     0   -27.0   43.649  104.255   2130.4    646.6
     1     1    21     2     2    17     0     1   -28.0   44.162  103.773   2352.4    631.0
     1     1    21     2     2    16     0     2   -29.0   44.653  103.284   2465.9    623.3
     1     1    21     2     2    15     0     3   -30.0   45.132  102.830   2450.3    619.5
     1     1    21     2     2    14     0     2   -31.0   45.652  102.420   2353.7    604.7
     1     1    21     2     2    13     0     1   -32.0   46.263  101.960   2351.8    579.7
     1     1    21     2     2    12     0     0   -33.0   46.967  101.448   2695.5    550.2
     1     1    21     2     2    11     0     1   -34.0   47.791  100.914   3229.4    497.7
     1     1    21     2     2    10     0     2   -35.0   48.563  100.383   3221.7    517.6
     1     1    21     2     2     9     0     3   -36.0   49.273   99.893   3118.1    531.4
     1     1    21     2     2     8     0     2   -37.0   49.954   99.471   3020.7    540.8
     1     1    21     2     2     7     0     1   -38.0   50.633   99.069   2990.5    528.9
     1     1    21     2     2     6     0     0   -39.0   51.321   98.653   3045.3    523.3
     1     1    21     2     2     5     0     1   -40.0   51.979   98.199   3204.6    521.6
     1     1    21     2     2     4     0     2   -41.0   52.571   97.758   3342.4    523.4
     1     1    21     2     2     3     0     3   -42.0   53.072   97.376   3325.7    540.6
     1     1    21     2     2     2     0     2   -43.0   53.549   97.014   3270.1    534.9
     1     1    21     2     2     1     0     1   -44.0   54.050   96.651   3338.8    525.4
     1     1    21     2     2     0     0     0   -45.0   54.518   96.306   3549.3    547.6
     1     1    21     2     1    23     0     1   -46.0   54.931   95.917   3670.9    572.1
     1     1    21     2     1    22     0     2   -47.0   55.309   95.462   3680.8    588.2
     1     1    21     2     1    21     0     3   -48.0   55.650   94.974   3667.6    598.5
     1     1    21     2     1    20     0     2   -49.0   55.956   94.466   3669.7    606.2
     1     1    21     2     1    19     0     1   -50.0   56.243   93.922   3697.7    601.2
     1     1    21     2     1    18     0     0   -51.0   56.514   93.337   3725.9    601.0
     1     1    21     2     1    17     0     1   -52.0   56.774   92.749   3710.7    606.5
     1     1    21     2     1    16     0     2   -53.0   57.030   92.176   3677.9    610.0
     1     1    21     2     1    15     0     3   -54.0   57.267   91.578   3628.6    614.9
     1     1    21     2     1    14     0     2   -55.0   57.500   90.947   3542.0    628.1
     1     1    21     2     1    13     0     1   -56.0   57.745   90.280   3441.1    638.6
     1     1    21     2     1    12     0     0   -57.0   57.984   89.558   3321.3    649.9
     1     1    21     2     1    11     0     1   -58.0   58.202   88.796   3201.8    663.3
     1     1    21     2     1    10     0     2   -59.0   58.403   87.994   3114.6    672.0
     1     1    21     2     1     9     0     3   -60.0   58.597   87.145   3037.2    676.8
     1     1    21     2     1     8     0     2   -61.0   58.783   86.273   2952.2    687.5
     1     1    21     2     1     7     0     1   -62.0   58.947   85.416   2849.4    699.7
     1     1    21     2     1     6     0     0   -63.0   59.075   84.557   2728.1    711.2
     1     1    21     2     1     5     0     1   -64.0   59.184   83.719   2624.0    721.4
     1     1    21     2     1     4     0     2   -65.0   59.278   82.898   2556.3    728.5
     1     1    21     2     1     3     0     3   -66.0   59.349   82.075   2502.4    733.4
     1     1    21     2     1     2     0     2   -67.0   59.403   81.251   2458.4    742.0
     1     1    21     2     1     1     0     1   -68.0   59.442   80.439   2422.7    743.9
     1     1    21     2     1     0     0     0   -69.0   59.464   79.640   2391.3    746.0
