     5     1
    GDAS    21     2     1     0     0
    GDAS    21     2     8     0     0
    GDAS    21     2    15     0     0
    GDAS    21     2    22     0     0
    GDAS    21     3     1     0     0
     1 BACKWARD OMEGA   
    21     2    13    18   44.970  -93.230   500.0
     1 PRESSURE
     1     1    21     2    13    18     0     0     0.0   44.970  -93.230    500.0    931.6
     1     1    21     2    13    17     0     1    -1.0   45.087  -93.359    500.3    930.6
     1     1    21     2    13    16     0     2    -2.0   45.210  -93.486    498.7    929.3
     1     1    21     2    13    15     0     3    -3.0   45.337  -93.611    498.9    927.5
     1     1    21     2    13    14     0     2    -4.0   45.459  -93.737    499.8    925.1
     1     1    21     2    13    13     0     1    -5.0   45.571  -93.866    496.3    923.3
     1     1    21     2    13    12     0     0    -6.0   45.670  -94.003    485.2    922.6
     1     1    21     2    13    11     0     1    -7.0   45.770  -94.161    477.2    923.3
     1     1    21     2    13    10     0     2    -8.0   45.879  -94.358    486.6    920.3
     1     1    21     2    13     9     0     3    -9.0   45.986  -94.594    519.0    915.0
     1     1    21     2    13     8     0     2   -10.0   46.078  -94.846    560.3    907.3
     1     1    21     2    13     7     0     1   -11.0   46.145  -95.093    587.1    904.3
     1     1    21     2    13     6     0     0   -12.0   46.194  -95.334    600.5    905.1
     1     1    21     2    13     5     0     1   -13.0   46.235  -95.568    609.6    906.2
     1     1    21     2    13     4     0     2   -14.0   46.270  -95.794    614.7    906.5
     1     1    21     2    13     3     0     3   -15.0   46.288  -96.014    607.6    908.5
     1     1    21     2    13     2     0     2   -16.0   46.299  -96.223    594.7    911.9
     1     1    21     2    13     1     0     1   -17.0   46.318  -96.429    574.5    914.0
     1     1    21     2    13     0     0     0   -18.0   46.338  -96.628    529.6    919.4
     1     1    21     2    12    23     0     1   -19.0   46.356  -96.806    471.5    930.8
     1     1    21     2    12    22     0     2   -20.0   46.371  -96.978    419.9    939.1
     1     1    21     2    12    21     0     3   -21.0   46.377  -97.165    382.6    943.2
     1     1    21     2    12    20     0     2   -22.0   46.375  -97.379    358.0    942.9
     1     1    21     2    12    19     0     1   -23.0   46.371  -97.609    335.3    943.4
     1     1    21     2    12    18     0     0   -24.0   46.374  -97.853    312.6    943.9
     1     1    21     2    12    17     0     1   -25.0   46.370  -98.102    293.0    943.2
     1     1    21     2    12    16     0     2   -26.0   46.343  -98.360    283.3    939.5
     1     1    21     2    12    15     0     3   -27.0   46.312  -98.644    288.5    932.3
     1     1    21     2    12    14     0     2   -28.0   46.310  -98.985    320.8    921.8
     1     1    21     2    12    13     0     1   -29.0   46.352  -99.401    372.9    912.5
     1     1    21     2    12    12     0     0   -30.0   46.411  -99.856    418.2    907.8
     1     1    21     2    12    11     0     1   -31.0   46.479 -100.315    448.3    901.0
     1     1    21     2    12    10     0     2   -32.0   46.543 -100.747    461.3    897.5
     1     1    21     2    12     9     0     3   -33.0   46.604 -101.156    460.4    894.8
     1     1    21     2    12     8     0     2   -34.0   46.672 -101.556    455.7    894.9
     1     1    21     2    12     7     0     1   -35.0   46.761 -101.971    452.7    892.1
     1     1    21     2    12     6     0     0   -36.0   46.866 -102.397    450.4    888.0
     1     1    21     2    12     5     0     1   -37.0   46.987 -102.845    455.1    881.1
     1     1    21     2    12     4     0     2   -38.0   47.127 -103.320    453.5    877.9
     1     1    21     2    12     3     0     3   -39.0   47.280 -103.804    434.0    882.5
     1     1    21     2    12     2     0     2   -40.0   47.435 -104.278    426.0    891.9
     1     1    21     2    12     1     0     1   -41.0   47.588 -104.745    441.0    891.7
     1     1    21     2    12     0     0     0   -42.0   47.735 -105.205    445.1    890.5
     1     1    21     2    11    23     0     1   -43.0   47.879 -105.650    441.6    896.4
     1     1    21     2    11    22     0     2   -44.0   48.027 -106.086    461.8    896.7
     1     1    21     2    11    21     0     3   -45.0   48.184 -106.528    491.1    884.2
     1     1    21     2    11    20     0     2   -46.0   48.358 -106.963    508.8    879.1
     1     1    21     2    11    19     0     1   -47.0   48.548 -107.378    531.5    873.5
     1     1    21     2    11    18     0     0   -48.0   48.773 -107.784    555.5    864.2
     1     1    21     2    11    17     0     1   -49.0   49.036 -108.197    565.4    857.7
     1     1    21     2    11    16     0     2   -50.0   49.311 -108.625    548.6    858.0
     1     1    21     2    11    15     0     3   -51.0   49.567 -109.065    487.0    867.6
     1     1    21     2    11    14     0     2   -52.0   49.781 -109.507    400.9    886.5
     1     1    21     2    11    13     0     1   -53.0   49.958 -109.938    326.0    898.6
     1     1    21     2    11    12     0     0   -54.0   50.115 -110.330    272.9    908.6
     1     1    21     2    11    11     0     1   -55.0   50.272 -110.657    245.2    913.4
     1     1    21     2    11    10     0     2   -56.0   50.438 -110.930    237.1    914.5
     1     1    21     2    11     9     0     3   -57.0   50.616 -111.172    237.6    914.9
     1     1    21     2    11     8     0     2   -58.0   50.803 -111.395    242.9    915.7
     1     1    21     2    11     7     0     1   -59.0   50.999 -111.599    255.3    915.5
     1     1    21     2    11     6     0     0   -60.0   51.209 -111.773    272.0    909.5
     1     1    21     2    11     5     0     1   -61.0   51.439 -111.931    288.9    902.9
     1     1    21     2    11     4     0     2   -62.0   51.700 -112.101    305.1    895.4
     1     1    21     2    11     3     0     3   -63.0   51.999 -112.293    322.8    889.0
     1     1    21     2    11     2     0     2   -64.0   52.308 -112.510    343.5    891.8
     1     1    21     2    11     1     0     1   -65.0   52.595 -112.758    359.9    893.1
     1     1    21     2    11     0     0     0   -66.0   52.859 -113.045    358.7    893.9
     1     1    21     2    10    23     0     1   -67.0   53.102 -113.358    355.0    895.6
     1     1    21     2    10    22     0     2   -68.0   53.338 -113.678    365.6    894.1
     1     1    21     2    10    21     0     3   -69.0   53.564 -113.996    387.1    893.5
     1     1    21     2    10    20     0     2   -70.0   53.783 -114.317    413.0    892.5
     1     1    21     2    10    19     0     1   -71.0   54.005 -114.648    443.0    891.7
     1     1    21     2    10    18     0     0   -72.0   54.257 -114.997    503.7    877.7
     1     1    21     2    10    17     0     1   -73.0   54.552 -115.385    606.6    853.6
     1     1    21     2    10    16     0     2   -74.0   54.855 -115.785    659.0    836.4
     1     1    21     2    10    15     0     3   -75.0   55.136 -116.194    598.5    852.3
     1     1    21     2    10    14     0     2   -76.0   55.386 -116.584    484.2    885.1
     1     1    21     2    10    13     0     1   -77.0   55.611 -116.932    390.5    904.6
     1     1    21     2    10    12     0     0   -78.0   55.809 -117.273    328.4    918.8
     1     1    21     2    10    11     0     1   -79.0   56.004 -117.616    324.5    923.6
     1     1    21     2    10    10     0     2   -80.0   56.232 -117.934    374.6    913.5
     1     1    21     2    10     9     0     3   -81.0   56.519 -118.225    437.0    897.3
     1     1    21     2    10     8     0     2   -82.0   56.860 -118.510    486.9    879.5
     1     1    21     2    10     7     0     1   -83.0   57.232 -118.809    527.6    870.8
     1     1    21     2    10     6     0     0   -84.0   57.616 -119.141    554.4    871.4
     1     1    21     2    10     5     0     1   -85.0   57.992 -119.506    535.5    880.0
     1     1    21     2    10     4     0     2   -86.0   58.347 -119.862    469.3    903.3
     1     1    21     2    10     3     0     3   -87.0   58.688 -120.175    413.5    923.8
     1     1    21     2    10     2     0     2   -88.0   59.035 -120.471    414.9    926.2
     1     1    21     2    10     1     0     1   -89.0   59.417 -120.779    465.3    908.0
     1     1    21     2    10     0     0     0   -90.0   59.855 -121.078    539.4    895.0
     1     1    21     2     9    23     0     1   -91.0   60.354 -121.322    600.1    893.0
     1     1    21     2     9    22     0     2   -92.0   60.895 -121.549    595.1    900.6
     1     1    21     2     9    21     0     3   -93.0   61.421 -121.822    543.7    922.3
     1     1    21     2     9    20     0     2   -94.0   61.854 -122.173    495.4    945.8
     1     1    21     2     9    19     0     1   -95.0   62.194 -122.547    481.9    947.8
     1     1    21     2     9    18     0     0   -96.0   62.493 -122.905    511.3    938.2
     1     1    21     2     9    17     0     1   -97.0   62.808 -123.234    575.1    922.6
     1     1    21     2     9    16     0     2   -98.0   63.169 -123.526    639.0    910.4
     1     1    21     2     9    15     0     3   -99.0   63.533 -123.787    668.2    906.9
     1     1    21     2     9    14     0     2  -100.0   63.874 -124.039    667.8    910.1
     1     1    21     2     9    13     0     1  -101.0   64.192 -124.313    656.1    916.0
     1     1    21     2     9    12     0     0  -102.0   64.486 -124.624    641.5    924.7
     1     1    21     2     9    11     0     1  -103.0   64.751 -124.962    625.3    936.0
     1     1    21     2     9    10     0     2  -104.0   64.983 -125.316    606.0    946.1
     1     1    21     2     9     9     0     3  -105.0   65.195 -125.671    584.1    946.5
     1     1    21     2     9     8     0     2  -106.0   65.398 -126.005    571.6    942.5
     1     1    21     2     9     7     0     1  -107.0   65.586 -126.292    577.0    934.3
     1     1    21     2     9     6     0     0  -108.0   65.757 -126.510    599.1    926.4
     1     1    21     2     9     5     0     1  -109.0   65.923 -126.674    628.9    919.9
     1     1    21     2     9     4     0     2  -110.0   66.094 -126.796    658.4    915.5
     1     1    21     2     9     3     0     3  -111.0   66.267 -126.884    682.0    913.6
     1     1    21     2     9     2     0     2  -112.0   66.436 -126.946    696.1    912.8
     1     1    21     2     9     1     0     1  -113.0   66.593 -126.993    700.9    913.6
     1     1    21     2     9     0     0     0  -114.0   66.740 -127.038    699.1    915.6
     1     1    21     2     8    23     0     1  -115.0   66.879 -127.090    693.7    917.9
     1     1    21     2     8    22     0     2  -116.0   67.010 -127.152    687.7    920.0
     1     1    21     2     8    21     0     3  -117.0   67.132 -127.221    684.0    921.1
     1     1    21     2     8    20     0     2  -118.0   67.247 -127.283    687.2    921.3
     1     1    21     2     8    19     0     1  -119.0   67.357 -127.328    698.7    919.6
     1     1    21     2     8    18     0     0  -120.0   67.464 -127.356    716.1    917.1
