     5     1
    GDAS    21     2     1     0     0
    GDAS    21     2     8     0     0
    GDAS    21     2    15     0     0
    GDAS    21     2    22     0     0
    GDAS    21     3     1     0     0
     1 BACKWARD OMEGA   
    21     2     1     6   44.970  -93.230   500.0
     1 PRESSURE
     1     1    21     2     1     6     0     0     0.0   44.970  -93.230    500.0    930.5
     1     1    21     2     1     5     0     1    -1.0   45.177  -93.266    529.4    924.3
     1     1    21     2     1     4     0     2    -2.0   45.374  -93.310    543.2    920.6
     1     1    21     2     1     3     0     3    -3.0   45.569  -93.361    545.4    918.2
     1     1    21     2     1     2     0     2    -4.0   45.761  -93.420    543.1    916.7
     1     1    21     2     1     1     0     1    -5.0   45.945  -93.489    543.3    914.5
     1     1    21     2     1     0     0     0    -6.0   46.122  -93.578    551.6    912.3
