     5     1
    GDAS    21     2     1     0     0
    GDAS    21     2     8     0     0
    GDAS    21     2    15     0     0
    GDAS    21     2    22     0     0
    GDAS    21     3     1     0     0
     1 BACKWARD OMEGA   
    21     2     6     6   44.970  -93.230   500.0
     1 PRESSURE
     1     1    21     2     6     6     0     0     0.0   44.970  -93.230    500.0    913.9
     1     1    21     2     6     5     0     1    -1.0   45.354  -93.640    525.8    906.9
     1     1    21     2     6     4     0     2    -2.0   45.772  -94.078    563.8    894.1
     1     1    21     2     6     3     0     3    -3.0   46.207  -94.541    618.1    883.8
     1     1    21     2     6     2     0     2    -4.0   46.642  -94.995    690.5    870.3
     1     1    21     2     6     1     0     1    -5.0   47.076  -95.404    751.1    860.7
     1     1    21     2     6     0     0     0    -6.0   47.500  -95.772    767.8    864.6
     1     1    21     2     5    23     0     1    -7.0   47.902  -96.132    767.1    873.3
     1     1    21     2     5    22     0     2    -8.0   48.293  -96.490    770.3    874.8
     1     1    21     2     5    21     0     3    -9.0   48.679  -96.838    767.2    877.9
     1     1    21     2     5    20     0     2   -10.0   49.064  -97.168    768.8    879.0
     1     1    21     2     5    19     0     1   -11.0   49.449  -97.464    771.8    877.1
     1     1    21     2     5    18     0     0   -12.0   49.828  -97.732    761.8    878.9
     1     1    21     2     5    17     0     1   -13.0   50.215  -97.989    751.9    880.9
     1     1    21     2     5    16     0     2   -14.0   50.624  -98.218    755.2    879.9
     1     1    21     2     5    15     0     3   -15.0   51.055  -98.409    777.4    878.6
     1     1    21     2     5    14     0     2   -16.0   51.497  -98.583    799.5    874.6
     1     1    21     2     5    13     0     1   -17.0   51.939  -98.756    810.1    874.3
     1     1    21     2     5    12     0     0   -18.0   52.372  -98.921    814.7    874.7
     1     1    21     2     5    11     0     1   -19.0   52.786  -99.084    807.2    877.9
     1     1    21     2     5    10     0     2   -20.0   53.179  -99.256    792.3    881.1
     1     1    21     2     5     9     0     3   -21.0   53.555  -99.435    780.6    881.8
     1     1    21     2     5     8     0     2   -22.0   53.914  -99.593    774.5    881.1
     1     1    21     2     5     7     0     1   -23.0   54.258  -99.712    773.6    879.9
     1     1    21     2     5     6     0     0   -24.0   54.586  -99.798    781.6    878.4
     1     1    21     2     5     5     0     1   -25.0   54.899  -99.853    795.6    876.1
     1     1    21     2     5     4     0     2   -26.0   55.201  -99.882    800.1    874.7
     1     1    21     2     5     3     0     3   -27.0   55.494  -99.895    782.9    876.4
     1     1    21     2     5     2     0     2   -28.0   55.782  -99.897    759.8    881.2
     1     1    21     2     5     1     0     1   -29.0   56.062  -99.898    751.6    882.0
     1     1    21     2     5     0     0     0   -30.0   56.326  -99.895    758.9    879.3
     1     1    21     2     4    23     0     1   -31.0   56.571  -99.887    767.7    875.3
     1     1    21     2     4    22     0     2   -32.0   56.801  -99.870    767.8    874.5
     1     1    21     2     4    21     0     3   -33.0   57.020  -99.852    765.2    874.3
     1     1    21     2     4    20     0     2   -34.0   57.223  -99.823    760.9    874.9
     1     1    21     2     4    19     0     1   -35.0   57.403  -99.768    756.1    876.4
     1     1    21     2     4    18     0     0   -36.0   57.560  -99.687    756.4    877.4
     1     1    21     2     4    17     0     1   -37.0   57.704  -99.581    761.4    877.7
     1     1    21     2     4    16     0     2   -38.0   57.845  -99.447    762.6    878.2
     1     1    21     2     4    15     0     3   -39.0   57.982  -99.275    748.7    880.9
     1     1    21     2     4    14     0     2   -40.0   58.124  -99.056    725.8    886.8
     1     1    21     2     4    13     0     1   -41.0   58.277  -98.797    709.1    888.6
     1     1    21     2     4    12     0     0   -42.0   58.440  -98.512    699.6    888.3
     1     1    21     2     4    11     0     1   -43.0   58.614  -98.229    692.3    889.2
     1     1    21     2     4    10     0     2   -44.0   58.799  -97.982    686.8    891.2
     1     1    21     2     4     9     0     3   -45.0   58.993  -97.781    676.7    895.0
     1     1    21     2     4     8     0     2   -46.0   59.185  -97.596    662.3    899.2
     1     1    21     2     4     7     0     1   -47.0   59.361  -97.390    647.6    902.4
     1     1    21     2     4     6     0     0   -48.0   59.523  -97.160    630.0    906.2
     1     1    21     2     4     5     0     1   -49.0   59.698  -96.892    602.2    911.1
     1     1    21     2     4     4     0     2   -50.0   59.917  -96.576    573.6    918.8
     1     1    21     2     4     3     0     3   -51.0   60.173  -96.207    562.6    923.8
     1     1    21     2     4     2     0     2   -52.0   60.445  -95.813    577.5    926.7
     1     1    21     2     4     1     0     1   -53.0   60.722  -95.436    618.9    925.2
     1     1    21     2     4     0     0     0   -54.0   60.997  -95.086    701.4    918.2
     1     1    21     2     3    23     0     1   -55.0   61.255  -94.767    771.6    904.1
     1     1    21     2     3    22     0     2   -56.0   61.497  -94.456    781.4    909.1
     1     1    21     2     3    21     0     3   -57.0   61.726  -94.149    766.5    916.6
     1     1    21     2     3    20     0     2   -58.0   61.926  -93.824    751.1    921.2
     1     1    21     2     3    19     0     1   -59.0   62.082  -93.459    748.7    921.1
     1     1    21     2     3    18     0     0   -60.0   62.194  -93.052    760.8    917.8
     1     1    21     2     3    17     0     1   -61.0   62.279  -92.624    773.9    914.4
     1     1    21     2     3    16     0     2   -62.0   62.353  -92.196    774.9    914.0
     1     1    21     2     3    15     0     3   -63.0   62.416  -91.759    768.2    915.3
     1     1    21     2     3    14     0     2   -64.0   62.467  -91.299    764.3    916.2
     1     1    21     2     3    13     0     1   -65.0   62.507  -90.822    766.3    916.3
     1     1    21     2     3    12     0     0   -66.0   62.542  -90.340    767.4    918.7
     1     1    21     2     3    11     0     1   -67.0   62.572  -89.886    763.7    921.7
     1     1    21     2     3    10     0     2   -68.0   62.599  -89.492    754.2    923.3
     1     1    21     2     3     9     0     3   -69.0   62.627  -89.163    739.3    925.9
     1     1    21     2     3     8     0     2   -70.0   62.652  -88.881    723.1    928.6
     1     1    21     2     3     7     0     1   -71.0   62.670  -88.631    708.9    930.7
     1     1    21     2     3     6     0     0   -72.0   62.684  -88.413    698.5    932.4
     1     1    21     2     3     5     0     1   -73.0   62.701  -88.222    692.7    933.4
     1     1    21     2     3     4     0     2   -74.0   62.725  -88.056    691.0    933.9
     1     1    21     2     3     3     0     3   -75.0   62.757  -87.918    693.2    933.9
     1     1    21     2     3     2     0     2   -76.0   62.796  -87.821    696.6    933.4
     1     1    21     2     3     1     0     1   -77.0   62.842  -87.778    698.7    933.4
     1     1    21     2     3     0     0     0   -78.0   62.897  -87.787    700.3    933.4
     1     1    21     2     2    23     0     1   -79.0   62.954  -87.828    699.7    933.2
     1     1    21     2     2    22     0     2   -80.0   63.006  -87.881    695.4    933.7
     1     1    21     2     2    21     0     3   -81.0   63.053  -87.941    688.1    934.6
     1     1    21     2     2    20     0     2   -82.0   63.093  -88.010    686.7    936.0
     1     1    21     2     2    19     0     1   -83.0   63.127  -88.099    697.4    934.4
     1     1    21     2     2    18     0     0   -84.0   63.152  -88.212    716.0    931.7
     1     1    21     2     2    17     0     1   -85.0   63.173  -88.341    731.6    928.9
     1     1    21     2     2    16     0     2   -86.0   63.194  -88.466    738.3    928.7
     1     1    21     2     2    15     0     3   -87.0   63.212  -88.585    740.3    929.0
     1     1    21     2     2    14     0     2   -88.0   63.234  -88.693    740.2    929.0
     1     1    21     2     2    13     0     1   -89.0   63.262  -88.789    738.1    929.1
     1     1    21     2     2    12     0     0   -90.0   63.298  -88.875    732.2    929.7
     1     1    21     2     2    11     0     1   -91.0   63.340  -88.959    725.2    931.3
     1     1    21     2     2    10     0     2   -92.0   63.385  -89.051    720.8    932.1
     1     1    21     2     2     9     0     3   -93.0   63.433  -89.152    720.6    932.5
     1     1    21     2     2     8     0     2   -94.0   63.482  -89.250    726.2    931.8
     1     1    21     2     2     7     0     1   -95.0   63.531  -89.338    737.7    930.1
     1     1    21     2     2     6     0     0   -96.0   63.580  -89.422    753.5    927.9
     1     1    21     2     2     5     0     1   -97.0   63.630  -89.504    768.4    925.8
     1     1    21     2     2     4     0     2   -98.0   63.682  -89.584    779.2    924.8
     1     1    21     2     2     3     0     3   -99.0   63.737  -89.662    788.4    924.1
     1     1    21     2     2     2     0     2  -100.0   63.794  -89.747    794.6    923.1
     1     1    21     2     2     1     0     1  -101.0   63.851  -89.849    793.3    923.1
     1     1    21     2     2     0     0     0  -102.0   63.909  -89.968    781.6    924.5
     1     1    21     2     1    23     0     1  -103.0   63.965  -90.103    768.1    926.5
     1     1    21     2     1    22     0     2  -104.0   64.018  -90.254    763.1    925.3
     1     1    21     2     1    21     0     3  -105.0   64.067  -90.421    767.8    921.9
     1     1    21     2     1    20     0     2  -106.0   64.115  -90.586    779.4    917.0
     1     1    21     2     1    19     0     1  -107.0   64.164  -90.730    793.5    912.7
     1     1    21     2     1    18     0     0  -108.0   64.214  -90.851    809.9    908.6
     1     1    21     2     1    17     0     1  -109.0   64.273  -90.967    826.6    905.0
     1     1    21     2     1    16     0     2  -110.0   64.349  -91.100    841.5    902.1
     1     1    21     2     1    15     0     3  -111.0   64.444  -91.248    853.2    899.6
     1     1    21     2     1    14     0     2  -112.0   64.550  -91.409    865.1    896.9
     1     1    21     2     1    13     0     1  -113.0   64.659  -91.583    879.9    893.3
     1     1    21     2     1    12     0     0  -114.0   64.773  -91.783    896.3    889.3
     1     1    21     2     1    11     0     1  -115.0   64.890  -92.022    910.2    885.6
     1     1    21     2     1    10     0     2  -116.0   65.013  -92.300    919.5    885.0
     1     1    21     2     1     9     0     3  -117.0   65.136  -92.593    924.3    884.8
     1     1    21     2     1     8     0     2  -118.0   65.256  -92.879    927.5    883.6
     1     1    21     2     1     7     0     1  -119.0   65.372  -93.156    932.6    881.0
     1     1    21     2     1     6     0     0  -120.0   65.484  -93.434    937.4    878.3
