     5     1
    GDAS    21     2     1     0     0
    GDAS    21     2     8     0     0
    GDAS    21     2    15     0     0
    GDAS    21     2    22     0     0
    GDAS    21     3     1     0     0
     1 BACKWARD OMEGA   
    21     2    22    15   44.970  -93.230   500.0
     1 PRESSURE
     1     1    21     2    22    15     0     3     0.0   44.970  -93.230    500.0    909.3
     1     1    21     2    22    14     0     2    -1.0   44.920  -93.814    484.2    911.9
     1     1    21     2    22    13     0     1    -2.0   44.894  -94.432    471.0    910.2
     1     1    21     2    22    12     0     0    -3.0   44.904  -95.103    470.5    907.6
     1     1    21     2    22    11     0     1    -4.0   44.951  -95.800    476.5    905.1
     1     1    21     2    22    10     0     2    -5.0   45.004  -96.512    479.0    892.9
     1     1    21     2    22     9     0     3    -6.0   45.033  -97.260    475.6    883.8
     1     1    21     2    22     8     0     2    -7.0   45.037  -97.982    345.7    913.8
     1     1    21     2    22     7     0     1    -8.0   44.986  -98.528    255.4    939.3
     1     1    21     2    22     6     0     0    -9.0   44.956  -99.180    312.2    919.1
     1     1    21     2    22     5     0     1   -10.0   45.008  -99.866    369.0    892.7
     1     1    21     2    22     4     0     2   -11.0   45.111 -100.547    398.0    891.1
     1     1    21     2    22     3     0     3   -12.0   45.269 -101.277    467.8    879.6
     1     1    21     2    22     2     0     2   -13.0   45.475 -102.063    550.9    862.0
     1     1    21     2    22     1     0     1   -14.0   45.692 -102.909    622.1    843.5
     1     1    21     2    22     0     0     0   -15.0   45.880 -103.776    634.4    833.4
     1     1    21     2    21    23     0     1   -16.0   46.027 -104.634    533.6    845.6
     1     1    21     2    21    22     0     2   -17.0   46.121 -105.433    431.4    863.7
     1     1    21     2    21    21     0     3   -18.0   46.189 -106.265    413.6    862.5
     1     1    21     2    21    20     0     2   -19.0   46.241 -107.154    471.3    844.8
     1     1    21     2    21    19     0     1   -20.0   46.286 -108.060    591.4    838.0
     1     1    21     2    21    18     0     0   -21.0   46.350 -109.081    667.7    796.0
     1     1    21     2    21    17     0     1   -22.0   46.492 -110.137    945.7    744.4
     1     1    21     2    21    16     0     2   -23.0   46.754 -111.113   1014.2    709.8
     1     1    21     2    21    15     0     3   -24.0   46.912 -112.107    864.6    766.1
     1     1    21     2    21    14     0     2   -25.0   46.930 -113.010    638.4    777.3
     1     1    21     2    21    13     0     1   -26.0   46.894 -113.632    322.9    812.8
     1     1    21     2    21    12     0     0   -27.0   46.838 -113.908     86.4    844.7
     1     1    21     2    21    11     0     1   -28.0   46.785 -114.047      0.0    846.2
     1     1    21     2    21    10     0     2   -29.0   46.732 -114.133      0.0    844.8
     1     1    21     2    21     9     0     3   -30.0   46.678 -114.201      0.0    843.8
     1     1    21     2    21     8     0     2   -31.0   46.628 -114.268      0.0    842.5
     1     1    21     2    21     7     0     1   -32.0   46.586 -114.355      0.0    841.4
     1     1    21     2    21     6     0     0   -33.0   46.554 -114.467      0.0    840.4
     1     1    21     2    21     5     0     1   -34.0   46.525 -114.594      0.0    838.9
     1     1    21     2    21     4     0     2   -35.0   46.493 -114.717      0.0    837.5
     1     1    21     2    21     3     0     3   -36.0   46.458 -114.827      0.0    836.3
     1     1    21     2    21     2     0     2   -37.0   46.429 -114.952      0.9    836.4
     1     1    21     2    21     1     0     1   -38.0   46.415 -115.117      3.8    843.5
     1     1    21     2    21     0     0     0   -39.0   46.416 -115.303      6.7    854.5
     1     1    21     2    20    23     0     1   -40.0   46.423 -115.481      7.5    864.0
     1     1    21     2    20    22     0     2   -41.0   46.427 -115.637      6.1    872.5
     1     1    21     2    20    21     0     3   -42.0   46.427 -115.775      2.8    880.3
     1     1    21     2    20    20     0     2   -43.0   46.424 -115.898      0.0    887.2
     1     1    21     2    20    19     0     1   -44.0   46.416 -116.007      0.0    893.2
     1     1    21     2    20    18     0     0   -45.0   46.401 -116.109      0.0    895.1
     1     1    21     2    20    17     0     1   -46.0   46.375 -116.198      0.1    897.4
     1     1    21     2    20    16     0     2   -47.0   46.331 -116.264      3.3    899.8
     1     1    21     2    20    15     0     3   -48.0   46.271 -116.312     10.0    902.2
     1     1    21     2    20    14     0     2   -49.0   46.203 -116.353     27.3    902.1
     1     1    21     2    20    13     0     1   -50.0   46.136 -116.404     77.1    899.2
     1     1    21     2    20    12     0     0   -51.0   46.075 -116.470    154.5    891.2
     1     1    21     2    20    11     0     1   -52.0   46.025 -116.548    223.3    882.3
     1     1    21     2    20    10     0     2   -53.0   45.981 -116.629    272.8    875.9
     1     1    21     2    20     9     0     3   -54.0   45.941 -116.711    306.9    869.5
     1     1    21     2    20     8     0     2   -55.0   45.909 -116.791    329.5    865.8
     1     1    21     2    20     7     0     1   -56.0   45.888 -116.872    347.3    863.8
     1     1    21     2    20     6     0     0   -57.0   45.875 -116.958    367.8    862.0
     1     1    21     2    20     5     0     1   -58.0   45.860 -117.046    376.9    857.8
     1     1    21     2    20     4     0     2   -59.0   45.837 -117.124    362.0    856.3
     1     1    21     2    20     3     0     3   -60.0   45.807 -117.188    330.7    857.3
     1     1    21     2    20     2     0     2   -61.0   45.778 -117.245    290.5    859.6
     1     1    21     2    20     1     0     1   -62.0   45.752 -117.308    239.2    862.7
     1     1    21     2    20     0     0     0   -63.0   45.732 -117.369    172.2    867.5
     1     1    21     2    19    23     0     1   -64.0   45.706 -117.422    117.4    874.6
     1     1    21     2    19    22     0     2   -65.0   45.665 -117.476     83.5    875.3
     1     1    21     2    19    21     0     3   -66.0   45.611 -117.533     60.3    875.6
     1     1    21     2    19    20     0     2   -67.0   45.551 -117.590     40.6    874.8
     1     1    21     2    19    19     0     1   -68.0   45.489 -117.642     24.6    874.7
     1     1    21     2    19    18     0     0   -69.0   45.423 -117.683     14.6    874.7
     1     1    21     2    19    17     0     1   -70.0   45.358 -117.713      8.0    873.2
     1     1    21     2    19    16     0     2   -71.0   45.298 -117.739      4.3    872.1
     1     1    21     2    19    15     0     3   -72.0   45.246 -117.769      2.5    871.2
     1     1    21     2    19    14     0     2   -73.0   45.196 -117.797      1.7    870.4
     1     1    21     2    19    13     0     1   -74.0   45.147 -117.813      0.7    869.7
     1     1    21     2    19    12     0     0   -75.0   45.098 -117.820      0.0    869.0
     1     1    21     2    19    11     0     1   -76.0   45.043 -117.821      0.0    868.2
     1     1    21     2    19    10     0     2   -77.0   44.979 -117.817      0.0    867.8
     1     1    21     2    19     9     0     3   -78.0   44.906 -117.811      0.2    868.3
     1     1    21     2    19     8     0     2   -79.0   44.829 -117.799      0.6    869.2
     1     1    21     2    19     7     0     1   -80.0   44.754 -117.776      0.7    870.3
     1     1    21     2    19     6     0     0   -81.0   44.682 -117.742      0.5    871.9
     1     1    21     2    19     5     0     1   -82.0   44.611 -117.697      0.0    874.0
     1     1    21     2    19     4     0     2   -83.0   44.541 -117.643      0.0    876.8
     1     1    21     2    19     3     0     3   -84.0   44.477 -117.580      0.0    880.4
     1     1    21     2    19     2     0     2   -85.0   44.427 -117.511      0.0    885.6
     1     1    21     2    19     1     0     1   -86.0   44.393 -117.443      0.0    890.7
     1     1    21     2    19     0     0     0   -87.0   44.375 -117.383      0.0    895.1
     1     1    21     2    18    23     0     1   -88.0   44.365 -117.327      0.0    898.8
     1     1    21     2    18    22     0     2   -89.0   44.353 -117.268      0.0    902.7
     1     1    21     2    18    21     0     3   -90.0   44.339 -117.206      0.0    907.1
     1     1    21     2    18    20     0     2   -91.0   44.327 -117.146      0.0    911.6
     1     1    21     2    18    19     0     1   -92.0   44.322 -117.097      0.0    915.2
     1     1    21     2    18    18     0     0   -93.0   44.323 -117.058      0.0    918.0
     1     1    21     2    18    17     0     1   -94.0   44.330 -117.026      0.0    918.8
     1     1    21     2    18    16     0     2   -95.0   44.343 -117.001      0.0    918.8
     1     1    21     2    18    15     0     3   -96.0   44.363 -116.981      0.4    915.7
     1     1    21     2    18    14     0     2   -97.0   44.385 -116.963      1.7    911.9
     1     1    21     2    18    13     0     1   -98.0   44.406 -116.946      3.7    908.2
     1     1    21     2    18    12     0     0   -99.0   44.426 -116.930      6.5    904.7
     1     1    21     2    18    11     0     1  -100.0   44.452 -116.917     10.0    901.8
     1     1    21     2    18    10     0     2  -101.0   44.488 -116.912     16.3    897.9
     1     1    21     2    18     9     0     3  -102.0   44.535 -116.914     29.6    893.1
     1     1    21     2    18     8     0     2  -103.0   44.585 -116.924     54.3    888.0
     1     1    21     2    18     7     0     1  -104.0   44.629 -116.945     97.9    881.7
     1     1    21     2    18     6     0     0  -105.0   44.667 -116.983    167.4    873.9
     1     1    21     2    18     5     0     1  -106.0   44.705 -117.029    254.4    862.2
     1     1    21     2    18     4     0     2  -107.0   44.757 -117.076    346.5    846.2
     1     1    21     2    18     3     0     3  -108.0   44.828 -117.124    437.9    832.1
     1     1    21     2    18     2     0     2  -109.0   44.914 -117.171    505.9    816.5
     1     1    21     2    18     1     0     1  -110.0   45.010 -117.211    542.3    809.2
     1     1    21     2    18     0     0     0  -111.0   45.119 -117.250    562.9    811.8
     1     1    21     2    17    23     0     1  -112.0   45.226 -117.305    579.8    814.2
     1     1    21     2    17    22     0     2  -113.0   45.324 -117.391    608.0    814.5
     1     1    21     2    17    21     0     3  -114.0   45.424 -117.508    654.8    811.2
     1     1    21     2    17    20     0     2  -115.0   45.529 -117.655    721.2    804.6
     1     1    21     2    17    19     0     1  -116.0   45.635 -117.832    801.6    794.6
     1     1    21     2    17    18     0     0  -117.0   45.748 -118.023    878.6    784.6
     1     1    21     2    17    17     0     1  -118.0   45.872 -118.226    916.5    794.7
     1     1    21     2    17    16     0     2  -119.0   45.995 -118.463    878.1    823.1
     1     1    21     2    17    15     0     3  -120.0   46.118 -118.727    770.3    862.5
