     5     1
    GDAS    21     2     1     0     0
    GDAS    21     2     8     0     0
    GDAS    21     2    15     0     0
    GDAS    21     2    22     0     0
    GDAS    21     3     1     0     0
     1 BACKWARD OMEGA   
    21     2     4     6   44.970  -93.230   500.0
     1 PRESSURE
     1     1    21     2     4     6     0     0     0.0   44.970  -93.230    500.0    911.2
     1     1    21     2     4     5     0     1    -1.0   44.642  -93.602    399.2    926.6
     1     1    21     2     4     4     0     2    -2.0   44.296  -93.925    378.3    929.8
     1     1    21     2     4     3     0     3    -3.0   43.908  -94.246    414.4    920.2
     1     1    21     2     4     2     0     2    -4.0   43.446  -94.563    429.2    906.1
     1     1    21     2     4     1     0     1    -5.0   42.923  -94.810    403.3    910.2
     1     1    21     2     4     0     0     0    -6.0   42.383  -94.991    367.3    913.4
     1     1    21     2     3    23     0     1    -7.0   41.853  -95.101    324.1    920.7
     1     1    21     2     3    22     0     2    -8.0   41.344  -95.141    289.3    931.4
     1     1    21     2     3    21     0     3    -9.0   40.849  -95.144    271.1    937.2
     1     1    21     2     3    20     0     2   -10.0   40.396  -95.135    260.6    942.6
     1     1    21     2     3    19     0     1   -11.0   40.008  -95.126    251.8    947.5
     1     1    21     2     3    18     0     0   -12.0   39.678  -95.121    239.8    950.1
     1     1    21     2     3    17     0     1   -13.0   39.370  -95.139    228.6    952.5
     1     1    21     2     3    16     0     2   -14.0   39.053  -95.198    223.8    953.3
     1     1    21     2     3    15     0     3   -15.0   38.716  -95.305    225.7    952.7
     1     1    21     2     3    14     0     2   -16.0   38.364  -95.451    228.6    951.6
     1     1    21     2     3    13     0     1   -17.0   38.014  -95.621    229.8    951.1
     1     1    21     2     3    12     0     0   -18.0   37.664  -95.798    228.7    952.2
     1     1    21     2     3    11     0     1   -19.0   37.314  -95.943    216.3    955.0
     1     1    21     2     3    10     0     2   -20.0   36.977  -96.026    190.1    961.1
     1     1    21     2     3     9     0     3   -21.0   36.666  -96.049    160.5    968.4
     1     1    21     2     3     8     0     2   -22.0   36.377  -96.027    135.6    974.4
     1     1    21     2     3     7     0     1   -23.0   36.105  -95.985    115.6    978.8
     1     1    21     2     3     6     0     0   -24.0   35.854  -95.933     99.8    981.1
     1     1    21     2     3     5     0     1   -25.0   35.635  -95.871     87.4    982.1
     1     1    21     2     3     4     0     2   -26.0   35.454  -95.804     77.9    983.2
     1     1    21     2     3     3     0     3   -27.0   35.306  -95.740     71.4    984.0
     1     1    21     2     3     2     0     2   -28.0   35.183  -95.682     66.5    984.4
     1     1    21     2     3     1     0     1   -29.0   35.079  -95.631     61.1    984.8
     1     1    21     2     3     0     0     0   -30.0   34.991  -95.588     53.8    985.7
     1     1    21     2     2    23     0     1   -31.0   34.912  -95.552     46.7    987.3
     1     1    21     2     2    22     0     2   -32.0   34.829  -95.521     41.2    988.6
     1     1    21     2     2    21     0     3   -33.0   34.739  -95.494     36.1    990.0
     1     1    21     2     2    20     0     2   -34.0   34.648  -95.468     30.9    992.7
     1     1    21     2     2    19     0     1   -35.0   34.563  -95.438     26.3    995.4
     1     1    21     2     2    18     0     0   -36.0   34.485  -95.405     22.6    997.9
     1     1    21     2     2    17     0     1   -37.0   34.416  -95.365     19.4    999.3
     1     1    21     2     2    16     0     2   -38.0   34.360  -95.316     16.3   1000.7
     1     1    21     2     2    15     0     3   -39.0   34.316  -95.260     13.7   1002.0
     1     1    21     2     2    14     0     2   -40.0   34.289  -95.200     11.8   1003.1
     1     1    21     2     2    13     0     1   -41.0   34.282  -95.141     10.8   1003.7
     1     1    21     2     2    12     0     0   -42.0   34.294  -95.081     10.6   1003.9
     1     1    21     2     2    11     0     1   -43.0   34.317  -95.025     10.7   1003.6
     1     1    21     2     2    10     0     2   -44.0   34.343  -94.975     10.8   1003.3
     1     1    21     2     2     9     0     3   -45.0   34.371  -94.930     11.1   1002.8
     1     1    21     2     2     8     0     2   -46.0   34.400  -94.895     11.8   1002.6
     1     1    21     2     2     7     0     1   -47.0   34.434  -94.879     13.8   1002.1
     1     1    21     2     2     6     0     0   -48.0   34.471  -94.882     17.2   1001.4
     1     1    21     2     2     5     0     1   -49.0   34.515  -94.897     22.4   1000.1
     1     1    21     2     2     4     0     2   -50.0   34.568  -94.915     29.1    998.7
     1     1    21     2     2     3     0     3   -51.0   34.629  -94.940     36.8    997.1
     1     1    21     2     2     2     0     2   -52.0   34.698  -94.969     44.8    996.3
     1     1    21     2     2     1     0     1   -53.0   34.773  -95.003     52.9    995.8
     1     1    21     2     2     0     0     0   -54.0   34.855  -95.043     61.8    994.8
     1     1    21     2     1    23     0     1   -55.0   34.947  -95.087     71.0    991.9
     1     1    21     2     1    22     0     2   -56.0   35.052  -95.137     79.9    989.4
     1     1    21     2     1    21     0     3   -57.0   35.169  -95.193     88.7    987.4
     1     1    21     2     1    20     0     2   -58.0   35.289  -95.249     96.3    987.3
     1     1    21     2     1    19     0     1   -59.0   35.404  -95.297    101.9    987.5
     1     1    21     2     1    18     0     0   -60.0   35.517  -95.334    106.0    987.7
     1     1    21     2     1    17     0     1   -61.0   35.634  -95.364    110.1    987.0
     1     1    21     2     1    16     0     2   -62.0   35.763  -95.391    115.8    986.0
     1     1    21     2     1    15     0     3   -63.0   35.908  -95.416    123.1    984.7
     1     1    21     2     1    14     0     2   -64.0   36.071  -95.440    132.2    983.0
     1     1    21     2     1    13     0     1   -65.0   36.258  -95.463    143.1    981.0
     1     1    21     2     1    12     0     0   -66.0   36.472  -95.487    155.0    978.5
     1     1    21     2     1    11     0     1   -67.0   36.706  -95.516    168.2    975.8
     1     1    21     2     1    10     0     2   -68.0   36.956  -95.554    183.9    972.7
     1     1    21     2     1     9     0     3   -69.0   37.217  -95.605    203.2    968.9
     1     1    21     2     1     8     0     2   -70.0   37.485  -95.670    227.5    964.7
     1     1    21     2     1     7     0     1   -71.0   37.757  -95.740    255.2    959.7
     1     1    21     2     1     6     0     0   -72.0   38.027  -95.813    283.4    954.1
     1     1    21     2     1     5     0     1   -73.0   38.309  -95.898    311.9    949.8
     1     1    21     2     1     4     0     2   -74.0   38.611  -96.010    347.6    945.2
     1     1    21     2     1     3     0     3   -75.0   38.926  -96.145    395.0    939.6
     1     1    21     2     1     2     0     2   -76.0   39.249  -96.292    435.3    932.3
     1     1    21     2     1     1     0     1   -77.0   39.568  -96.444    456.3    929.0
     1     1    21     2     1     0     0     0   -78.0   39.880  -96.594    471.0    925.9
