     5     1
    GDAS    21     2     1     0     0
    GDAS    21     2     8     0     0
    GDAS    21     2    15     0     0
    GDAS    21     2    22     0     0
    GDAS    21     3     1     0     0
     1 BACKWARD OMEGA   
    21     2    10    18   37.820  111.540  1000.0
     1 PRESSURE
     1     1    21     2    10    18     0     0     0.0   37.820  111.540   1000.0    777.6
     1     1    21     2    10    17     0     1    -1.0   37.508  111.370    967.0    784.3
     1     1    21     2    10    16     0     2    -2.0   37.190  111.258   1010.0    775.4
     1     1    21     2    10    15     0     3    -3.0   36.860  111.184   1112.0    761.2
     1     1    21     2    10    14     0     2    -4.0   36.535  111.145   1229.1    747.7
     1     1    21     2    10    13     0     1    -5.0   36.231  111.136   1343.8    739.6
     1     1    21     2    10    12     0     0    -6.0   35.951  111.146   1468.7    733.3
     1     1    21     2    10    11     0     1    -7.0   35.703  111.166   1595.0    737.6
     1     1    21     2    10    10     0     2    -8.0   35.486  111.198   1697.6    743.4
     1     1    21     2    10     9     0     3    -9.0   35.281  111.251   1773.1    750.7
     1     1    21     2    10     8     0     2   -10.0   35.079  111.332   1837.1    760.7
     1     1    21     2    10     7     0     1   -11.0   34.882  111.433   1896.3    757.7
     1     1    21     2    10     6     0     0   -12.0   34.699  111.534   1950.9    747.5
     1     1    21     2    10     5     0     1   -13.0   34.544  111.631   2003.8    739.7
     1     1    21     2    10     4     0     2   -14.0   34.426  111.728   2054.1    733.2
     1     1    21     2    10     3     0     3   -15.0   34.345  111.832   2096.0    728.6
     1     1    21     2    10     2     0     2   -16.0   34.292  111.936   2121.0    726.0
     1     1    21     2    10     1     0     1   -17.0   34.255  112.035   2125.5    727.5
     1     1    21     2    10     0     0     0   -18.0   34.231  112.133   2113.3    732.9
     1     1    21     2     9    23     0     1   -19.0   34.236  112.222   2105.7    740.0
     1     1    21     2     9    22     0     2   -20.0   34.281  112.285   2121.6    742.1
     1     1    21     2     9    21     0     3   -21.0   34.367  112.312   2159.0    741.2
     1     1    21     2     9    20     0     2   -22.0   34.472  112.286   2225.8    736.8
     1     1    21     2     9    19     0     1   -23.0   34.578  112.203   2341.2    725.3
     1     1    21     2     9    18     0     0   -24.0   34.689  112.073   2521.3    706.8
     1     1    21     2     9    17     0     1   -25.0   34.803  111.905   2714.3    683.6
     1     1    21     2     9    16     0     2   -26.0   34.927  111.713   2840.3    673.0
     1     1    21     2     9    15     0     3   -27.0   35.071  111.503   2887.0    666.5
     1     1    21     2     9    14     0     2   -28.0   35.238  111.255   2895.2    656.5
     1     1    21     2     9    13     0     1   -29.0   35.421  110.950   2876.4    642.4
     1     1    21     2     9    12     0     0   -30.0   35.605  110.593   2788.6    638.5
     1     1    21     2     9    11     0     1   -31.0   35.773  110.193   2668.9    646.9
     1     1    21     2     9    10     0     2   -32.0   35.919  109.758   2603.2    646.7
     1     1    21     2     9     9     0     3   -33.0   36.049  109.308   2610.0    640.7
     1     1    21     2     9     8     0     2   -34.0   36.152  108.864   2646.5    632.1
     1     1    21     2     9     7     0     1   -35.0   36.223  108.428   2680.3    625.7
     1     1    21     2     9     6     0     0   -36.0   36.272  108.005   2707.4    618.8
     1     1    21     2     9     5     0     1   -37.0   36.322  107.596   2723.2    613.1
     1     1    21     2     9     4     0     2   -38.0   36.397  107.187   2748.4    606.0
     1     1    21     2     9     3     0     3   -39.0   36.493  106.776   2794.9    595.9
     1     1    21     2     9     2     0     2   -40.0   36.621  106.342   2855.4    583.5
     1     1    21     2     9     1     0     1   -41.0   36.775  105.887   2918.3    578.8
     1     1    21     2     9     0     0     0   -42.0   36.950  105.418   3012.8    572.1
     1     1    21     2     8    23     0     1   -43.0   37.156  104.921   3177.7    555.1
     1     1    21     2     8    22     0     2   -44.0   37.396  104.392   3366.4    537.3
     1     1    21     2     8    21     0     3   -45.0   37.671  103.837   3520.7    526.1
     1     1    21     2     8    20     0     2   -46.0   37.955  103.270   3656.6    526.0
     1     1    21     2     8    19     0     1   -47.0   38.239  102.688   3702.9    507.8
     1     1    21     2     8    18     0     0   -48.0   38.565  102.088   3767.0    498.3
     1     1    21     2     8    17     0     1   -49.0   38.938  101.465   3927.3    487.9
     1     1    21     2     8    16     0     2   -50.0   39.337  100.823   4096.4    475.2
     1     1    21     2     8    15     0     3   -51.0   39.743  100.175   4240.2    485.5
     1     1    21     2     8    14     0     2   -52.0   40.120   99.525   4303.8    496.2
     1     1    21     2     8    13     0     1   -53.0   40.467   98.869   4343.2    494.2
     1     1    21     2     8    12     0     0   -54.0   40.824   98.202   4578.1    479.7
     1     1    21     2     8    11     0     1   -55.0   41.241   97.466   4862.4    434.4
     1     1    21     2     8    10     0     2   -56.0   41.689   96.675   4924.8    426.0
     1     1    21     2     8     9     0     3   -57.0   42.139   95.846   4978.3    419.6
     1     1    21     2     8     8     0     2   -58.0   42.559   95.028   5148.6    422.9
     1     1    21     2     8     7     0     1   -59.0   42.976   94.191   5255.0    406.2
     1     1    21     2     8     6     0     0   -60.0   43.375   93.383   5415.3    433.6
     1     1    21     2     8     5     0     1   -61.0   43.760   92.599   5439.3    418.4
     1     1    21     2     8     4     0     2   -62.0   44.164   91.772   5469.7    406.8
     1     1    21     2     8     3     0     3   -63.0   44.554   90.930   5628.5    414.7
     1     1    21     2     8     2     0     2   -64.0   44.913   90.047   5836.9    421.3
     1     1    21     2     8     1     0     1   -65.0   45.267   89.103   6050.2    423.3
     1     1    21     2     8     0     0     0   -66.0   45.612   88.050   6242.2    417.4
     1     1    21     2     7    23     0     1   -67.0   45.894   86.870   6481.7    413.5
     1     1    21     2     7    22     0     2   -68.0   46.115   85.569   6529.9    395.6
     1     1    21     2     7    21     0     3   -69.0   46.319   84.064   6321.1    366.5
     1     1    21     2     7    20     0     2   -70.0   46.491   82.452   6353.4    393.9
     1     1    21     2     7    19     0     1   -71.0   46.580   80.827   6455.0    404.4
     1     1    21     2     7    18     0     0   -72.0   46.582   79.109   6582.6    407.0
     1     1    21     2     7    17     0     1   -73.0   46.510   77.317   6618.0    402.6
     1     1    21     2     7    16     0     2   -74.0   46.364   75.483   6620.6    406.8
     1     1    21     2     7    15     0     3   -75.0   46.154   73.590   6640.2    403.6
     1     1    21     2     7    14     0     2   -76.0   45.895   71.685   6620.1    401.9
     1     1    21     2     7    13     0     1   -77.0   45.601   69.788   6594.2    412.2
     1     1    21     2     7    12     0     0   -78.0   45.283   67.976   6498.2    425.5
     1     1    21     2     7    11     0     1   -79.0   44.995   66.227   6461.9    428.3
     1     1    21     2     7    10     0     2   -80.0   44.736   64.462   6404.8    434.8
     1     1    21     2     7     9     0     3   -81.0   44.491   62.698   6336.4    439.7
     1     1    21     2     7     8     0     2   -82.0   44.274   60.935   6358.5    439.5
     1     1    21     2     7     7     0     1   -83.0   44.094   59.170   6383.4    442.0
     1     1    21     2     7     6     0     0   -84.0   43.961   57.430   6307.7    435.2
     1     1    21     2     7     5     0     1   -85.0   43.870   55.708   6132.1    447.3
     1     1    21     2     7     4     0     2   -86.0   43.809   53.979   6110.7    446.1
     1     1    21     2     7     3     0     3   -87.0   43.782   52.322   6324.3    437.6
     1     1    21     2     7     2     0     2   -88.0   43.833   50.689   6615.0    428.0
     1     1    21     2     7     1     0     1   -89.0   44.028   48.994   6983.1    405.4
     1     1    21     2     7     0     0     0   -90.0   44.347   47.144   7161.0    393.0
     1     1    21     2     6    23     0     1   -91.0   44.698   45.251   7070.6    395.3
     1     1    21     2     6    22     0     2   -92.0   45.088   43.293   6863.2    392.8
     1     1    21     2     6    21     0     3   -93.0   45.462   41.342   6676.5    408.6
     1     1    21     2     6    20     0     2   -94.0   45.877   39.420   6606.2    421.2
     1     1    21     2     6    19     0     1   -95.0   46.340   37.511   6518.8    428.7
     1     1    21     2     6    18     0     0   -96.0   46.833   35.592   6449.2    429.9
     1     1    21     2     6    17     0     1   -97.0   47.346   33.656   6536.6    423.2
     1     1    21     2     6    16     0     2   -98.0   47.877   31.684   6558.4    417.7
     1     1    21     2     6    15     0     3   -99.0   48.380   29.695   6392.1    426.3
     1     1    21     2     6    14     0     2  -100.0   48.860   27.755   6354.7    423.3
     1     1    21     2     6    13     0     1  -101.0   49.296   25.870   6279.0    427.2
     1     1    21     2     6    12     0     0  -102.0   49.693   24.011   6173.1    431.4
     1     1    21     2     6    11     0     1  -103.0   50.045   22.241   6151.1    437.0
     1     1    21     2     6    10     0     2  -104.0   50.363   20.480   6155.5    438.1
     1     1    21     2     6     9     0     3  -105.0   50.626   18.750   6167.5    438.7
     1     1    21     2     6     8     0     2  -106.0   50.821   17.092   6135.1    441.1
     1     1    21     2     6     7     0     1  -107.0   50.955   15.453   6090.5    439.2
     1     1    21     2     6     6     0     0  -108.0   51.018   13.855   6107.4    441.0
     1     1    21     2     6     5     0     1  -109.0   51.002   12.353   6173.6    434.7
     1     1    21     2     6     4     0     2  -110.0   50.831   10.911   5913.2    451.4
     1     1    21     2     6     3     0     3  -111.0   50.575    9.532   5545.4    477.3
     1     1    21     2     6     2     0     2  -112.0   50.301    8.254   5295.5    492.7
     1     1    21     2     6     1     0     1  -113.0   49.967    7.159   4989.0    514.7
     1     1    21     2     6     0     0     0  -114.0   49.552    6.156   4577.7    541.7
     1     1    21     2     5    23     0     1  -115.0   49.156    5.169   4418.6    563.4
     1     1    21     2     5    22     0     2  -116.0   48.803    4.219   4363.0    568.0
     1     1    21     2     5    21     0     3  -117.0   48.400    3.367   4089.6    585.5
     1     1    21     2     5    20     0     2  -118.0   47.936    2.754   3381.6    657.0
     1     1    21     2     5    19     0     1  -119.0   47.547    2.273   3007.1    698.0
     1     1    21     2     5    18     0     0  -120.0   47.148    1.842   2727.2    700.5
