     5     1
    GDAS    21     2     1     0     0
    GDAS    21     2     8     0     0
    GDAS    21     2    15     0     0
    GDAS    21     2    22     0     0
    GDAS    21     3     1     0     0
     1 BACKWARD OMEGA   
    21     2     3    18   44.970  -93.230   500.0
     1 PRESSURE
     1     1    21     2     3    18     0     0     0.0   44.970  -93.230    500.0    917.6
     1     1    21     2     3    17     0     1    -1.0   44.493  -93.258    482.0    917.2
     1     1    21     2     3    16     0     2    -2.0   43.995  -93.353    490.5    913.2
     1     1    21     2     3    15     0     3    -3.0   43.504  -93.490    496.6    912.5
     1     1    21     2     3    14     0     2    -4.0   43.027  -93.631    478.4    915.9
     1     1    21     2     3    13     0     1    -5.0   42.570  -93.775    450.3    922.3
     1     1    21     2     3    12     0     0    -6.0   42.154  -93.926    424.1    926.0
     1     1    21     2     3    11     0     1    -7.0   41.768  -94.066    410.7    928.4
     1     1    21     2     3    10     0     2    -8.0   41.391  -94.188    416.2    927.8
     1     1    21     2     3     9     0     3    -9.0   41.013  -94.301    430.9    926.8
     1     1    21     2     3     8     0     2   -10.0   40.654  -94.402    435.4    927.6
     1     1    21     2     3     7     0     1   -11.0   40.327  -94.474    424.7    932.8
     1     1    21     2     3     6     0     0   -12.0   40.028  -94.514    411.2    937.6
     1     1    21     2     3     5     0     1   -13.0   39.750  -94.524    396.4    939.3
     1     1    21     2     3     4     0     2   -14.0   39.487  -94.490    376.9    941.6
     1     1    21     2     3     3     0     3   -15.0   39.241  -94.404    354.3    944.5
     1     1    21     2     3     2     0     2   -16.0   39.024  -94.278    335.5    947.3
     1     1    21     2     3     1     0     1   -17.0   38.853  -94.135    325.7    949.8
     1     1    21     2     3     0     0     0   -18.0   38.732  -93.985    325.9    951.2
     1     1    21     2     2    23     0     1   -19.0   38.642  -93.853    337.2    951.2
     1     1    21     2     2    22     0     2   -20.0   38.565  -93.755    358.8    949.0
     1     1    21     2     2    21     0     3   -21.0   38.497  -93.687    386.6    946.2
     1     1    21     2     2    20     0     2   -22.0   38.441  -93.628    415.0    943.5
     1     1    21     2     2    19     0     1   -23.0   38.400  -93.561    439.5    941.5
     1     1    21     2     2    18     0     0   -24.0   38.378  -93.487    462.5    939.4
     1     1    21     2     2    17     0     1   -25.0   38.376  -93.418    485.9    936.5
     1     1    21     2     2    16     0     2   -26.0   38.396  -93.360    509.0    933.5
     1     1    21     2     2    15     0     3   -27.0   38.437  -93.309    529.6    931.0
     1     1    21     2     2    14     0     2   -28.0   38.495  -93.261    550.0    929.1
     1     1    21     2     2    13     0     1   -29.0   38.566  -93.211    572.6    926.6
     1     1    21     2     2    12     0     0   -30.0   38.649  -93.159    595.0    924.4
     1     1    21     2     2    11     0     1   -31.0   38.748  -93.106    612.7    923.0
     1     1    21     2     2    10     0     2   -32.0   38.863  -93.055    622.7    923.2
     1     1    21     2     2     9     0     3   -33.0   38.995  -93.000    626.7    924.4
     1     1    21     2     2     8     0     2   -34.0   39.145  -92.942    636.8    923.3
     1     1    21     2     2     7     0     1   -35.0   39.317  -92.883    662.1    918.5
     1     1    21     2     2     6     0     0   -36.0   39.510  -92.826    691.2    913.2
     1     1    21     2     2     5     0     1   -37.0   39.725  -92.778    714.3    909.2
     1     1    21     2     2     4     0     2   -38.0   39.957  -92.740    729.2    906.8
     1     1    21     2     2     3     0     3   -39.0   40.205  -92.710    748.2    905.9
     1     1    21     2     2     2     0     2   -40.0   40.465  -92.695    785.2    902.2
     1     1    21     2     2     1     0     1   -41.0   40.737  -92.689    837.1    895.9
     1     1    21     2     2     0     0     0   -42.0   41.028  -92.670    891.8    889.2
     1     1    21     2     1    23     0     1   -43.0   41.333  -92.654    939.5    882.3
     1     1    21     2     1    22     0     2   -44.0   41.645  -92.665    982.7    876.6
     1     1    21     2     1    21     0     3   -45.0   41.968  -92.690   1026.4    870.8
     1     1    21     2     1    20     0     2   -46.0   42.299  -92.716   1066.8    864.0
     1     1    21     2     1    19     0     1   -47.0   42.634  -92.735   1109.8    858.3
     1     1    21     2     1    18     0     0   -48.0   42.978  -92.743   1177.3    850.1
     1     1    21     2     1    17     0     1   -49.0   43.335  -92.764   1250.8    836.8
     1     1    21     2     1    16     0     2   -50.0   43.698  -92.812   1307.5    829.6
     1     1    21     2     1    15     0     3   -51.0   44.067  -92.885   1365.9    823.1
     1     1    21     2     1    14     0     2   -52.0   44.442  -92.981   1437.1    819.8
     1     1    21     2     1    13     0     1   -53.0   44.818  -93.095   1501.8    816.2
     1     1    21     2     1    12     0     0   -54.0   45.187  -93.232   1539.8    812.4
     1     1    21     2     1    11     0     1   -55.0   45.532  -93.407   1568.7    807.6
     1     1    21     2     1    10     0     2   -56.0   45.845  -93.634   1596.9    799.3
     1     1    21     2     1     9     0     3   -57.0   46.137  -93.911   1611.0    793.9
     1     1    21     2     1     8     0     2   -58.0   46.413  -94.200   1617.9    793.0
     1     1    21     2     1     7     0     1   -59.0   46.675  -94.467   1623.2    790.7
     1     1    21     2     1     6     0     0   -60.0   46.921  -94.723   1625.3    788.0
     1     1    21     2     1     5     0     1   -61.0   47.171  -94.966   1640.0    787.9
     1     1    21     2     1     4     0     2   -62.0   47.442  -95.192   1686.5    787.4
     1     1    21     2     1     3     0     3   -63.0   47.733  -95.408   1765.3    782.9
     1     1    21     2     1     2     0     2   -64.0   48.042  -95.632   1856.4    774.7
     1     1    21     2     1     1     0     1   -65.0   48.366  -95.877   1930.0    766.1
     1     1    21     2     1     0     0     0   -66.0   48.706  -96.158   1985.5    761.9
