     5     1
    GDAS    21     2     1     0     0
    GDAS    21     2     8     0     0
    GDAS    21     2    15     0     0
    GDAS    21     2    22     0     0
    GDAS    21     3     1     0     0
     1 BACKWARD OMEGA   
    21     2    22    15   37.820  111.540  1000.0
     1 PRESSURE
     1     1    21     2    22    15     0     3     0.0   37.820  111.540   1000.0    780.8
     1     1    21     2    22    14     0     2    -1.0   37.716  111.361    912.1    791.8
     1     1    21     2    22    13     0     1    -2.0   37.599  111.206    853.5    796.0
     1     1    21     2    22    12     0     0    -3.0   37.465  111.063    813.8    796.0
     1     1    21     2    22    11     0     1    -4.0   37.324  110.945    771.2    795.9
     1     1    21     2    22    10     0     2    -5.0   37.198  110.868    718.4    800.7
     1     1    21     2    22     9     0     3    -6.0   37.091  110.821    664.6    805.6
     1     1    21     2    22     8     0     2    -7.0   37.004  110.798    625.1    809.8
     1     1    21     2    22     7     0     1    -8.0   36.934  110.796    610.6    811.4
     1     1    21     2    22     6     0     0    -9.0   36.887  110.812    621.0    810.2
     1     1    21     2    22     5     0     1   -10.0   36.875  110.841    662.2    806.2
     1     1    21     2    22     4     0     2   -11.0   36.913  110.877    750.7    797.7
     1     1    21     2    22     3     0     3   -12.0   37.011  110.905    910.3    783.1
     1     1    21     2    22     2     0     2   -13.0   37.181  110.882   1109.5    763.0
     1     1    21     2    22     1     0     1   -14.0   37.401  110.789   1225.0    752.6
     1     1    21     2    22     0     0     0   -15.0   37.659  110.645   1236.2    759.4
     1     1    21     2    21    23     0     1   -16.0   37.925  110.478   1220.2    772.1
     1     1    21     2    21    22     0     2   -17.0   38.188  110.290   1243.6    770.3
     1     1    21     2    21    21     0     3   -18.0   38.453  110.070   1294.4    758.9
     1     1    21     2    21    20     0     2   -19.0   38.712  109.790   1335.3    746.7
     1     1    21     2    21    19     0     1   -20.0   38.962  109.424   1376.9    738.6
     1     1    21     2    21    18     0     0   -21.0   39.197  108.960   1456.2    725.5
     1     1    21     2    21    17     0     1   -22.0   39.408  108.468   1534.1    712.0
     1     1    21     2    21    16     0     2   -23.0   39.619  107.990   1541.8    713.4
     1     1    21     2    21    15     0     3   -24.0   39.841  107.515   1511.5    721.6
     1     1    21     2    21    14     0     2   -25.0   40.060  107.007   1575.7    712.1
     1     1    21     2    21    13     0     1   -26.0   40.275  106.501   1693.9    705.4
     1     1    21     2    21    12     0     0   -27.0   40.504  106.021   1765.1    708.0
     1     1    21     2    21    11     0     1   -28.0   40.760  105.493   1882.0    687.0
     1     1    21     2    21    10     0     2   -29.0   41.029  104.887   2015.0    669.1
     1     1    21     2    21     9     0     3   -30.0   41.292  104.290   2039.7    668.4
     1     1    21     2    21     8     0     2   -31.0   41.538  103.725   2026.0    682.0
     1     1    21     2    21     7     0     1   -32.0   41.774  103.122   2064.1    679.1
     1     1    21     2    21     6     0     0   -33.0   42.001  102.481   2112.4    684.9
     1     1    21     2    21     5     0     1   -34.0   42.227  101.853   2080.0    681.7
     1     1    21     2    21     4     0     2   -35.0   42.464  101.246   1763.1    682.1
     1     1    21     2    21     3     0     3   -36.0   42.774  100.695   1251.4    736.1
     1     1    21     2    21     2     0     2   -37.0   43.139  100.159   1152.5    788.7
     1     1    21     2    21     1     0     1   -38.0   43.481   99.577   1521.1    713.1
     1     1    21     2    21     0     0     0   -39.0   43.852   98.909   1937.0    679.5
     1     1    21     2    20    23     0     1   -40.0   44.253   98.030   2348.3    601.0
     1     1    21     2    20    22     0     2   -41.0   44.611   97.006   2718.0    603.7
     1     1    21     2    20    21     0     3   -42.0   44.953   95.848   2714.8    592.9
     1     1    21     2    20    20     0     2   -43.0   45.222   94.659   2305.6    594.5
     1     1    21     2    20    19     0     1   -44.0   45.381   93.412   2736.2    565.5
     1     1    21     2    20    18     0     0   -45.0   45.453   92.130   3184.0    573.9
     1     1    21     2    20    17     0     1   -46.0   45.494   90.842   3518.8    542.1
     1     1    21     2    20    16     0     2   -47.0   45.470   89.604   3678.2    570.1
     1     1    21     2    20    15     0     3   -48.0   45.352   88.487   3650.9    592.9
     1     1    21     2    20    14     0     2   -49.0   45.224   87.524   3598.2    607.9
     1     1    21     2    20    13     0     1   -50.0   45.107   86.769   3393.4    633.0
     1     1    21     2    20    12     0     0   -51.0   44.994   86.250   2979.9    674.8
     1     1    21     2    20    11     0     1   -52.0   44.902   85.864   2668.9    708.4
     1     1    21     2    20    10     0     2   -53.0   44.804   85.494   2543.2    700.8
     1     1    21     2    20     9     0     3   -54.0   44.688   85.096   2551.0    675.2
     1     1    21     2    20     8     0     2   -55.0   44.569   84.531   2645.8    623.7
     1     1    21     2    20     7     0     1   -56.0   44.490   83.642   2771.4    587.5
     1     1    21     2    20     6     0     0   -57.0   44.404   82.657   2783.0    604.1
     1     1    21     2    20     5     0     1   -58.0   44.282   81.817   2824.3    619.8
     1     1    21     2    20     4     0     2   -59.0   44.143   81.101   2861.0    640.4
     1     1    21     2    20     3     0     3   -60.0   44.023   80.529   2800.9    664.2
     1     1    21     2    20     2     0     2   -61.0   43.949   80.010   2712.9    678.9
     1     1    21     2    20     1     0     1   -62.0   43.904   79.483   2691.7    669.3
     1     1    21     2    20     0     0     0   -63.0   43.838   78.889   2786.2    640.4
     1     1    21     2    19    23     0     1   -64.0   43.707   78.182   2927.1    588.3
     1     1    21     2    19    22     0     2   -65.0   43.504   77.298   2999.9    547.7
     1     1    21     2    19    21     0     3   -66.0   43.238   76.274   2977.9    560.3
     1     1    21     2    19    20     0     2   -67.0   42.928   75.157   3378.7    571.8
     1     1    21     2    19    19     0     1   -68.0   42.568   74.107   3587.5    538.8
     1     1    21     2    19    18     0     0   -69.0   42.139   72.886   3768.1    477.9
     1     1    21     2    19    17     0     1   -70.0   41.649   71.598   3661.1    489.5
     1     1    21     2    19    16     0     2   -71.0   41.171   70.476   3475.4    549.9
     1     1    21     2    19    15     0     3   -72.0   40.735   69.631   2702.3    667.3
     1     1    21     2    19    14     0     2   -73.0   40.377   69.106   2487.1    692.9
     1     1    21     2    19    13     0     1   -74.0   40.044   68.751   2457.3    699.9
     1     1    21     2    19    12     0     0   -75.0   39.682   68.353   2409.2    632.9
     1     1    21     2    19    11     0     1   -76.0   39.268   67.754   2241.1    595.9
     1     1    21     2    19    10     0     2   -77.0   38.791   67.201   2311.7    665.6
     1     1    21     2    19     9     0     3   -78.0   38.336   66.635   2384.7    684.4
     1     1    21     2    19     8     0     2   -79.0   37.890   66.082   2214.1    716.7
     1     1    21     2    19     7     0     1   -80.0   37.493   65.588   1988.8    773.7
     1     1    21     2    19     6     0     0   -81.0   37.124   65.061   1685.0    794.2
     1     1    21     2    19     5     0     1   -82.0   36.798   64.568   1421.2    828.4
     1     1    21     2    19     4     0     2   -83.0   36.443   64.105   1227.5    806.9
     1     1    21     2    19     3     0     3   -84.0   36.154   63.673    908.1    835.7
     1     1    21     2    19     2     0     2   -85.0   35.971   63.304    679.4    879.6
     1     1    21     2    19     1     0     1   -86.0   35.785   62.991    578.4    883.6
     1     1    21     2    19     0     0     0   -87.0   35.548   62.728    562.1    871.2
     1     1    21     2    18    23     0     1   -88.0   35.130   62.449    727.9    845.8
     1     1    21     2    18    22     0     2   -89.0   34.463   62.048   1259.9    781.7
     1     1    21     2    18    21     0     3   -90.0   33.839   61.563   1789.8    712.1
     1     1    21     2    18    20     0     2   -91.0   33.297   61.097   1924.4    705.4
     1     1    21     2    18    19     0     1   -92.0   32.759   60.787   1642.3    739.6
     1     1    21     2    18    18     0     0   -93.0   32.253   60.649   1271.1    774.5
     1     1    21     2    18    17     0     1   -94.0   31.817   60.650    965.4    818.2
     1     1    21     2    18    16     0     2   -95.0   31.462   60.726    744.5    849.2
     1     1    21     2    18    15     0     3   -96.0   31.189   60.851    542.6    879.2
     1     1    21     2    18    14     0     2   -97.0   31.009   60.966    389.3    911.3
     1     1    21     2    18    13     0     1   -98.0   30.872   61.065    323.2    918.9
     1     1    21     2    18    12     0     0   -99.0   30.746   61.166    337.9    915.3
     1     1    21     2    18    11     0     1  -100.0   30.626   61.269    395.2    906.5
     1     1    21     2    18    10     0     2  -101.0   30.511   61.363    435.0    901.4
     1     1    21     2    18     9     0     3  -102.0   30.393   61.441    431.9    900.8
     1     1    21     2    18     8     0     2  -103.0   30.273   61.495    397.6    907.0
     1     1    21     2    18     7     0     1  -104.0   30.155   61.523    363.1    911.1
     1     1    21     2    18     6     0     0  -105.0   30.039   61.520    341.6    913.7
     1     1    21     2    18     5     0     1  -106.0   29.922   61.505    323.3    907.4
     1     1    21     2    18     4     0     2  -107.0   29.798   61.502    294.4    901.2
     1     1    21     2    18     3     0     3  -108.0   29.664   61.519    264.7    895.3
     1     1    21     2    18     2     0     2  -109.0   29.521   61.549    246.8    887.8
     1     1    21     2    18     1     0     1  -110.0   29.370   61.575    250.1    877.5
     1     1    21     2    18     0     0     0  -111.0   29.207   61.583    279.4    863.3
     1     1    21     2    17    23     0     1  -112.0   29.036   61.578    325.4    845.1
     1     1    21     2    17    22     0     2  -113.0   28.873   61.569    372.7    834.4
     1     1    21     2    17    21     0     3  -114.0   28.724   61.548    415.0    825.5
     1     1    21     2    17    20     0     2  -115.0   28.585   61.511    450.9    817.4
     1     1    21     2    17    19     0     1  -116.0   28.457   61.457    482.0    810.3
     1     1    21     2    17    18     0     0  -117.0   28.343   61.395    510.1    805.1
     1     1    21     2    17    17     0     1  -118.0   28.239   61.323    526.3    801.1
     1     1    21     2    17    16     0     2  -119.0   28.137   61.232    536.5    801.7
     1     1    21     2    17    15     0     3  -120.0   28.026   61.098    585.5    802.0
