     5     1
    GDAS    21     2     1     0     0
    GDAS    21     2     8     0     0
    GDAS    21     2    15     0     0
    GDAS    21     2    22     0     0
    GDAS    21     3     1     0     0
     1 BACKWARD OMEGA   
    21     2    28    15   44.970  -93.230   500.0
     1 PRESSURE
     1     1    21     2    28    15     0     3     0.0   44.970  -93.230    500.0    914.7
     1     1    21     2    28    14     0     2    -1.0   45.419  -93.144    573.3    903.5
     1     1    21     2    28    13     0     1    -2.0   45.795  -92.973    686.1    892.9
     1     1    21     2    28    12     0     0    -3.0   46.075  -92.792    836.9    872.4
     1     1    21     2    28    11     0     1    -4.0   46.230  -92.649    928.4    852.1
     1     1    21     2    28    10     0     2    -5.0   46.300  -92.546    879.6    859.8
     1     1    21     2    28     9     0     3    -6.0   46.326  -92.457    725.1    878.8
     1     1    21     2    28     8     0     2    -7.0   46.329  -92.355    581.6    906.6
     1     1    21     2    28     7     0     1    -8.0   46.300  -92.263    522.3    912.7
     1     1    21     2    28     6     0     0    -9.0   46.236  -92.203    527.0    912.7
     1     1    21     2    28     5     0     1   -10.0   46.152  -92.180    568.7    906.3
     1     1    21     2    28     4     0     2   -11.0   46.073  -92.187    623.2    901.6
     1     1    21     2    28     3     0     3   -12.0   46.006  -92.229    691.5    894.5
     1     1    21     2    28     2     0     2   -13.0   45.955  -92.296    749.0    885.3
     1     1    21     2    28     1     0     1   -14.0   45.916  -92.366    775.5    882.5
     1     1    21     2    28     0     0     0   -15.0   45.890  -92.432    776.2    882.3
     1     1    21     2    27    23     0     1   -16.0   45.867  -92.512    772.4    885.0
     1     1    21     2    27    22     0     2   -17.0   45.842  -92.630    788.2    883.7
     1     1    21     2    27    21     0     3   -18.0   45.815  -92.796    829.6    879.9
     1     1    21     2    27    20     0     2   -19.0   45.793  -92.998    892.4    872.1
     1     1    21     2    27    19     0     1   -20.0   45.778  -93.221    961.0    862.4
     1     1    21     2    27    18     0     0   -21.0   45.772  -93.465   1031.7    853.5
     1     1    21     2    27    17     0     1   -22.0   45.788  -93.751   1107.4    843.0
     1     1    21     2    27    16     0     2   -23.0   45.828  -94.090   1192.5    831.4
     1     1    21     2    27    15     0     3   -24.0   45.879  -94.482   1274.1    819.3
     1     1    21     2    27    14     0     2   -25.0   45.938  -94.909   1326.8    811.6
     1     1    21     2    27    13     0     1   -26.0   46.003  -95.351   1331.5    810.9
     1     1    21     2    27    12     0     0   -27.0   46.069  -95.803   1278.6    818.5
     1     1    21     2    27    11     0     1   -28.0   46.115  -96.262   1220.1    830.9
     1     1    21     2    27    10     0     2   -29.0   46.128  -96.722   1188.7    833.5
     1     1    21     2    27     9     0     3   -30.0   46.120  -97.166   1165.3    833.7
     1     1    21     2    27     8     0     2   -31.0   46.103  -97.583   1157.7    833.1
     1     1    21     2    27     7     0     1   -32.0   46.087  -97.975   1147.3    826.3
     1     1    21     2    27     6     0     0   -33.0   46.083  -98.345   1118.2    825.8
     1     1    21     2    27     5     0     1   -34.0   46.099  -98.736   1091.9    819.3
     1     1    21     2    27     4     0     2   -35.0   46.144  -99.170   1039.6    817.5
     1     1    21     2    27     3     0     3   -36.0   46.218  -99.640    872.5    828.6
     1     1    21     2    27     2     0     2   -37.0   46.295 -100.098    638.7    864.9
     1     1    21     2    27     1     0     1   -38.0   46.361 -100.529    496.9    883.3
     1     1    21     2    27     0     0     0   -39.0   46.432 -100.980    469.5    879.4
     1     1    21     2    26    23     0     1   -40.0   46.500 -101.455    490.6    869.4
     1     1    21     2    26    22     0     2   -41.0   46.552 -101.939    511.7    862.5
     1     1    21     2    26    21     0     3   -42.0   46.592 -102.446    508.9    855.5
     1     1    21     2    26    20     0     2   -43.0   46.626 -102.972    507.8    852.3
     1     1    21     2    26    19     0     1   -44.0   46.667 -103.516    522.6    845.3
     1     1    21     2    26    18     0     0   -45.0   46.722 -104.083    502.5    841.7
     1     1    21     2    26    17     0     1   -46.0   46.787 -104.680    483.3    854.6
     1     1    21     2    26    16     0     2   -47.0   46.868 -105.339    452.9    851.8
     1     1    21     2    26    15     0     3   -48.0   46.921 -106.058    316.2    859.1
     1     1    21     2    26    14     0     2   -49.0   46.904 -106.665    236.8    877.8
     1     1    21     2    26    13     0     1   -50.0   46.883 -107.292    285.7    864.9
     1     1    21     2    26    12     0     0   -51.0   46.907 -107.961    306.5    860.1
     1     1    21     2    26    11     0     1   -52.0   46.916 -108.612    456.3    844.3
     1     1    21     2    26    10     0     2   -53.0   47.026 -109.595    953.3    743.3
     1     1    21     2    26     9     0     3   -54.0   47.141 -110.593    849.7    736.6
     1     1    21     2    26     8     0     2   -55.0   47.056 -111.456    627.0    767.6
     1     1    21     2    26     7     0     1   -56.0   46.912 -112.198    713.0    771.5
     1     1    21     2    26     6     0     0   -57.0   46.825 -112.999    763.0    742.4
     1     1    21     2    26     5     0     1   -58.0   46.749 -113.757    421.8    784.7
     1     1    21     2    26     4     0     2   -59.0   46.646 -114.097    144.8    824.8
     1     1    21     2    26     3     0     3   -60.0   46.564 -114.218     66.5    832.9
     1     1    21     2    26     2     0     2   -61.0   46.493 -114.314     36.9    830.0
     1     1    21     2    26     1     0     1   -62.0   46.433 -114.451     23.2    830.3
     1     1    21     2    26     0     0     0   -63.0   46.378 -114.640     20.5    830.4
     1     1    21     2    25    23     0     1   -64.0   46.314 -114.857     31.7    829.6
     1     1    21     2    25    22     0     2   -65.0   46.225 -115.071     63.4    833.0
     1     1    21     2    25    21     0     3   -66.0   46.106 -115.283    131.0    842.6
     1     1    21     2    25    20     0     2   -67.0   45.951 -115.484    236.3    845.2
     1     1    21     2    25    19     0     1   -68.0   45.750 -115.673    334.8    827.5
     1     1    21     2    25    18     0     0   -69.0   45.500 -115.860    354.1    809.7
     1     1    21     2    25    17     0     1   -70.0   45.240 -116.046    258.7    800.9
     1     1    21     2    25    16     0     2   -71.0   45.038 -116.168    120.2    808.1
     1     1    21     2    25    15     0     3   -72.0   44.915 -116.209     53.2    822.6
     1     1    21     2    25    14     0     2   -73.0   44.824 -116.214     31.8    827.6
     1     1    21     2    25    13     0     1   -74.0   44.755 -116.216     20.9    832.8
     1     1    21     2    25    12     0     0   -75.0   44.704 -116.217     14.6    837.1
     1     1    21     2    25    11     0     1   -76.0   44.665 -116.214     11.3    840.2
     1     1    21     2    25    10     0     2   -77.0   44.634 -116.202     10.4    841.8
     1     1    21     2    25     9     0     3   -78.0   44.608 -116.184     11.0    842.4
     1     1    21     2    25     8     0     2   -79.0   44.588 -116.155     14.5    841.0
     1     1    21     2    25     7     0     1   -80.0   44.575 -116.113     26.1    837.4
     1     1    21     2    25     6     0     0   -81.0   44.565 -116.056     58.6    831.2
     1     1    21     2    25     5     0     1   -82.0   44.561 -115.996    135.7    820.2
     1     1    21     2    25     4     0     2   -83.0   44.573 -115.952    246.2    803.8
     1     1    21     2    25     3     0     3   -84.0   44.614 -115.913    356.1    788.8
     1     1    21     2    25     2     0     2   -85.0   44.682 -115.880    466.1    773.6
     1     1    21     2    25     1     0     1   -86.0   44.777 -115.854    588.2    758.4
     1     1    21     2    25     0     0     0   -87.0   44.909 -115.825    741.4    738.6
     1     1    21     2    24    23     0     1   -88.0   45.062 -115.791    918.0    722.2
     1     1    21     2    24    22     0     2   -89.0   45.209 -115.767   1102.8    717.3
     1     1    21     2    24    21     0     3   -90.0   45.350 -115.753   1296.4    710.3
     1     1    21     2    24    20     0     2   -91.0   45.498 -115.738   1476.1    703.0
     1     1    21     2    24    19     0     1   -92.0   45.661 -115.719   1612.2    702.6
     1     1    21     2    24    18     0     0   -93.0   45.837 -115.706   1703.7    707.4
     1     1    21     2    24    17     0     1   -94.0   46.015 -115.714   1716.2    715.4
     1     1    21     2    24    16     0     2   -95.0   46.187 -115.746   1616.8    722.6
     1     1    21     2    24    15     0     3   -96.0   46.362 -115.783   1456.9    735.1
     1     1    21     2    24    14     0     2   -97.0   46.542 -115.826   1288.0    750.2
     1     1    21     2    24    13     0     1   -98.0   46.721 -115.874   1150.7    759.9
     1     1    21     2    24    12     0     0   -99.0   46.889 -115.918   1051.3    765.1
     1     1    21     2    24    11     0     1  -100.0   47.034 -115.962   1016.5    768.6
     1     1    21     2    24    10     0     2  -101.0   47.162 -116.025   1042.6    765.7
     1     1    21     2    24     9     0     3  -102.0   47.277 -116.127   1070.9    766.8
     1     1    21     2    24     8     0     2  -103.0   47.382 -116.279   1073.7    772.4
     1     1    21     2    24     7     0     1  -104.0   47.476 -116.481   1039.3    784.7
     1     1    21     2    24     6     0     0  -105.0   47.559 -116.709    969.5    800.5
     1     1    21     2    24     5     0     1  -106.0   47.627 -116.961    857.9    821.3
     1     1    21     2    24     4     0     2  -107.0   47.680 -117.263    728.0    843.5
     1     1    21     2    24     3     0     3  -108.0   47.719 -117.636    626.9    860.5
     1     1    21     2    24     2     0     2  -109.0   47.730 -118.033    559.6    872.6
     1     1    21     2    24     1     0     1  -110.0   47.716 -118.388    501.5    882.7
     1     1    21     2    24     0     0     0  -111.0   47.676 -118.691    425.2    895.7
     1     1    21     2    23    23     0     1  -112.0   47.630 -118.956    334.6    912.9
     1     1    21     2    23    22     0     2  -113.0   47.603 -119.208    284.0    922.3
     1     1    21     2    23    21     0     3  -114.0   47.594 -119.489    326.8    917.5
     1     1    21     2    23    20     0     2  -115.0   47.611 -119.824    502.9    895.1
     1     1    21     2    23    19     0     1  -116.0   47.665 -120.204    769.2    842.1
     1     1    21     2    23    18     0     0  -117.0   47.752 -120.662    978.3    776.6
     1     1    21     2    23    17     0     1  -118.0   47.833 -121.215    906.7    773.8
     1     1    21     2    23    16     0     2  -119.0   47.825 -121.579    728.1    855.9
     1     1    21     2    23    15     0     3  -120.0   47.742 -121.814    556.6    899.9
