     5     1
    GDAS    21     2     1     0     0
    GDAS    21     2     8     0     0
    GDAS    21     2    15     0     0
    GDAS    21     2    22     0     0
    GDAS    21     3     1     0     0
     1 BACKWARD OMEGA   
    21     2     5     6   44.970  -93.230   500.0
     1 PRESSURE
     1     1    21     2     5     6     0     0     0.0   44.970  -93.230    500.0    905.3
     1     1    21     2     5     5     0     1    -1.0   45.291  -93.762    518.2    900.4
     1     1    21     2     5     4     0     2    -2.0   45.652  -94.306    540.5    892.0
     1     1    21     2     5     3     0     3    -3.0   46.031  -94.854    571.4    884.2
     1     1    21     2     5     2     0     2    -4.0   46.415  -95.391    606.7    880.2
     1     1    21     2     5     1     0     1    -5.0   46.786  -95.894    612.6    877.4
     1     1    21     2     5     0     0     0    -6.0   47.125  -96.387    592.6    889.8
     1     1    21     2     4    23     0     1    -7.0   47.441  -96.885    591.5    899.0
     1     1    21     2     4    22     0     2    -8.0   47.755  -97.397    609.8    889.7
     1     1    21     2     4    21     0     3    -9.0   48.079  -97.935    647.1    873.8
     1     1    21     2     4    20     0     2   -10.0   48.412  -98.466    690.5    867.5
     1     1    21     2     4    19     0     1   -11.0   48.747  -98.955    709.0    861.8
     1     1    21     2     4    18     0     0   -12.0   49.096  -99.415    746.0    856.2
     1     1    21     2     4    17     0     1   -13.0   49.467  -99.832    815.4    842.7
     1     1    21     2     4    16     0     2   -14.0   49.840 -100.204    845.8    842.0
     1     1    21     2     4    15     0     3   -15.0   50.223 -100.560    828.8    847.8
     1     1    21     2     4    14     0     2   -16.0   50.614 -100.924    801.9    846.9
     1     1    21     2     4    13     0     1   -17.0   51.003 -101.293    803.2    843.8
     1     1    21     2     4    12     0     0   -18.0   51.389 -101.650    824.0    844.6
     1     1    21     2     4    11     0     1   -19.0   51.776 -101.987    815.9    848.7
     1     1    21     2     4    10     0     2   -20.0   52.147 -102.325    791.3    854.7
     1     1    21     2     4     9     0     3   -21.0   52.495 -102.679    798.7    854.0
     1     1    21     2     4     8     0     2   -22.0   52.823 -103.040    864.0    844.6
     1     1    21     2     4     7     0     1   -23.0   53.116 -103.345    943.7    836.6
     1     1    21     2     4     6     0     0   -24.0   53.372 -103.572    980.7    837.9
     1     1    21     2     4     5     0     1   -25.0   53.618 -103.737    977.4    842.3
     1     1    21     2     4     4     0     2   -26.0   53.873 -103.851    950.4    847.4
     1     1    21     2     4     3     0     3   -27.0   54.137 -103.927    919.0    852.1
     1     1    21     2     4     2     0     2   -28.0   54.393 -103.979    895.9    854.1
     1     1    21     2     4     1     0     1   -29.0   54.626 -104.016    874.7    855.3
     1     1    21     2     4     0     0     0   -30.0   54.840 -104.048    843.1    858.3
     1     1    21     2     3    23     0     1   -31.0   55.040 -104.066    797.1    863.7
     1     1    21     2     3    22     0     2   -32.0   55.235 -104.040    743.6    870.2
     1     1    21     2     3    21     0     3   -33.0   55.432 -103.953    691.6    876.6
     1     1    21     2     3    20     0     2   -34.0   55.643 -103.799    656.0    883.6
     1     1    21     2     3    19     0     1   -35.0   55.862 -103.566    647.1    886.3
     1     1    21     2     3    18     0     0   -36.0   56.075 -103.264    663.0    886.4
     1     1    21     2     3    17     0     1   -37.0   56.272 -102.904    683.1    883.3
     1     1    21     2     3    16     0     2   -38.0   56.462 -102.482    692.2    882.8
     1     1    21     2     3    15     0     3   -39.0   56.646 -102.018    700.1    881.7
     1     1    21     2     3    14     0     2   -40.0   56.824 -101.547    706.8    880.5
     1     1    21     2     3    13     0     1   -41.0   56.990 -101.090    706.2    880.1
     1     1    21     2     3    12     0     0   -42.0   57.146 -100.642    696.1    880.8
     1     1    21     2     3    11     0     1   -43.0   57.287 -100.181    683.9    883.2
     1     1    21     2     3    10     0     2   -44.0   57.404  -99.704    674.7    886.8
     1     1    21     2     3     9     0     3   -45.0   57.486  -99.222    665.2    891.4
     1     1    21     2     3     8     0     2   -46.0   57.529  -98.752    650.1    893.7
     1     1    21     2     3     7     0     1   -47.0   57.537  -98.307    628.3    895.0
     1     1    21     2     3     6     0     0   -48.0   57.517  -97.894    604.1    897.3
     1     1    21     2     3     5     0     1   -49.0   57.486  -97.504    584.1    902.4
     1     1    21     2     3     4     0     2   -50.0   57.449  -97.137    567.3    905.6
     1     1    21     2     3     3     0     3   -51.0   57.403  -96.804    545.0    910.6
     1     1    21     2     3     2     0     2   -52.0   57.351  -96.509    505.9    916.9
     1     1    21     2     3     1     0     1   -53.0   57.294  -96.241    441.6    927.6
     1     1    21     2     3     0     0     0   -54.0   57.225  -95.991    353.7    940.6
     1     1    21     2     2    23     0     1   -55.0   57.138  -95.762    280.1    955.4
     1     1    21     2     2    22     0     2   -56.0   57.024  -95.573    251.6    958.4
     1     1    21     2     2    21     0     3   -57.0   56.881  -95.417    262.9    957.5
     1     1    21     2     2    20     0     2   -58.0   56.701  -95.297    290.0    953.2
     1     1    21     2     2    19     0     1   -59.0   56.472  -95.202    308.8    952.7
     1     1    21     2     2    18     0     0   -60.0   56.191  -95.111    318.2    954.5
     1     1    21     2     2    17     0     1   -61.0   55.868  -95.016    319.0    956.7
     1     1    21     2     2    16     0     2   -62.0   55.523  -94.928    311.1    956.4
     1     1    21     2     2    15     0     3   -63.0   55.156  -94.849    294.3    957.5
     1     1    21     2     2    14     0     2   -64.0   54.783  -94.770    281.9    960.9
     1     1    21     2     2    13     0     1   -65.0   54.411  -94.703    284.6    960.6
     1     1    21     2     2    12     0     0   -66.0   54.035  -94.660    296.0    958.5
     1     1    21     2     2    11     0     1   -67.0   53.658  -94.639    314.9    954.7
     1     1    21     2     2    10     0     2   -68.0   53.286  -94.641    343.1    948.8
     1     1    21     2     2     9     0     3   -69.0   52.920  -94.664    374.4    942.6
     1     1    21     2     2     8     0     2   -70.0   52.568  -94.676    397.2    936.7
     1     1    21     2     2     7     0     1   -71.0   52.241  -94.647    407.7    933.7
     1     1    21     2     2     6     0     0   -72.0   51.944  -94.578    412.9    931.8
     1     1    21     2     2     5     0     1   -73.0   51.697  -94.481    422.7    930.9
     1     1    21     2     2     4     0     2   -74.0   51.517  -94.374    441.2    927.5
     1     1    21     2     2     3     0     3   -75.0   51.399  -94.268    465.0    923.7
     1     1    21     2     2     2     0     2   -76.0   51.331  -94.185    492.3    919.5
     1     1    21     2     2     1     0     1   -77.0   51.302  -94.137    521.9    915.7
     1     1    21     2     2     0     0     0   -78.0   51.309  -94.125    554.5    912.0
     1     1    21     2     1    23     0     1   -79.0   51.332  -94.139    588.8    907.9
     1     1    21     2     1    22     0     2   -80.0   51.354  -94.175    621.7    904.2
     1     1    21     2     1    21     0     3   -81.0   51.375  -94.233    649.8    900.6
     1     1    21     2     1    20     0     2   -82.0   51.397  -94.305    670.6    898.7
     1     1    21     2     1    19     0     1   -83.0   51.423  -94.380    686.8    897.7
     1     1    21     2     1    18     0     0   -84.0   51.454  -94.459    702.8    896.6
     1     1    21     2     1    17     0     1   -85.0   51.499  -94.541    718.1    894.9
     1     1    21     2     1    16     0     2   -86.0   51.564  -94.624    730.5    894.0
     1     1    21     2     1    15     0     3   -87.0   51.650  -94.708    741.9    893.2
     1     1    21     2     1    14     0     2   -88.0   51.748  -94.805    749.1    892.2
     1     1    21     2     1    13     0     1   -89.0   51.851  -94.923    745.5    892.5
     1     1    21     2     1    12     0     0   -90.0   51.960  -95.068    726.3    895.1
     1     1    21     2     1    11     0     1   -91.0   52.063  -95.226    711.9    900.7
     1     1    21     2     1    10     0     2   -92.0   52.148  -95.383    716.8    900.7
     1     1    21     2     1     9     0     3   -93.0   52.219  -95.537    729.0    899.5
     1     1    21     2     1     8     0     2   -94.0   52.282  -95.683    736.6    898.8
     1     1    21     2     1     7     0     1   -95.0   52.344  -95.815    735.2    899.9
     1     1    21     2     1     6     0     0   -96.0   52.405  -95.933    728.2    901.5
     1     1    21     2     1     5     0     1   -97.0   52.473  -96.039    726.7    903.4
     1     1    21     2     1     4     0     2   -98.0   52.553  -96.141    739.2    902.6
     1     1    21     2     1     3     0     3   -99.0   52.648  -96.246    763.0    900.4
     1     1    21     2     1     2     0     2  -100.0   52.747  -96.350    780.1    897.3
     1     1    21     2     1     1     0     1  -101.0   52.841  -96.449    776.2    898.5
     1     1    21     2     1     0     0     0  -102.0   52.928  -96.539    755.2    901.7
