     5     1
    GDAS    21     2     1     0     0
    GDAS    21     2     8     0     0
    GDAS    21     2    15     0     0
    GDAS    21     2    22     0     0
    GDAS    21     3     1     0     0
     1 BACKWARD OMEGA   
    21     2     8    21   44.970  -93.230   500.0
     1 PRESSURE
     1     1    21     2     8    21     0     3     0.0   44.970  -93.230    500.0    926.6
     1     1    21     2     8    20     0     2    -1.0   45.005  -93.414    523.9    923.8
     1     1    21     2     8    19     0     1    -2.0   45.053  -93.586    539.9    921.0
     1     1    21     2     8    18     0     0    -3.0   45.113  -93.750    546.8    919.4
     1     1    21     2     8    17     0     1    -4.0   45.184  -93.917    551.6    918.1
     1     1    21     2     8    16     0     2    -5.0   45.265  -94.098    560.1    914.7
     1     1    21     2     8    15     0     3    -6.0   45.357  -94.291    571.9    910.5
     1     1    21     2     8    14     0     2    -7.0   45.463  -94.503    586.1    906.2
     1     1    21     2     8    13     0     1    -8.0   45.590  -94.738    598.8    901.9
     1     1    21     2     8    12     0     0    -9.0   45.740  -94.996    601.3    898.7
     1     1    21     2     8    11     0     1   -10.0   45.899  -95.281    600.6    901.1
     1     1    21     2     8    10     0     2   -11.0   46.050  -95.596    615.1    901.9
     1     1    21     2     8     9     0     3   -12.0   46.199  -95.945    653.5    899.2
     1     1    21     2     8     8     0     2   -13.0   46.343  -96.316    692.9    891.8
     1     1    21     2     8     7     0     1   -14.0   46.477  -96.675    704.5    892.2
     1     1    21     2     8     6     0     0   -15.0   46.608  -97.006    684.5    897.9
     1     1    21     2     8     5     0     1   -16.0   46.737  -97.320    652.9    901.8
     1     1    21     2     8     4     0     2   -17.0   46.870  -97.652    635.3    899.9
     1     1    21     2     8     3     0     3   -18.0   47.013  -98.007    629.5    895.1
     1     1    21     2     8     2     0     2   -19.0   47.160  -98.372    637.0    888.2
     1     1    21     2     8     1     0     1   -20.0   47.302  -98.725    652.3    881.0
     1     1    21     2     8     0     0     0   -21.0   47.445  -99.062    665.4    876.9
     1     1    21     2     7    23     0     1   -22.0   47.582  -99.390    673.9    877.0
     1     1    21     2     7    22     0     2   -23.0   47.708  -99.715    678.7    877.3
     1     1    21     2     7    21     0     3   -24.0   47.830 -100.039    680.4    877.8
     1     1    21     2     7    20     0     2   -25.0   47.951 -100.351    682.8    876.8
     1     1    21     2     7    19     0     1   -26.0   48.072 -100.643    687.9    874.0
     1     1    21     2     7    18     0     0   -27.0   48.190 -100.916    692.2    872.6
     1     1    21     2     7    17     0     1   -28.0   48.314 -101.172    697.9    870.9
     1     1    21     2     7    16     0     2   -29.0   48.446 -101.410    708.8    867.7
     1     1    21     2     7    15     0     3   -30.0   48.587 -101.632    722.3    864.8
     1     1    21     2     7    14     0     2   -31.0   48.733 -101.848    735.3    862.7
     1     1    21     2     7    13     0     1   -32.0   48.883 -102.070    748.3    861.4
     1     1    21     2     7    12     0     0   -33.0   49.034 -102.300    761.8    859.2
     1     1    21     2     7    11     0     1   -34.0   49.187 -102.536    773.6    854.3
     1     1    21     2     7    10     0     2   -35.0   49.349 -102.773    784.1    850.5
     1     1    21     2     7     9     0     3   -36.0   49.516 -103.013    796.5    847.2
     1     1    21     2     7     8     0     2   -37.0   49.686 -103.256    813.4    844.4
     1     1    21     2     7     7     0     1   -38.0   49.860 -103.496    831.4    842.5
     1     1    21     2     7     6     0     0   -39.0   50.041 -103.728    845.5    842.5
     1     1    21     2     7     5     0     1   -40.0   50.219 -103.949    851.7    843.2
     1     1    21     2     7     4     0     2   -41.0   50.388 -104.157    852.6    844.4
     1     1    21     2     7     3     0     3   -42.0   50.548 -104.352    853.3    845.2
     1     1    21     2     7     2     0     2   -43.0   50.705 -104.540    856.5    846.5
     1     1    21     2     7     1     0     1   -44.0   50.860 -104.729    863.4    847.3
     1     1    21     2     7     0     0     0   -45.0   51.015 -104.922    868.9    848.5
     1     1    21     2     6    23     0     1   -46.0   51.171 -105.117    874.6    848.4
     1     1    21     2     6    22     0     2   -47.0   51.326 -105.316    886.6    846.2
     1     1    21     2     6    21     0     3   -48.0   51.480 -105.519    906.2    843.5
     1     1    21     2     6    20     0     2   -49.0   51.632 -105.721    927.5    840.5
     1     1    21     2     6    19     0     1   -50.0   51.788 -105.919    946.6    839.3
     1     1    21     2     6    18     0     0   -51.0   51.949 -106.120    966.3    838.4
     1     1    21     2     6    17     0     1   -52.0   52.120 -106.330    978.9    836.8
     1     1    21     2     6    16     0     2   -53.0   52.301 -106.551    977.5    836.6
     1     1    21     2     6    15     0     3   -54.0   52.481 -106.780    960.6    836.7
     1     1    21     2     6    14     0     2   -55.0   52.654 -107.015    932.6    838.2
     1     1    21     2     6    13     0     1   -56.0   52.822 -107.260    909.4    840.3
     1     1    21     2     6    12     0     0   -57.0   52.989 -107.522    905.3    841.3
     1     1    21     2     6    11     0     1   -58.0   53.160 -107.794    923.4    840.2
     1     1    21     2     6    10     0     2   -59.0   53.335 -108.071    957.6    837.8
     1     1    21     2     6     9     0     3   -60.0   53.509 -108.350    999.8    834.7
     1     1    21     2     6     8     0     2   -61.0   53.691 -108.612   1033.5    831.2
     1     1    21     2     6     7     0     1   -62.0   53.888 -108.839   1057.2    830.1
     1     1    21     2     6     6     0     0   -63.0   54.099 -109.037   1080.1    826.0
     1     1    21     2     6     5     0     1   -64.0   54.333 -109.218   1104.3    818.1
     1     1    21     2     6     4     0     2   -65.0   54.599 -109.391   1129.6    811.4
     1     1    21     2     6     3     0     3   -66.0   54.898 -109.555   1154.2    805.6
     1     1    21     2     6     2     0     2   -67.0   55.215 -109.725   1174.5    805.8
     1     1    21     2     6     1     0     1   -68.0   55.529 -109.917   1193.3    808.9
     1     1    21     2     6     0     0     0   -69.0   55.844 -110.140   1225.6    808.5
     1     1    21     2     5    23     0     1   -70.0   56.154 -110.381   1258.0    803.6
     1     1    21     2     5    22     0     2   -71.0   56.449 -110.621   1271.7    803.1
     1     1    21     2     5    21     0     3   -72.0   56.731 -110.854   1266.6    806.9
     1     1    21     2     5    20     0     2   -73.0   57.000 -111.057   1252.6    813.7
     1     1    21     2     5    19     0     1   -74.0   57.268 -111.218   1241.9    820.3
     1     1    21     2     5    18     0     0   -75.0   57.546 -111.344   1238.3    823.3
     1     1    21     2     5    17     0     1   -76.0   57.840 -111.460   1237.0    824.1
     1     1    21     2     5    16     0     2   -77.0   58.147 -111.588   1234.6    825.5
     1     1    21     2     5    15     0     3   -78.0   58.454 -111.729   1225.2    830.3
     1     1    21     2     5    14     0     2   -79.0   58.746 -111.889   1210.0    838.8
     1     1    21     2     5    13     0     1   -80.0   59.015 -112.063   1200.1    846.5
     1     1    21     2     5    12     0     0   -81.0   59.268 -112.243   1194.9    845.3
     1     1    21     2     5    11     0     1   -82.0   59.523 -112.436   1190.6    843.4
     1     1    21     2     5    10     0     2   -83.0   59.794 -112.647   1183.8    843.1
     1     1    21     2     5     9     0     3   -84.0   60.082 -112.869   1181.2    843.0
     1     1    21     2     5     8     0     2   -85.0   60.376 -113.114   1185.0    845.7
     1     1    21     2     5     7     0     1   -86.0   60.665 -113.378   1196.9    848.6
     1     1    21     2     5     6     0     0   -87.0   60.950 -113.645   1221.8    849.7
     1     1    21     2     5     5     0     1   -88.0   61.233 -113.912   1254.5    846.0
     1     1    21     2     5     4     0     2   -89.0   61.515 -114.177   1284.1    841.7
     1     1    21     2     5     3     0     3   -90.0   61.793 -114.433   1302.1    839.4
     1     1    21     2     5     2     0     2   -91.0   62.064 -114.689   1308.3    838.2
     1     1    21     2     5     1     0     1   -92.0   62.333 -114.959   1309.7    836.5
     1     1    21     2     5     0     0     0   -93.0   62.604 -115.236   1312.0    834.4
     1     1    21     2     4    23     0     1   -94.0   62.879 -115.510   1322.8    834.4
     1     1    21     2     4    22     0     2   -95.0   63.158 -115.783   1347.9    831.2
     1     1    21     2     4    21     0     3   -96.0   63.437 -116.058   1383.1    824.0
     1     1    21     2     4    20     0     2   -97.0   63.711 -116.333   1417.0    815.5
     1     1    21     2     4    19     0     1   -98.0   63.979 -116.590   1445.0    812.1
     1     1    21     2     4    18     0     0   -99.0   64.244 -116.825   1469.3    809.0
     1     1    21     2     4    17     0     1  -100.0   64.508 -117.073   1489.7    805.6
     1     1    21     2     4    16     0     2  -101.0   64.773 -117.348   1501.8    803.0
     1     1    21     2     4    15     0     3  -102.0   65.036 -117.629   1506.3    804.7
     1     1    21     2     4    14     0     2  -103.0   65.288 -117.912   1503.2    806.7
     1     1    21     2     4    13     0     1  -104.0   65.523 -118.189   1496.1    808.6
     1     1    21     2     4    12     0     0  -105.0   65.742 -118.449   1490.1    810.7
     1     1    21     2     4    11     0     1  -106.0   65.953 -118.685   1487.6    814.3
     1     1    21     2     4    10     0     2  -107.0   66.163 -118.897   1488.0    815.1
     1     1    21     2     4     9     0     3  -108.0   66.371 -119.080   1489.1    814.4
     1     1    21     2     4     8     0     2  -109.0   66.573 -119.247   1495.2    812.8
     1     1    21     2     4     7     0     1  -110.0   66.765 -119.401   1517.3    809.0
     1     1    21     2     4     6     0     0  -111.0   66.951 -119.520   1562.2    802.7
     1     1    21     2     4     5     0     1  -112.0   67.138 -119.606   1602.8    790.1
     1     1    21     2     4     4     0     2  -113.0   67.330 -119.676   1613.9    781.8
     1     1    21     2     4     3     0     3  -114.0   67.527 -119.736   1599.8    775.7
     1     1    21     2     4     2     0     2  -115.0   67.726 -119.794   1582.4    770.2
     1     1    21     2     4     1     0     1  -116.0   67.924 -119.842   1583.1    760.5
     1     1    21     2     4     0     0     0  -117.0   68.121 -119.870   1608.4    754.8
     1     1    21     2     3    23     0     1  -118.0   68.309 -119.873   1637.8    752.4
     1     1    21     2     3    22     0     2  -119.0   68.478 -119.842   1654.0    754.4
     1     1    21     2     3    21     0     3  -120.0   68.631 -119.784   1661.7    757.8
