     5     1
    GDAS    21     2     1     0     0
    GDAS    21     2     8     0     0
    GDAS    21     2    15     0     0
    GDAS    21     2    22     0     0
    GDAS    21     3     1     0     0
     1 BACKWARD OMEGA   
    21     2    11    15   37.820  111.540  1000.0
     1 PRESSURE
     1     1    21     2    11    15     0     3     0.0   37.820  111.540   1000.0    776.9
     1     1    21     2    11    14     0     2    -1.0   37.985  111.256   1043.1    772.2
     1     1    21     2    11    13     0     1    -2.0   38.108  111.026    967.0    784.7
     1     1    21     2    11    12     0     0    -3.0   38.197  110.822    816.1    806.0
     1     1    21     2    11    11     0     1    -4.0   38.283  110.611    690.5    824.2
     1     1    21     2    11    10     0     2    -5.0   38.388  110.388    624.3    828.3
     1     1    21     2    11     9     0     3    -6.0   38.521  110.147    598.5    826.3
     1     1    21     2    11     8     0     2    -7.0   38.686  109.864    595.9    819.5
     1     1    21     2    11     7     0     1    -8.0   38.874  109.517    613.4    812.2
     1     1    21     2    11     6     0     0    -9.0   39.079  109.100    677.6    801.1
     1     1    21     2    11     5     0     1   -10.0   39.286  108.652    757.2    783.6
     1     1    21     2    11     4     0     2   -11.0   39.497  108.199    822.5    781.2
     1     1    21     2    11     3     0     3   -12.0   39.724  107.715    897.1    778.2
     1     1    21     2    11     2     0     2   -13.0   39.978  107.147    990.2    760.4
     1     1    21     2    11     1     0     1   -14.0   40.274  106.515   1084.7    760.8
     1     1    21     2    11     0     0     0   -15.0   40.609  105.862   1077.8    756.5
     1     1    21     2    10    23     0     1   -16.0   40.955  105.094   1080.6    758.2
     1     1    21     2    10    22     0     2   -17.0   41.256  104.209   1150.7    750.5
     1     1    21     2    10    21     0     3   -18.0   41.532  103.282   1177.7    752.5
     1     1    21     2    10    20     0     2   -19.0   41.783  102.379   1272.0    757.1
     1     1    21     2    10    19     0     1   -20.0   42.022  101.494   1318.5    766.8
     1     1    21     2    10    18     0     0   -21.0   42.309  100.618   1191.7    768.1
     1     1    21     2    10    17     0     1   -22.0   42.636   99.785   1248.4    750.5
     1     1    21     2    10    16     0     2   -23.0   42.981   98.827   1328.6    722.8
     1     1    21     2    10    15     0     3   -24.0   43.259   97.850   1064.4    742.8
     1     1    21     2    10    14     0     2   -25.0   43.468   96.979   1051.5    764.1
     1     1    21     2    10    13     0     1   -26.0   43.684   96.196   1243.7    763.0
     1     1    21     2    10    12     0     0   -27.0   43.944   95.368   1518.8    767.0
     1     1    21     2    10    11     0     1   -28.0   44.260   94.497   1737.5    719.7
     1     1    21     2    10    10     0     2   -29.0   44.492   93.461   1914.1    667.0
     1     1    21     2    10     9     0     3   -30.0   44.687   92.475   2007.2    655.7
     1     1    21     2    10     8     0     2   -31.0   44.825   91.487   2230.2    638.6
     1     1    21     2    10     7     0     1   -32.0   44.915   90.513   2265.5    653.7
     1     1    21     2    10     6     0     0   -33.0   44.943   89.685   2235.9    688.8
     1     1    21     2    10     5     0     1   -34.0   44.948   88.973   2183.5    712.2
     1     1    21     2    10     4     0     2   -35.0   44.987   88.426   2082.5    724.3
     1     1    21     2    10     3     0     3   -36.0   45.094   88.008   1993.1    739.3
     1     1    21     2    10     2     0     2   -37.0   45.238   87.575   1884.4    748.2
     1     1    21     2    10     1     0     1   -38.0   45.402   87.114   1692.8    776.3
     1     1    21     2    10     0     0     0   -39.0   45.587   86.711   1463.4    806.6
     1     1    21     2     9    23     0     1   -40.0   45.763   86.394   1301.0    834.3
     1     1    21     2     9    22     0     2   -41.0   45.920   86.109   1266.5    840.4
     1     1    21     2     9    21     0     3   -42.0   46.066   85.695   1302.1    809.7
     1     1    21     2     9    20     0     2   -43.0   46.117   85.031   1329.5    770.0
     1     1    21     2     9    19     0     1   -44.0   46.076   84.255   1482.9    736.3
     1     1    21     2     9    18     0     0   -45.0   45.893   83.408   1695.3    684.4
     1     1    21     2     9    17     0     1   -46.0   45.699   82.708   1692.5    726.1
     1     1    21     2     9    16     0     2   -47.0   45.554   82.169   1629.6    769.3
     1     1    21     2     9    15     0     3   -48.0   45.440   81.700   1521.6    761.7
     1     1    21     2     9    14     0     2   -49.0   45.314   81.252   1374.6    727.3
     1     1    21     2     9    13     0     1   -50.0   45.176   80.828   1129.0    696.2
     1     1    21     2     9    12     0     0   -51.0   45.019   80.357    834.6    654.4
     1     1    21     2     9    11     0     1   -52.0   44.831   79.783    832.5    683.8
     1     1    21     2     9    10     0     2   -53.0   44.649   79.157   1115.7    737.9
     1     1    21     2     9     9     0     3   -54.0   44.524   78.376   1299.9    757.6
     1     1    21     2     9     8     0     2   -55.0   44.466   77.641   1392.0    786.0
     1     1    21     2     9     7     0     1   -56.0   44.402   76.877   1435.0    796.5
     1     1    21     2     9     6     0     0   -57.0   44.310   76.030   1463.7    791.7
     1     1    21     2     9     5     0     1   -58.0   44.210   74.885   1347.9    779.7
     1     1    21     2     9     4     0     2   -59.0   44.113   73.746   1228.4    825.5
     1     1    21     2     9     3     0     3   -60.0   44.000   72.704   1129.2    844.0
     1     1    21     2     9     2     0     2   -61.0   43.859   71.725   1097.3    843.6
     1     1    21     2     9     1     0     1   -62.0   43.643   70.840   1038.6    849.7
     1     1    21     2     9     0     0     0   -63.0   43.382   70.061   1039.9    824.6
     1     1    21     2     8    23     0     1   -64.0   43.096   69.282   1149.4    833.5
     1     1    21     2     8    22     0     2   -65.0   42.930   68.645   1076.9    868.6
     1     1    21     2     8    21     0     3   -66.0   42.850   68.068   1074.5    876.7
     1     1    21     2     8    20     0     2   -67.0   42.792   67.470   1096.6    869.6
     1     1    21     2     8    19     0     1   -68.0   42.758   66.898   1099.7    874.0
     1     1    21     2     8    18     0     0   -69.0   42.738   66.326   1110.4    869.9
     1     1    21     2     8    17     0     1   -70.0   42.726   65.715   1126.3    865.1
     1     1    21     2     8    16     0     2   -71.0   42.733   65.081   1138.9    863.1
     1     1    21     2     8    15     0     3   -72.0   42.764   64.462   1139.1    862.7
     1     1    21     2     8    14     0     2   -73.0   42.817   63.892   1141.7    865.7
     1     1    21     2     8    13     0     1   -74.0   42.888   63.329   1175.3    865.2
     1     1    21     2     8    12     0     0   -75.0   42.977   62.747   1184.8    860.9
     1     1    21     2     8    11     0     1   -76.0   43.080   62.220   1107.7    872.5
     1     1    21     2     8    10     0     2   -77.0   43.195   61.795   1017.0    891.1
     1     1    21     2     8     9     0     3   -78.0   43.328   61.425    974.7    895.5
     1     1    21     2     8     8     0     2   -79.0   43.472   61.050    964.4    893.6
     1     1    21     2     8     7     0     1   -80.0   43.635   60.660    970.6    895.2
     1     1    21     2     8     6     0     0   -81.0   43.821   60.268   1013.6    895.2
     1     1    21     2     8     5     0     1   -82.0   44.017   59.840   1088.1    887.5
     1     1    21     2     8     4     0     2   -83.0   44.209   59.335   1127.8    878.1
     1     1    21     2     8     3     0     3   -84.0   44.407   58.767   1138.2    876.2
     1     1    21     2     8     2     0     2   -85.0   44.585   58.064   1182.0    857.3
     1     1    21     2     8     1     0     1   -86.0   44.723   57.241   1245.0    848.0
     1     1    21     2     8     0     0     0   -87.0   44.863   56.429   1281.5    849.8
     1     1    21     2     7    23     0     1   -88.0   44.993   55.624   1353.3    846.0
     1     1    21     2     7    22     0     2   -89.0   45.118   54.815   1471.4    833.6
     1     1    21     2     7    21     0     3   -90.0   45.271   54.000   1515.2    836.9
     1     1    21     2     7    20     0     2   -91.0   45.430   53.203   1516.6    837.6
     1     1    21     2     7    19     0     1   -92.0   45.574   52.414   1513.1    839.8
     1     1    21     2     7    18     0     0   -93.0   45.698   51.637   1511.9    840.4
     1     1    21     2     7    17     0     1   -94.0   45.816   50.881   1510.9    840.8
     1     1    21     2     7    16     0     2   -95.0   45.939   50.140   1520.0    839.5
     1     1    21     2     7    15     0     3   -96.0   46.068   49.416   1555.7    838.1
     1     1    21     2     7    14     0     2   -97.0   46.211   48.675   1620.2    828.3
     1     1    21     2     7    13     0     1   -98.0   46.378   47.908   1670.5    821.4
     1     1    21     2     7    12     0     0   -99.0   46.564   47.115   1696.6    816.5
     1     1    21     2     7    11     0     1  -100.0   46.770   46.285   1727.2    812.4
     1     1    21     2     7    10     0     2  -101.0   46.982   45.430   1758.8    807.8
     1     1    21     2     7     9     0     3  -102.0   47.165   44.559   1772.2    803.5
     1     1    21     2     7     8     0     2  -103.0   47.338   43.652   1809.8    794.6
     1     1    21     2     7     7     0     1  -104.0   47.509   42.770   1833.6    794.4
     1     1    21     2     7     6     0     0  -105.0   47.690   41.934   1835.8    790.4
     1     1    21     2     7     5     0     1  -106.0   47.890   41.135   1849.6    790.1
     1     1    21     2     7     4     0     2  -107.0   48.115   40.339   1883.6    777.0
     1     1    21     2     7     3     0     3  -108.0   48.366   39.527   1941.6    771.8
     1     1    21     2     7     2     0     2  -109.0   48.640   38.730   1991.4    769.9
     1     1    21     2     7     1     0     1  -110.0   48.931   37.948   2034.5    767.1
     1     1    21     2     7     0     0     0  -111.0   49.238   37.177   2078.3    758.3
     1     1    21     2     6    23     0     1  -112.0   49.556   36.401   2126.3    752.5
     1     1    21     2     6    22     0     2  -113.0   49.884   35.629   2173.3    748.6
     1     1    21     2     6    21     0     3  -114.0   50.217   34.851   2247.5    740.9
     1     1    21     2     6    20     0     2  -115.0   50.555   34.089   2321.2    732.8
     1     1    21     2     6    19     0     1  -116.0   50.898   33.363   2365.7    728.0
     1     1    21     2     6    18     0     0  -117.0   51.253   32.669   2388.7    725.2
     1     1    21     2     6    17     0     1  -118.0   51.612   32.014   2420.9    724.2
     1     1    21     2     6    16     0     2  -119.0   51.971   31.389   2480.2    718.2
     1     1    21     2     6    15     0     3  -120.0   52.339   30.781   2547.4    710.1
