     5     1
    GDAS    21     2     1     0     0
    GDAS    21     2     8     0     0
    GDAS    21     2    15     0     0
    GDAS    21     2    22     0     0
    GDAS    21     3     1     0     0
     1 BACKWARD OMEGA   
    21     2     6    23   37.820  111.540  1000.0
     1 PRESSURE
     1     1    21     2     6    23     0     1     0.0   37.820  111.540   1000.0    778.5
     1     1    21     2     6    22     0     2    -1.0   37.990  111.341   1027.6    777.1
     1     1    21     2     6    21     0     3    -2.0   38.149  111.144   1017.2    783.1
     1     1    21     2     6    20     0     2    -3.0   38.304  110.956    997.0    793.0
     1     1    21     2     6    19     0     1    -4.0   38.469  110.762    989.3    794.2
     1     1    21     2     6    18     0     0    -5.0   38.643  110.553    991.2    791.1
     1     1    21     2     6    17     0     1    -6.0   38.820  110.332    988.2    786.0
     1     1    21     2     6    16     0     2    -7.0   39.007  110.079    966.7    779.1
     1     1    21     2     6    15     0     3    -8.0   39.212  109.767    956.8    776.9
     1     1    21     2     6    14     0     2    -9.0   39.421  109.383    999.9    766.3
     1     1    21     2     6    13     0     1   -10.0   39.610  108.957   1066.2    750.0
     1     1    21     2     6    12     0     0   -11.0   39.766  108.544   1118.0    748.0
     1     1    21     2     6    11     0     1   -12.0   39.906  108.171   1138.4    752.7
     1     1    21     2     6    10     0     2   -13.0   40.060  107.808   1106.5    757.8
     1     1    21     2     6     9     0     3   -14.0   40.217  107.422   1071.2    763.1
     1     1    21     2     6     8     0     2   -15.0   40.340  107.001   1076.1    755.7
     1     1    21     2     6     7     0     1   -16.0   40.451  106.584   1066.6    760.6
     1     1    21     2     6     6     0     0   -17.0   40.583  106.199   1003.7    769.9
     1     1    21     2     6     5     0     1   -18.0   40.749  105.802    927.6    772.8
     1     1    21     2     6     4     0     2   -19.0   40.954  105.352    906.6    773.1
     1     1    21     2     6     3     0     3   -20.0   41.170  104.890    950.8    769.0
     1     1    21     2     6     2     0     2   -21.0   41.370  104.455    954.1    767.4
     1     1    21     2     6     1     0     1   -22.0   41.557  104.033    914.8    780.4
     1     1    21     2     6     0     0     0   -23.0   41.742  103.629    910.8    784.4
     1     1    21     2     5    23     0     1   -24.0   41.939  103.234    914.1    780.5
     1     1    21     2     5    22     0     2   -25.0   42.167  102.838    839.3    786.3
     1     1    21     2     5    21     0     3   -26.0   42.424  102.426    747.4    795.4
     1     1    21     2     5    20     0     2   -27.0   42.692  102.003    817.7    777.9
     1     1    21     2     5    19     0     1   -28.0   42.965  101.548    898.0    735.0
     1     1    21     2     5    18     0     0   -29.0   43.261  101.069    806.1    752.2
     1     1    21     2     5    17     0     1   -30.0   43.518  100.622    738.0    792.1
     1     1    21     2     5    16     0     2   -31.0   43.705  100.251    703.3    793.4
     1     1    21     2     5    15     0     3   -32.0   43.848   99.935    626.8    798.9
     1     1    21     2     5    14     0     2   -33.0   43.976   99.588    555.6    813.5
     1     1    21     2     5    13     0     1   -34.0   44.162   99.091    650.3    789.3
     1     1    21     2     5    12     0     0   -35.0   44.399   98.512    848.7    729.7
     1     1    21     2     5    11     0     1   -36.0   44.612   97.974    967.8    684.3
     1     1    21     2     5    10     0     2   -37.0   44.810   97.462   1081.6    701.7
     1     1    21     2     5     9     0     3   -38.0   45.025   96.908   1260.3    712.4
     1     1    21     2     5     8     0     2   -39.0   45.244   96.263   1123.5    710.4
     1     1    21     2     5     7     0     1   -40.0   45.387   95.735    819.7    775.6
     1     1    21     2     5     6     0     0   -41.0   45.467   95.333    683.4    770.4
     1     1    21     2     5     5     0     1   -42.0   45.512   94.950    701.6    750.0
     1     1    21     2     5     4     0     2   -43.0   45.585   94.474    858.8    726.6
     1     1    21     2     5     3     0     3   -44.0   45.765   93.888   1108.9    673.9
     1     1    21     2     5     2     0     2   -45.0   46.045   93.167   1365.6    646.8
     1     1    21     2     5     1     0     1   -46.0   46.346   92.310   1530.1    653.0
     1     1    21     2     5     0     0     0   -47.0   46.628   91.427   1496.5    644.3
     1     1    21     2     4    23     0     1   -48.0   46.872   90.541   1614.5    643.6
     1     1    21     2     4    22     0     2   -49.0   47.127   89.707   1717.8    668.1
     1     1    21     2     4    21     0     3   -50.0   47.355   88.977   1738.1    695.4
     1     1    21     2     4    20     0     2   -51.0   47.554   88.280   1757.5    699.0
     1     1    21     2     4    19     0     1   -52.0   47.731   87.584   1829.7    705.0
     1     1    21     2     4    18     0     0   -53.0   47.863   86.956   1887.6    733.7
     1     1    21     2     4    17     0     1   -54.0   47.961   86.383   1893.0    747.6
     1     1    21     2     4    16     0     2   -55.0   48.043   85.802   1888.2    756.8
     1     1    21     2     4    15     0     3   -56.0   48.111   85.219   1857.7    752.5
     1     1    21     2     4    14     0     2   -57.0   48.163   84.622   1812.7    757.4
     1     1    21     2     4    13     0     1   -58.0   48.194   84.003   1778.7    770.9
     1     1    21     2     4    12     0     0   -59.0   48.200   83.370   1730.3    774.5
     1     1    21     2     4    11     0     1   -60.0   48.179   82.747   1649.4    778.5
     1     1    21     2     4    10     0     2   -61.0   48.148   82.128   1535.2    774.1
     1     1    21     2     4     9     0     3   -62.0   48.119   81.520   1416.4    780.2
     1     1    21     2     4     8     0     2   -63.0   48.094   80.939   1328.9    785.7
     1     1    21     2     4     7     0     1   -64.0   48.071   80.367   1292.1    792.3
     1     1    21     2     4     6     0     0   -65.0   48.046   79.789   1275.5    796.0
     1     1    21     2     4     5     0     1   -66.0   48.018   79.229   1257.8    804.5
     1     1    21     2     4     4     0     2   -67.0   47.993   78.692   1248.6    810.0
     1     1    21     2     4     3     0     3   -68.0   47.978   78.160   1264.1    809.0
     1     1    21     2     4     2     0     2   -69.0   47.962   77.613   1280.2    802.5
     1     1    21     2     4     1     0     1   -70.0   47.939   77.036   1273.3    800.2
     1     1    21     2     4     0     0     0   -71.0   47.906   76.447   1245.7    807.1
     1     1    21     2     3    23     0     1   -72.0   47.863   75.891   1200.4    816.3
     1     1    21     2     3    22     0     2   -73.0   47.814   75.376   1160.7    818.4
     1     1    21     2     3    21     0     3   -74.0   47.758   74.891   1137.5    818.7
     1     1    21     2     3    20     0     2   -75.0   47.695   74.441   1119.1    824.0
     1     1    21     2     3    19     0     1   -76.0   47.628   74.026   1107.6    829.1
     1     1    21     2     3    18     0     0   -77.0   47.562   73.637   1087.5    827.6
     1     1    21     2     3    17     0     1   -78.0   47.505   73.277   1042.2    830.3
     1     1    21     2     3    16     0     2   -79.0   47.460   72.944    985.0    836.0
     1     1    21     2     3    15     0     3   -80.0   47.422   72.640    943.4    845.3
     1     1    21     2     3    14     0     2   -81.0   47.391   72.347    926.4    849.3
     1     1    21     2     3    13     0     1   -82.0   47.370   72.048    928.4    851.7
     1     1    21     2     3    12     0     0   -83.0   47.362   71.741    942.8    852.0
     1     1    21     2     3    11     0     1   -84.0   47.356   71.433    955.5    852.3
     1     1    21     2     3    10     0     2   -85.0   47.346   71.136    961.5    854.0
     1     1    21     2     3     9     0     3   -86.0   47.336   70.852    964.6    857.6
     1     1    21     2     3     8     0     2   -87.0   47.322   70.584    965.6    862.7
     1     1    21     2     3     7     0     1   -88.0   47.306   70.333    963.5    867.9
     1     1    21     2     3     6     0     0   -89.0   47.291   70.098    958.7    873.2
     1     1    21     2     3     5     0     1   -90.0   47.281   69.868    952.3    876.2
     1     1    21     2     3     4     0     2   -91.0   47.275   69.632    946.0    877.2
     1     1    21     2     3     3     0     3   -92.0   47.280   69.380    939.2    878.2
     1     1    21     2     3     2     0     2   -93.0   47.290   69.116    931.2    879.8
     1     1    21     2     3     1     0     1   -94.0   47.295   68.849    923.6    881.7
     1     1    21     2     3     0     0     0   -95.0   47.290   68.581    919.5    883.5
     1     1    21     2     2    23     0     1   -96.0   47.276   68.326    927.3    884.3
     1     1    21     2     2    22     0     2   -97.0   47.256   68.098    951.4    882.5
     1     1    21     2     2    21     0     3   -98.0   47.231   67.900    986.3    878.5
     1     1    21     2     2    20     0     2   -99.0   47.210   67.726   1017.5    873.1
     1     1    21     2     2    19     0     1  -100.0   47.201   67.567   1037.8    870.7
     1     1    21     2     2    18     0     0  -101.0   47.203   67.421   1054.7    868.4
     1     1    21     2     2    17     0     1  -102.0   47.219   67.275   1071.1    865.4
     1     1    21     2     2    16     0     2  -103.0   47.250   67.114   1080.6    862.3
     1     1    21     2     2    15     0     3  -104.0   47.294   66.939   1073.8    861.9
     1     1    21     2     2    14     0     2  -105.0   47.342   66.754   1074.6    866.0
     1     1    21     2     2    13     0     1  -106.0   47.388   66.560   1105.9    864.0
     1     1    21     2     2    12     0     0  -107.0   47.431   66.353   1162.0    859.5
     1     1    21     2     2    11     0     1  -108.0   47.474   66.138   1216.1    852.2
     1     1    21     2     2    10     0     2  -109.0   47.518   65.931   1241.4    850.7
     1     1    21     2     2     9     0     3  -110.0   47.562   65.737   1240.7    853.7
     1     1    21     2     2     8     0     2  -111.0   47.608   65.553   1233.0    859.1
     1     1    21     2     2     7     0     1  -112.0   47.660   65.373   1231.5    862.2
     1     1    21     2     2     6     0     0  -113.0   47.716   65.196   1234.0    865.3
     1     1    21     2     2     5     0     1  -114.0   47.778   65.005   1248.7    868.4
     1     1    21     2     2     4     0     2  -115.0   47.842   64.782   1293.1    865.9
     1     1    21     2     2     3     0     3  -116.0   47.904   64.528   1383.1    858.1
     1     1    21     2     2     2     0     2  -117.0   47.958   64.257   1487.0    845.2
     1     1    21     2     2     1     0     1  -118.0   48.001   63.980   1556.9    838.4
     1     1    21     2     2     0     0     0  -119.0   48.040   63.694   1591.7    837.6
     1     1    21     2     1    23     0     1  -120.0   48.078   63.408   1620.0    838.6
