     5     1
    GDAS    21     2     1     0     0
    GDAS    21     2     8     0     0
    GDAS    21     2    15     0     0
    GDAS    21     2    22     0     0
    GDAS    21     3     1     0     0
     1 BACKWARD OMEGA   
    21     2    12     6   37.820  111.540  1000.0
     1 PRESSURE
     1     1    21     2    12     6     0     0     0.0   37.820  111.540   1000.0    777.2
     1     1    21     2    12     5     0     1    -1.0   37.789  111.576   1001.7    777.1
     1     1    21     2    12     4     0     2    -2.0   37.797  111.576   1002.9    777.2
     1     1    21     2    12     3     0     3    -3.0   37.845  111.540   1004.6    777.8
     1     1    21     2    12     2     0     2    -4.0   37.923  111.471   1022.9    778.3
     1     1    21     2    12     1     0     1    -5.0   38.017  111.375   1074.0    775.3
     1     1    21     2    12     0     0     0    -6.0   38.116  111.255   1165.3    769.0
     1     1    21     2    11    23     0     1    -7.0   38.207  111.100   1279.0    759.8
     1     1    21     2    11    22     0     2    -8.0   38.285  110.901   1379.9    753.1
     1     1    21     2    11    21     0     3    -9.0   38.360  110.666   1448.0    745.4
     1     1    21     2    11    20     0     2   -10.0   38.445  110.421   1481.6    740.9
     1     1    21     2    11    19     0     1   -11.0   38.550  110.187   1485.9    737.5
     1     1    21     2    11    18     0     0   -12.0   38.681  109.959   1463.3    735.2
     1     1    21     2    11    17     0     1   -13.0   38.844  109.728   1429.8    735.2
     1     1    21     2    11    16     0     2   -14.0   39.054  109.478   1407.9    733.3
     1     1    21     2    11    15     0     3   -15.0   39.326  109.179   1433.5    726.5
     1     1    21     2    11    14     0     2   -16.0   39.648  108.789   1528.7    711.9
     1     1    21     2    11    13     0     1   -17.0   39.987  108.305   1666.7    704.5
     1     1    21     2    11    12     0     0   -18.0   40.337  107.740   1793.8    700.0
     1     1    21     2    11    11     0     1   -19.0   40.694  107.075   1882.9    688.8
     1     1    21     2    11    10     0     2   -20.0   41.048  106.312   2008.3    679.6
     1     1    21     2    11     9     0     3   -21.0   41.396  105.473   2248.1    654.6
     1     1    21     2    11     8     0     2   -22.0   41.730  104.563   2362.2    650.8
     1     1    21     2    11     7     0     1   -23.0   42.018  103.594   2560.5    636.5
     1     1    21     2    11     6     0     0   -24.0   42.306  102.611   2773.9    619.6
     1     1    21     2    11     5     0     1   -25.0   42.566  101.600   3076.4    570.2
     1     1    21     2    11     4     0     2   -26.0   42.802  100.607   2214.4    659.2
     1     1    21     2    11     3     0     3   -27.0   43.111   99.558   2038.5    652.7
     1     1    21     2    11     2     0     2   -28.0   43.464   98.522   1406.0    732.8
     1     1    21     2    11     1     0     1   -29.0   43.824   97.524   1504.4    708.1
     1     1    21     2    11     0     0     0   -30.0   44.203   96.368   1661.8    714.5
     1     1    21     2    10    23     0     1   -31.0   44.474   95.156   1856.4    684.9
     1     1    21     2    10    22     0     2   -32.0   44.718   93.851   2290.5    628.9
     1     1    21     2    10    21     0     3   -33.0   44.989   92.466   2493.2    622.9
     1     1    21     2    10    20     0     2   -34.0   45.223   91.089   2741.4    597.9
     1     1    21     2    10    19     0     1   -35.0   45.409   89.763   2982.5    617.4
     1     1    21     2    10    18     0     0   -36.0   45.552   88.523   3057.0    633.7
     1     1    21     2    10    17     0     1   -37.0   45.671   87.303   3073.1    648.1
     1     1    21     2    10    16     0     2   -38.0   45.775   86.099   3064.8    662.4
     1     1    21     2    10    15     0     3   -39.0   45.866   84.861   2976.1    636.2
     1     1    21     2    10    14     0     2   -40.0   46.011   83.556   2879.2    589.1
     1     1    21     2    10    13     0     1   -41.0   46.152   82.244   3271.5    613.2
     1     1    21     2    10    12     0     0   -42.0   46.206   81.016   3293.9    604.0
     1     1    21     2    10    11     0     1   -43.0   46.258   79.845   3231.0    639.6
     1     1    21     2    10    10     0     2   -44.0   46.303   78.730   3167.3    648.2
     1     1    21     2    10     9     0     3   -45.0   46.348   77.633   3111.9    652.6
     1     1    21     2    10     8     0     2   -46.0   46.408   76.555   3079.0    655.7
     1     1    21     2    10     7     0     1   -47.0   46.489   75.493   3049.0    660.4
     1     1    21     2    10     6     0     0   -48.0   46.593   74.435   3022.7    660.0
     1     1    21     2    10     5     0     1   -49.0   46.723   73.383   3012.9    652.0
     1     1    21     2    10     4     0     2   -50.0   46.863   72.321   3025.9    646.8
     1     1    21     2    10     3     0     3   -51.0   47.004   71.234   3058.6    644.3
     1     1    21     2    10     2     0     2   -52.0   47.150   70.157   3105.6    653.1
     1     1    21     2    10     1     0     1   -53.0   47.307   69.099   3143.6    653.0
     1     1    21     2    10     0     0     0   -54.0   47.476   68.040   3169.9    650.1
     1     1    21     2     9    23     0     1   -55.0   47.659   66.993   3162.4    643.5
     1     1    21     2     9    22     0     2   -56.0   47.856   65.949   3185.6    647.5
     1     1    21     2     9    21     0     3   -57.0   48.057   64.903   3263.8    658.4
     1     1    21     2     9    20     0     2   -58.0   48.280   63.889   3322.8    658.5
     1     1    21     2     9    19     0     1   -59.0   48.531   62.891   3354.2    655.2
     1     1    21     2     9    18     0     0   -60.0   48.796   61.882   3366.9    652.4
     1     1    21     2     9    17     0     1   -61.0   49.101   60.865   3390.7    639.1
     1     1    21     2     9    16     0     2   -62.0   49.455   59.819   3405.7    634.2
     1     1    21     2     9    15     0     3   -63.0   49.836   58.712   3406.2    627.8
     1     1    21     2     9    14     0     2   -64.0   50.235   57.612   3418.5    624.3
     1     1    21     2     9    13     0     1   -65.0   50.638   56.489   3473.8    625.3
     1     1    21     2     9    12     0     0   -66.0   51.015   55.325   3535.2    627.3
     1     1    21     2     9    11     0     1   -67.0   51.378   54.170   3602.3    624.6
     1     1    21     2     9    10     0     2   -68.0   51.730   53.043   3684.3    617.3
     1     1    21     2     9     9     0     3   -69.0   52.061   51.938   3776.8    608.3
     1     1    21     2     9     8     0     2   -70.0   52.384   50.852   3854.8    603.2
     1     1    21     2     9     7     0     1   -71.0   52.724   49.835   3895.0    603.0
     1     1    21     2     9     6     0     0   -72.0   53.078   48.920   3856.4    609.2
     1     1    21     2     9     5     0     1   -73.0   53.458   48.042   3846.2    599.2
     1     1    21     2     9     4     0     2   -74.0   53.867   47.111   3935.5    585.6
     1     1    21     2     9     3     0     3   -75.0   54.297   46.184   3986.0    583.8
     1     1    21     2     9     2     0     2   -76.0   54.742   45.241   4073.4    578.5
     1     1    21     2     9     1     0     1   -77.0   55.184   44.252   4185.1    566.8
     1     1    21     2     9     0     0     0   -78.0   55.617   43.255   4289.3    562.8
     1     1    21     2     8    23     0     1   -79.0   56.047   42.265   4405.8    558.5
     1     1    21     2     8    22     0     2   -80.0   56.474   41.257   4561.5    539.7
     1     1    21     2     8    21     0     3   -81.0   56.882   40.263   4697.2    530.3
     1     1    21     2     8    20     0     2   -82.0   57.279   39.289   4865.0    516.5
     1     1    21     2     8    19     0     1   -83.0   57.676   38.338   4999.0    506.0
     1     1    21     2     8    18     0     0   -84.0   58.075   37.428   5082.9    500.8
     1     1    21     2     8    17     0     1   -85.0   58.491   36.554   5192.0    493.3
     1     1    21     2     8    16     0     2   -86.0   58.923   35.690   5312.0    483.6
     1     1    21     2     8    15     0     3   -87.0   59.371   34.805   5428.5    473.4
     1     1    21     2     8    14     0     2   -88.0   59.819   33.952   5504.0    472.2
     1     1    21     2     8    13     0     1   -89.0   60.268   33.155   5551.6    476.2
     1     1    21     2     8    12     0     0   -90.0   60.715   32.396   5599.9    473.8
     1     1    21     2     8    11     0     1   -91.0   61.155   31.690   5660.8    468.1
     1     1    21     2     8    10     0     2   -92.0   61.589   31.004   5735.5    461.2
     1     1    21     2     8     9     0     3   -93.0   62.016   30.323   5784.5    452.8
     1     1    21     2     8     8     0     2   -94.0   62.450   29.689   5801.8    451.7
     1     1    21     2     8     7     0     1   -95.0   62.899   29.120   5812.4    449.0
     1     1    21     2     8     6     0     0   -96.0   63.351   28.591   5808.5    447.9
     1     1    21     2     8     5     0     1   -97.0   63.815   28.110   5815.9    448.2
     1     1    21     2     8     4     0     2   -98.0   64.294   27.671   5869.1    443.1
     1     1    21     2     8     3     0     3   -99.0   64.770   27.267   5917.0    440.4
     1     1    21     2     8     2     0     2  -100.0   65.244   26.905   5938.8    440.5
     1     1    21     2     8     1     0     1  -101.0   65.720   26.570   5961.8    439.5
     1     1    21     2     8     0     0     0  -102.0   66.190   26.247   5992.7    436.6
     1     1    21     2     7    23     0     1  -103.0   66.664   25.965   6010.4    434.2
     1     1    21     2     7    22     0     2  -104.0   67.150   25.743   6018.1    433.4
     1     1    21     2     7    21     0     3  -105.0   67.638   25.567   6021.3    431.9
     1     1    21     2     7    20     0     2  -106.0   68.127   25.432   6036.5    430.8
     1     1    21     2     7    19     0     1  -107.0   68.621   25.317   6092.8    425.7
     1     1    21     2     7    18     0     0  -108.0   69.110   25.195   6177.9    416.2
     1     1    21     2     7    17     0     1  -109.0   69.583   25.091   6197.2    409.2
     1     1    21     2     7    16     0     2  -110.0   70.046   25.056   6083.2    418.2
     1     1    21     2     7    15     0     3  -111.0   70.518   25.103   5989.8    439.9
     1     1    21     2     7    14     0     2  -112.0   71.013   25.197   6022.4    448.6
     1     1    21     2     7    13     0     1  -113.0   71.512   25.317   6075.7    442.6
     1     1    21     2     7    12     0     0  -114.0   72.004   25.479   6091.1    443.6
     1     1    21     2     7    11     0     1  -115.0   72.490   25.692   6076.2    445.8
     1     1    21     2     7    10     0     2  -116.0   72.970   25.967   6053.4    447.6
     1     1    21     2     7     9     0     3  -117.0   73.448   26.320   6033.3    449.9
     1     1    21     2     7     8     0     2  -118.0   73.925   26.721   6021.6    450.5
     1     1    21     2     7     7     0     1  -119.0   74.393   27.141   6009.3    451.2
     1     1    21     2     7     6     0     0  -120.0   74.852   27.603   6000.2    452.5
