     5     1
    GDAS    21     2     1     0     0
    GDAS    21     2     8     0     0
    GDAS    21     2    15     0     0
    GDAS    21     2    22     0     0
    GDAS    21     3     1     0     0
     1 BACKWARD OMEGA   
    21     2    28     6   44.970  -93.230   500.0
     1 PRESSURE
     1     1    21     2    28     6     0     0     0.0   44.970  -93.230    500.0    920.8
     1     1    21     2    28     5     0     1    -1.0   44.964  -92.984    347.7    946.8
     1     1    21     2    28     4     0     2    -2.0   44.947  -92.765    291.7    951.3
     1     1    21     2    28     3     0     3    -3.0   44.924  -92.573    307.9    946.9
     1     1    21     2    28     2     0     2    -4.0   44.889  -92.419    341.8    937.9
     1     1    21     2    28     1     0     1    -5.0   44.849  -92.295    359.7    935.8
     1     1    21     2    28     0     0     0    -6.0   44.815  -92.206    368.2    934.5
     1     1    21     2    27    23     0     1    -7.0   44.786  -92.174    378.1    934.3
     1     1    21     2    27    22     0     2    -8.0   44.758  -92.222    397.4    932.0
     1     1    21     2    27    21     0     3    -9.0   44.729  -92.346    426.1    928.6
     1     1    21     2    27    20     0     2   -10.0   44.703  -92.517    460.6    923.0
     1     1    21     2    27    19     0     1   -11.0   44.683  -92.711    497.5    917.9
     1     1    21     2    27    18     0     0   -12.0   44.674  -92.935    538.6    912.5
     1     1    21     2    27    17     0     1   -13.0   44.693  -93.201    577.6    907.4
     1     1    21     2    27    16     0     2   -14.0   44.752  -93.511    595.8    905.5
     1     1    21     2    27    15     0     3   -15.0   44.844  -93.855    581.2    907.0
     1     1    21     2    27    14     0     2   -16.0   44.935  -94.235    549.5    910.4
     1     1    21     2    27    13     0     1   -17.0   45.010  -94.655    560.9    909.0
     1     1    21     2    27    12     0     0   -18.0   45.085  -95.089    665.0    895.5
     1     1    21     2    27    11     0     1   -19.0   45.147  -95.545    805.7    871.4
     1     1    21     2    27    10     0     2   -20.0   45.183  -96.020    884.2    861.0
     1     1    21     2    27     9     0     3   -21.0   45.191  -96.503    924.8    849.8
     1     1    21     2    27     8     0     2   -22.0   45.170  -96.994   1024.6    832.7
     1     1    21     2    27     7     0     1   -23.0   45.144  -97.462   1127.6    815.9
     1     1    21     2    27     6     0     0   -24.0   45.140  -97.882   1103.7    826.4
     1     1    21     2    27     5     0     1   -25.0   45.166  -98.297    996.4    839.6
     1     1    21     2    27     4     0     2   -26.0   45.211  -98.747    887.9    851.9
     1     1    21     2    27     3     0     3   -27.0   45.294  -99.248    815.2    851.9
     1     1    21     2    27     2     0     2   -28.0   45.395  -99.776    756.9    851.9
     1     1    21     2    27     1     0     1   -29.0   45.478 -100.302    758.7    851.5
     1     1    21     2    27     0     0     0   -30.0   45.559 -100.832    906.7    836.5
     1     1    21     2    26    23     0     1   -31.0   45.639 -101.366   1122.8    797.1
     1     1    21     2    26    22     0     2   -32.0   45.700 -101.910   1250.7    779.5
     1     1    21     2    26    21     0     3   -33.0   45.751 -102.470   1255.1    770.1
     1     1    21     2    26    20     0     2   -34.0   45.810 -103.042   1132.8    777.0
     1     1    21     2    26    19     0     1   -35.0   45.886 -103.626   1019.0    795.5
     1     1    21     2    26    18     0     0   -36.0   45.980 -104.226    951.0    793.3
     1     1    21     2    26    17     0     1   -37.0   46.094 -104.845    870.5    804.1
     1     1    21     2    26    16     0     2   -38.0   46.234 -105.522    737.1    816.6
     1     1    21     2    26    15     0     3   -39.0   46.346 -106.335    573.3    836.7
     1     1    21     2    26    14     0     2   -40.0   46.402 -107.195    569.3    828.2
     1     1    21     2    26    13     0     1   -41.0   46.459 -108.059    650.5    823.4
     1     1    21     2    26    12     0     0   -42.0   46.549 -108.992    877.3    772.4
     1     1    21     2    26    11     0     1   -43.0   46.685 -109.988   1112.5    724.4
     1     1    21     2    26    10     0     2   -44.0   46.781 -110.974    986.7    695.5
     1     1    21     2    26     9     0     3   -45.0   46.768 -111.905    854.5    757.0
     1     1    21     2    26     8     0     2   -46.0   46.779 -112.876    775.6    743.5
     1     1    21     2    26     7     0     1   -47.0   46.755 -113.685    439.8    780.8
     1     1    21     2    26     6     0     0   -48.0   46.662 -114.092    129.6    825.8
     1     1    21     2    26     5     0     1   -49.0   46.579 -114.292     28.3    830.0
     1     1    21     2    26     4     0     2   -50.0   46.507 -114.399     13.1    829.9
     1     1    21     2    26     3     0     3   -51.0   46.435 -114.460      8.2    830.4
     1     1    21     2    26     2     0     2   -52.0   46.367 -114.527      6.0    830.5
     1     1    21     2    26     1     0     1   -53.0   46.305 -114.651      5.7    831.1
     1     1    21     2    26     0     0     0   -54.0   46.248 -114.831      8.6    832.3
     1     1    21     2    25    23     0     1   -55.0   46.182 -115.034     17.9    835.2
     1     1    21     2    25    22     0     2   -56.0   46.093 -115.226     47.7    847.1
     1     1    21     2    25    21     0     3   -57.0   45.977 -115.412    116.7    854.0
     1     1    21     2    25    20     0     2   -58.0   45.823 -115.602    210.6    843.6
     1     1    21     2    25    19     0     1   -59.0   45.626 -115.783    268.0    827.7
     1     1    21     2    25    18     0     0   -60.0   45.396 -115.959    220.7    815.8
     1     1    21     2    25    17     0     1   -61.0   45.191 -116.092     74.9    820.3
     1     1    21     2    25    16     0     2   -62.0   45.047 -116.161      0.0    819.0
     1     1    21     2    25    15     0     3   -63.0   44.946 -116.183      0.0    819.1
     1     1    21     2    25    14     0     2   -64.0   44.867 -116.184      0.0    824.6
     1     1    21     2    25    13     0     1   -65.0   44.802 -116.184      0.0    829.2
     1     1    21     2    25    12     0     0   -66.0   44.750 -116.184      0.0    832.9
     1     1    21     2    25    11     0     1   -67.0   44.708 -116.180      0.0    835.5
     1     1    21     2    25    10     0     2   -68.0   44.673 -116.168      0.0    837.2
     1     1    21     2    25     9     0     3   -69.0   44.643 -116.148      0.4    838.0
     1     1    21     2    25     8     0     2   -70.0   44.622 -116.117      2.7    836.9
     1     1    21     2    25     7     0     1   -71.0   44.609 -116.070      7.6    834.2
     1     1    21     2    25     6     0     0   -72.0   44.604 -116.005     18.8    829.0
     1     1    21     2    25     5     0     1   -73.0   44.604 -115.938     52.2    823.1
     1     1    21     2    25     4     0     2   -74.0   44.619 -115.889    129.0    813.5
     1     1    21     2    25     3     0     3   -75.0   44.658 -115.851    249.7    795.9
     1     1    21     2    25     2     0     2   -76.0   44.722 -115.823    366.9    779.6
     1     1    21     2    25     1     0     1   -77.0   44.813 -115.803    485.1    765.0
     1     1    21     2    25     0     0     0   -78.0   44.943 -115.780    626.1    748.0
     1     1    21     2    24    23     0     1   -79.0   45.094 -115.755    783.9    737.0
     1     1    21     2    24    22     0     2   -80.0   45.235 -115.744    941.4    734.1
     1     1    21     2    24    21     0     3   -81.0   45.365 -115.744   1108.7    729.8
     1     1    21     2    24    20     0     2   -82.0   45.499 -115.740   1269.5    723.1
     1     1    21     2    24    19     0     1   -83.0   45.645 -115.731   1392.6    722.9
     1     1    21     2    24    18     0     0   -84.0   45.800 -115.723   1474.3    727.2
     1     1    21     2    24    17     0     1   -85.0   45.960 -115.741   1467.9    736.5
     1     1    21     2    24    16     0     2   -86.0   46.121 -115.803   1310.3    755.2
     1     1    21     2    24    15     0     3   -87.0   46.300 -115.895   1024.7    783.4
     1     1    21     2    24    14     0     2   -88.0   46.465 -116.012    752.5    820.9
     1     1    21     2    24    13     0     1   -89.0   46.580 -116.141    567.1    839.4
     1     1    21     2    24    12     0     0   -90.0   46.648 -116.274    440.2    852.0
     1     1    21     2    24    11     0     1   -91.0   46.681 -116.396    356.0    862.5
     1     1    21     2    24    10     0     2   -92.0   46.687 -116.506    297.8    870.0
     1     1    21     2    24     9     0     3   -93.0   46.669 -116.614    246.8    878.4
     1     1    21     2    24     8     0     2   -94.0   46.633 -116.726    205.2    887.2
     1     1    21     2    24     7     0     1   -95.0   46.590 -116.841    177.6    893.7
     1     1    21     2    24     6     0     0   -96.0   46.543 -116.952    160.4    898.1
     1     1    21     2    24     5     0     1   -97.0   46.490 -117.079    142.6    900.1
     1     1    21     2    24     4     0     2   -98.0   46.431 -117.254    102.7    901.3
     1     1    21     2    24     3     0     3   -99.0   46.367 -117.467     43.3    905.8
     1     1    21     2    24     2     0     2  -100.0   46.307 -117.689      2.3    905.2
     1     1    21     2    24     1     0     1  -101.0   46.260 -117.923      0.0    898.6
     1     1    21     2    24     0     0     0  -102.0   46.216 -118.185      0.0    909.4
     1     1    21     2    23    23     0     1  -103.0   46.164 -118.485      0.0    933.3
     1     1    21     2    23    22     0     2  -104.0   46.087 -118.846      0.0    966.5
     1     1    21     2    23    21     0     3  -105.0   45.984 -119.273      0.0    978.1
     1     1    21     2    23    20     0     2  -106.0   45.879 -119.716     19.4    963.4
     1     1    21     2    23    19     0     1  -107.0   45.792 -120.171    128.7    939.8
     1     1    21     2    23    18     0     0  -108.0   45.733 -120.707     85.9    892.4
     1     1    21     2    23    17     0     1  -109.0   45.674 -121.027      8.6    927.3
     1     1    21     2    23    16     0     2  -110.0   45.623 -121.242      0.0    925.9
     1     1    21     2    23    15     0     3  -111.0   45.583 -121.410      0.0    923.9
     1     1    21     2    23    14     0     2  -112.0   45.549 -121.560      0.0    922.2
     1     1    21     2    23    13     0     1  -113.0   45.514 -121.708      0.0    920.2
     1     1    21     2    23    12     0     0  -114.0   45.478 -121.852      0.0    917.9
     1     1    21     2    23    11     0     1  -115.0   45.447 -122.003      0.0    916.5
     1     1    21     2    23    10     0     2  -116.0   45.426 -122.167      0.0    932.5
     1     1    21     2    23     9     0     3  -117.0   45.409 -122.336      0.0    948.9
     1     1    21     2    23     8     0     2  -118.0   45.394 -122.489      0.0    962.7
     1     1    21     2    23     7     0     1  -119.0   45.380 -122.610      0.0    973.9
     1     1    21     2    23     6     0     0  -120.0   45.369 -122.709      0.0    983.2
