     5     1
    GDAS    21     2     1     0     0
    GDAS    21     2     8     0     0
    GDAS    21     2    15     0     0
    GDAS    21     2    22     0     0
    GDAS    21     3     1     0     0
     1 BACKWARD OMEGA   
    21     2    24    21   37.820  111.540  1000.0
     1 PRESSURE
     1     1    21     2    24    21     0     3     0.0   37.820  111.540   1000.0    775.9
     1     1    21     2    24    20     0     2    -1.0   37.928  111.666    944.0    776.4
     1     1    21     2    24    19     0     1    -2.0   38.020  111.757    858.7    784.8
     1     1    21     2    24    18     0     0    -3.0   38.110  111.827    772.7    790.3
     1     1    21     2    24    17     0     1    -4.0   38.199  111.890    711.4    792.7
     1     1    21     2    24    16     0     2    -5.0   38.278  111.951    681.1    790.0
     1     1    21     2    24    15     0     3    -6.0   38.347  112.010    675.6    785.9
     1     1    21     2    24    14     0     2    -7.0   38.402  112.078    687.5    782.8
     1     1    21     2    24    13     0     1    -8.0   38.442  112.164    708.9    780.9
     1     1    21     2    24    12     0     0    -9.0   38.470  112.263    737.3    779.2
     1     1    21     2    24    11     0     1   -10.0   38.488  112.369    763.6    778.2
     1     1    21     2    24    10     0     2   -11.0   38.493  112.479    777.4    779.3
     1     1    21     2    24     9     0     3   -12.0   38.488  112.595    772.5    782.5
     1     1    21     2    24     8     0     2   -13.0   38.481  112.709    756.7    788.2
     1     1    21     2    24     7     0     1   -14.0   38.482  112.814    744.7    792.5
     1     1    21     2    24     6     0     0   -15.0   38.490  112.910    743.8    795.4
     1     1    21     2    24     5     0     1   -16.0   38.488  112.981    754.5    796.7
     1     1    21     2    24     4     0     2   -17.0   38.457  113.016    768.4    797.1
     1     1    21     2    24     3     0     3   -18.0   38.391  113.015    782.9    796.3
     1     1    21     2    24     2     0     2   -19.0   38.309  112.999    800.5    793.9
     1     1    21     2    24     1     0     1   -20.0   38.237  112.988    828.4    791.2
     1     1    21     2    24     0     0     0   -21.0   38.180  112.980    869.0    787.1
     1     1    21     2    23    23     0     1   -22.0   38.132  112.952    895.0    781.4
     1     1    21     2    23    22     0     2   -23.0   38.067  112.888    879.2    782.3
     1     1    21     2    23    21     0     3   -24.0   37.979  112.797    809.0    788.6
     1     1    21     2    23    20     0     2   -25.0   37.870  112.727    723.4    802.7
     1     1    21     2    23    19     0     1   -26.0   37.743  112.692    668.1    810.7
     1     1    21     2    23    18     0     0   -27.0   37.603  112.682    645.7    815.6
     1     1    21     2    23    17     0     1   -28.0   37.462  112.700    635.8    817.0
     1     1    21     2    23    16     0     2   -29.0   37.324  112.751    613.2    821.3
     1     1    21     2    23    15     0     3   -30.0   37.187  112.838    565.6    827.9
     1     1    21     2    23    14     0     2   -31.0   37.050  112.998    496.8    837.6
     1     1    21     2    23    13     0     1   -32.0   36.936  113.257    428.5    861.7
     1     1    21     2    23    12     0     0   -33.0   36.898  113.528    367.1    880.7
     1     1    21     2    23    11     0     1   -34.0   36.919  113.748    255.2    898.7
     1     1    21     2    23    10     0     2   -35.0   36.948  113.911     87.9    930.0
     1     1    21     2    23     9     0     3   -36.0   36.946  114.061      0.0    953.3
     1     1    21     2    23     8     0     2   -37.0   36.918  114.210      0.0    964.2
     1     1    21     2    23     7     0     1   -38.0   36.872  114.346      0.0    974.4
     1     1    21     2    23     6     0     0   -39.0   36.806  114.468      0.0    983.6
     1     1    21     2    23     5     0     1   -40.0   36.729  114.578      0.0    992.9
     1     1    21     2    23     4     0     2   -41.0   36.648  114.676      0.0   1000.9
     1     1    21     2    23     3     0     3   -42.0   36.564  114.765      0.0   1007.8
     1     1    21     2    23     2     0     2   -43.0   36.482  114.847      0.0   1012.6
     1     1    21     2    23     1     0     1   -44.0   36.412  114.923      0.0   1017.0
     1     1    21     2    23     0     0     0   -45.0   36.354  114.991      0.0   1020.8
     1     1    21     2    22    23     0     1   -46.0   36.301  115.057      0.0   1021.2
     1     1    21     2    22    22     0     2   -47.0   36.242  115.129      0.0   1021.1
     1     1    21     2    22    21     0     3   -48.0   36.173  115.210      0.0   1021.0
     1     1    21     2    22    20     0     2   -49.0   36.099  115.308      0.0   1021.2
     1     1    21     2    22    19     0     1   -50.0   36.025  115.432      0.0   1021.5
     1     1    21     2    22    18     0     0   -51.0   35.953  115.579      0.0   1022.1
     1     1    21     2    22    17     0     1   -52.0   35.894  115.741      0.0   1022.4
     1     1    21     2    22    16     0     2   -53.0   35.852  115.911      0.0   1022.8
     1     1    21     2    22    15     0     3   -54.0   35.820  116.091      0.1   1022.4
     1     1    21     2    22    14     0     2   -55.0   35.800  116.262      0.0   1020.1
     1     1    21     2    22    13     0     1   -56.0   35.797  116.411      0.0   1017.9
     1     1    21     2    22    12     0     0   -57.0   35.807  116.548      0.0   1015.6
     1     1    21     2    22    11     0     1   -58.0   35.836  116.699      0.1   1013.6
     1     1    21     2    22    10     0     2   -59.0   35.888  116.885      1.9   1010.8
     1     1    21     2    22     9     0     3   -60.0   35.962  117.105      5.8   1004.6
     1     1    21     2    22     8     0     2   -61.0   36.062  117.345     12.1    997.6
     1     1    21     2    22     7     0     1   -62.0   36.182  117.597     24.1    992.5
     1     1    21     2    22     6     0     0   -63.0   36.322  117.861     46.3    988.7
     1     1    21     2    22     5     0     1   -64.0   36.486  118.134     77.0    991.9
     1     1    21     2    22     4     0     2   -65.0   36.691  118.415    102.5    999.9
     1     1    21     2    22     3     0     3   -66.0   36.938  118.703    106.2   1009.8
     1     1    21     2    22     2     0     2   -67.0   37.212  119.001     95.5   1013.1
     1     1    21     2    22     1     0     1   -68.0   37.492  119.306     92.8   1010.8
     1     1    21     2    22     0     0     0   -69.0   37.804  119.642    105.4   1007.7
     1     1    21     2    21    23     0     1   -70.0   38.211  120.037    124.8   1006.4
     1     1    21     2    21    22     0     2   -71.0   38.708  120.443    148.3   1002.7
     1     1    21     2    21    21     0     3   -72.0   39.265  120.828    188.8    997.9
     1     1    21     2    21    20     0     2   -73.0   39.860  121.178    243.6    987.1
     1     1    21     2    21    19     0     1   -74.0   40.438  121.467    308.8    977.4
     1     1    21     2    21    18     0     0   -75.0   40.986  121.695    383.9    967.1
     1     1    21     2    21    17     0     1   -76.0   41.505  121.825    440.8    951.9
     1     1    21     2    21    16     0     2   -77.0   42.012  121.835    480.2    936.9
     1     1    21     2    21    15     0     3   -78.0   42.553  121.768    505.7    924.8
     1     1    21     2    21    14     0     2   -79.0   43.109  121.632    501.5    918.0
     1     1    21     2    21    13     0     1   -80.0   43.620  121.409    500.7    925.5
     1     1    21     2    21    12     0     0   -81.0   44.136  121.117    562.1    918.1
     1     1    21     2    21    11     0     1   -82.0   44.644  120.702    706.9    878.9
     1     1    21     2    21    10     0     2   -83.0   45.114  120.131    897.2    817.5
     1     1    21     2    21     9     0     3   -84.0   45.544  119.491   1050.0    777.0
     1     1    21     2    21     8     0     2   -85.0   45.926  118.889   1153.9    769.6
     1     1    21     2    21     7     0     1   -86.0   46.275  118.303   1270.3    764.4
     1     1    21     2    21     6     0     0   -87.0   46.588  117.716   1381.5    761.1
     1     1    21     2    21     5     0     1   -88.0   46.885  117.174   1391.1    765.4
     1     1    21     2    21     4     0     2   -89.0   47.202  116.767   1308.3    786.1
     1     1    21     2    21     3     0     3   -90.0   47.555  116.453   1227.8    796.7
     1     1    21     2    21     2     0     2   -91.0   47.940  116.138   1194.8    796.2
     1     1    21     2    21     1     0     1   -92.0   48.354  115.791   1216.0    789.3
     1     1    21     2    21     0     0     0   -93.0   48.808  115.412   1239.1    779.1
     1     1    21     2    20    23     0     1   -94.0   49.307  114.969   1222.8    779.7
     1     1    21     2    20    22     0     2   -95.0   49.824  114.415   1254.0    778.9
     1     1    21     2    20    21     0     3   -96.0   50.349  113.662   1345.5    752.2
     1     1    21     2    20    20     0     2   -97.0   50.885  112.711   1444.8    723.5
     1     1    21     2    20    19     0     1   -98.0   51.393  111.654   1227.2    757.9
     1     1    21     2    20    18     0     0   -99.0   51.827  110.665   1184.0    766.5
     1     1    21     2    20    17     0     1  -100.0   52.246  109.651   1071.0    786.8
     1     1    21     2    20    16     0     2  -101.0   52.565  108.788    832.1    822.0
     1     1    21     2    20    15     0     3  -102.0   52.820  108.152    781.3    853.3
     1     1    21     2    20    14     0     2  -103.0   53.068  107.658    927.7    845.3
     1     1    21     2    20    13     0     1  -104.0   53.386  107.099   1199.3    808.6
     1     1    21     2    20    12     0     0  -105.0   53.815  106.234   1389.6    750.7
     1     1    21     2    20    11     0     1  -106.0   54.268  105.158   1514.1    746.9
     1     1    21     2    20    10     0     2  -107.0   54.692  103.833   1776.5    728.8
     1     1    21     2    20     9     0     3  -108.0   55.150  102.428   1823.1    737.9
     1     1    21     2    20     8     0     2  -109.0   55.575  101.013   1811.5    742.5
     1     1    21     2    20     7     0     1  -110.0   55.914   99.628   1866.0    748.6
     1     1    21     2    20     6     0     0  -111.0   56.217   98.310   1863.4    754.8
     1     1    21     2    20     5     0     1  -112.0   56.485   97.082   1853.7    755.2
     1     1    21     2    20     4     0     2  -113.0   56.756   95.976   1857.2    755.5
     1     1    21     2    20     3     0     3  -114.0   57.043   94.979   1841.8    761.8
     1     1    21     2    20     2     0     2  -115.0   57.320   94.046   1849.4    750.7
     1     1    21     2    20     1     0     1  -116.0   57.585   93.228   1865.3    759.5
     1     1    21     2    20     0     0     0  -117.0   57.847   92.577   1841.5    765.1
     1     1    21     2    19    23     0     1  -118.0   58.086   92.037   1820.4    766.5
     1     1    21     2    19    22     0     2  -119.0   58.286   91.578   1790.2    767.9
     1     1    21     2    19    21     0     3  -120.0   58.451   91.218   1751.8    771.4
