     5     1
    GDAS    21     2     1     0     0
    GDAS    21     2     8     0     0
    GDAS    21     2    15     0     0
    GDAS    21     2    22     0     0
    GDAS    21     3     1     0     0
     1 BACKWARD OMEGA   
    21     2     2    18   44.970  -93.230   500.0
     1 PRESSURE
     1     1    21     2     2    18     0     0     0.0   44.970  -93.230    500.0    930.1
     1     1    21     2     2    17     0     1    -1.0   44.910  -93.179    542.0    924.2
     1     1    21     2     2    16     0     2    -2.0   44.873  -93.140    577.4    919.3
     1     1    21     2     2    15     0     3    -3.0   44.856  -93.111    603.0    916.0
     1     1    21     2     2    14     0     2    -4.0   44.861  -93.101    622.0    914.6
     1     1    21     2     2    13     0     1    -5.0   44.893  -93.120    638.0    913.2
     1     1    21     2     2    12     0     0    -6.0   44.946  -93.168    650.8    912.6
     1     1    21     2     2    11     0     1    -7.0   45.000  -93.231    658.5    912.0
     1     1    21     2     2    10     0     2    -8.0   45.035  -93.294    660.1    911.6
     1     1    21     2     2     9     0     3    -9.0   45.053  -93.355    658.9    911.7
     1     1    21     2     2     8     0     2   -10.0   45.062  -93.414    659.3    912.1
     1     1    21     2     2     7     0     1   -11.0   45.071  -93.474    664.2    911.6
     1     1    21     2     2     6     0     0   -12.0   45.082  -93.535    672.5    910.6
     1     1    21     2     2     5     0     1   -13.0   45.111  -93.604    682.9    908.9
     1     1    21     2     2     4     0     2   -14.0   45.173  -93.686    692.6    906.7
     1     1    21     2     2     3     0     3   -15.0   45.266  -93.777    696.8    904.5
     1     1    21     2     2     2     0     2   -16.0   45.372  -93.876    696.1    903.4
     1     1    21     2     2     1     0     1   -17.0   45.473  -93.983    697.7    901.9
     1     1    21     2     2     0     0     0   -18.0   45.570  -94.103    709.5    899.4
     1     1    21     2     1    23     0     1   -19.0   45.670  -94.238    726.0    894.4
     1     1    21     2     1    22     0     2   -20.0   45.772  -94.388    737.3    891.4
     1     1    21     2     1    21     0     3   -21.0   45.875  -94.552    745.3    889.3
     1     1    21     2     1    20     0     2   -22.0   45.980  -94.717    759.4    887.8
     1     1    21     2     1    19     0     1   -23.0   46.097  -94.871    784.4    884.4
     1     1    21     2     1    18     0     0   -24.0   46.228  -95.019    816.0    880.2
     1     1    21     2     1    17     0     1   -25.0   46.379  -95.176    851.6    876.2
     1     1    21     2     1    16     0     2   -26.0   46.554  -95.361    885.4    872.0
     1     1    21     2     1    15     0     3   -27.0   46.751  -95.581    909.0    869.0
     1     1    21     2     1    14     0     2   -28.0   46.952  -95.833    919.2    868.1
     1     1    21     2     1    13     0     1   -29.0   47.136  -96.101    921.8    871.2
     1     1    21     2     1    12     0     0   -30.0   47.292  -96.379    918.6    875.7
     1     1    21     2     1    11     0     1   -31.0   47.426  -96.660    914.2    880.7
     1     1    21     2     1    10     0     2   -32.0   47.550  -96.934    916.2    883.8
     1     1    21     2     1     9     0     3   -33.0   47.668  -97.204    924.8    879.7
     1     1    21     2     1     8     0     2   -34.0   47.792  -97.468    939.7    872.2
     1     1    21     2     1     7     0     1   -35.0   47.928  -97.721    966.0    864.3
     1     1    21     2     1     6     0     0   -36.0   48.085  -97.969   1019.8    854.7
     1     1    21     2     1     5     0     1   -37.0   48.265  -98.218   1076.7    845.9
     1     1    21     2     1     4     0     2   -38.0   48.459  -98.467   1108.4    843.9
     1     1    21     2     1     3     0     3   -39.0   48.667  -98.722   1138.8    841.1
     1     1    21     2     1     2     0     2   -40.0   48.891  -99.000   1179.2    833.8
     1     1    21     2     1     1     0     1   -41.0   49.119  -99.310   1221.3    824.0
     1     1    21     2     1     0     0     0   -42.0   49.340  -99.657   1266.2    817.1
