     5     1
    GDAS    21     2     1     0     0
    GDAS    21     2     8     0     0
    GDAS    21     2    15     0     0
    GDAS    21     2    22     0     0
    GDAS    21     3     1     0     0
     1 BACKWARD OMEGA   
    21     2    11    18   37.820  111.540  1000.0
     1 PRESSURE
     1     1    21     2    11    18     0     0     0.0   37.820  111.540   1000.0    776.6
     1     1    21     2    11    17     0     1    -1.0   37.958  111.270   1044.1    777.5
     1     1    21     2    11    16     0     2    -2.0   38.092  111.036   1070.1    779.0
     1     1    21     2    11    15     0     3    -3.0   38.219  110.826   1063.2    782.7
     1     1    21     2    11    14     0     2    -4.0   38.341  110.606   1016.0    785.7
     1     1    21     2    11    13     0     1    -5.0   38.461  110.353    935.9    793.0
     1     1    21     2    11    12     0     0    -6.0   38.591  110.044    857.9    797.4
     1     1    21     2    11    11     0     1    -7.0   38.740  109.681    812.0    796.6
     1     1    21     2    11    10     0     2    -8.0   38.901  109.287    798.2    791.9
     1     1    21     2    11     9     0     3    -9.0   39.075  108.865    805.2    784.4
     1     1    21     2    11     8     0     2   -10.0   39.253  108.414    833.6    778.6
     1     1    21     2    11     7     0     1   -11.0   39.430  107.928    894.3    775.1
     1     1    21     2    11     6     0     0   -12.0   39.600  107.416    984.2    768.2
     1     1    21     2    11     5     0     1   -13.0   39.794  106.864   1105.4    753.7
     1     1    21     2    11     4     0     2   -14.0   40.046  106.283   1213.9    756.4
     1     1    21     2    11     3     0     3   -15.0   40.323  105.694   1249.6    749.1
     1     1    21     2    11     2     0     2   -16.0   40.628  105.024   1287.0    731.0
     1     1    21     2    11     1     0     1   -17.0   40.948  104.257   1323.3    730.9
     1     1    21     2    11     0     0     0   -18.0   41.247  103.408   1363.1    730.7
     1     1    21     2    10    23     0     1   -19.0   41.512  102.505   1522.4    725.5
     1     1    21     2    10    22     0     2   -20.0   41.770  101.634   1608.5    736.5
     1     1    21     2    10    21     0     3   -21.0   42.034  100.780   1606.6    740.0
     1     1    21     2    10    20     0     2   -22.0   42.326   99.959   1556.9    740.0
     1     1    21     2    10    19     0     1   -23.0   42.684   99.077   1417.0    710.7
     1     1    21     2    10    18     0     0   -24.0   43.004   98.153    909.0    764.9
     1     1    21     2    10    17     0     1   -25.0   43.140   97.258    760.4    787.5
     1     1    21     2    10    16     0     2   -26.0   43.271   96.434    965.6    777.8
     1     1    21     2    10    15     0     3   -27.0   43.410   95.792   1023.3    783.4
     1     1    21     2    10    14     0     2   -28.0   43.554   95.217   1119.0    779.1
     1     1    21     2    10    13     0     1   -29.0   43.720   94.604   1314.2    770.0
     1     1    21     2    10    12     0     0   -30.0   43.906   93.750   1640.6    735.3
     1     1    21     2    10    11     0     1   -31.0   44.141   92.754   1891.6    652.1
     1     1    21     2    10    10     0     2   -32.0   44.383   91.686   2174.2    638.6
     1     1    21     2    10     9     0     3   -33.0   44.611   90.665   2443.7    640.5
     1     1    21     2    10     8     0     2   -34.0   44.770   89.727   2646.9    650.5
     1     1    21     2    10     7     0     1   -35.0   44.870   88.766   2713.0    662.7
     1     1    21     2    10     6     0     0   -36.0   44.969   87.782   2742.4    671.6
     1     1    21     2    10     5     0     1   -37.0   45.040   86.947   2748.8    684.3
     1     1    21     2    10     4     0     2   -38.0   45.037   86.217   2686.0    694.7
     1     1    21     2    10     3     0     3   -39.0   44.950   85.413   2568.6    703.7
     1     1    21     2    10     2     0     2   -40.0   44.851   84.513   2425.5    695.3
     1     1    21     2    10     1     0     1   -41.0   44.743   83.510   2344.2    671.8
     1     1    21     2    10     0     0     0   -42.0   44.580   82.517   1940.8    695.7
     1     1    21     2     9    23     0     1   -43.0   44.491   81.778   1398.7    745.7
     1     1    21     2     9    22     0     2   -44.0   44.404   81.265    781.2    807.1
     1     1    21     2     9    21     0     3   -45.0   44.318   80.871    356.5    879.5
     1     1    21     2     9    20     0     2   -46.0   44.213   80.511    147.4    905.7
     1     1    21     2     9    19     0     1   -47.0   44.050   80.099     39.2    941.6
     1     1    21     2     9    18     0     0   -48.0   43.894   79.704      0.0    930.9
     1     1    21     2     9    17     0     1   -49.0   43.810   79.409      0.0    911.1
     1     1    21     2     9    16     0     2   -50.0   43.784   79.170      0.0    902.0
     1     1    21     2     9    15     0     3   -51.0   43.790   78.969      5.5    897.4
     1     1    21     2     9    14     0     2   -52.0   43.809   78.795      9.9    891.4
     1     1    21     2     9    13     0     1   -53.0   43.826   78.655      4.4    888.1
     1     1    21     2     9    12     0     0   -54.0   43.843   78.547      0.0    885.4
     1     1    21     2     9    11     0     1   -55.0   43.865   78.452      0.0    884.5
     1     1    21     2     9    10     0     2   -56.0   43.900   78.353      0.0    885.9
     1     1    21     2     9     9     0     3   -57.0   43.957   78.250      0.0    891.0
     1     1    21     2     9     8     0     2   -58.0   44.038   78.146      0.0    897.0
     1     1    21     2     9     7     0     1   -59.0   44.124   78.041      0.0    901.0
     1     1    21     2     9     6     0     0   -60.0   44.202   77.931      3.8    910.7
     1     1    21     2     9     5     0     1   -61.0   44.258   77.823      9.0    918.5
     1     1    21     2     9     4     0     2   -62.0   44.292   77.726     17.6    923.3
     1     1    21     2     9     3     0     3   -63.0   44.310   77.634     37.7    925.7
     1     1    21     2     9     2     0     2   -64.0   44.335   77.528     70.5    927.6
     1     1    21     2     9     1     0     1   -65.0   44.388   77.381    105.5    931.3
     1     1    21     2     9     0     0     0   -66.0   44.474   77.180    128.1    938.6
     1     1    21     2     8    23     0     1   -67.0   44.569   76.932    134.5    946.0
     1     1    21     2     8    22     0     2   -68.0   44.653   76.656    128.5    947.3
     1     1    21     2     8    21     0     3   -69.0   44.720   76.360    110.3    950.2
     1     1    21     2     8    20     0     2   -70.0   44.789   76.058     91.9    954.8
     1     1    21     2     8    19     0     1   -71.0   44.888   75.744     88.3    958.8
     1     1    21     2     8    18     0     0   -72.0   45.026   75.399    106.1    962.5
     1     1    21     2     8    17     0     1   -73.0   45.148   75.005    127.4    959.2
     1     1    21     2     8    16     0     2   -74.0   45.236   74.576    143.1    957.3
     1     1    21     2     8    15     0     3   -75.0   45.339   74.115    169.7    952.8
     1     1    21     2     8    14     0     2   -76.0   45.435   73.601    198.1    942.9
     1     1    21     2     8    13     0     1   -77.0   45.520   73.036    215.5    934.7
     1     1    21     2     8    12     0     0   -78.0   45.630   72.440    231.2    934.9
     1     1    21     2     8    11     0     1   -79.0   45.717   71.837    232.8    933.6
     1     1    21     2     8    10     0     2   -80.0   45.749   71.245    194.4    938.5
     1     1    21     2     8     9     0     3   -81.0   45.759   70.675    134.9    952.0
     1     1    21     2     8     8     0     2   -82.0   45.762   70.168     98.7    962.7
     1     1    21     2     8     7     0     1   -83.0   45.744   69.709     76.0    964.7
     1     1    21     2     8     6     0     0   -84.0   45.708   69.299     43.9    970.5
     1     1    21     2     8     5     0     1   -85.0   45.661   68.957     23.1    978.0
     1     1    21     2     8     4     0     2   -86.0   45.590   68.652     10.6    981.0
     1     1    21     2     8     3     0     3   -87.0   45.479   68.382      7.0    984.1
     1     1    21     2     8     2     0     2   -88.0   45.343   68.128      5.6    987.7
     1     1    21     2     8     1     0     1   -89.0   45.202   67.889      4.6    991.1
     1     1    21     2     8     0     0     0   -90.0   45.058   67.668      3.2    993.3
     1     1    21     2     7    23     0     1   -91.0   44.903   67.479      1.8    990.5
     1     1    21     2     7    22     0     2   -92.0   44.734   67.337      1.4    987.0
     1     1    21     2     7    21     0     3   -93.0   44.551   67.243      1.7    985.2
     1     1    21     2     7    20     0     2   -94.0   44.374   67.200      1.9    984.3
     1     1    21     2     7    19     0     1   -95.0   44.209   67.205      1.8    981.9
     1     1    21     2     7    18     0     0   -96.0   44.044   67.245      2.1    976.8
     1     1    21     2     7    17     0     1   -97.0   43.884   67.303      3.0    974.9
     1     1    21     2     7    16     0     2   -98.0   43.746   67.376      4.1    974.7
     1     1    21     2     7    15     0     3   -99.0   43.629   67.462      5.3    974.8
     1     1    21     2     7    14     0     2  -100.0   43.535   67.558      6.2    973.7
     1     1    21     2     7    13     0     1  -101.0   43.460   67.659      6.3    972.9
     1     1    21     2     7    12     0     0  -102.0   43.398   67.767      5.7    972.3
     1     1    21     2     7    11     0     1  -103.0   43.345   67.870      4.7    973.7
     1     1    21     2     7    10     0     2  -104.0   43.299   67.955      3.8    975.7
     1     1    21     2     7     9     0     3  -105.0   43.266   68.025      3.5    978.4
     1     1    21     2     7     8     0     2  -106.0   43.241   68.084      4.7    980.4
     1     1    21     2     7     7     0     1  -107.0   43.222   68.138      7.9    981.9
     1     1    21     2     7     6     0     0  -108.0   43.209   68.184     13.1    982.4
     1     1    21     2     7     5     0     1  -109.0   43.199   68.213     19.6    982.5
     1     1    21     2     7     4     0     2  -110.0   43.192   68.220     25.4    982.7
     1     1    21     2     7     3     0     3  -111.0   43.186   68.204     29.5    983.2
     1     1    21     2     7     2     0     2  -112.0   43.176   68.159     30.4    983.4
     1     1    21     2     7     1     0     1  -113.0   43.161   68.077     27.4    984.6
     1     1    21     2     7     0     0     0  -114.0   43.146   67.953     21.5    987.0
     1     1    21     2     6    23     0     1  -115.0   43.123   67.809     16.8    990.7
     1     1    21     2     6    22     0     2  -116.0   43.083   67.659     14.8    993.8
     1     1    21     2     6    21     0     3  -117.0   43.024   67.493     14.3    996.9
     1     1    21     2     6    20     0     2  -118.0   42.955   67.315     15.4    997.9
     1     1    21     2     6    19     0     1  -119.0   42.884   67.128     19.2    997.3
     1     1    21     2     6    18     0     0  -120.0   42.809   66.933     25.7    995.7
