     5     1
    GDAS    21     2     1     0     0
    GDAS    21     2     8     0     0
    GDAS    21     2    15     0     0
    GDAS    21     2    22     0     0
    GDAS    21     3     1     0     0
     1 BACKWARD OMEGA   
    21     2    14    15   44.970  -93.230   500.0
     1 PRESSURE
     1     1    21     2    14    15     0     3     0.0   44.970  -93.230    500.0    935.3
     1     1    21     2    14    14     0     2    -1.0   45.225  -93.339    509.6    931.9
     1     1    21     2    14    13     0     1    -2.0   45.489  -93.431    525.5    926.2
     1     1    21     2    14    12     0     0    -3.0   45.761  -93.516    551.3    918.9
     1     1    21     2    14    11     0     1    -4.0   46.025  -93.606    588.4    910.1
     1     1    21     2    14    10     0     2    -5.0   46.268  -93.711    628.0    902.7
     1     1    21     2    14     9     0     3    -6.0   46.501  -93.833    657.4    897.1
     1     1    21     2    14     8     0     2    -7.0   46.737  -93.964    679.8    894.1
     1     1    21     2    14     7     0     1    -8.0   46.979  -94.098    707.9    890.0
     1     1    21     2    14     6     0     0    -9.0   47.219  -94.245    745.8    884.1
     1     1    21     2    14     5     0     1   -10.0   47.449  -94.383    774.5    879.1
     1     1    21     2    14     4     0     2   -11.0   47.666  -94.485    782.9    880.2
     1     1    21     2    14     3     0     3   -12.0   47.870  -94.545    787.0    882.7
     1     1    21     2    14     2     0     2   -13.0   48.063  -94.595    787.0    883.0
     1     1    21     2    14     1     0     1   -14.0   48.254  -94.675    777.1    885.5
     1     1    21     2    14     0     0     0   -15.0   48.446  -94.783    771.7    887.8
     1     1    21     2    13    23     0     1   -16.0   48.626  -94.911    773.4    887.4
     1     1    21     2    13    22     0     2   -17.0   48.784  -95.058    767.8    887.6
     1     1    21     2    13    21     0     3   -18.0   48.922  -95.225    749.8    890.0
     1     1    21     2    13    20     0     2   -19.0   49.048  -95.378    730.1    894.0
     1     1    21     2    13    19     0     1   -20.0   49.166  -95.488    715.7    896.2
     1     1    21     2    13    18     0     0   -21.0   49.278  -95.561    703.6    898.4
     1     1    21     2    13    17     0     1   -22.0   49.391  -95.600    690.2    900.4
     1     1    21     2    13    16     0     2   -23.0   49.509  -95.609    675.0    903.3
     1     1    21     2    13    15     0     3   -24.0   49.629  -95.585    663.2    905.7
     1     1    21     2    13    14     0     2   -25.0   49.742  -95.546    655.8    906.7
     1     1    21     2    13    13     0     1   -26.0   49.843  -95.515    648.3    907.8
     1     1    21     2    13    12     0     0   -27.0   49.931  -95.490    637.9    909.3
     1     1    21     2    13    11     0     1   -28.0   50.003  -95.462    627.2    911.4
     1     1    21     2    13    10     0     2   -29.0   50.055  -95.423    620.8    912.1
     1     1    21     2    13     9     0     3   -30.0   50.086  -95.377    618.8    912.0
     1     1    21     2    13     8     0     2   -31.0   50.101  -95.324    618.7    911.4
     1     1    21     2    13     7     0     1   -32.0   50.105  -95.260    618.6    911.0
     1     1    21     2    13     6     0     0   -33.0   50.099  -95.185    618.5    910.4
     1     1    21     2    13     5     0     1   -34.0   50.082  -95.114    615.6    909.9
     1     1    21     2    13     4     0     2   -35.0   50.054  -95.064    607.6    910.5
     1     1    21     2    13     3     0     3   -36.0   50.016  -95.036    595.3    911.8
     1     1    21     2    13     2     0     2   -37.0   49.970  -95.023    567.4    913.6
     1     1    21     2    13     1     0     1   -38.0   49.917  -95.018    513.7    920.3
     1     1    21     2    13     0     0     0   -39.0   49.859  -95.014    434.4    930.8
     1     1    21     2    12    23     0     1   -40.0   49.798  -95.015    358.8    944.4
     1     1    21     2    12    22     0     2   -41.0   49.733  -95.041    315.7    950.3
     1     1    21     2    12    21     0     3   -42.0   49.662  -95.094    301.4    952.2
     1     1    21     2    12    20     0     2   -43.0   49.584  -95.167    300.9    950.9
     1     1    21     2    12    19     0     1   -44.0   49.499  -95.251    302.6    950.9
     1     1    21     2    12    18     0     0   -45.0   49.407  -95.347    305.8    950.6
     1     1    21     2    12    17     0     1   -46.0   49.307  -95.459    308.3    949.9
     1     1    21     2    12    16     0     2   -47.0   49.204  -95.589    307.9    949.6
     1     1    21     2    12    15     0     3   -48.0   49.102  -95.740    304.0    949.7
     1     1    21     2    12    14     0     2   -49.0   49.002  -95.901    296.6    949.9
     1     1    21     2    12    13     0     1   -50.0   48.898  -96.061    285.0    952.0
     1     1    21     2    12    12     0     0   -51.0   48.796  -96.227    268.9    955.8
     1     1    21     2    12    11     0     1   -52.0   48.724  -96.421    248.5    960.7
     1     1    21     2    12    10     0     2   -53.0   48.696  -96.649    223.0    966.2
     1     1    21     2    12     9     0     3   -54.0   48.705  -96.906    191.6    973.0
     1     1    21     2    12     8     0     2   -55.0   48.732  -97.191    175.5    976.9
     1     1    21     2    12     7     0     1   -56.0   48.773  -97.529    208.3    969.3
     1     1    21     2    12     6     0     0   -57.0   48.858  -97.934    300.0    953.3
     1     1    21     2    12     5     0     1   -58.0   48.968  -98.353    393.8    929.5
     1     1    21     2    12     4     0     2   -59.0   49.077  -98.776    437.1    917.5
     1     1    21     2    12     3     0     3   -60.0   49.199  -99.227    454.1    913.0
     1     1    21     2    12     2     0     2   -61.0   49.324  -99.711    503.0    901.4
     1     1    21     2    12     1     0     1   -62.0   49.447 -100.220    580.1    887.6
     1     1    21     2    12     0     0     0   -63.0   49.580 -100.730    631.0    885.9
     1     1    21     2    11    23     0     1   -64.0   49.716 -101.230    654.2    884.4
     1     1    21     2    11    22     0     2   -65.0   49.844 -101.734    682.7    871.4
     1     1    21     2    11    21     0     3   -66.0   49.962 -102.252    706.6    858.0
     1     1    21     2    11    20     0     2   -67.0   50.088 -102.762    707.1    859.0
     1     1    21     2    11    19     0     1   -68.0   50.238 -103.244    697.7    864.4
     1     1    21     2    11    18     0     0   -69.0   50.407 -103.706    695.1    869.0
     1     1    21     2    11    17     0     1   -70.0   50.594 -104.153    700.0    869.8
     1     1    21     2    11    16     0     2   -71.0   50.798 -104.568    701.5    872.1
     1     1    21     2    11    15     0     3   -72.0   51.009 -104.929    698.5    876.9
     1     1    21     2    11    14     0     2   -73.0   51.219 -105.263    692.4    876.4
     1     1    21     2    11    13     0     1   -74.0   51.432 -105.611    685.3    876.2
     1     1    21     2    11    12     0     0   -75.0   51.647 -105.985    679.5    876.8
     1     1    21     2    11    11     0     1   -76.0   51.860 -106.341    675.1    879.6
     1     1    21     2    11    10     0     2   -77.0   52.063 -106.635    674.7    881.3
     1     1    21     2    11     9     0     3   -78.0   52.259 -106.881    684.5    879.3
     1     1    21     2    11     8     0     2   -79.0   52.459 -107.098    708.1    873.1
     1     1    21     2    11     7     0     1   -80.0   52.668 -107.307    739.0    865.4
     1     1    21     2    11     6     0     0   -81.0   52.876 -107.517    760.8    860.4
     1     1    21     2    11     5     0     1   -82.0   53.085 -107.707    765.5    860.5
     1     1    21     2    11     4     0     2   -83.0   53.306 -107.863    761.2    863.8
     1     1    21     2    11     3     0     3   -84.0   53.543 -108.008    753.6    866.7
     1     1    21     2    11     2     0     2   -85.0   53.785 -108.165    721.5    869.8
     1     1    21     2    11     1     0     1   -86.0   54.017 -108.324    646.2    880.4
     1     1    21     2    11     0     0     0   -87.0   54.242 -108.478    557.7    894.2
     1     1    21     2    10    23     0     1   -88.0   54.456 -108.626    491.9    900.5
     1     1    21     2    10    22     0     2   -89.0   54.655 -108.766    438.3    902.0
     1     1    21     2    10    21     0     3   -90.0   54.842 -108.898    374.4    904.1
     1     1    21     2    10    20     0     2   -91.0   55.029 -109.030    302.7    910.1
     1     1    21     2    10    19     0     1   -92.0   55.219 -109.167    251.2    924.5
     1     1    21     2    10    18     0     0   -93.0   55.410 -109.306    228.1    931.0
     1     1    21     2    10    17     0     1   -94.0   55.609 -109.454    218.4    934.8
     1     1    21     2    10    16     0     2   -95.0   55.826 -109.634    205.9    938.1
     1     1    21     2    10    15     0     3   -96.0   56.061 -109.846    173.9    941.2
     1     1    21     2    10    14     0     2   -97.0   56.286 -110.045    137.3    946.1
     1     1    21     2    10    13     0     1   -98.0   56.491 -110.222    119.4    948.4
     1     1    21     2    10    12     0     0   -99.0   56.698 -110.410    119.7    947.7
     1     1    21     2    10    11     0     1  -100.0   56.911 -110.619    121.1    949.1
     1     1    21     2    10    10     0     2  -101.0   57.105 -110.840    107.2    955.0
     1     1    21     2    10     9     0     3  -102.0   57.264 -111.065     80.9    964.3
     1     1    21     2    10     8     0     2  -103.0   57.398 -111.290     63.8    970.9
     1     1    21     2    10     7     0     1  -104.0   57.532 -111.529     62.9    970.7
     1     1    21     2    10     6     0     0  -105.0   57.669 -111.804     83.9    965.8
     1     1    21     2    10     5     0     1  -106.0   57.828 -112.149    144.5    952.4
     1     1    21     2    10     4     0     2  -107.0   58.033 -112.546    176.4    932.6
     1     1    21     2    10     3     0     3  -108.0   58.247 -112.889     94.0    946.8
     1     1    21     2    10     2     0     2  -109.0   58.402 -113.115     13.8    971.5
     1     1    21     2    10     1     0     1  -110.0   58.521 -113.295      0.0    976.0
     1     1    21     2    10     0     0     0  -111.0   58.629 -113.469      0.0    976.9
     1     1    21     2     9    23     0     1  -112.0   58.730 -113.645      0.0    974.7
     1     1    21     2     9    22     0     2  -113.0   58.827 -113.817     13.1    969.3
     1     1    21     2     9    21     0     3  -114.0   58.938 -113.995     99.0    956.3
     1     1    21     2     9    20     0     2  -115.0   59.156 -114.254    296.5    913.2
     1     1    21     2     9    19     0     1  -116.0   59.473 -114.624    374.1    906.0
     1     1    21     2     9    18     0     0  -117.0   59.799 -115.122    343.3    931.2
     1     1    21     2     9    17     0     1  -118.0   60.089 -115.663    294.1    962.3
     1     1    21     2     9    16     0     2  -119.0   60.357 -116.181    270.0    970.1
     1     1    21     2     9    15     0     3  -120.0   60.609 -116.667    252.7    970.1
