     5     1
    GDAS    21     2     1     0     0
    GDAS    21     2     8     0     0
    GDAS    21     2    15     0     0
    GDAS    21     2    22     0     0
    GDAS    21     3     1     0     0
     1 BACKWARD OMEGA   
    21     2     4     6   37.820  111.540  1000.0
     1 PRESSURE
     1     1    21     2     4     6     0     0     0.0   37.820  111.540   1000.0    777.9
     1     1    21     2     4     5     0     1    -1.0   37.927  111.175   1056.0    776.4
     1     1    21     2     4     4     0     2    -2.0   38.003  110.842   1065.7    782.9
     1     1    21     2     4     3     0     3    -3.0   38.050  110.523   1054.5    788.3
     1     1    21     2     4     2     0     2    -4.0   38.072  110.209   1045.8    790.6
     1     1    21     2     4     1     0     1    -5.0   38.068  109.905   1040.3    790.7
     1     1    21     2     4     0     0     0    -6.0   38.042  109.604   1049.5    787.7
     1     1    21     2     3    23     0     1    -7.0   38.016  109.309   1086.5    780.5
     1     1    21     2     3    22     0     2    -8.0   38.003  109.029   1129.8    771.3
     1     1    21     2     3    21     0     3    -9.0   38.000  108.768   1162.2    763.3
     1     1    21     2     3    20     0     2   -10.0   38.012  108.527   1182.3    756.8
     1     1    21     2     3    19     0     1   -11.0   38.037  108.303   1180.9    751.9
     1     1    21     2     3    18     0     0   -12.0   38.061  108.100   1144.9    751.2
     1     1    21     2     3    17     0     1   -13.0   38.078  107.910   1106.0    756.7
     1     1    21     2     3    16     0     2   -14.0   38.098  107.721   1100.5    756.7
     1     1    21     2     3    15     0     3   -15.0   38.123  107.542   1121.9    754.1
     1     1    21     2     3    14     0     2   -16.0   38.158  107.378   1149.7    749.8
     1     1    21     2     3    13     0     1   -17.0   38.206  107.233   1168.3    748.6
     1     1    21     2     3    12     0     0   -18.0   38.264  107.108   1176.7    748.9
     1     1    21     2     3    11     0     1   -19.0   38.325  106.992   1177.8    750.5
     1     1    21     2     3    10     0     2   -20.0   38.389  106.869   1179.8    749.5
     1     1    21     2     3     9     0     3   -21.0   38.469  106.732   1191.7    745.0
     1     1    21     2     3     8     0     2   -22.0   38.569  106.561   1202.2    735.3
     1     1    21     2     3     7     0     1   -23.0   38.695  106.340   1197.2    720.5
     1     1    21     2     3     6     0     0   -24.0   38.848  106.067   1173.5    695.4
     1     1    21     2     3     5     0     1   -25.0   39.023  105.767   1178.9    698.7
     1     1    21     2     3     4     0     2   -26.0   39.207  105.467   1218.4    721.9
     1     1    21     2     3     3     0     3   -27.0   39.393  105.176   1223.8    735.6
     1     1    21     2     3     2     0     2   -28.0   39.579  104.881   1209.7    742.1
     1     1    21     2     3     1     0     1   -29.0   39.767  104.578   1203.7    741.5
     1     1    21     2     3     0     0     0   -30.0   39.957  104.288   1171.4    742.0
     1     1    21     2     2    23     0     1   -31.0   40.160  104.030   1125.8    753.7
     1     1    21     2     2    22     0     2   -32.0   40.401  103.776   1125.0    754.3
     1     1    21     2     2    21     0     3   -33.0   40.687  103.496   1178.1    745.0
     1     1    21     2     2    20     0     2   -34.0   41.001  103.183   1250.7    734.7
     1     1    21     2     2    19     0     1   -35.0   41.316  102.865   1295.5    735.8
     1     1    21     2     2    18     0     0   -36.0   41.622  102.581   1292.3    750.3
     1     1    21     2     2    17     0     1   -37.0   41.918  102.325   1261.1    765.1
     1     1    21     2     2    16     0     2   -38.0   42.215  102.061   1232.9    763.7
     1     1    21     2     2    15     0     3   -39.0   42.554  101.770   1292.8    742.1
     1     1    21     2     2    14     0     2   -40.0   42.939  101.486   1391.6    703.5
     1     1    21     2     2    13     0     1   -41.0   43.335  101.234   1518.5    704.2
     1     1    21     2     2    12     0     0   -42.0   43.747  100.974   1697.3    706.6
     1     1    21     2     2    11     0     1   -43.0   44.167  100.672   1831.0    683.1
     1     1    21     2     2    10     0     2   -44.0   44.580  100.330   1925.6    657.6
     1     1    21     2     2     9     0     3   -45.0   45.014   99.869   2113.5    601.0
     1     1    21     2     2     8     0     2   -46.0   45.452   99.320   2164.5    590.5
     1     1    21     2     2     7     0     1   -47.0   45.860   98.820   2002.9    627.5
     1     1    21     2     2     6     0     0   -48.0   46.256   98.335   1899.6    636.3
     1     1    21     2     2     5     0     1   -49.0   46.678   97.758   2072.6    591.7
     1     1    21     2     2     4     0     2   -50.0   47.113   97.075   2356.1    548.6
     1     1    21     2     2     3     0     3   -51.0   47.528   96.431   2487.6    562.4
     1     1    21     2     2     2     0     2   -52.0   47.924   95.844   2509.2    579.5
     1     1    21     2     2     1     0     1   -53.0   48.302   95.276   2501.8    588.4
     1     1    21     2     2     0     0     0   -54.0   48.670   94.738   2490.7    611.6
     1     1    21     2     1    23     0     1   -55.0   49.019   94.244   2478.7    624.3
     1     1    21     2     1    22     0     2   -56.0   49.322   93.789   2482.7    637.8
     1     1    21     2     1    21     0     3   -57.0   49.575   93.366   2504.7    652.4
     1     1    21     2     1    20     0     2   -58.0   49.802   92.970   2555.7    662.4
     1     1    21     2     1    19     0     1   -59.0   50.018   92.587   2622.0    654.0
     1     1    21     2     1    18     0     0   -60.0   50.229   92.184   2687.3    624.4
     1     1    21     2     1    17     0     1   -61.0   50.455   91.721   2717.3    594.2
     1     1    21     2     1    16     0     2   -62.0   50.698   91.208   2679.1    591.9
     1     1    21     2     1    15     0     3   -63.0   50.930   90.713   2589.1    612.2
     1     1    21     2     1    14     0     2   -64.0   51.142   90.244   2460.0    619.7
     1     1    21     2     1    13     0     1   -65.0   51.335   89.760   2334.3    618.5
     1     1    21     2     1    12     0     0   -66.0   51.521   89.248   2249.1    616.5
     1     1    21     2     1    11     0     1   -67.0   51.685   88.752   2219.4    631.0
     1     1    21     2     1    10     0     2   -68.0   51.806   88.319   2201.0    654.5
     1     1    21     2     1     9     0     3   -69.0   51.886   87.954   2172.9    675.5
     1     1    21     2     1     8     0     2   -70.0   51.934   87.668   2147.0    695.8
     1     1    21     2     1     7     0     1   -71.0   51.962   87.467   2124.8    710.4
     1     1    21     2     1     6     0     0   -72.0   51.971   87.334   2106.8    719.6
     1     1    21     2     1     5     0     1   -73.0   51.978   87.264   2116.9    725.1
     1     1    21     2     1     4     0     2   -74.0   52.004   87.258   2179.7    721.7
     1     1    21     2     1     3     0     3   -75.0   52.057   87.308   2292.4    709.5
     1     1    21     2     1     2     0     2   -76.0   52.155   87.362   2420.3    693.6
     1     1    21     2     1     1     0     1   -77.0   52.302   87.397   2532.8    685.3
     1     1    21     2     1     0     0     0   -78.0   52.503   87.432   2646.3    678.9
