     5     1
    GDAS    21     2     1     0     0
    GDAS    21     2     8     0     0
    GDAS    21     2    15     0     0
    GDAS    21     2    22     0     0
    GDAS    21     3     1     0     0
     1 BACKWARD OMEGA   
    21     2     3     6   44.970  -93.230   500.0
     1 PRESSURE
     1     1    21     2     3     6     0     0     0.0   44.970  -93.230    500.0    925.6
     1     1    21     2     3     5     0     1    -1.0   44.702  -93.189    505.3    922.3
     1     1    21     2     3     4     0     2    -2.0   44.471  -93.123    506.8    919.1
     1     1    21     2     3     3     0     3    -3.0   44.281  -93.029    501.8    916.6
     1     1    21     2     3     2     0     2    -4.0   44.136  -92.924    500.8    916.3
     1     1    21     2     3     1     0     1    -5.0   44.038  -92.835    513.5    914.2
     1     1    21     2     3     0     0     0    -6.0   43.986  -92.764    536.8    911.5
     1     1    21     2     2    23     0     1    -7.0   43.959  -92.701    563.2    908.5
     1     1    21     2     2    22     0     2    -8.0   43.940  -92.634    587.1    906.8
     1     1    21     2     2    21     0     3    -9.0   43.926  -92.560    613.7    904.8
     1     1    21     2     2    20     0     2   -10.0   43.929  -92.489    643.9    902.2
     1     1    21     2     2    19     0     1   -11.0   43.957  -92.428    673.0    899.4
     1     1    21     2     2    18     0     0   -12.0   44.009  -92.372    697.0    897.3
     1     1    21     2     2    17     0     1   -13.0   44.077  -92.323    712.6    896.3
     1     1    21     2     2    16     0     2   -14.0   44.152  -92.288    719.2    896.5
     1     1    21     2     2    15     0     3   -15.0   44.234  -92.266    718.6    897.5
     1     1    21     2     2    14     0     2   -16.0   44.323  -92.261    717.0    899.3
     1     1    21     2     2    13     0     1   -17.0   44.424  -92.277    719.5    900.0
     1     1    21     2     2    12     0     0   -18.0   44.536  -92.315    725.8    900.3
     1     1    21     2     2    11     0     1   -19.0   44.649  -92.365    734.5    900.0
     1     1    21     2     2    10     0     2   -20.0   44.749  -92.416    744.1    899.7
     1     1    21     2     2     9     0     3   -21.0   44.835  -92.471    752.8    899.3
     1     1    21     2     2     8     0     2   -22.0   44.911  -92.528    760.1    899.4
     1     1    21     2     2     7     0     1   -23.0   44.982  -92.583    765.1    899.7
     1     1    21     2     2     6     0     0   -24.0   45.051  -92.636    767.4    899.5
     1     1    21     2     2     5     0     1   -25.0   45.135  -92.694    772.2    898.8
     1     1    21     2     2     4     0     2   -26.0   45.251  -92.765    783.8    896.8
     1     1    21     2     2     3     0     3   -27.0   45.401  -92.847    801.7    893.6
     1     1    21     2     2     2     0     2   -28.0   45.564  -92.938    824.6    889.9
     1     1    21     2     2     1     0     1   -29.0   45.722  -93.039    852.1    885.6
     1     1    21     2     2     0     0     0   -30.0   45.876  -93.155    885.2    880.2
     1     1    21     2     1    23     0     1   -31.0   46.041  -93.298    916.1    873.0
     1     1    21     2     1    22     0     2   -32.0   46.222  -93.470    935.6    868.6
     1     1    21     2     1    21     0     3   -33.0   46.411  -93.669    943.5    866.0
     1     1    21     2     1    20     0     2   -34.0   46.600  -93.878    948.9    865.8
     1     1    21     2     1    19     0     1   -35.0   46.788  -94.084    964.8    863.8
     1     1    21     2     1    18     0     0   -36.0   46.984  -94.294    995.9    859.2
     1     1    21     2     1    17     0     1   -37.0   47.195  -94.514   1036.4    853.7
     1     1    21     2     1    16     0     2   -38.0   47.422  -94.746   1077.4    850.7
     1     1    21     2     1    15     0     3   -39.0   47.664  -94.996   1123.1    849.5
     1     1    21     2     1    14     0     2   -40.0   47.909  -95.270   1170.6    846.8
     1     1    21     2     1    13     0     1   -41.0   48.138  -95.571   1204.9    843.3
     1     1    21     2     1    12     0     0   -42.0   48.346  -95.890   1213.5    841.2
     1     1    21     2     1    11     0     1   -43.0   48.536  -96.210   1209.0    845.3
     1     1    21     2     1    10     0     2   -44.0   48.715  -96.517   1211.4    847.3
     1     1    21     2     1     9     0     3   -45.0   48.877  -96.810   1220.5    848.1
     1     1    21     2     1     8     0     2   -46.0   49.026  -97.094   1230.8    847.4
     1     1    21     2     1     7     0     1   -47.0   49.176  -97.372   1247.1    845.6
     1     1    21     2     1     6     0     0   -48.0   49.331  -97.643   1282.9    841.3
     1     1    21     2     1     5     0     1   -49.0   49.493  -97.902   1329.4    834.1
     1     1    21     2     1     4     0     2   -50.0   49.666  -98.158   1368.0    828.4
     1     1    21     2     1     3     0     3   -51.0   49.844  -98.419   1394.2    825.0
     1     1    21     2     1     2     0     2   -52.0   50.024  -98.691   1409.4    823.0
     1     1    21     2     1     1     0     1   -53.0   50.206  -98.979   1417.9    821.9
     1     1    21     2     1     0     0     0   -54.0   50.388  -99.290   1431.6    818.4
