     5     1
    GDAS    21     2     1     0     0
    GDAS    21     2     8     0     0
    GDAS    21     2    15     0     0
    GDAS    21     2    22     0     0
    GDAS    21     3     1     0     0
     1 BACKWARD OMEGA   
    21     2     4    18   37.820  111.540  1000.0
     1 PRESSURE
     1     1    21     2     4    18     0     0     0.0   37.820  111.540   1000.0    776.6
     1     1    21     2     4    17     0     1    -1.0   38.072  111.037   1095.3    764.9
     1     1    21     2     4    16     0     2    -2.0   38.268  110.592   1049.4    784.7
     1     1    21     2     4    15     0     3    -3.0   38.434  110.158   1000.1    789.9
     1     1    21     2     4    14     0     2    -4.0   38.596  109.694    965.3    784.6
     1     1    21     2     4    13     0     1    -5.0   38.757  109.189    932.4    781.0
     1     1    21     2     4    12     0     0    -6.0   38.927  108.626    921.1    775.3
     1     1    21     2     4    11     0     1    -7.0   39.085  108.029    976.1    765.3
     1     1    21     2     4    10     0     2    -8.0   39.233  107.436   1080.5    761.4
     1     1    21     2     4     9     0     3    -9.0   39.376  106.842   1202.7    749.9
     1     1    21     2     4     8     0     2   -10.0   39.518  106.194   1443.5    714.6
     1     1    21     2     4     7     0     1   -11.0   39.667  105.513   1730.7    685.5
     1     1    21     2     4     6     0     0   -12.0   39.839  104.846   1873.1    670.4
     1     1    21     2     4     5     0     1   -13.0   40.011  104.186   1887.1    673.4
     1     1    21     2     4     4     0     2   -14.0   40.159  103.518   1858.8    681.4
     1     1    21     2     4     3     0     3   -15.0   40.313  102.796   1917.7    674.4
     1     1    21     2     4     2     0     2   -16.0   40.458  102.073   1992.8    681.6
     1     1    21     2     4     1     0     1   -17.0   40.573  101.406   2009.5    686.2
     1     1    21     2     4     0     0     0   -18.0   40.669  100.779   1990.0    690.2
     1     1    21     2     3    23     0     1   -19.0   40.758  100.180   1959.2    690.7
     1     1    21     2     3    22     0     2   -20.0   40.846   99.577   1966.0    682.1
     1     1    21     2     3    21     0     3   -21.0   40.931   98.925   2026.7    661.9
     1     1    21     2     3    20     0     2   -22.0   41.004   98.270   2085.6    651.3
     1     1    21     2     3    19     0     1   -23.0   41.045   97.647   2122.7    643.5
     1     1    21     2     3    18     0     0   -24.0   41.050   97.003   2166.3    621.1
     1     1    21     2     3    17     0     1   -25.0   41.024   96.359   2230.3    622.2
     1     1    21     2     3    16     0     2   -26.0   40.982   95.758   2274.5    620.6
     1     1    21     2     3    15     0     3   -27.0   40.935   95.213   2257.9    617.7
     1     1    21     2     3    14     0     2   -28.0   40.884   94.717   2210.3    635.3
     1     1    21     2     3    13     0     1   -29.0   40.830   94.252   2180.1    657.5
     1     1    21     2     3    12     0     0   -30.0   40.778   93.809   2163.7    667.8
     1     1    21     2     3    11     0     1   -31.0   40.728   93.387   2151.1    668.3
     1     1    21     2     3    10     0     2   -32.0   40.679   92.985   2151.3    669.0
     1     1    21     2     3     9     0     3   -33.0   40.634   92.597   2157.0    674.2
     1     1    21     2     3     8     0     2   -34.0   40.594   92.232   2145.8    681.9
     1     1    21     2     3     7     0     1   -35.0   40.560   91.901   2124.4    690.9
     1     1    21     2     3     6     0     0   -36.0   40.528   91.609   2101.0    701.3
     1     1    21     2     3     5     0     1   -37.0   40.494   91.361   2078.5    710.2
     1     1    21     2     3     4     0     2   -38.0   40.457   91.156   2059.0    717.4
     1     1    21     2     3     3     0     3   -39.0   40.417   90.989   2042.2    723.0
     1     1    21     2     3     2     0     2   -40.0   40.379   90.847   2021.6    722.8
     1     1    21     2     3     1     0     1   -41.0   40.347   90.718   2000.6    723.5
     1     1    21     2     3     0     0     0   -42.0   40.323   90.601   1980.9    724.3
     1     1    21     2     2    23     0     1   -43.0   40.304   90.479   1960.8    725.2
     1     1    21     2     2    22     0     2   -44.0   40.282   90.336   1937.6    726.5
     1     1    21     2     2    21     0     3   -45.0   40.251   90.176   1909.3    728.5
     1     1    21     2     2    20     0     2   -46.0   40.216   90.011   1878.6    731.7
     1     1    21     2     2    19     0     1   -47.0   40.184   89.849   1847.4    735.4
     1     1    21     2     2    18     0     0   -48.0   40.155   89.684   1813.7    739.7
     1     1    21     2     2    17     0     1   -49.0   40.132   89.518   1769.7    743.7
     1     1    21     2     2    16     0     2   -50.0   40.117   89.359   1716.4    750.0
     1     1    21     2     2    15     0     3   -51.0   40.107   89.206   1672.6    755.3
     1     1    21     2     2    14     0     2   -52.0   40.100   89.053   1643.4    757.8
     1     1    21     2     2    13     0     1   -53.0   40.091   88.895   1615.2    759.2
     1     1    21     2     2    12     0     0   -54.0   40.082   88.733   1579.7    762.1
     1     1    21     2     2    11     0     1   -55.0   40.071   88.565   1548.5    765.2
     1     1    21     2     2    10     0     2   -56.0   40.057   88.391   1528.6    766.1
     1     1    21     2     2     9     0     3   -57.0   40.040   88.213   1516.8    766.2
     1     1    21     2     2     8     0     2   -58.0   40.016   88.037   1518.6    766.4
     1     1    21     2     2     7     0     1   -59.0   39.981   87.871   1536.0    763.5
     1     1    21     2     2     6     0     0   -60.0   39.932   87.718   1565.9    759.9
     1     1    21     2     2     5     0     1   -61.0   39.885   87.564   1598.3    754.2
     1     1    21     2     2     4     0     2   -62.0   39.854   87.396   1622.9    751.0
     1     1    21     2     2     3     0     3   -63.0   39.838   87.216   1648.6    747.7
     1     1    21     2     2     2     0     2   -64.0   39.832   87.025   1686.8    743.3
     1     1    21     2     2     1     0     1   -65.0   39.829   86.829   1736.8    737.3
     1     1    21     2     2     0     0     0   -66.0   39.833   86.631   1793.8    731.7
     1     1    21     2     1    23     0     1   -67.0   39.832   86.429   1845.2    725.0
     1     1    21     2     1    22     0     2   -68.0   39.816   86.225   1880.7    721.3
     1     1    21     2     1    21     0     3   -69.0   39.788   86.015   1902.8    718.4
     1     1    21     2     1    20     0     2   -70.0   39.757   85.811   1916.7    716.5
     1     1    21     2     1    19     0     1   -71.0   39.731   85.617   1925.8    714.5
     1     1    21     2     1    18     0     0   -72.0   39.710   85.435   1927.1    713.4
     1     1    21     2     1    17     0     1   -73.0   39.698   85.262   1927.0    713.1
     1     1    21     2     1    16     0     2   -74.0   39.697   85.096   1933.8    711.7
     1     1    21     2     1    15     0     3   -75.0   39.708   84.936   1947.5    710.0
     1     1    21     2     1    14     0     2   -76.0   39.720   84.780   1963.5    708.1
     1     1    21     2     1    13     0     1   -77.0   39.725   84.625   1977.8    706.7
     1     1    21     2     1    12     0     0   -78.0   39.726   84.469   1993.4    705.2
     1     1    21     2     1    11     0     1   -79.0   39.726   84.311   2008.4    703.3
     1     1    21     2     1    10     0     2   -80.0   39.724   84.153   2018.3    702.0
     1     1    21     2     1     9     0     3   -81.0   39.717   83.993   2021.1    701.3
     1     1    21     2     1     8     0     2   -82.0   39.704   83.840   2020.1    701.7
     1     1    21     2     1     7     0     1   -83.0   39.685   83.706   2019.9    701.6
     1     1    21     2     1     6     0     0   -84.0   39.659   83.587   2021.2    701.2
     1     1    21     2     1     5     0     1   -85.0   39.629   83.483   2019.2    700.4
     1     1    21     2     1     4     0     2   -86.0   39.592   83.393   2010.1    700.6
     1     1    21     2     1     3     0     3   -87.0   39.546   83.320   1995.6    701.1
     1     1    21     2     1     2     0     2   -88.0   39.491   83.254   1980.5    701.8
     1     1    21     2     1     1     0     1   -89.0   39.427   83.184   1967.4    701.8
     1     1    21     2     1     0     0     0   -90.0   39.354   83.109   1953.3    701.8
