     5     1
    GDAS    21     2     1     0     0
    GDAS    21     2     8     0     0
    GDAS    21     2    15     0     0
    GDAS    21     2    22     0     0
    GDAS    21     3     1     0     0
     1 BACKWARD OMEGA   
    21     2     8    18   44.970  -93.230   500.0
     1 PRESSURE
     1     1    21     2     8    18     0     0     0.0   44.970  -93.230    500.0    927.2
     1     1    21     2     8    17     0     1    -1.0   45.016  -93.356    495.1    927.6
     1     1    21     2     8    16     0     2    -2.0   45.071  -93.484    490.1    927.5
     1     1    21     2     8    15     0     3    -3.0   45.137  -93.616    487.0    926.6
     1     1    21     2     8    14     0     2    -4.0   45.221  -93.757    488.7    925.2
     1     1    21     2     8    13     0     1    -5.0   45.327  -93.914    499.3    921.8
     1     1    21     2     8    12     0     0    -6.0   45.454  -94.091    520.3    916.2
     1     1    21     2     8    11     0     1    -7.0   45.590  -94.305    541.8    909.7
     1     1    21     2     8    10     0     2    -8.0   45.729  -94.567    552.9    906.0
     1     1    21     2     8     9     0     3    -9.0   45.874  -94.876    555.0    904.2
     1     1    21     2     8     8     0     2   -10.0   46.020  -95.206    565.2    905.0
     1     1    21     2     8     7     0     1   -11.0   46.159  -95.531    595.0    902.4
     1     1    21     2     8     6     0     0   -12.0   46.292  -95.850    635.0    898.2
     1     1    21     2     8     5     0     1   -13.0   46.424  -96.169    663.4    893.9
     1     1    21     2     8     4     0     2   -14.0   46.555  -96.487    670.0    895.8
     1     1    21     2     8     3     0     3   -15.0   46.685  -96.794    667.0    900.7
     1     1    21     2     8     2     0     2   -16.0   46.812  -97.088    663.9    903.1
     1     1    21     2     8     1     0     1   -17.0   46.937  -97.376    665.0    899.6
     1     1    21     2     8     0     0     0   -18.0   47.067  -97.668    676.9    893.6
     1     1    21     2     7    23     0     1   -19.0   47.198  -97.970    697.3    884.3
     1     1    21     2     7    22     0     2   -20.0   47.316  -98.277    714.9    876.8
     1     1    21     2     7    21     0     3   -21.0   47.423  -98.580    723.8    872.6
     1     1    21     2     7    20     0     2   -22.0   47.530  -98.874    726.9    870.9
     1     1    21     2     7    19     0     1   -23.0   47.650  -99.157    731.5    871.1
     1     1    21     2     7    18     0     0   -24.0   47.775  -99.421    742.6    871.1
     1     1    21     2     7    17     0     1   -25.0   47.909  -99.670    758.0    869.8
     1     1    21     2     7    16     0     2   -26.0   48.058  -99.913    773.5    867.3
     1     1    21     2     7    15     0     3   -27.0   48.218 -100.153    790.8    861.5
     1     1    21     2     7    14     0     2   -28.0   48.388 -100.400    809.3    856.5
     1     1    21     2     7    13     0     1   -29.0   48.566 -100.660    825.3    855.1
     1     1    21     2     7    12     0     0   -30.0   48.749 -100.929    841.5    856.9
     1     1    21     2     7    11     0     1   -31.0   48.939 -101.202    864.6    856.0
     1     1    21     2     7    10     0     2   -32.0   49.141 -101.478    896.0    849.1
     1     1    21     2     7     9     0     3   -33.0   49.349 -101.758    926.3    839.9
     1     1    21     2     7     8     0     2   -34.0   49.563 -102.048    955.9    830.3
     1     1    21     2     7     7     0     1   -35.0   49.777 -102.351    995.5    822.6
     1     1    21     2     7     6     0     0   -36.0   49.988 -102.666   1053.1    813.8
     1     1    21     2     7     5     0     1   -37.0   50.192 -102.988   1115.8    806.3
     1     1    21     2     7     4     0     2   -38.0   50.393 -103.298   1151.7    803.7
     1     1    21     2     7     3     0     3   -39.0   50.589 -103.580   1155.2    805.9
     1     1    21     2     7     2     0     2   -40.0   50.782 -103.851   1155.4    809.4
     1     1    21     2     7     1     0     1   -41.0   50.977 -104.133   1175.1    808.2
     1     1    21     2     7     0     0     0   -42.0   51.172 -104.431   1204.5    806.6
     1     1    21     2     6    23     0     1   -43.0   51.363 -104.731   1227.1    805.5
     1     1    21     2     6    22     0     2   -44.0   51.551 -105.023   1243.6    805.6
     1     1    21     2     6    21     0     3   -45.0   51.735 -105.307   1262.0    803.3
     1     1    21     2     6    20     0     2   -46.0   51.918 -105.586   1278.5    801.2
     1     1    21     2     6    19     0     1   -47.0   52.103 -105.859   1288.0    801.7
     1     1    21     2     6    18     0     0   -48.0   52.293 -106.131   1293.5    802.4
     1     1    21     2     6    17     0     1   -49.0   52.489 -106.410   1296.8    801.3
     1     1    21     2     6    16     0     2   -50.0   52.687 -106.699   1293.6    798.7
     1     1    21     2     6    15     0     3   -51.0   52.878 -106.992   1266.4    796.3
     1     1    21     2     6    14     0     2   -52.0   53.060 -107.284   1229.8    803.0
     1     1    21     2     6    13     0     1   -53.0   53.244 -107.586   1216.2    806.9
     1     1    21     2     6    12     0     0   -54.0   53.430 -107.905   1224.0    806.9
     1     1    21     2     6    11     0     1   -55.0   53.616 -108.235   1242.9    806.6
     1     1    21     2     6    10     0     2   -56.0   53.803 -108.567   1268.5    805.5
     1     1    21     2     6     9     0     3   -57.0   53.985 -108.910   1298.0    802.9
     1     1    21     2     6     8     0     2   -58.0   54.169 -109.244   1322.3    794.5
     1     1    21     2     6     7     0     1   -59.0   54.361 -109.548   1331.5    787.7
     1     1    21     2     6     6     0     0   -60.0   54.550 -109.818   1308.3    786.4
     1     1    21     2     6     5     0     1   -61.0   54.744 -110.053   1265.6    792.4
     1     1    21     2     6     4     0     2   -62.0   54.963 -110.260   1232.2    797.7
     1     1    21     2     6     3     0     3   -63.0   55.214 -110.447   1222.7    801.6
     1     1    21     2     6     2     0     2   -64.0   55.486 -110.638   1230.7    801.8
     1     1    21     2     6     1     0     1   -65.0   55.763 -110.848   1242.0    801.2
     1     1    21     2     6     0     0     0   -66.0   56.043 -111.071   1249.3    801.1
     1     1    21     2     5    23     0     1   -67.0   56.319 -111.305   1259.2    804.0
     1     1    21     2     5    22     0     2   -68.0   56.582 -111.537   1270.8    807.0
     1     1    21     2     5    21     0     3   -69.0   56.829 -111.756   1275.5    812.7
     1     1    21     2     5    20     0     2   -70.0   57.063 -111.940   1285.2    818.0
     1     1    21     2     5    19     0     1   -71.0   57.305 -112.083   1310.0    811.7
     1     1    21     2     5    18     0     0   -72.0   57.566 -112.192   1348.5    802.8
     1     1    21     2     5    17     0     1   -73.0   57.846 -112.293   1381.8    793.6
     1     1    21     2     5    16     0     2   -74.0   58.136 -112.412   1399.6    793.2
     1     1    21     2     5    15     0     3   -75.0   58.429 -112.550   1407.8    800.1
     1     1    21     2     5    14     0     2   -76.0   58.714 -112.703   1412.4    807.9
     1     1    21     2     5    13     0     1   -77.0   58.981 -112.858   1420.2    814.5
     1     1    21     2     5    12     0     0   -78.0   59.232 -113.018   1422.4    812.6
     1     1    21     2     5    11     0     1   -79.0   59.481 -113.195   1419.6    810.5
     1     1    21     2     5    10     0     2   -80.0   59.739 -113.391   1417.8    810.9
     1     1    21     2     5     9     0     3   -81.0   60.006 -113.589   1421.2    813.8
     1     1    21     2     5     8     0     2   -82.0   60.278 -113.796   1436.3    816.2
     1     1    21     2     5     7     0     1   -83.0   60.550 -114.013   1469.9    816.2
     1     1    21     2     5     6     0     0   -84.0   60.820 -114.231   1519.6    813.6
     1     1    21     2     5     5     0     1   -85.0   61.093 -114.454   1572.1    809.2
     1     1    21     2     5     4     0     2   -86.0   61.375 -114.687   1613.7    804.0
     1     1    21     2     5     3     0     3   -87.0   61.663 -114.929   1641.2    800.9
     1     1    21     2     5     2     0     2   -88.0   61.950 -115.181   1652.5    798.1
     1     1    21     2     5     1     0     1   -89.0   62.231 -115.444   1655.0    796.4
     1     1    21     2     5     0     0     0   -90.0   62.510 -115.719   1660.0    795.7
     1     1    21     2     4    23     0     1   -91.0   62.786 -115.999   1674.9    796.6
     1     1    21     2     4    22     0     2   -92.0   63.062 -116.274   1699.2    790.8
     1     1    21     2     4    21     0     3   -93.0   63.337 -116.545   1728.7    782.9
     1     1    21     2     4    20     0     2   -94.0   63.610 -116.815   1757.2    778.0
     1     1    21     2     4    19     0     1   -95.0   63.883 -117.068   1779.7    776.1
     1     1    21     2     4    18     0     0   -96.0   64.158 -117.294   1791.5    771.7
     1     1    21     2     4    17     0     1   -97.0   64.435 -117.527   1797.3    769.9
     1     1    21     2     4    16     0     2   -98.0   64.714 -117.790   1801.2    770.9
     1     1    21     2     4    15     0     3   -99.0   64.995 -118.069   1806.1    774.4
     1     1    21     2     4    14     0     2  -100.0   65.267 -118.353   1811.0    772.9
     1     1    21     2     4    13     0     1  -101.0   65.521 -118.629   1818.2    773.0
     1     1    21     2     4    12     0     0  -102.0   65.758 -118.892   1819.2    775.0
     1     1    21     2     4    11     0     1  -103.0   65.982 -119.127   1813.9    780.0
     1     1    21     2     4    10     0     2  -104.0   66.202 -119.326   1808.6    780.1
     1     1    21     2     4     9     0     3  -105.0   66.418 -119.489   1807.1    778.7
     1     1    21     2     4     8     0     2  -106.0   66.629 -119.637   1812.1    777.0
     1     1    21     2     4     7     0     1  -107.0   66.833 -119.777   1833.6    773.6
     1     1    21     2     4     6     0     0  -108.0   67.036 -119.889   1879.1    766.1
     1     1    21     2     4     5     0     1  -109.0   67.240 -119.972   1916.3    749.4
     1     1    21     2     4     4     0     2  -110.0   67.451 -120.034   1922.3    739.8
     1     1    21     2     4     3     0     3  -111.0   67.667 -120.083   1907.7    732.8
     1     1    21     2     4     2     0     2  -112.0   67.884 -120.133   1895.1    726.4
     1     1    21     2     4     1     0     1  -113.0   68.100 -120.184   1905.5    721.4
     1     1    21     2     4     0     0     0  -114.0   68.314 -120.234   1934.4    719.9
     1     1    21     2     3    23     0     1  -115.0   68.518 -120.267   1963.4    717.6
     1     1    21     2     3    22     0     2  -116.0   68.701 -120.274   1986.7    717.1
     1     1    21     2     3    21     0     3  -117.0   68.865 -120.265   2010.8    716.3
     1     1    21     2     3    20     0     2  -118.0   69.022 -120.225   2032.0    716.0
     1     1    21     2     3    19     0     1  -119.0   69.194 -120.137   2047.5    725.3
     1     1    21     2     3    18     0     0  -120.0   69.381 -120.008   2056.5    736.6
