     5     1
    GDAS    21     2     1     0     0
    GDAS    21     2     8     0     0
    GDAS    21     2    15     0     0
    GDAS    21     2    22     0     0
    GDAS    21     3     1     0     0
     1 BACKWARD OMEGA   
    21     2     6    15   44.970  -93.230   500.0
     1 PRESSURE
     1     1    21     2     6    15     0     3     0.0   44.970  -93.230    500.0    919.8
     1     1    21     2     6    14     0     2    -1.0   45.271  -93.713    520.5    913.6
     1     1    21     2     6    13     0     1    -2.0   45.622  -94.182    541.4    902.9
     1     1    21     2     6    12     0     0    -3.0   46.017  -94.651    570.7    894.6
     1     1    21     2     6    11     0     1    -4.0   46.435  -95.134    623.9    886.0
     1     1    21     2     6    10     0     2    -5.0   46.853  -95.619    681.5    877.2
     1     1    21     2     6     9     0     3    -6.0   47.277  -96.080    715.4    877.2
     1     1    21     2     6     8     0     2    -7.0   47.706  -96.494    731.6    884.1
     1     1    21     2     6     7     0     1    -8.0   48.153  -96.873    742.7    885.4
     1     1    21     2     6     6     0     0    -9.0   48.602  -97.222    738.2    882.8
     1     1    21     2     6     5     0     1   -10.0   49.048  -97.554    728.0    884.5
     1     1    21     2     6     4     0     2   -11.0   49.524  -97.887    725.2    885.6
     1     1    21     2     6     3     0     3   -12.0   50.031  -98.197    722.3    886.7
     1     1    21     2     6     2     0     2   -13.0   50.523  -98.478    729.4    886.9
     1     1    21     2     6     1     0     1   -14.0   50.984  -98.758    756.2    884.7
     1     1    21     2     6     0     0     0   -15.0   51.435  -99.070    791.8    879.0
     1     1    21     2     5    23     0     1   -16.0   51.864  -99.396    821.9    874.2
     1     1    21     2     5    22     0     2   -17.0   52.276  -99.711    843.1    873.1
     1     1    21     2     5    21     0     3   -18.0   52.682 -100.019    860.8    870.5
     1     1    21     2     5    20     0     2   -19.0   53.079 -100.311    872.4    868.1
     1     1    21     2     5    19     0     1   -20.0   53.457 -100.569    876.2    868.2
     1     1    21     2     5    18     0     0   -21.0   53.820 -100.782    886.2    867.8
     1     1    21     2     5    17     0     1   -22.0   54.181 -100.954    905.5    863.4
     1     1    21     2     5    16     0     2   -23.0   54.560 -101.094    927.4    857.3
     1     1    21     2     5    15     0     3   -24.0   54.957 -101.224    949.8    851.3
     1     1    21     2     5    14     0     2   -25.0   55.358 -101.357    971.6    848.0
     1     1    21     2     5    13     0     1   -26.0   55.743 -101.497    989.8    845.4
     1     1    21     2     5    12     0     0   -27.0   56.106 -101.653   1002.2    843.5
     1     1    21     2     5    11     0     1   -28.0   56.451 -101.826   1010.5    843.3
     1     1    21     2     5    10     0     2   -29.0   56.788 -102.002   1018.9    842.7
     1     1    21     2     5     9     0     3   -30.0   57.117 -102.164   1027.2    841.7
     1     1    21     2     5     8     0     2   -31.0   57.436 -102.319   1030.8    839.8
     1     1    21     2     5     7     0     1   -32.0   57.744 -102.491   1026.2    838.3
     1     1    21     2     5     6     0     0   -33.0   58.043 -102.689   1013.3    837.1
     1     1    21     2     5     5     0     1   -34.0   58.328 -102.904   1004.1    838.1
     1     1    21     2     5     4     0     2   -35.0   58.590 -103.123   1005.2    837.3
     1     1    21     2     5     3     0     3   -36.0   58.825 -103.348   1010.8    837.0
     1     1    21     2     5     2     0     2   -37.0   59.040 -103.578   1009.4    836.0
     1     1    21     2     5     1     0     1   -38.0   59.247 -103.804    988.0    838.4
     1     1    21     2     5     0     0     0   -39.0   59.450 -104.014    942.7    843.5
     1     1    21     2     4    23     0     1   -40.0   59.641 -104.229    888.0    853.0
     1     1    21     2     4    22     0     2   -41.0   59.811 -104.469    841.9    858.7
     1     1    21     2     4    21     0     3   -42.0   59.961 -104.731    802.7    862.6
     1     1    21     2     4    20     0     2   -43.0   60.089 -104.993    770.1    866.3
     1     1    21     2     4    19     0     1   -44.0   60.188 -105.246    744.0    867.9
     1     1    21     2     4    18     0     0   -45.0   60.256 -105.495    722.4    868.8
     1     1    21     2     4    17     0     1   -46.0   60.311 -105.736    699.6    870.5
     1     1    21     2     4    16     0     2   -47.0   60.373 -105.961    671.6    873.6
     1     1    21     2     4    15     0     3   -48.0   60.440 -106.170    641.2    877.8
     1     1    21     2     4    14     0     2   -49.0   60.507 -106.376    614.3    881.3
     1     1    21     2     4    13     0     1   -50.0   60.570 -106.600    595.1    882.9
     1     1    21     2     4    12     0     0   -51.0   60.626 -106.850    584.7    883.2
     1     1    21     2     4    11     0     1   -52.0   60.676 -107.120    582.5    883.1
     1     1    21     2     4    10     0     2   -53.0   60.718 -107.394    583.6    883.0
     1     1    21     2     4     9     0     3   -54.0   60.753 -107.662    585.1    883.4
     1     1    21     2     4     8     0     2   -55.0   60.780 -107.920    580.6    883.0
     1     1    21     2     4     7     0     1   -56.0   60.797 -108.171    563.3    886.4
     1     1    21     2     4     6     0     0   -57.0   60.805 -108.423    536.6    891.9
     1     1    21     2     4     5     0     1   -58.0   60.809 -108.655    512.6    898.6
     1     1    21     2     4     4     0     2   -59.0   60.813 -108.844    499.5    902.2
     1     1    21     2     4     3     0     3   -60.0   60.817 -108.986    495.7    904.4
     1     1    21     2     4     2     0     2   -61.0   60.824 -109.104    494.5    904.7
     1     1    21     2     4     1     0     1   -62.0   60.841 -109.221    489.5    906.3
     1     1    21     2     4     0     0     0   -63.0   60.866 -109.336    480.7    908.4
     1     1    21     2     3    23     0     1   -64.0   60.888 -109.447    467.8    911.2
     1     1    21     2     3    22     0     2   -65.0   60.900 -109.554    450.7    914.5
     1     1    21     2     3    21     0     3   -66.0   60.902 -109.655    430.1    918.4
     1     1    21     2     3    20     0     2   -67.0   60.894 -109.733    411.4    922.1
     1     1    21     2     3    19     0     1   -68.0   60.875 -109.769    399.6    923.9
     1     1    21     2     3    18     0     0   -69.0   60.844 -109.766    394.1    924.6
     1     1    21     2     3    17     0     1   -70.0   60.816 -109.725    389.1    924.3
     1     1    21     2     3    16     0     2   -71.0   60.802 -109.642    379.1    925.0
     1     1    21     2     3    15     0     3   -72.0   60.798 -109.512    365.3    925.8
     1     1    21     2     3    14     0     2   -73.0   60.800 -109.349    354.0    926.4
     1     1    21     2     3    13     0     1   -74.0   60.806 -109.173    346.7    925.3
     1     1    21     2     3    12     0     0   -75.0   60.814 -108.980    336.2    924.4
     1     1    21     2     3    11     0     1   -76.0   60.821 -108.754    325.1    924.7
     1     1    21     2     3    10     0     2   -77.0   60.825 -108.490    322.5    923.5
     1     1    21     2     3     9     0     3   -78.0   60.829 -108.201    336.8    920.0
     1     1    21     2     3     8     0     2   -79.0   60.823 -107.887    360.0    913.7
     1     1    21     2     3     7     0     1   -80.0   60.801 -107.514    371.5    911.3
     1     1    21     2     3     6     0     0   -81.0   60.769 -107.053    368.5    911.7
     1     1    21     2     3     5     0     1   -82.0   60.749 -106.523    360.6    916.4
     1     1    21     2     3     4     0     2   -83.0   60.756 -105.965    349.8    920.9
     1     1    21     2     3     3     0     3   -84.0   60.781 -105.391    334.0    924.5
     1     1    21     2     3     2     0     2   -85.0   60.817 -104.821    317.0    928.6
     1     1    21     2     3     1     0     1   -86.0   60.868 -104.256    302.0    934.6
     1     1    21     2     3     0     0     0   -87.0   60.935 -103.680    288.2    936.2
     1     1    21     2     2    23     0     1   -88.0   60.999 -103.083    277.7    933.6
     1     1    21     2     2    22     0     2   -89.0   61.061 -102.486    270.0    938.0
     1     1    21     2     2    21     0     3   -90.0   61.131 -101.909    266.4    943.4
     1     1    21     2     2    20     0     2   -91.0   61.192 -101.342    267.9    943.4
     1     1    21     2     2    19     0     1   -92.0   61.231 -100.785    266.2    943.9
     1     1    21     2     2    18     0     0   -93.0   61.248 -100.239    260.8    945.3
     1     1    21     2     2    17     0     1   -94.0   61.241  -99.703    250.2    948.2
     1     1    21     2     2    16     0     2   -95.0   61.214  -99.172    231.0    954.3
     1     1    21     2     2    15     0     3   -96.0   61.167  -98.659    208.6    961.9
     1     1    21     2     2    14     0     2   -97.0   61.103  -98.184    187.2    968.9
     1     1    21     2     2    13     0     1   -98.0   61.036  -97.739    165.8    973.6
     1     1    21     2     2    12     0     0   -99.0   60.968  -97.305    144.5    977.4
     1     1    21     2     2    11     0     1  -100.0   60.899  -96.910    126.0    981.7
     1     1    21     2     2    10     0     2  -101.0   60.833  -96.587    109.3    986.6
     1     1    21     2     2     9     0     3  -102.0   60.772  -96.337     92.4    991.3
     1     1    21     2     2     8     0     2  -103.0   60.723  -96.125     76.4    995.8
     1     1    21     2     2     7     0     1  -104.0   60.693  -95.924     62.3   1000.3
     1     1    21     2     2     6     0     0  -105.0   60.685  -95.735     51.2   1004.8
     1     1    21     2     2     5     0     1  -106.0   60.703  -95.573     43.4   1008.0
     1     1    21     2     2     4     0     2  -107.0   60.751  -95.446     38.1   1010.3
     1     1    21     2     2     3     0     3  -108.0   60.827  -95.352     34.8   1011.8
     1     1    21     2     2     2     0     2  -109.0   60.916  -95.279     33.0   1012.8
     1     1    21     2     2     1     0     1  -110.0   61.008  -95.213     32.1   1013.5
     1     1    21     2     2     0     0     0  -111.0   61.098  -95.150     31.9   1014.3
     1     1    21     2     1    23     0     1  -112.0   61.192  -95.089     32.2   1014.8
     1     1    21     2     1    22     0     2  -113.0   61.293  -95.031     33.3   1015.1
     1     1    21     2     1    21     0     3  -114.0   61.400  -94.978     35.0   1015.4
     1     1    21     2     1    20     0     2  -115.0   61.509  -94.925     36.6   1015.3
     1     1    21     2     1    19     0     1  -116.0   61.617  -94.873     37.4   1015.5
     1     1    21     2     1    18     0     0  -117.0   61.723  -94.822     37.6   1015.6
     1     1    21     2     1    17     0     1  -118.0   61.832  -94.764     37.7   1016.0
     1     1    21     2     1    16     0     2  -119.0   61.948  -94.693     38.0   1016.3
     1     1    21     2     1    15     0     3  -120.0   62.069  -94.617     38.6   1016.1
