     5     1
    GDAS    21     2     1     0     0
    GDAS    21     2     8     0     0
    GDAS    21     2    15     0     0
    GDAS    21     2    22     0     0
    GDAS    21     3     1     0     0
     1 BACKWARD OMEGA   
    21     2    24    11   37.820  111.540  1000.0
     1 PRESSURE
     1     1    21     2    24    11     0     1     0.0   37.820  111.540   1000.0    774.3
     1     1    21     2    24    10     0     2    -1.0   37.865  111.762    986.4    769.3
     1     1    21     2    24     9     0     3    -2.0   37.876  111.975    901.0    774.0
     1     1    21     2    24     8     0     2    -3.0   37.867  112.167    815.9    789.4
     1     1    21     2    24     7     0     1    -4.0   37.861  112.331    759.8    794.7
     1     1    21     2    24     6     0     0    -5.0   37.859  112.470    720.1    799.0
     1     1    21     2    24     5     0     1    -6.0   37.848  112.580    695.2    803.1
     1     1    21     2    24     4     0     2    -7.0   37.810  112.656    686.8    805.7
     1     1    21     2    24     3     0     3    -8.0   37.744  112.700    698.3    806.6
     1     1    21     2    24     2     0     2    -9.0   37.664  112.732    730.4    804.4
     1     1    21     2    24     1     0     1   -10.0   37.581  112.761    780.3    800.8
     1     1    21     2    24     0     0     0   -11.0   37.490  112.786    849.3    795.7
     1     1    21     2    23    23     0     1   -12.0   37.396  112.792    906.8    788.0
     1     1    21     2    23    22     0     2   -13.0   37.302  112.777    926.5    787.5
     1     1    21     2    23    21     0     3   -14.0   37.210  112.751    911.7    790.3
     1     1    21     2    23    20     0     2   -15.0   37.111  112.730    886.8    797.1
     1     1    21     2    23    19     0     1   -16.0   37.007  112.724    881.1    799.7
     1     1    21     2    23    18     0     0   -17.0   36.902  112.726    885.1    799.7
     1     1    21     2    23    17     0     1   -18.0   36.785  112.733    869.0    800.4
     1     1    21     2    23    16     0     2   -19.0   36.650  112.757    816.1    807.9
     1     1    21     2    23    15     0     3   -20.0   36.502  112.812    742.4    818.2
     1     1    21     2    23    14     0     2   -21.0   36.361  112.911    647.4    829.5
     1     1    21     2    23    13     0     1   -22.0   36.246  113.066    510.4    849.2
     1     1    21     2    23    12     0     0   -23.0   36.159  113.271    372.7    883.0
     1     1    21     2    23    11     0     1   -24.0   36.087  113.474    243.0    911.7
     1     1    21     2    23    10     0     2   -25.0   36.022  113.638    132.9    940.0
     1     1    21     2    23     9     0     3   -26.0   35.971  113.789     55.5    961.5
     1     1    21     2    23     8     0     2   -27.0   35.926  113.945      8.9    978.5
     1     1    21     2    23     7     0     1   -28.0   35.872  114.098      0.0    987.9
     1     1    21     2    23     6     0     0   -29.0   35.800  114.251      0.0    994.5
     1     1    21     2    23     5     0     1   -30.0   35.724  114.397      0.0   1001.0
     1     1    21     2    23     4     0     2   -31.0   35.652  114.537      0.0   1006.6
     1     1    21     2    23     3     0     3   -32.0   35.581  114.676      0.0   1011.6
     1     1    21     2    23     2     0     2   -33.0   35.519  114.812      0.0   1014.9
     1     1    21     2    23     1     0     1   -34.0   35.470  114.940      0.0   1017.5
     1     1    21     2    23     0     0     0   -35.0   35.433  115.057      0.0   1018.8
     1     1    21     2    22    23     0     1   -36.0   35.393  115.178      0.0   1018.9
     1     1    21     2    22    22     0     2   -37.0   35.338  115.320      0.0   1019.0
     1     1    21     2    22    21     0     3   -38.0   35.273  115.482      0.1   1019.2
     1     1    21     2    22    20     0     2   -39.0   35.210  115.658      0.2   1019.6
     1     1    21     2    22    19     0     1   -40.0   35.162  115.841      0.2   1020.1
     1     1    21     2    22    18     0     0   -41.0   35.124  116.026      0.0   1020.5
     1     1    21     2    22    17     0     1   -42.0   35.091  116.212      0.0   1020.4
     1     1    21     2    22    16     0     2   -43.0   35.061  116.398      0.0   1020.9
     1     1    21     2    22    15     0     3   -44.0   35.031  116.581      0.6   1021.9
     1     1    21     2    22    14     0     2   -45.0   35.007  116.760      1.7   1021.5
     1     1    21     2    22    13     0     1   -46.0   34.994  116.947      3.7   1020.5
     1     1    21     2    22    12     0     0   -47.0   34.999  117.150      6.6   1017.9
     1     1    21     2    22    11     0     1   -48.0   35.040  117.367      9.3   1014.3
     1     1    21     2    22    10     0     2   -49.0   35.120  117.599     12.3   1009.0
     1     1    21     2    22     9     0     3   -50.0   35.233  117.852     18.0   1001.2
     1     1    21     2    22     8     0     2   -51.0   35.383  118.119     29.7    995.0
     1     1    21     2    22     7     0     1   -52.0   35.573  118.374     45.0    992.2
     1     1    21     2    22     6     0     0   -53.0   35.807  118.597     52.9    990.0
     1     1    21     2    22     5     0     1   -54.0   36.083  118.786     46.4    994.6
     1     1    21     2    22     4     0     2   -55.0   36.374  118.967     33.5   1007.8
     1     1    21     2    22     3     0     3   -56.0   36.663  119.157     26.5   1015.1
     1     1    21     2    22     2     0     2   -57.0   36.932  119.355     36.0   1013.7
     1     1    21     2    22     1     0     1   -58.0   37.186  119.563     66.4   1007.8
     1     1    21     2    22     0     0     0   -59.0   37.467  119.808    112.1   1000.4
     1     1    21     2    21    23     0     1   -60.0   37.844  120.134    165.6    997.5
     1     1    21     2    21    22     0     2   -61.0   38.338  120.516    206.3    993.3
     1     1    21     2    21    21     0     3   -62.0   38.911  120.895    263.0    989.4
     1     1    21     2    21    20     0     2   -63.0   39.533  121.256    354.2    973.3
     1     1    21     2    21    19     0     1   -64.0   40.161  121.602    484.8    957.2
     1     1    21     2    21    18     0     0   -65.0   40.778  121.915    654.5    933.1
     1     1    21     2    21    17     0     1   -66.0   41.355  122.111    763.0    913.2
     1     1    21     2    21    16     0     2   -67.0   41.905  122.167    825.2    903.7
     1     1    21     2    21    15     0     3   -68.0   42.456  122.116    863.1    888.1
     1     1    21     2    21    14     0     2   -69.0   43.005  121.966    843.9    878.3
     1     1    21     2    21    13     0     1   -70.0   43.523  121.703    799.3    891.0
     1     1    21     2    21    12     0     0   -71.0   44.025  121.383    769.6    895.2
     1     1    21     2    21    11     0     1   -72.0   44.499  121.009    806.8    884.2
     1     1    21     2    21    10     0     2   -73.0   44.938  120.516    918.9    838.2
     1     1    21     2    21     9     0     3   -74.0   45.363  119.924   1044.3    789.2
     1     1    21     2    21     8     0     2   -75.0   45.745  119.328   1148.8    769.7
     1     1    21     2    21     7     0     1   -76.0   46.080  118.754   1264.8    761.2
     1     1    21     2    21     6     0     0   -77.0   46.383  118.183   1416.6    753.2
     1     1    21     2    21     5     0     1   -78.0   46.666  117.619   1533.8    744.6
     1     1    21     2    21     4     0     2   -79.0   46.941  117.157   1509.5    754.5
     1     1    21     2    21     3     0     3   -80.0   47.239  116.860   1405.2    777.3
     1     1    21     2    21     2     0     2   -81.0   47.569  116.636   1311.8    788.3
     1     1    21     2    21     1     0     1   -82.0   47.939  116.405   1262.1    791.2
     1     1    21     2    21     0     0     0   -83.0   48.346  116.158   1261.0    787.3
     1     1    21     2    20    23     0     1   -84.0   48.771  115.869   1261.7    778.8
     1     1    21     2    20    22     0     2   -85.0   49.231  115.517   1229.0    782.1
     1     1    21     2    20    21     0     3   -86.0   49.711  115.082   1235.2    787.2
     1     1    21     2    20    20     0     2   -87.0   50.168  114.534   1293.2    770.0
     1     1    21     2    20    19     0     1   -88.0   50.618  113.842   1333.9    751.5
     1     1    21     2    20    18     0     0   -89.0   51.087  112.941   1404.0    730.3
     1     1    21     2    20    17     0     1   -90.0   51.544  111.900   1339.3    739.1
     1     1    21     2    20    16     0     2   -91.0   51.983  110.870   1337.3    752.3
     1     1    21     2    20    15     0     3   -92.0   52.443  109.730   1362.1    747.4
     1     1    21     2    20    14     0     2   -93.0   52.831  108.680   1295.1    772.5
     1     1    21     2    20    13     0     1   -94.0   53.148  107.942   1251.4    800.2
     1     1    21     2    20    12     0     0   -95.0   53.543  107.142   1461.3    759.6
     1     1    21     2    20    11     0     1   -96.0   53.964  106.129   1502.8    754.8
     1     1    21     2    20    10     0     2   -97.0   54.379  104.849   1655.5    733.1
     1     1    21     2    20     9     0     3   -98.0   54.781  103.349   1908.7    720.9
     1     1    21     2    20     8     0     2   -99.0   55.214  101.781   1898.3    732.8
     1     1    21     2    20     7     0     1  -100.0   55.578  100.214   1928.7    735.5
     1     1    21     2    20     6     0     0  -101.0   55.893   98.723   1944.8    741.8
     1     1    21     2    20     5     0     1  -102.0   56.160   97.328   1920.1    749.2
     1     1    21     2    20     4     0     2  -103.0   56.421   96.064   1933.1    747.2
     1     1    21     2    20     3     0     3  -104.0   56.703   94.919   1912.5    753.2
     1     1    21     2    20     2     0     2  -105.0   56.999   93.822   1932.3    737.5
     1     1    21     2    20     1     0     1  -106.0   57.302   92.878   1942.8    751.7
     1     1    21     2    20     0     0     0  -107.0   57.611   92.085   1919.1    754.4
     1     1    21     2    19    23     0     1  -108.0   57.903   91.398   1911.2    757.6
     1     1    21     2    19    22     0     2  -109.0   58.158   90.838   1889.8    759.4
     1     1    21     2    19    21     0     3  -110.0   58.387   90.433   1863.7    761.6
     1     1    21     2    19    20     0     2  -111.0   58.584   90.172   1837.6    763.8
     1     1    21     2    19    19     0     1  -112.0   58.737   90.018   1804.7    765.9
     1     1    21     2    19    18     0     0  -113.0   58.839   89.967   1756.5    769.8
     1     1    21     2    19    17     0     1  -114.0   58.895   90.006   1697.8    776.8
     1     1    21     2    19    16     0     2  -115.0   58.912   90.115   1636.3    783.4
     1     1    21     2    19    15     0     3  -116.0   58.889   90.256   1573.3    790.3
     1     1    21     2    19    14     0     2  -117.0   58.835   90.387   1511.2    797.7
     1     1    21     2    19    13     0     1  -118.0   58.757   90.501   1451.9    804.7
     1     1    21     2    19    12     0     0  -119.0   58.651   90.581   1393.0    811.2
     1     1    21     2    19    11     0     1  -120.0   58.496   90.605   1323.4    818.1
