     5     1
    GDAS    21     2     1     0     0
    GDAS    21     2     8     0     0
    GDAS    21     2    15     0     0
    GDAS    21     2    22     0     0
    GDAS    21     3     1     0     0
     1 BACKWARD OMEGA   
    21     2    25    18   44.970  -93.230   500.0
     1 PRESSURE
     1     1    21     2    25    18     0     0     0.0   44.970  -93.230    500.0    930.4
     1     1    21     2    25    17     0     1    -1.0   44.919  -93.528    518.1    928.0
     1     1    21     2    25    16     0     2    -2.0   44.908  -93.832    532.4    926.8
     1     1    21     2    25    15     0     3    -3.0   44.928  -94.135    547.0    924.8
     1     1    21     2    25    14     0     2    -4.0   44.974  -94.437    564.7    920.3
     1     1    21     2    25    13     0     1    -5.0   45.048  -94.731    585.9    915.4
     1     1    21     2    25    12     0     0    -6.0   45.145  -95.014    610.9    909.8
     1     1    21     2    25    11     0     1    -7.0   45.267  -95.306    642.7    906.1
     1     1    21     2    25    10     0     2    -8.0   45.418  -95.620    685.6    901.1
     1     1    21     2    25     9     0     3    -9.0   45.603  -95.926    745.8    895.3
     1     1    21     2    25     8     0     2   -10.0   45.813  -96.226    815.1    885.3
     1     1    21     2    25     7     0     1   -11.0   46.043  -96.521    883.6    879.1
     1     1    21     2    25     6     0     0   -12.0   46.311  -96.800    945.6    872.5
     1     1    21     2    25     5     0     1   -13.0   46.601  -97.098    985.4    868.5
     1     1    21     2    25     4     0     2   -14.0   46.909  -97.442   1020.6    864.4
     1     1    21     2    25     3     0     3   -15.0   47.259  -97.824   1093.8    851.2
     1     1    21     2    25     2     0     2   -16.0   47.627  -98.250   1182.8    830.3
     1     1    21     2    25     1     0     1   -17.0   47.991  -98.710   1243.1    821.0
     1     1    21     2    25     0     0     0   -18.0   48.374  -99.178   1308.7    816.6
     1     1    21     2    24    23     0     1   -19.0   48.770  -99.652   1448.8    795.3
     1     1    21     2    24    22     0     2   -20.0   49.154 -100.148   1645.5    765.3
     1     1    21     2    24    21     0     3   -21.0   49.553 -100.659   1822.5    755.1
     1     1    21     2    24    20     0     2   -22.0   49.985 -101.167   1957.9    743.6
     1     1    21     2    24    19     0     1   -23.0   50.406 -101.714   2056.9    723.0
     1     1    21     2    24    18     0     0   -24.0   50.833 -102.297   2089.2    718.5
     1     1    21     2    24    17     0     1   -25.0   51.293 -102.901   2040.1    724.4
     1     1    21     2    24    16     0     2   -26.0   51.731 -103.552   1998.3    733.7
     1     1    21     2    24    15     0     3   -27.0   52.140 -104.232   1989.5    738.3
     1     1    21     2    24    14     0     2   -28.0   52.562 -104.945   1994.3    739.6
     1     1    21     2    24    13     0     1   -29.0   52.984 -105.715   1989.1    739.4
     1     1    21     2    24    12     0     0   -30.0   53.372 -106.488   1937.5    739.8
     1     1    21     2    24    11     0     1   -31.0   53.754 -107.272   1886.4    744.5
     1     1    21     2    24    10     0     2   -32.0   54.136 -108.081   1906.9    743.6
     1     1    21     2    24     9     0     3   -33.0   54.498 -108.858   1921.7    735.8
     1     1    21     2    24     8     0     2   -34.0   54.859 -109.657   1897.1    731.7
     1     1    21     2    24     7     0     1   -35.0   55.242 -110.492   1917.5    732.2
     1     1    21     2    24     6     0     0   -36.0   55.625 -111.309   1989.5    723.8
     1     1    21     2    24     5     0     1   -37.0   56.013 -112.216   2002.0    721.1
     1     1    21     2    24     4     0     2   -38.0   56.405 -113.140   2036.6    725.7
     1     1    21     2    24     3     0     3   -39.0   56.786 -114.051   2041.8    721.2
     1     1    21     2    24     2     0     2   -40.0   57.147 -115.013   2011.1    733.7
     1     1    21     2    24     1     0     1   -41.0   57.494 -116.037   2095.6    717.5
     1     1    21     2    24     0     0     0   -42.0   57.814 -117.087   2156.7    729.7
     1     1    21     2    23    23     0     1   -43.0   58.117 -118.172   2176.1    724.8
     1     1    21     2    23    22     0     2   -44.0   58.429 -119.303   2251.9    705.1
     1     1    21     2    23    21     0     3   -45.0   58.742 -120.471   2224.5    710.9
     1     1    21     2    23    20     0     2   -46.0   59.063 -121.691   2211.8    713.3
     1     1    21     2    23    19     0     1   -47.0   59.367 -122.894   2233.4    714.2
     1     1    21     2    23    18     0     0   -48.0   59.646 -124.136   2252.7    703.2
     1     1    21     2    23    17     0     1   -49.0   59.917 -125.457   2389.5    654.2
     1     1    21     2    23    16     0     2   -50.0   60.146 -126.731   2486.8    644.1
     1     1    21     2    23    15     0     3   -51.0   60.357 -127.906   2597.4    641.7
     1     1    21     2    23    14     0     2   -52.0   60.574 -129.078   2818.4    611.4
     1     1    21     2    23    13     0     1   -53.0   60.785 -130.226   2843.8    586.6
     1     1    21     2    23    12     0     0   -54.0   60.971 -131.306   2906.8    583.5
     1     1    21     2    23    11     0     1   -55.0   61.137 -132.256   2849.1    601.9
     1     1    21     2    23    10     0     2   -56.0   61.302 -133.169   2896.0    593.7
     1     1    21     2    23     9     0     3   -57.0   61.454 -134.114   3022.4    575.6
     1     1    21     2    23     8     0     2   -58.0   61.583 -135.072   3117.0    589.7
     1     1    21     2    23     7     0     1   -59.0   61.698 -135.994   3117.4    592.4
     1     1    21     2    23     6     0     0   -60.0   61.792 -136.906   3090.0    577.5
     1     1    21     2    23     5     0     1   -61.0   61.847 -137.819   3082.6    578.6
     1     1    21     2    23     4     0     2   -62.0   61.862 -138.698   3046.7    575.7
     1     1    21     2    23     3     0     3   -63.0   61.838 -139.506   3006.1    571.8
     1     1    21     2    23     2     0     2   -64.0   61.761 -140.286   2993.6    557.4
     1     1    21     2    23     1     0     1   -65.0   61.619 -141.044   2994.0    546.7
     1     1    21     2    23     0     0     0   -66.0   61.431 -141.701   3021.6    549.1
     1     1    21     2    22    23     0     1   -67.0   61.242 -142.207   3054.6    553.3
     1     1    21     2    22    22     0     2   -68.0   61.067 -142.601   3032.9    561.9
     1     1    21     2    22    21     0     3   -69.0   60.897 -142.938   2988.9    584.8
     1     1    21     2    22    20     0     2   -70.0   60.737 -143.274   2950.2    608.2
     1     1    21     2    22    19     0     1   -71.0   60.594 -143.646   2911.2    628.0
     1     1    21     2    22    18     0     0   -72.0   60.465 -144.062   2859.4    646.4
     1     1    21     2    22    17     0     1   -73.0   60.349 -144.510   2808.6    665.0
     1     1    21     2    22    16     0     2   -74.0   60.238 -144.983   2765.0    678.1
     1     1    21     2    22    15     0     3   -75.0   60.129 -145.492   2712.8    690.4
     1     1    21     2    22    14     0     2   -76.0   60.019 -146.020   2662.1    703.6
     1     1    21     2    22    13     0     1   -77.0   59.896 -146.544   2619.5    709.7
     1     1    21     2    22    12     0     0   -78.0   59.758 -147.087   2599.6    711.3
     1     1    21     2    22    11     0     1   -79.0   59.614 -147.664   2591.9    707.7
     1     1    21     2    22    10     0     2   -80.0   59.472 -148.254   2580.7    703.9
     1     1    21     2    22     9     0     3   -81.0   59.350 -148.821   2556.8    701.3
     1     1    21     2    22     8     0     2   -82.0   59.251 -149.388   2545.5    700.1
     1     1    21     2    22     7     0     1   -83.0   59.157 -149.985   2581.5    695.7
     1     1    21     2    22     6     0     0   -84.0   59.075 -150.613   2621.4    698.4
     1     1    21     2    22     5     0     1   -85.0   59.009 -151.279   2624.9    705.3
     1     1    21     2    22     4     0     2   -86.0   58.951 -151.984   2655.6    704.1
     1     1    21     2    22     3     0     3   -87.0   58.895 -152.737   2716.5    695.2
     1     1    21     2    22     2     0     2   -88.0   58.828 -153.540   2752.0    680.3
     1     1    21     2    22     1     0     1   -89.0   58.743 -154.348   2729.1    670.0
     1     1    21     2    22     0     0     0   -90.0   58.624 -155.144   2801.8    650.3
     1     1    21     2    21    23     0     1   -91.0   58.509 -155.950   2910.3    655.4
     1     1    21     2    21    22     0     2   -92.0   58.405 -156.795   2983.5    664.8
     1     1    21     2    21    21     0     3   -93.0   58.307 -157.646   3025.2    664.9
     1     1    21     2    21    20     0     2   -94.0   58.221 -158.511   3043.7    663.0
     1     1    21     2    21    19     0     1   -95.0   58.135 -159.384   3052.5    661.4
     1     1    21     2    21    18     0     0   -96.0   58.042 -160.215   3055.8    660.3
     1     1    21     2    21    17     0     1   -97.0   57.956 -161.059   3049.5    661.6
     1     1    21     2    21    16     0     2   -98.0   57.863 -161.925   3056.6    661.2
     1     1    21     2    21    15     0     3   -99.0   57.775 -162.784   3067.1    659.3
     1     1    21     2    21    14     0     2  -100.0   57.669 -163.633   3032.5    662.3
     1     1    21     2    21    13     0     1  -101.0   57.532 -164.428   2962.1    669.9
     1     1    21     2    21    12     0     0  -102.0   57.393 -165.172   2900.9    674.9
     1     1    21     2    21    11     0     1  -103.0   57.266 -165.839   2848.3    681.6
     1     1    21     2    21    10     0     2  -104.0   57.154 -166.420   2808.8    684.2
     1     1    21     2    21     9     0     3  -105.0   57.052 -166.942   2781.1    687.9
     1     1    21     2    21     8     0     2  -106.0   56.952 -167.436   2757.4    688.7
     1     1    21     2    21     7     0     1  -107.0   56.845 -167.902   2714.9    691.8
     1     1    21     2    21     6     0     0  -108.0   56.736 -168.296   2670.4    698.2
     1     1    21     2    21     5     0     1  -109.0   56.633 -168.628   2637.1    700.2
     1     1    21     2    21     4     0     2  -110.0   56.535 -168.927   2605.7    703.3
     1     1    21     2    21     3     0     3  -111.0   56.438 -169.203   2572.9    706.0
     1     1    21     2    21     2     0     2  -112.0   56.352 -169.456   2522.2    709.9
     1     1    21     2    21     1     0     1  -113.0   56.285 -169.690   2440.7    717.8
     1     1    21     2    21     0     0     0  -114.0   56.230 -169.905   2329.6    728.9
     1     1    21     2    20    23     0     1  -115.0   56.196 -170.129   2233.6    742.5
     1     1    21     2    20    22     0     2  -116.0   56.200 -170.399   2198.5    746.3
     1     1    21     2    20    21     0     3  -117.0   56.244 -170.720   2221.2    743.7
     1     1    21     2    20    20     0     2  -118.0   56.308 -171.099   2267.2    736.4
     1     1    21     2    20    19     0     1  -119.0   56.370 -171.515   2311.1    731.9
     1     1    21     2    20    18     0     0  -120.0   56.426 -171.954   2351.5    727.6
