     5     1
    GDAS    21     2     1     0     0
    GDAS    21     2     8     0     0
    GDAS    21     2    15     0     0
    GDAS    21     2    22     0     0
    GDAS    21     3     1     0     0
     1 BACKWARD OMEGA   
    21     2     1    23   37.820  111.540  1000.0
     1 PRESSURE
     1     1    21     2     1    23     0     1     0.0   37.820  111.540   1000.0    777.2
     1     1    21     2     1    22     0     2    -1.0   38.091  111.083   1037.2    779.6
     1     1    21     2     1    21     0     3    -2.0   38.321  110.675   1028.9    786.7
     1     1    21     2     1    20     0     2    -3.0   38.521  110.266   1007.3    786.9
     1     1    21     2     1    19     0     1    -4.0   38.712  109.841    989.7    780.8
     1     1    21     2     1    18     0     0    -5.0   38.895  109.399    984.6    775.6
     1     1    21     2     1    17     0     1    -6.0   39.077  108.938   1003.5    768.1
     1     1    21     2     1    16     0     2    -7.0   39.259  108.464   1048.6    758.9
     1     1    21     2     1    15     0     3    -8.0   39.429  107.990   1108.7    754.4
     1     1    21     2     1    14     0     2    -9.0   39.597  107.550   1166.0    750.3
     1     1    21     2     1    13     0     1   -10.0   39.787  107.158   1209.3    741.8
     1     1    21     2     1    12     0     0   -11.0   40.009  106.810   1245.9    738.8
     1     1    21     2     1    11     0     1   -12.0   40.232  106.503   1278.5    746.0
     1     1    21     2     1    10     0     2   -13.0   40.444  106.220   1305.5    747.0
     1     1    21     2     1     9     0     3   -14.0   40.684  105.929   1345.8    737.9
     1     1    21     2     1     8     0     2   -15.0   40.970  105.594   1418.2    722.6
     1     1    21     2     1     7     0     1   -16.0   41.285  105.221   1528.7    716.5
     1     1    21     2     1     6     0     0   -17.0   41.613  104.847   1628.6    709.5
     1     1    21     2     1     5     0     1   -18.0   41.936  104.501   1713.1    709.1
     1     1    21     2     1     4     0     2   -19.0   42.272  104.148   1796.2    693.4
     1     1    21     2     1     3     0     3   -20.0   42.654  103.762   1890.0    676.2
     1     1    21     2     1     2     0     2   -21.0   43.085  103.346   1980.6    663.7
     1     1    21     2     1     1     0     1   -22.0   43.544  102.915   2068.8    655.4
     1     1    21     2     1     0     0     0   -23.0   44.046  102.494   2200.4    652.2
