     5     1
    GDAS    21     2     1     0     0
    GDAS    21     2     8     0     0
    GDAS    21     2    15     0     0
    GDAS    21     2    22     0     0
    GDAS    21     3     1     0     0
     1 BACKWARD OMEGA   
    21     2     4    21   37.820  111.540  1000.0
     1 PRESSURE
     1     1    21     2     4    21     0     3     0.0   37.820  111.540   1000.0    775.8
     1     1    21     2     4    20     0     2    -1.0   38.060  110.975   1056.7    772.9
     1     1    21     2     4    19     0     1    -2.0   38.266  110.494   1012.7    788.8
     1     1    21     2     4    18     0     0    -3.0   38.417  109.996    953.5    788.7
     1     1    21     2     4    17     0     1    -4.0   38.560  109.496    900.7    790.9
     1     1    21     2     4    16     0     2    -5.0   38.734  108.948    885.6    785.8
     1     1    21     2     4    15     0     3    -6.0   38.893  108.350    886.2    774.1
     1     1    21     2     4    14     0     2    -7.0   39.039  107.738    912.4    775.7
     1     1    21     2     4    13     0     1    -8.0   39.170  107.171    985.7    778.6
     1     1    21     2     4    12     0     0    -9.0   39.288  106.631   1164.3    749.5
     1     1    21     2     4    11     0     1   -10.0   39.442  106.020   1608.9    694.4
     1     1    21     2     4    10     0     2   -11.0   39.630  105.339   2104.0    644.6
     1     1    21     2     4     9     0     3   -12.0   39.835  104.626   2337.1    631.1
     1     1    21     2     4     8     0     2   -13.0   40.052  103.867   2275.7    629.0
     1     1    21     2     4     7     0     1   -14.0   40.294  103.071   2320.0    635.3
     1     1    21     2     4     6     0     0   -15.0   40.504  102.213   2524.7    630.6
     1     1    21     2     4     5     0     1   -16.0   40.683  101.361   2598.0    638.0
     1     1    21     2     4     4     0     2   -17.0   40.833  100.528   2631.7    636.3
     1     1    21     2     4     3     0     3   -18.0   40.935   99.740   2660.7    628.0
     1     1    21     2     4     2     0     2   -19.0   40.992   98.912   2986.0    582.7
     1     1    21     2     4     1     0     1   -20.0   41.025   98.113   3111.2    563.6
     1     1    21     2     4     0     0     0   -21.0   41.068   97.350   2950.7    570.6
     1     1    21     2     3    23     0     1   -22.0   41.039   96.581   3071.3    552.6
     1     1    21     2     3    22     0     2   -23.0   40.964   95.831   3276.6    541.9
     1     1    21     2     3    21     0     3   -24.0   40.837   95.096   3395.0    525.0
     1     1    21     2     3    20     0     2   -25.0   40.712   94.403   3462.5    547.5
     1     1    21     2     3    19     0     1   -26.0   40.610   93.751   3524.0    557.2
     1     1    21     2     3    18     0     0   -27.0   40.518   93.119   3577.2    556.0
     1     1    21     2     3    17     0     1   -28.0   40.445   92.497   3624.9    557.4
     1     1    21     2     3    16     0     2   -29.0   40.396   91.890   3642.1    565.9
     1     1    21     2     3    15     0     3   -30.0   40.363   91.305   3658.3    578.3
     1     1    21     2     3    14     0     2   -31.0   40.348   90.739   3647.4    582.9
     1     1    21     2     3    13     0     1   -32.0   40.350   90.185   3608.6    581.9
     1     1    21     2     3    12     0     0   -33.0   40.370   89.624   3571.1    582.5
     1     1    21     2     3    11     0     1   -34.0   40.408   89.053   3527.4    584.6
     1     1    21     2     3    10     0     2   -35.0   40.463   88.489   3491.9    588.0
     1     1    21     2     3     9     0     3   -36.0   40.534   87.947   3486.2    589.1
     1     1    21     2     3     8     0     2   -37.0   40.619   87.435   3497.9    588.3
     1     1    21     2     3     7     0     1   -38.0   40.726   86.956   3523.7    590.2
     1     1    21     2     3     6     0     0   -39.0   40.850   86.499   3580.8    585.3
     1     1    21     2     3     5     0     1   -40.0   40.993   86.039   3676.9    575.2
     1     1    21     2     3     4     0     2   -41.0   41.162   85.563   3775.1    558.4
     1     1    21     2     3     3     0     3   -42.0   41.360   85.107   3841.3    551.5
     1     1    21     2     3     2     0     2   -43.0   41.576   84.683   3824.6    549.7
     1     1    21     2     3     1     0     1   -44.0   41.798   84.255   3766.9    541.8
     1     1    21     2     3     0     0     0   -45.0   42.030   83.784   3705.0    526.6
     1     1    21     2     2    23     0     1   -46.0   42.267   83.288   3664.2    501.8
     1     1    21     2     2    22     0     2   -47.0   42.503   82.788   3720.5    478.8
     1     1    21     2     2    21     0     3   -48.0   42.739   82.295   3842.9    473.0
     1     1    21     2     2    20     0     2   -49.0   42.971   81.807   3870.0    482.2
     1     1    21     2     2    19     0     1   -50.0   43.183   81.312   3783.1    510.7
     1     1    21     2     2    18     0     0   -51.0   43.381   80.822   3682.6    542.6
     1     1    21     2     2    17     0     1   -52.0   43.581   80.329   3613.4    564.2
     1     1    21     2     2    16     0     2   -53.0   43.784   79.824   3588.9    584.7
     1     1    21     2     2    15     0     3   -54.0   44.003   79.302   3571.7    599.3
     1     1    21     2     2    14     0     2   -55.0   44.244   78.795   3477.1    578.3
     1     1    21     2     2    13     0     1   -56.0   44.489   78.322   3412.1    588.9
     1     1    21     2     2    12     0     0   -57.0   44.717   77.871   3352.0    621.8
     1     1    21     2     2    11     0     1   -58.0   44.920   77.425   3265.5    645.5
     1     1    21     2     2    10     0     2   -59.0   45.117   76.975   3208.7    655.1
     1     1    21     2     2     9     0     3   -60.0   45.328   76.547   3185.8    657.9
     1     1    21     2     2     8     0     2   -61.0   45.561   76.162   3186.4    657.6
     1     1    21     2     2     7     0     1   -62.0   45.813   75.801   3188.2    658.4
     1     1    21     2     2     6     0     0   -63.0   46.090   75.457   3199.8    658.9
     1     1    21     2     2     5     0     1   -64.0   46.406   75.132   3215.6    653.6
     1     1    21     2     2     4     0     2   -65.0   46.761   74.821   3219.8    650.0
     1     1    21     2     2     3     0     3   -66.0   47.154   74.513   3211.9    643.1
     1     1    21     2     2     2     0     2   -67.0   47.573   74.211   3208.3    632.7
     1     1    21     2     2     1     0     1   -68.0   48.004   73.918   3240.0    621.1
     1     1    21     2     2     0     0     0   -69.0   48.448   73.653   3296.1    610.1
     1     1    21     2     1    23     0     1   -70.0   48.883   73.428   3343.5    605.4
     1     1    21     2     1    22     0     2   -71.0   49.288   73.234   3388.6    608.2
     1     1    21     2     1    21     0     3   -72.0   49.668   73.085   3425.7    612.3
     1     1    21     2     1    20     0     2   -73.0   50.017   73.001   3458.9    615.4
     1     1    21     2     1    19     0     1   -74.0   50.328   72.966   3476.6    611.8
     1     1    21     2     1    18     0     0   -75.0   50.608   72.978   3490.5    609.4
     1     1    21     2     1    17     0     1   -76.0   50.856   73.040   3511.3    606.7
     1     1    21     2     1    16     0     2   -77.0   51.063   73.128   3552.9    605.7
     1     1    21     2     1    15     0     3   -78.0   51.230   73.238   3614.7    605.5
     1     1    21     2     1    14     0     2   -79.0   51.366   73.373   3674.9    604.5
     1     1    21     2     1    13     0     1   -80.0   51.473   73.536   3721.8    604.5
     1     1    21     2     1    12     0     0   -81.0   51.548   73.723   3752.2    605.1
     1     1    21     2     1    11     0     1   -82.0   51.583   73.933   3749.3    606.6
     1     1    21     2     1    10     0     2   -83.0   51.579   74.158   3706.7    612.2
     1     1    21     2     1     9     0     3   -84.0   51.546   74.386   3649.4    618.3
     1     1    21     2     1     8     0     2   -85.0   51.490   74.598   3610.4    623.5
     1     1    21     2     1     7     0     1   -86.0   51.413   74.784   3599.7    623.4
     1     1    21     2     1     6     0     0   -87.0   51.311   74.945   3596.7    622.0
     1     1    21     2     1     5     0     1   -88.0   51.193   75.099   3590.0    621.3
     1     1    21     2     1     4     0     2   -89.0   51.076   75.267   3586.1    621.0
     1     1    21     2     1     3     0     3   -90.0   50.966   75.457   3588.0    619.8
     1     1    21     2     1     2     0     2   -91.0   50.853   75.627   3577.9    617.1
     1     1    21     2     1     1     0     1   -92.0   50.727   75.732   3556.7    616.6
     1     1    21     2     1     0     0     0   -93.0   50.592   75.766   3538.7    614.5
