     5     1
    GDAS    21     2     1     0     0
    GDAS    21     2     8     0     0
    GDAS    21     2    15     0     0
    GDAS    21     2    22     0     0
    GDAS    21     3     1     0     0
     1 BACKWARD OMEGA   
    21     2    15    18   37.820  111.540  1000.0
     1 PRESSURE
     1     1    21     2    15    18     0     0     0.0   37.820  111.540   1000.0    774.1
     1     1    21     2    15    17     0     1    -1.0   38.193  111.183   1044.9    778.8
     1     1    21     2    15    16     0     2    -2.0   38.559  110.888   1061.3    780.7
     1     1    21     2    15    15     0     3    -3.0   38.941  110.656   1032.8    785.9
     1     1    21     2    15    14     0     2    -4.0   39.338  110.373    973.2    774.7
     1     1    21     2    15    13     0     1    -5.0   39.759  109.970    902.6    772.6
     1     1    21     2    15    12     0     0    -6.0   40.185  109.515    834.1    769.4
     1     1    21     2    15    11     0     1    -7.0   40.581  109.106    736.7    794.8
     1     1    21     2    15    10     0     2    -8.0   40.951  108.758    663.9    825.6
     1     1    21     2    15     9     0     3    -9.0   41.301  108.387    627.6    819.2
     1     1    21     2    15     8     0     2   -10.0   41.610  107.966    614.6    812.2
     1     1    21     2    15     7     0     1   -11.0   41.850  107.502    560.2    812.9
     1     1    21     2    15     6     0     0   -12.0   41.966  106.951    440.4    831.6
     1     1    21     2    15     5     0     1   -13.0   41.972  106.358    295.6    864.3
     1     1    21     2    15     4     0     2   -14.0   41.945  105.807    210.2    881.2
     1     1    21     2    15     3     0     3   -15.0   41.923  105.263    219.4    867.9
     1     1    21     2    15     2     0     2   -16.0   41.957  104.686    305.7    852.0
     1     1    21     2    15     1     0     1   -17.0   42.062  104.090    361.4    838.7
     1     1    21     2    15     0     0     0   -18.0   42.184  103.532    345.5    840.3
     1     1    21     2    14    23     0     1   -19.0   42.284  103.036    296.8    847.5
     1     1    21     2    14    22     0     2   -20.0   42.352  102.627    257.4    854.9
     1     1    21     2    14    21     0     3   -21.0   42.406  102.283    246.5    852.9
     1     1    21     2    14    20     0     2   -22.0   42.451  101.968    262.5    847.5
     1     1    21     2    14    19     0     1   -23.0   42.493  101.664    285.3    843.3
     1     1    21     2    14    18     0     0   -24.0   42.529  101.386    293.7    843.2
     1     1    21     2    14    17     0     1   -25.0   42.569  101.139    301.2    844.3
     1     1    21     2    14    16     0     2   -26.0   42.632  100.908    326.6    841.1
     1     1    21     2    14    15     0     3   -27.0   42.736  100.670    379.9    832.6
     1     1    21     2    14    14     0     2   -28.0   42.883  100.403    468.4    818.9
     1     1    21     2    14    13     0     1   -29.0   43.052  100.088    586.3    806.6
     1     1    21     2    14    12     0     0   -30.0   43.232   99.729    701.8    795.1
     1     1    21     2    14    11     0     1   -31.0   43.419   99.376    795.2    786.7
     1     1    21     2    14    10     0     2   -32.0   43.589   99.055    880.3    777.0
     1     1    21     2    14     9     0     3   -33.0   43.736   98.751    952.2    764.7
     1     1    21     2    14     8     0     2   -34.0   43.878   98.471   1029.0    754.2
     1     1    21     2    14     7     0     1   -35.0   44.034   98.231   1136.9    735.5
     1     1    21     2    14     6     0     0   -36.0   44.227   98.028   1248.6    702.3
     1     1    21     2    14     5     0     1   -37.0   44.500   97.824   1336.7    678.8
     1     1    21     2    14     4     0     2   -38.0   44.856   97.591   1410.3    663.5
     1     1    21     2    14     3     0     3   -39.0   45.255   97.321   1494.0    666.1
     1     1    21     2    14     2     0     2   -40.0   45.660   97.012   1505.9    666.6
     1     1    21     2    14     1     0     1   -41.0   46.056   96.665   1444.4    678.6
     1     1    21     2    14     0     0     0   -42.0   46.427   96.286   1410.6    696.7
     1     1    21     2    13    23     0     1   -43.0   46.752   95.921   1415.0    702.3
     1     1    21     2    13    22     0     2   -44.0   47.037   95.588   1410.2    697.0
     1     1    21     2    13    21     0     3   -45.0   47.315   95.261   1406.8    691.3
     1     1    21     2    13    20     0     2   -46.0   47.584   94.932   1408.5    689.9
     1     1    21     2    13    19     0     1   -47.0   47.820   94.616   1423.2    699.5
     1     1    21     2    13    18     0     0   -48.0   48.008   94.320   1442.5    712.9
     1     1    21     2    13    17     0     1   -49.0   48.154   94.050   1456.3    724.3
     1     1    21     2    13    16     0     2   -50.0   48.270   93.801   1458.7    726.3
     1     1    21     2    13    15     0     3   -51.0   48.362   93.563   1459.6    727.0
     1     1    21     2    13    14     0     2   -52.0   48.435   93.342   1460.9    728.1
     1     1    21     2    13    13     0     1   -53.0   48.492   93.145   1462.3    729.6
     1     1    21     2    13    12     0     0   -54.0   48.534   92.976   1462.7    730.2
     1     1    21     2    13    11     0     1   -55.0   48.575   92.815   1459.0    725.3
     1     1    21     2    13    10     0     2   -56.0   48.634   92.628   1455.3    718.6
     1     1    21     2    13     9     0     3   -57.0   48.710   92.396   1454.1    708.4
     1     1    21     2    13     8     0     2   -58.0   48.813   92.078   1455.2    691.3
     1     1    21     2    13     7     0     1   -59.0   48.944   91.663   1467.1    679.5
     1     1    21     2    13     6     0     0   -60.0   49.071   91.249   1486.7    679.2
     1     1    21     2    13     5     0     1   -61.0   49.191   90.861   1494.1    670.3
     1     1    21     2    13     4     0     2   -62.0   49.329   90.469   1496.0    656.7
     1     1    21     2    13     3     0     3   -63.0   49.516   90.043   1497.4    642.7
     1     1    21     2    13     2     0     2   -64.0   49.748   89.561   1516.7    636.6
     1     1    21     2    13     1     0     1   -65.0   49.996   89.034   1539.0    633.5
     1     1    21     2    13     0     0     0   -66.0   50.236   88.494   1541.6    626.5
     1     1    21     2    12    23     0     1   -67.0   50.448   87.969   1585.6    630.7
     1     1    21     2    12    22     0     2   -68.0   50.642   87.433   1655.0    637.2
     1     1    21     2    12    21     0     3   -69.0   50.831   86.850   1687.6    650.8
     1     1    21     2    12    20     0     2   -70.0   50.984   86.299   1672.4    677.7
     1     1    21     2    12    19     0     1   -71.0   51.085   85.820   1629.1    705.5
     1     1    21     2    12    18     0     0   -72.0   51.164   85.359   1587.8    721.8
     1     1    21     2    12    17     0     1   -73.0   51.237   84.874   1568.2    732.0
     1     1    21     2    12    16     0     2   -74.0   51.302   84.362   1564.2    734.5
     1     1    21     2    12    15     0     3   -75.0   51.355   83.832   1575.8    741.9
     1     1    21     2    12    14     0     2   -76.0   51.387   83.313   1586.6    757.4
     1     1    21     2    12    13     0     1   -77.0   51.389   82.828   1572.1    774.8
     1     1    21     2    12    12     0     0   -78.0   51.368   82.387   1540.8    795.5
     1     1    21     2    12    11     0     1   -79.0   51.334   82.007   1506.3    814.9
     1     1    21     2    12    10     0     2   -80.0   51.296   81.677   1472.5    819.7
     1     1    21     2    12     9     0     3   -81.0   51.264   81.370   1456.7    822.3
     1     1    21     2    12     8     0     2   -82.0   51.238   81.067   1465.3    822.5
     1     1    21     2    12     7     0     1   -83.0   51.219   80.748   1488.7    820.5
     1     1    21     2    12     6     0     0   -84.0   51.204   80.421   1500.1    820.1
     1     1    21     2    12     5     0     1   -85.0   51.192   80.098   1491.5    823.6
     1     1    21     2    12     4     0     2   -86.0   51.184   79.789   1484.6    827.3
     1     1    21     2    12     3     0     3   -87.0   51.180   79.485   1498.9    826.1
     1     1    21     2    12     2     0     2   -88.0   51.183   79.183   1519.2    822.2
     1     1    21     2    12     1     0     1   -89.0   51.192   78.881   1518.1    822.2
     1     1    21     2    12     0     0     0   -90.0   51.202   78.586   1483.7    827.7
     1     1    21     2    11    23     0     1   -91.0   51.207   78.305   1442.1    837.0
     1     1    21     2    11    22     0     2   -92.0   51.206   78.032   1420.4    840.7
     1     1    21     2    11    21     0     3   -93.0   51.202   77.763   1414.9    840.3
     1     1    21     2    11    20     0     2   -94.0   51.205   77.495   1417.4    838.1
     1     1    21     2    11    19     0     1   -95.0   51.220   77.231   1419.6    836.8
     1     1    21     2    11    18     0     0   -96.0   51.244   76.966   1420.3    835.9
     1     1    21     2    11    17     0     1   -97.0   51.280   76.690   1423.9    834.6
     1     1    21     2    11    16     0     2   -98.0   51.332   76.390   1434.5    831.8
     1     1    21     2    11    15     0     3   -99.0   51.397   76.064   1449.2    828.6
     1     1    21     2    11    14     0     2  -100.0   51.469   75.709   1466.7    826.0
     1     1    21     2    11    13     0     1  -101.0   51.545   75.327   1496.0    823.7
     1     1    21     2    11    12     0     0  -102.0   51.622   74.919   1553.1    818.0
     1     1    21     2    11    11     0     1  -103.0   51.702   74.496   1609.9    806.3
     1     1    21     2    11    10     0     2  -104.0   51.784   74.079   1639.5    802.0
     1     1    21     2    11     9     0     3  -105.0   51.867   73.668   1649.0    799.2
     1     1    21     2    11     8     0     2  -106.0   51.954   73.261   1650.8    798.8
     1     1    21     2    11     7     0     1  -107.0   52.042   72.855   1654.2    797.7
     1     1    21     2    11     6     0     0  -108.0   52.134   72.453   1666.7    795.5
     1     1    21     2    11     5     0     1  -109.0   52.232   72.046   1690.8    790.3
     1     1    21     2    11     4     0     2  -110.0   52.339   71.624   1711.4    785.3
     1     1    21     2    11     3     0     3  -111.0   52.454   71.187   1721.4    782.8
     1     1    21     2    11     2     0     2  -112.0   52.575   70.727   1726.9    782.3
     1     1    21     2    11     1     0     1  -113.0   52.705   70.235   1728.4    781.9
     1     1    21     2    11     0     0     0  -114.0   52.841   69.712   1736.0    781.2
     1     1    21     2    10    23     0     1  -115.0   52.975   69.169   1756.5    778.5
     1     1    21     2    10    22     0     2  -116.0   53.093   68.619   1771.2    777.1
     1     1    21     2    10    21     0     3  -117.0   53.192   68.066   1760.7    779.6
     1     1    21     2    10    20     0     2  -118.0   53.278   67.520   1746.9    789.6
     1     1    21     2    10    19     0     1  -119.0   53.361   66.991   1735.1    794.8
     1     1    21     2    10    18     0     0  -120.0   53.437   66.479   1721.5    797.7
