     5     1
    GDAS    21     2     1     0     0
    GDAS    21     2     8     0     0
    GDAS    21     2    15     0     0
    GDAS    21     2    22     0     0
    GDAS    21     3     1     0     0
     1 BACKWARD OMEGA   
    21     2    24    15   37.820  111.540  1000.0
     1 PRESSURE
     1     1    21     2    24    15     0     3     0.0   37.820  111.540   1000.0    775.8
     1     1    21     2    24    14     0     2    -1.0   37.917  111.740   1011.7    772.6
     1     1    21     2    24    13     0     1    -2.0   38.005  111.949   1040.8    764.3
     1     1    21     2    24    12     0     0    -3.0   38.082  112.160   1071.8    757.4
     1     1    21     2    24    11     0     1    -4.0   38.137  112.369   1064.0    755.8
     1     1    21     2    24    10     0     2    -5.0   38.167  112.562   1005.0    764.1
     1     1    21     2    24     9     0     3    -6.0   38.180  112.729    916.2    775.4
     1     1    21     2    24     8     0     2    -7.0   38.191  112.867    839.5    788.3
     1     1    21     2    24     7     0     1    -8.0   38.207  112.980    798.4    793.1
     1     1    21     2    24     6     0     0    -9.0   38.226  113.075    784.3    799.5
     1     1    21     2    24     5     0     1   -10.0   38.226  113.144    782.8    804.1
     1     1    21     2    24     4     0     2   -11.0   38.187  113.176    783.9    807.4
     1     1    21     2    24     3     0     3   -12.0   38.109  113.172    790.1    808.0
     1     1    21     2    24     2     0     2   -13.0   38.010  113.154    805.6    806.2
     1     1    21     2    24     1     0     1   -14.0   37.918  113.144    840.8    803.2
     1     1    21     2    24     0     0     0   -15.0   37.836  113.139    897.6    797.2
     1     1    21     2    23    23     0     1   -16.0   37.759  113.119    941.1    788.9
     1     1    21     2    23    22     0     2   -17.0   37.674  113.069    946.5    785.9
     1     1    21     2    23    21     0     3   -18.0   37.578  112.995    913.0    785.4
     1     1    21     2    23    20     0     2   -19.0   37.461  112.925    863.2    794.6
     1     1    21     2    23    19     0     1   -20.0   37.327  112.883    829.5    800.6
     1     1    21     2    23    18     0     0   -21.0   37.190  112.866    818.4    804.1
     1     1    21     2    23    17     0     1   -22.0   37.050  112.868    800.4    805.1
     1     1    21     2    23    16     0     2   -23.0   36.904  112.892    741.6    812.4
     1     1    21     2    23    15     0     3   -24.0   36.757  112.955    642.8    825.3
     1     1    21     2    23    14     0     2   -25.0   36.624  113.086    522.1    846.1
     1     1    21     2    23    13     0     1   -26.0   36.529  113.291    411.1    873.0
     1     1    21     2    23    12     0     0   -27.0   36.477  113.523    314.6    898.0
     1     1    21     2    23    11     0     1   -28.0   36.452  113.731    204.0    921.3
     1     1    21     2    23    10     0     2   -29.0   36.433  113.901     87.7    949.7
     1     1    21     2    23     9     0     3   -30.0   36.412  114.060     20.3    969.3
     1     1    21     2    23     8     0     2   -31.0   36.379  114.217      0.0    978.4
     1     1    21     2    23     7     0     1   -32.0   36.325  114.363      0.0    986.8
     1     1    21     2    23     6     0     0   -33.0   36.248  114.499      0.0    994.5
     1     1    21     2    23     5     0     1   -34.0   36.161  114.626      0.0   1002.1
     1     1    21     2    23     4     0     2   -35.0   36.072  114.744      0.0   1008.5
     1     1    21     2    23     3     0     3   -36.0   35.980  114.861      0.0   1014.1
     1     1    21     2    23     2     0     2   -37.0   35.896  114.973      0.0   1018.4
     1     1    21     2    23     1     0     1   -38.0   35.831  115.072      0.0   1019.9
     1     1    21     2    23     0     0     0   -39.0   35.783  115.156      0.0   1020.4
     1     1    21     2    22    23     0     1   -40.0   35.736  115.243      0.0   1020.2
     1     1    21     2    22    22     0     2   -41.0   35.675  115.349      0.0   1020.1
     1     1    21     2    22    21     0     3   -42.0   35.604  115.478      0.0   1020.0
     1     1    21     2    22    20     0     2   -43.0   35.532  115.626      0.2   1020.3
     1     1    21     2    22    19     0     1   -44.0   35.472  115.790      0.2   1020.8
     1     1    21     2    22    18     0     0   -45.0   35.420  115.964      0.1   1021.6
     1     1    21     2    22    17     0     1   -46.0   35.379  116.143      0.0   1021.0
     1     1    21     2    22    16     0     2   -47.0   35.345  116.325      0.2   1020.7
     1     1    21     2    22    15     0     3   -48.0   35.314  116.506      0.8   1021.1
     1     1    21     2    22    14     0     2   -49.0   35.292  116.683      1.8   1020.0
     1     1    21     2    22    13     0     1   -50.0   35.281  116.859      3.3   1018.6
     1     1    21     2    22    12     0     0   -51.0   35.283  117.047      6.1   1016.2
     1     1    21     2    22    11     0     1   -52.0   35.312  117.253     10.5   1011.4
     1     1    21     2    22    10     0     2   -53.0   35.380  117.481     18.2   1004.4
     1     1    21     2    22     9     0     3   -54.0   35.487  117.737     32.6    994.8
     1     1    21     2    22     8     0     2   -55.0   35.638  118.015     63.7    982.3
     1     1    21     2    22     7     0     1   -56.0   35.845  118.296    123.1    974.7
     1     1    21     2    22     6     0     0   -57.0   36.113  118.554    193.7    971.3
     1     1    21     2    22     5     0     1   -58.0   36.422  118.808    241.4    978.9
     1     1    21     2    22     4     0     2   -59.0   36.756  119.079    253.4    987.5
     1     1    21     2    22     3     0     3   -60.0   37.101  119.376    275.1    988.2
     1     1    21     2    22     2     0     2   -61.0   37.468  119.704    342.3    977.7
     1     1    21     2    22     1     0     1   -62.0   37.899  120.074    453.8    968.1
     1     1    21     2    22     0     0     0   -63.0   38.414  120.445    539.2    951.6
     1     1    21     2    21    23     0     1   -64.0   38.993  120.796    590.3    949.7
     1     1    21     2    21    22     0     2   -65.0   39.631  121.137    687.1    940.6
     1     1    21     2    21    21     0     3   -66.0   40.302  121.418    862.3    915.0
     1     1    21     2    21    20     0     2   -67.0   40.941  121.549    998.9    886.5
     1     1    21     2    21    19     0     1   -68.0   41.521  121.537   1080.6    875.4
     1     1    21     2    21    18     0     0   -69.0   42.040  121.373   1167.4    854.6
     1     1    21     2    21    17     0     1   -70.0   42.526  121.060   1245.7    836.2
     1     1    21     2    21    16     0     2   -71.0   42.992  120.661   1273.3    822.3
     1     1    21     2    21    15     0     3   -72.0   43.427  120.211   1253.5    823.1
     1     1    21     2    21    14     0     2   -73.0   43.874  119.620   1250.2    804.9
     1     1    21     2    21    13     0     1   -74.0   44.303  118.863   1382.3    759.8
     1     1    21     2    21    12     0     0   -75.0   44.685  118.074   1517.5    736.4
     1     1    21     2    21    11     0     1   -76.0   45.051  117.376   1516.4    737.3
     1     1    21     2    21    10     0     2   -77.0   45.407  116.695   1529.1    735.6
     1     1    21     2    21     9     0     3   -78.0   45.773  115.992   1467.0    736.1
     1     1    21     2    21     8     0     2   -79.0   46.142  115.373   1444.2    752.4
     1     1    21     2    21     7     0     1   -80.0   46.480  114.760   1574.8    732.4
     1     1    21     2    21     6     0     0   -81.0   46.795  114.088   1641.2    709.7
     1     1    21     2    21     5     0     1   -82.0   47.106  113.478   1576.7    724.6
     1     1    21     2    21     4     0     2   -83.0   47.427  112.917   1475.8    734.9
     1     1    21     2    21     3     0     3   -84.0   47.777  112.423   1387.1    750.9
     1     1    21     2    21     2     0     2   -85.0   48.158  111.932   1368.4    747.3
     1     1    21     2    21     1     0     1   -86.0   48.578  111.344   1472.8    729.7
     1     1    21     2    21     0     0     0   -87.0   48.983  110.523   1669.6    693.9
     1     1    21     2    20    23     0     1   -88.0   49.344  109.498   1954.0    649.0
     1     1    21     2    20    22     0     2   -89.0   49.680  108.526   2124.7    649.6
     1     1    21     2    20    21     0     3   -90.0   49.965  107.812   1915.3    701.3
     1     1    21     2    20    20     0     2   -91.0   50.317  107.320   1719.6    732.3
     1     1    21     2    20    19     0     1   -92.0   50.793  106.771   1619.5    748.2
     1     1    21     2    20    18     0     0   -93.0   51.360  106.099   1386.9    768.7
     1     1    21     2    20    17     0     1   -94.0   51.946  105.381   1240.0    814.3
     1     1    21     2    20    16     0     2   -95.0   52.589  104.499   1292.2    785.8
     1     1    21     2    20    15     0     3   -96.0   53.256  103.498   1328.5    794.2
     1     1    21     2    20    14     0     2   -97.0   53.833  102.361   1349.4    801.7
     1     1    21     2    20    13     0     1   -98.0   54.321  101.045   1320.2    797.0
     1     1    21     2    20    12     0     0   -99.0   54.726   99.784   1193.4    810.3
     1     1    21     2    20    11     0     1  -100.0   55.045   98.529   1133.1    813.7
     1     1    21     2    20    10     0     2  -101.0   55.266   97.202   1115.3    816.2
     1     1    21     2    20     9     0     3  -102.0   55.435   96.019   1091.2    828.7
     1     1    21     2    20     8     0     2  -103.0   55.563   95.006   1065.2    840.3
     1     1    21     2    20     7     0     1  -104.0   55.695   94.025   1053.0    833.3
     1     1    21     2    20     6     0     0  -105.0   55.843   93.101   1009.5    850.9
     1     1    21     2    20     5     0     1  -106.0   56.009   92.184   1021.5    840.8
     1     1    21     2    20     4     0     2  -107.0   56.216   91.205   1082.5    842.4
     1     1    21     2    20     3     0     3  -108.0   56.412   90.278   1035.8    855.2
     1     1    21     2    20     2     0     2  -109.0   56.593   89.397   1019.0    860.3
     1     1    21     2    20     1     0     1  -110.0   56.752   88.609   1022.3    862.3
     1     1    21     2    20     0     0     0  -111.0   56.914   87.961    982.7    869.0
     1     1    21     2    19    23     0     1  -112.0   57.095   87.421    932.7    875.1
     1     1    21     2    19    22     0     2  -113.0   57.312   86.943    890.9    878.7
     1     1    21     2    19    21     0     3  -114.0   57.581   86.530    857.6    881.1
     1     1    21     2    19    20     0     2  -115.0   57.882   86.214    835.1    882.3
     1     1    21     2    19    19     0     1  -116.0   58.181   86.003    824.2    883.5
     1     1    21     2    19    18     0     0  -117.0   58.473   85.894    823.1    884.3
     1     1    21     2    19    17     0     1  -118.0   58.740   85.905    821.7    884.8
     1     1    21     2    19    16     0     2  -119.0   58.965   86.044    814.5    886.4
     1     1    21     2    19    15     0     3  -120.0   59.144   86.311    805.8    884.2
