     5     1
    GDAS    21     2     1     0     0
    GDAS    21     2     8     0     0
    GDAS    21     2    15     0     0
    GDAS    21     2    22     0     0
    GDAS    21     3     1     0     0
     1 BACKWARD OMEGA   
    21     2    28     6   37.820  111.540  1000.0
     1 PRESSURE
     1     1    21     2    28     6     0     0     0.0   37.820  111.540   1000.0    773.7
     1     1    21     2    28     5     0     1    -1.0   37.861  111.653   1001.4    774.1
     1     1    21     2    28     4     0     2    -2.0   37.903  111.733   1037.9    770.1
     1     1    21     2    28     3     0     3    -3.0   37.943  111.777   1111.9    762.4
     1     1    21     2    28     2     0     2    -4.0   37.969  111.785   1194.9    751.0
     1     1    21     2    28     1     0     1    -5.0   37.973  111.762   1269.9    744.5
     1     1    21     2    28     0     0     0    -6.0   37.956  111.707   1341.9    738.7
     1     1    21     2    27    23     0     1    -7.0   37.929  111.619   1411.6    733.6
     1     1    21     2    27    22     0     2    -8.0   37.900  111.496   1486.3    728.4
     1     1    21     2    27    21     0     3    -9.0   37.865  111.338   1582.7    721.7
     1     1    21     2    27    20     0     2   -10.0   37.815  111.133   1661.2    711.9
     1     1    21     2    27    19     0     1   -11.0   37.751  110.901   1664.0    713.1
     1     1    21     2    27    18     0     0   -12.0   37.686  110.654   1598.7    722.2
     1     1    21     2    27    17     0     1   -13.0   37.614  110.419   1527.1    736.4
     1     1    21     2    27    16     0     2   -14.0   37.536  110.200   1502.6    742.2
     1     1    21     2    27    15     0     3   -15.0   37.464  109.975   1530.1    742.8
     1     1    21     2    27    14     0     2   -16.0   37.391  109.731   1543.7    729.7
     1     1    21     2    27    13     0     1   -17.0   37.315  109.494   1501.4    728.4
     1     1    21     2    27    12     0     0   -18.0   37.245  109.291   1419.6    730.3
     1     1    21     2    27    11     0     1   -19.0   37.156  109.114   1318.6    734.9
     1     1    21     2    27    10     0     2   -20.0   37.021  108.921   1229.0    737.1
     1     1    21     2    27     9     0     3   -21.0   36.851  108.726   1144.0    742.9
     1     1    21     2    27     8     0     2   -22.0   36.662  108.571   1029.7    754.4
     1     1    21     2    27     7     0     1   -23.0   36.462  108.468    909.0    772.5
     1     1    21     2    27     6     0     0   -24.0   36.256  108.404    834.9    787.4
     1     1    21     2    27     5     0     1   -25.0   36.039  108.386    800.0    792.5
     1     1    21     2    27     4     0     2   -26.0   35.803  108.428    771.0    799.8
     1     1    21     2    27     3     0     3   -27.0   35.550  108.525    745.4    808.4
     1     1    21     2    27     2     0     2   -28.0   35.310  108.672    731.0    817.8
     1     1    21     2    27     1     0     1   -29.0   35.113  108.867    730.9    825.5
     1     1    21     2    27     0     0     0   -30.0   34.969  109.103    740.5    834.3
     1     1    21     2    26    23     0     1   -31.0   34.844  109.341    748.9    839.2
     1     1    21     2    26    22     0     2   -32.0   34.712  109.545    756.5    842.5
     1     1    21     2    26    21     0     3   -33.0   34.569  109.719    779.7    839.9
     1     1    21     2    26    20     0     2   -34.0   34.400  109.852    798.0    830.7
     1     1    21     2    26    19     0     1   -35.0   34.196  109.936    760.3    822.6
     1     1    21     2    26    18     0     0   -36.0   33.954  109.996    626.4    825.8
     1     1    21     2    26    17     0     1   -37.0   33.745  110.076    509.4    861.7
     1     1    21     2    26    16     0     2   -38.0   33.591  110.180    480.9    870.9
     1     1    21     2    26    15     0     3   -39.0   33.468  110.307    505.2    873.8
     1     1    21     2    26    14     0     2   -40.0   33.365  110.458    533.5    873.3
     1     1    21     2    26    13     0     1   -41.0   33.285  110.626    523.3    879.2
     1     1    21     2    26    12     0     0   -42.0   33.229  110.802    469.5    890.0
     1     1    21     2    26    11     0     1   -43.0   33.189  110.958    392.2    904.5
     1     1    21     2    26    10     0     2   -44.0   33.164  111.086    322.2    918.3
     1     1    21     2    26     9     0     3   -45.0   33.159  111.201    266.9    929.9
     1     1    21     2    26     8     0     2   -46.0   33.170  111.319    232.1    938.3
     1     1    21     2    26     7     0     1   -47.0   33.196  111.447    216.5    943.4
     1     1    21     2    26     6     0     0   -48.0   33.235  111.583    209.9    947.1
     1     1    21     2    26     5     0     1   -49.0   33.289  111.716    206.9    949.8
     1     1    21     2    26     4     0     2   -50.0   33.360  111.825    209.1    950.1
     1     1    21     2    26     3     0     3   -51.0   33.445  111.904    219.6    946.9
     1     1    21     2    26     2     0     2   -52.0   33.528  111.976    238.5    941.8
     1     1    21     2    26     1     0     1   -53.0   33.603  112.067    266.1    937.3
     1     1    21     2    26     0     0     0   -54.0   33.671  112.175    298.8    933.5
     1     1    21     2    25    23     0     1   -55.0   33.743  112.283    329.0    930.3
     1     1    21     2    25    22     0     2   -56.0   33.823  112.376    352.0    929.1
     1     1    21     2    25    21     0     3   -57.0   33.913  112.457    373.9    928.1
     1     1    21     2    25    20     0     2   -58.0   34.016  112.528    391.2    927.5
     1     1    21     2    25    19     0     1   -59.0   34.135  112.583    399.2    932.5
     1     1    21     2    25    18     0     0   -60.0   34.262  112.617    400.0    936.9
     1     1    21     2    25    17     0     1   -61.0   34.377  112.643    401.6    940.8
     1     1    21     2    25    16     0     2   -62.0   34.471  112.680    409.1    943.5
     1     1    21     2    25    15     0     3   -63.0   34.547  112.727    421.6    945.9
     1     1    21     2    25    14     0     2   -64.0   34.619  112.775    425.4    947.0
     1     1    21     2    25    13     0     1   -65.0   34.689  112.798    411.5    950.7
     1     1    21     2    25    12     0     0   -66.0   34.751  112.796    387.4    954.1
     1     1    21     2    25    11     0     1   -67.0   34.802  112.782    376.6    957.1
     1     1    21     2    25    10     0     2   -68.0   34.845  112.779    393.5    954.9
     1     1    21     2    25     9     0     3   -69.0   34.886  112.788    438.7    950.8
     1     1    21     2    25     8     0     2   -70.0   34.927  112.805    499.5    942.6
     1     1    21     2    25     7     0     1   -71.0   34.967  112.819    560.5    936.7
     1     1    21     2    25     6     0     0   -72.0   35.013  112.821    623.8    928.9
     1     1    21     2    25     5     0     1   -73.0   35.074  112.837    688.5    916.3
     1     1    21     2    25     4     0     2   -74.0   35.151  112.902    758.8    903.9
     1     1    21     2    25     3     0     3   -75.0   35.236  113.032    839.4    891.4
     1     1    21     2    25     2     0     2   -76.0   35.356  113.216    913.2    873.9
     1     1    21     2    25     1     0     1   -77.0   35.528  113.425    943.5    861.7
     1     1    21     2    25     0     0     0   -78.0   35.753  113.632    913.1    860.2
     1     1    21     2    24    23     0     1   -79.0   36.010  113.804    871.8    868.4
     1     1    21     2    24    22     0     2   -80.0   36.236  113.948    853.5    870.4
     1     1    21     2    24    21     0     3   -81.0   36.406  114.080    843.3    873.4
     1     1    21     2    24    20     0     2   -82.0   36.529  114.222    827.5    877.2
     1     1    21     2    24    19     0     1   -83.0   36.622  114.387    789.4    889.0
     1     1    21     2    24    18     0     0   -84.0   36.696  114.563    727.0    905.2
     1     1    21     2    24    17     0     1   -85.0   36.779  114.713    679.2    924.8
     1     1    21     2    24    16     0     2   -86.0   36.877  114.825    681.5    931.3
     1     1    21     2    24    15     0     3   -87.0   36.980  114.911    745.7    930.6
     1     1    21     2    24    14     0     2   -88.0   37.066  115.027    876.1    920.3
     1     1    21     2    24    13     0     1   -89.0   37.117  115.193   1031.3    899.9
     1     1    21     2    24    12     0     0   -90.0   37.146  115.377   1185.3    882.1
     1     1    21     2    24    11     0     1   -91.0   37.151  115.563   1327.4    865.7
     1     1    21     2    24    10     0     2   -92.0   37.129  115.740   1461.6    852.4
     1     1    21     2    24     9     0     3   -93.0   37.087  115.904   1577.8    837.8
     1     1    21     2    24     8     0     2   -94.0   37.037  116.053   1643.7    829.0
     1     1    21     2    24     7     0     1   -95.0   36.976  116.186   1653.8    828.8
     1     1    21     2    24     6     0     0   -96.0   36.893  116.302   1618.4    832.8
     1     1    21     2    24     5     0     1   -97.0   36.780  116.401   1584.5    841.1
     1     1    21     2    24     4     0     2   -98.0   36.652  116.468   1586.1    840.6
     1     1    21     2    24     3     0     3   -99.0   36.525  116.505   1619.0    837.0
     1     1    21     2    24     2     0     2  -100.0   36.406  116.524   1644.3    829.6
     1     1    21     2    24     1     0     1  -101.0   36.294  116.563   1622.0    831.1
     1     1    21     2    24     0     0     0  -102.0   36.191  116.650   1545.8    837.5
     1     1    21     2    23    23     0     1  -103.0   36.113  116.803   1434.9    850.5
     1     1    21     2    23    22     0     2  -104.0   36.057  116.982   1325.6    860.9
     1     1    21     2    23    21     0     3  -105.0   36.013  117.166   1233.2    866.4
     1     1    21     2    23    20     0     2  -106.0   35.970  117.341   1170.2    867.8
     1     1    21     2    23    19     0     1  -107.0   35.914  117.501   1130.4    867.2
     1     1    21     2    23    18     0     0  -108.0   35.844  117.649   1101.0    866.6
     1     1    21     2    23    17     0     1  -109.0   35.758  117.795   1085.3    867.5
     1     1    21     2    23    16     0     2  -110.0   35.655  117.943   1087.2    866.6
     1     1    21     2    23    15     0     3  -111.0   35.535  118.102   1100.6    869.6
     1     1    21     2    23    14     0     2  -112.0   35.397  118.289   1116.9    874.9
     1     1    21     2    23    13     0     1  -113.0   35.251  118.515   1142.5    880.2
     1     1    21     2    23    12     0     0  -114.0   35.105  118.779   1202.3    881.8
     1     1    21     2    23    11     0     1  -115.0   34.953  119.025   1277.5    874.1
     1     1    21     2    23    10     0     2  -116.0   34.792  119.216   1320.8    867.8
     1     1    21     2    23     9     0     3  -117.0   34.627  119.371   1327.9    868.0
     1     1    21     2    23     8     0     2  -118.0   34.465  119.524   1308.7    870.4
     1     1    21     2    23     7     0     1  -119.0   34.312  119.699   1265.6    875.1
     1     1    21     2    23     6     0     0  -120.0   34.176  119.910   1195.3    882.7
