     5     1
    GDAS    21     2     1     0     0
    GDAS    21     2     8     0     0
    GDAS    21     2    15     0     0
    GDAS    21     2    22     0     0
    GDAS    21     3     1     0     0
     1 BACKWARD OMEGA   
    21     2    21    17   37.820  111.540  1000.0
     1 PRESSURE
     1     1    21     2    21    17     0     1     0.0   37.820  111.540   1000.0    777.2
     1     1    21     2    21    16     0     2    -1.0   38.043  111.301   1063.5    777.1
     1     1    21     2    21    15     0     3    -2.0   38.274  111.092   1108.9    774.1
     1     1    21     2    21    14     0     2    -3.0   38.499  110.919   1081.1    781.0
     1     1    21     2    21    13     0     1    -4.0   38.717  110.753   1000.5    790.4
     1     1    21     2    21    12     0     0    -5.0   38.939  110.587    908.5    797.1
     1     1    21     2    21    11     0     1    -6.0   39.149  110.401    823.8    799.0
     1     1    21     2    21    10     0     2    -7.0   39.336  110.162    776.6    796.2
     1     1    21     2    21     9     0     3    -8.0   39.519  109.868    788.5    788.4
     1     1    21     2    21     8     0     2    -9.0   39.694  109.543    829.6    775.7
     1     1    21     2    21     7     0     1   -10.0   39.845  109.211    874.6    765.5
     1     1    21     2    21     6     0     0   -11.0   39.969  108.870    909.2    757.9
     1     1    21     2    21     5     0     1   -12.0   40.097  108.537    926.5    769.0
     1     1    21     2    21     4     0     2   -13.0   40.245  108.244    933.8    777.8
     1     1    21     2    21     3     0     3   -14.0   40.402  108.002    915.6    786.4
     1     1    21     2    21     2     0     2   -15.0   40.581  107.771    861.5    791.4
     1     1    21     2    21     1     0     1   -16.0   40.781  107.506    795.1    799.1
     1     1    21     2    21     0     0     0   -17.0   40.986  107.218    786.6    804.7
     1     1    21     2    20    23     0     1   -18.0   41.212  106.914    800.8    793.2
     1     1    21     2    20    22     0     2   -19.0   41.438  106.591    750.4    795.1
     1     1    21     2    20    21     0     3   -20.0   41.616  106.192    657.5    813.5
     1     1    21     2    20    20     0     2   -21.0   41.765  105.733    611.9    825.4
     1     1    21     2    20    19     0     1   -22.0   41.941  105.266    602.8    818.3
     1     1    21     2    20    18     0     0   -23.0   42.129  104.797    580.5    810.8
     1     1    21     2    20    17     0     1   -24.0   42.355  104.342    584.5    806.4
     1     1    21     2    20    16     0     2   -25.0   42.634  103.883    596.5    795.0
     1     1    21     2    20    15     0     3   -26.0   42.940  103.396    530.8    797.2
     1     1    21     2    20    14     0     2   -27.0   43.212  102.879    479.3    812.9
     1     1    21     2    20    13     0     1   -28.0   43.450  102.281    558.1    802.0
     1     1    21     2    20    12     0     0   -29.0   43.691  101.648    681.5    788.6
     1     1    21     2    20    11     0     1   -30.0   43.885  100.983    846.2    794.6
     1     1    21     2    20    10     0     2   -31.0   44.108  100.349    850.8    754.7
     1     1    21     2    20     9     0     3   -32.0   44.285   99.776    661.2    780.9
     1     1    21     2    20     8     0     2   -33.0   44.493   99.241    684.2    775.3
     1     1    21     2    20     7     0     1   -34.0   44.803   98.630    947.1    701.4
     1     1    21     2    20     6     0     0   -35.0   45.203   97.961   1095.4    648.7
     1     1    21     2    20     5     0     1   -36.0   45.605   97.266   1010.5    700.8
     1     1    21     2    20     4     0     2   -37.0   45.870   96.612    742.5    740.0
     1     1    21     2    20     3     0     3   -38.0   45.972   96.215    503.9    796.2
     1     1    21     2    20     2     0     2   -39.0   46.000   96.012    344.7    818.8
     1     1    21     2    20     1     0     1   -40.0   45.993   95.936    247.7    826.4
     1     1    21     2    20     0     0     0   -41.0   45.968   95.911    191.3    830.9
     1     1    21     2    19    23     0     1   -42.0   45.932   95.921    158.9    833.5
     1     1    21     2    19    22     0     2   -43.0   45.884   95.968    142.1    834.9
     1     1    21     2    19    21     0     3   -44.0   45.827   96.042    136.3    834.0
     1     1    21     2    19    20     0     2   -45.0   45.776   96.106    132.5    831.6
     1     1    21     2    19    19     0     1   -46.0   45.733   96.148    126.7    831.3
     1     1    21     2    19    18     0     0   -47.0   45.696   96.174    120.0    831.6
     1     1    21     2    19    17     0     1   -48.0   45.659   96.191    109.9    832.4
     1     1    21     2    19    16     0     2   -49.0   45.617   96.205     94.8    834.4
     1     1    21     2    19    15     0     3   -50.0   45.571   96.217     77.7    837.0
     1     1    21     2    19    14     0     2   -51.0   45.527   96.235     62.0    839.3
     1     1    21     2    19    13     0     1   -52.0   45.492   96.268     48.6    840.5
     1     1    21     2    19    12     0     0   -53.0   45.465   96.315     37.4    840.4
     1     1    21     2    19    11     0     1   -54.0   45.446   96.368     29.4    840.2
     1     1    21     2    19    10     0     2   -55.0   45.433   96.418     24.9    839.4
     1     1    21     2    19     9     0     3   -56.0   45.424   96.462     22.7    838.4
     1     1    21     2    19     8     0     2   -57.0   45.417   96.496     30.6    837.9
     1     1    21     2    19     7     0     1   -58.0   45.410   96.512     62.2    835.6
     1     1    21     2    19     6     0     0   -59.0   45.403   96.510    111.5    830.3
     1     1    21     2    19     5     0     1   -60.0   45.397   96.492    161.1    825.3
     1     1    21     2    19     4     0     2   -61.0   45.392   96.462    204.6    823.0
     1     1    21     2    19     3     0     3   -62.0   45.390   96.421    247.3    821.6
     1     1    21     2    19     2     0     2   -63.0   45.393   96.366    292.5    818.7
     1     1    21     2    19     1     0     1   -64.0   45.403   96.296    338.4    816.2
     1     1    21     2    19     0     0     0   -65.0   45.417   96.215    378.5    814.9
     1     1    21     2    18    23     0     1   -66.0   45.434   96.130    405.8    815.1
     1     1    21     2    18    22     0     2   -67.0   45.452   96.046    420.6    817.0
     1     1    21     2    18    21     0     3   -68.0   45.469   95.960    431.2    816.4
     1     1    21     2    18    20     0     2   -69.0   45.482   95.860    458.9    810.7
     1     1    21     2    18    19     0     1   -70.0   45.491   95.736    516.2    799.5
     1     1    21     2    18    18     0     0   -71.0   45.497   95.581    603.3    784.8
     1     1    21     2    18    17     0     1   -72.0   45.509   95.386    715.4    765.5
     1     1    21     2    18    16     0     2   -73.0   45.535   95.150    857.5    745.8
     1     1    21     2    18    15     0     3   -74.0   45.600   94.878   1029.8    726.3
     1     1    21     2    18    14     0     2   -75.0   45.722   94.562   1148.8    703.9
     1     1    21     2    18    13     0     1   -76.0   45.896   94.182   1185.7    676.9
     1     1    21     2    18    12     0     0   -77.0   46.116   93.721   1241.9    666.4
     1     1    21     2    18    11     0     1   -78.0   46.310   93.211   1372.1    667.6
     1     1    21     2    18    10     0     2   -79.0   46.471   92.667   1539.9    656.2
     1     1    21     2    18     9     0     3   -80.0   46.641   92.029   1687.5    624.3
     1     1    21     2    18     8     0     2   -81.0   46.812   91.342   1781.2    607.5
     1     1    21     2    18     7     0     1   -82.0   46.961   90.714   1840.8    617.4
     1     1    21     2    18     6     0     0   -83.0   47.102   90.132   1967.8    634.8
     1     1    21     2    18     5     0     1   -84.0   47.232   89.561   2114.2    639.5
     1     1    21     2    18     4     0     2   -85.0   47.323   89.000   2158.4    665.1
     1     1    21     2    18     3     0     3   -86.0   47.387   88.480   2161.3    680.1
     1     1    21     2    18     2     0     2   -87.0   47.452   87.989   2219.2    682.9
     1     1    21     2    18     1     0     1   -88.0   47.516   87.528   2292.8    683.0
     1     1    21     2    18     0     0     0   -89.0   47.576   87.118   2364.9    692.1
     1     1    21     2    17    23     0     1   -90.0   47.632   86.717   2418.7    683.7
     1     1    21     2    17    22     0     2   -91.0   47.680   86.282   2430.6    674.6
     1     1    21     2    17    21     0     3   -92.0   47.717   85.823   2393.8    678.3
     1     1    21     2    17    20     0     2   -93.0   47.739   85.362   2378.8    690.4
     1     1    21     2    17    19     0     1   -94.0   47.750   84.889   2415.5    689.1
     1     1    21     2    17    18     0     0   -95.0   47.757   84.403   2420.6    689.4
     1     1    21     2    17    17     0     1   -96.0   47.750   83.926   2355.8    701.7
     1     1    21     2    17    16     0     2   -97.0   47.715   83.456   2286.5    713.0
     1     1    21     2    17    15     0     3   -98.0   47.643   82.978   2251.8    716.4
     1     1    21     2    17    14     0     2   -99.0   47.554   82.489   2210.6    710.9
     1     1    21     2    17    13     0     1  -100.0   47.453   82.001   2143.4    716.9
     1     1    21     2    17    12     0     0  -101.0   47.334   81.546   2068.2    730.4
     1     1    21     2    17    11     0     1  -102.0   47.206   81.156   1999.7    745.4
     1     1    21     2    17    10     0     2  -103.0   47.076   80.830   1954.6    759.3
     1     1    21     2    17     9     0     3  -104.0   46.947   80.539   1938.0    763.7
     1     1    21     2    17     8     0     2  -105.0   46.823   80.256   1932.1    763.3
     1     1    21     2    17     7     0     1  -106.0   46.702   79.981   1928.1    766.6
     1     1    21     2    17     6     0     0  -107.0   46.578   79.721   1926.5    766.9
     1     1    21     2    17     5     0     1  -108.0   46.451   79.470   1925.8    766.9
     1     1    21     2    17     4     0     2  -109.0   46.321   79.215   1920.7    767.9
     1     1    21     2    17     3     0     3  -110.0   46.190   78.966   1910.8    770.0
     1     1    21     2    17     2     0     2  -111.0   46.058   78.728   1904.6    772.4
     1     1    21     2    17     1     0     1  -112.0   45.924   78.502   1901.4    768.2
     1     1    21     2    17     0     0     0  -113.0   45.791   78.293   1903.7    764.4
     1     1    21     2    16    23     0     1  -114.0   45.660   78.102   1912.1    766.3
     1     1    21     2    16    22     0     2  -115.0   45.530   77.927   1918.3    769.7
     1     1    21     2    16    21     0     3  -116.0   45.403   77.759   1918.0    769.0
     1     1    21     2    16    20     0     2  -117.0   45.282   77.597   1921.5    768.7
     1     1    21     2    16    19     0     1  -118.0   45.170   77.444   1934.1    767.4
     1     1    21     2    16    18     0     0  -119.0   45.070   77.298   1959.2    765.4
     1     1    21     2    16    17     0     1  -120.0   44.986   77.149   2001.6    761.6
