     5     1
    GDAS    21     2     1     0     0
    GDAS    21     2     8     0     0
    GDAS    21     2    15     0     0
    GDAS    21     2    22     0     0
    GDAS    21     3     1     0     0
     1 BACKWARD OMEGA   
    21     2     1    18   44.970  -93.230   500.0
     1 PRESSURE
     1     1    21     2     1    18     0     0     0.0   44.970  -93.230    500.0    932.2
     1     1    21     2     1    17     0     1    -1.0   45.127  -93.292    512.8    930.3
     1     1    21     2     1    16     0     2    -2.0   45.318  -93.364    536.4    925.3
     1     1    21     2     1    15     0     3    -3.0   45.539  -93.445    568.6    918.6
     1     1    21     2     1    14     0     2    -4.0   45.767  -93.541    599.4    911.0
     1     1    21     2     1    13     0     1    -5.0   45.984  -93.659    623.5    905.1
     1     1    21     2     1    12     0     0    -6.0   46.198  -93.800    644.1    900.7
     1     1    21     2     1    11     0     1    -7.0   46.414  -93.956    666.4    897.7
     1     1    21     2     1    10     0     2    -8.0   46.627  -94.117    694.0    893.5
     1     1    21     2     1     9     0     3    -9.0   46.826  -94.283    723.6    888.7
     1     1    21     2     1     8     0     2   -10.0   47.016  -94.446    753.9    883.6
     1     1    21     2     1     7     0     1   -11.0   47.205  -94.600    782.2    880.4
     1     1    21     2     1     6     0     0   -12.0   47.391  -94.750    800.9    879.0
     1     1    21     2     1     5     0     1   -13.0   47.578  -94.902    811.2    880.5
     1     1    21     2     1     4     0     2   -14.0   47.768  -95.063    822.8    882.7
     1     1    21     2     1     3     0     3   -15.0   47.957  -95.231    842.3    883.3
     1     1    21     2     1     2     0     2   -16.0   48.143  -95.397    861.7    880.7
     1     1    21     2     1     1     0     1   -17.0   48.331  -95.556    875.0    879.5
     1     1    21     2     1     0     0     0   -18.0   48.521  -95.716    891.2    878.0
