     5     1
    GDAS    21     2     1     0     0
    GDAS    21     2     8     0     0
    GDAS    21     2    15     0     0
    GDAS    21     2    22     0     0
    GDAS    21     3     1     0     0
     1 BACKWARD OMEGA   
    21     2    12    21   44.970  -93.230   500.0
     1 PRESSURE
     1     1    21     2    12    21     0     3     0.0   44.970  -93.230    500.0    933.1
     1     1    21     2    12    20     0     2    -1.0   45.106  -93.430    514.6    931.7
     1     1    21     2    12    19     0     1    -2.0   45.243  -93.646    546.0    926.3
     1     1    21     2    12    18     0     0    -3.0   45.386  -93.895    600.9    917.8
     1     1    21     2    12    17     0     1    -4.0   45.534  -94.168    675.2    903.5
     1     1    21     2    12    16     0     2    -5.0   45.673  -94.444    744.5    890.2
     1     1    21     2    12    15     0     3    -6.0   45.808  -94.732    788.1    881.5
     1     1    21     2    12    14     0     2    -7.0   45.949  -95.041    813.6    879.1
     1     1    21     2    12    13     0     1    -8.0   46.098  -95.374    842.6    877.5
     1     1    21     2    12    12     0     0    -9.0   46.249  -95.733    882.5    874.3
     1     1    21     2    12    11     0     1   -10.0   46.401  -96.128    926.8    869.5
     1     1    21     2    12    10     0     2   -11.0   46.544  -96.559    963.5    867.6
     1     1    21     2    12     9     0     3   -12.0   46.677  -97.034    988.3    869.0
     1     1    21     2    12     8     0     2   -13.0   46.808  -97.560   1017.0    861.6
     1     1    21     2    12     7     0     1   -14.0   46.943  -98.161   1068.7    846.5
     1     1    21     2    12     6     0     0   -15.0   47.062  -98.809   1127.7    829.1
     1     1    21     2    12     5     0     1   -16.0   47.172  -99.451   1171.0    820.5
     1     1    21     2    12     4     0     2   -17.0   47.296 -100.070   1199.5    819.8
     1     1    21     2    12     3     0     3   -18.0   47.446 -100.680   1224.6    813.2
     1     1    21     2    12     2     0     2   -19.0   47.624 -101.304   1235.9    806.1
     1     1    21     2    12     1     0     1   -20.0   47.819 -101.972   1221.3    799.4
     1     1    21     2    12     0     0     0   -21.0   48.017 -102.676   1199.4    803.9
     1     1    21     2    11    23     0     1   -22.0   48.214 -103.358   1192.4    808.8
     1     1    21     2    11    22     0     2   -23.0   48.423 -104.004   1199.4    809.1
     1     1    21     2    11    21     0     3   -24.0   48.653 -104.662   1227.3    801.3
     1     1    21     2    11    20     0     2   -25.0   48.914 -105.364   1278.5    784.8
     1     1    21     2    11    19     0     1   -26.0   49.202 -106.092   1328.3    772.6
     1     1    21     2    11    18     0     0   -27.0   49.506 -106.782   1317.3    774.8
     1     1    21     2    11    17     0     1   -28.0   49.832 -107.412   1275.6    785.4
     1     1    21     2    11    16     0     2   -29.0   50.204 -108.062   1309.7    781.1
     1     1    21     2    11    15     0     3   -30.0   50.612 -108.681   1371.1    776.0
     1     1    21     2    11    14     0     2   -31.0   51.022 -109.224   1379.7    782.7
     1     1    21     2    11    13     0     1   -32.0   51.449 -109.718   1368.3    784.0
     1     1    21     2    11    12     0     0   -33.0   51.912 -110.189   1385.7    778.6
     1     1    21     2    11    11     0     1   -34.0   52.406 -110.656   1408.4    772.9
     1     1    21     2    11    10     0     2   -35.0   52.902 -111.081   1383.1    780.4
     1     1    21     2    11     9     0     3   -36.0   53.389 -111.451   1336.3    790.9
     1     1    21     2    11     8     0     2   -37.0   53.868 -111.754   1295.3    794.9
     1     1    21     2    11     7     0     1   -38.0   54.339 -111.978   1266.0    801.3
     1     1    21     2    11     6     0     0   -39.0   54.802 -112.128   1254.6    805.8
     1     1    21     2    11     5     0     1   -40.0   55.259 -112.202   1240.5    805.2
     1     1    21     2    11     4     0     2   -41.0   55.717 -112.213   1214.9    806.3
     1     1    21     2    11     3     0     3   -42.0   56.184 -112.201   1190.3    812.1
     1     1    21     2    11     2     0     2   -43.0   56.630 -112.172   1159.8    826.2
     1     1    21     2    11     1     0     1   -44.0   57.039 -112.128   1117.2    841.7
     1     1    21     2    11     0     0     0   -45.0   57.420 -112.075   1065.9    845.9
     1     1    21     2    10    23     0     1   -46.0   57.785 -111.999   1008.2    849.9
     1     1    21     2    10    22     0     2   -47.0   58.122 -111.910    945.4    862.4
     1     1    21     2    10    21     0     3   -48.0   58.414 -111.815    897.5    879.5
     1     1    21     2    10    20     0     2   -49.0   58.668 -111.697    867.6    890.0
     1     1    21     2    10    19     0     1   -50.0   58.898 -111.535    846.4    897.0
     1     1    21     2    10    18     0     0   -51.0   59.114 -111.334    818.3    900.1
     1     1    21     2    10    17     0     1   -52.0   59.327 -111.120    776.8    903.2
     1     1    21     2    10    16     0     2   -53.0   59.534 -110.912    732.8    906.9
     1     1    21     2    10    15     0     3   -54.0   59.731 -110.694    699.5    908.4
     1     1    21     2    10    14     0     2   -55.0   59.923 -110.425    680.3    906.0
     1     1    21     2    10    13     0     1   -56.0   60.109 -110.070    682.1    901.8
     1     1    21     2    10    12     0     0   -57.0   60.289 -109.671    702.2    894.0
     1     1    21     2    10    11     0     1   -58.0   60.468 -109.253    719.1    886.9
     1     1    21     2    10    10     0     2   -59.0   60.655 -108.773    727.1    882.4
     1     1    21     2    10     9     0     3   -60.0   60.863 -108.208    739.3    877.2
     1     1    21     2    10     8     0     2   -61.0   61.086 -107.535    760.9    872.4
     1     1    21     2    10     7     0     1   -62.0   61.299 -106.788    770.1    871.7
     1     1    21     2    10     6     0     0   -63.0   61.490 -106.049    768.7    877.5
     1     1    21     2    10     5     0     1   -64.0   61.675 -105.280    770.7    876.6
     1     1    21     2    10     4     0     2   -65.0   61.860 -104.423    767.6    881.6
     1     1    21     2    10     3     0     3   -66.0   62.053 -103.475    764.6    884.7
     1     1    21     2    10     2     0     2   -67.0   62.246 -102.534    742.5    888.9
     1     1    21     2    10     1     0     1   -68.0   62.406 -101.652    706.8    898.8
     1     1    21     2    10     0     0     0   -69.0   62.565 -100.793    672.2    904.3
     1     1    21     2     9    23     0     1   -70.0   62.727  -99.928    649.1    907.2
     1     1    21     2     9    22     0     2   -71.0   62.873  -99.034    643.9    907.1
     1     1    21     2     9    21     0     3   -72.0   63.002  -98.156    624.7    921.9
     1     1    21     2     9    20     0     2   -73.0   63.102  -97.354    575.4    931.0
     1     1    21     2     9    19     0     1   -74.0   63.173  -96.559    529.1    937.7
     1     1    21     2     9    18     0     0   -75.0   63.214  -95.758    513.2    940.8
     1     1    21     2     9    17     0     1   -76.0   63.244  -94.972    502.2    944.2
     1     1    21     2     9    16     0     2   -77.0   63.273  -94.230    488.1    950.9
     1     1    21     2     9    15     0     3   -78.0   63.290  -93.513    470.2    954.7
     1     1    21     2     9    14     0     2   -79.0   63.291  -92.800    451.2    956.3
     1     1    21     2     9    13     0     1   -80.0   63.265  -92.049    445.5    956.0
     1     1    21     2     9    12     0     0   -81.0   63.229  -91.233    437.3    954.0
     1     1    21     2     9    11     0     1   -82.0   63.202  -90.446    404.9    965.6
     1     1    21     2     9    10     0     2   -83.0   63.175  -89.703    387.1    972.7
     1     1    21     2     9     9     0     3   -84.0   63.152  -88.937    382.0    973.8
     1     1    21     2     9     8     0     2   -85.0   63.119  -88.179    375.5    973.2
     1     1    21     2     9     7     0     1   -86.0   63.066  -87.449    358.1    975.3
     1     1    21     2     9     6     0     0   -87.0   62.996  -86.697    338.9    977.8
     1     1    21     2     9     5     0     1   -88.0   62.906  -85.995    330.9    978.7
     1     1    21     2     9     4     0     2   -89.0   62.815  -85.418    333.5    978.3
     1     1    21     2     9     3     0     3   -90.0   62.731  -84.928    339.6    976.6
     1     1    21     2     9     2     0     2   -91.0   62.644  -84.485    342.3    975.1
     1     1    21     2     9     1     0     1   -92.0   62.544  -84.062    339.8    975.1
     1     1    21     2     9     0     0     0   -93.0   62.439  -83.632    333.8    975.4
     1     1    21     2     8    23     0     1   -94.0   62.330  -83.220    326.7    976.4
     1     1    21     2     8    22     0     2   -95.0   62.220  -82.860    323.3    976.8
     1     1    21     2     8    21     0     3   -96.0   62.113  -82.542    326.3    976.3
     1     1    21     2     8    20     0     2   -97.0   62.003  -82.279    337.5    973.7
     1     1    21     2     8    19     0     1   -98.0   61.877  -82.081    355.0    969.8
     1     1    21     2     8    18     0     0   -99.0   61.729  -81.932    373.4    965.9
     1     1    21     2     8    17     0     1  -100.0   61.571  -81.805    389.9    963.6
     1     1    21     2     8    16     0     2  -101.0   61.419  -81.701    409.6    961.4
     1     1    21     2     8    15     0     3  -102.0   61.272  -81.625    441.2    957.8
     1     1    21     2     8    14     0     2  -103.0   61.118  -81.546    474.6    950.9
     1     1    21     2     8    13     0     1  -104.0   60.947  -81.458    493.7    947.8
     1     1    21     2     8    12     0     0  -105.0   60.761  -81.384    502.4    946.8
     1     1    21     2     8    11     0     1  -106.0   60.535  -81.305    520.3    945.8
     1     1    21     2     8    10     0     2  -107.0   60.243  -81.196    557.1    939.8
     1     1    21     2     8     9     0     3  -108.0   59.876  -81.075    600.2    933.0
     1     1    21     2     8     8     0     2  -109.0   59.457  -80.920    636.4    927.2
     1     1    21     2     8     7     0     1  -110.0   58.998  -80.729    656.3    923.1
     1     1    21     2     8     6     0     0  -111.0   58.510  -80.534    666.9    922.8
     1     1    21     2     8     5     0     1  -112.0   58.022  -80.322    685.1    920.5
     1     1    21     2     8     4     0     2  -113.0   57.531  -80.112    716.2    917.0
     1     1    21     2     8     3     0     3  -114.0   57.019  -79.897    753.5    910.7
     1     1    21     2     8     2     0     2  -115.0   56.537  -79.690    781.2    907.0
     1     1    21     2     8     1     0     1  -116.0   56.097  -79.534    811.0    904.8
     1     1    21     2     8     0     0     0  -117.0   55.668  -79.407    853.0    899.8
     1     1    21     2     7    23     0     1  -118.0   55.247  -79.335    893.9    892.9
     1     1    21     2     7    22     0     2  -119.0   54.839  -79.349    917.2    889.1
     1     1    21     2     7    21     0     3  -120.0   54.452  -79.443    919.7    888.3
