     5     1
    GDAS    21     2     1     0     0
    GDAS    21     2     8     0     0
    GDAS    21     2    15     0     0
    GDAS    21     2    22     0     0
    GDAS    21     3     1     0     0
     1 BACKWARD OMEGA   
    21     2     3    15   44.970  -93.230   500.0
     1 PRESSURE
     1     1    21     2     3    15     0     3     0.0   44.970  -93.230    500.0    919.9
     1     1    21     2     3    14     0     2    -1.0   44.527  -93.363    494.1    917.9
     1     1    21     2     3    13     0     1    -2.0   44.075  -93.516    501.1    916.0
     1     1    21     2     3    12     0     0    -3.0   43.626  -93.696    505.9    915.3
     1     1    21     2     3    11     0     1    -4.0   43.188  -93.876    495.1    917.0
     1     1    21     2     3    10     0     2    -5.0   42.772  -94.024    480.3    919.3
     1     1    21     2     3     9     0     3    -6.0   42.379  -94.141    478.9    920.5
     1     1    21     2     3     8     0     2    -7.0   42.012  -94.255    488.9    917.6
     1     1    21     2     3     7     0     1    -8.0   41.664  -94.380    488.0    917.0
     1     1    21     2     3     6     0     0    -9.0   41.331  -94.501    470.1    920.6
     1     1    21     2     3     5     0     1   -10.0   41.007  -94.592    447.9    926.0
     1     1    21     2     3     4     0     2   -11.0   40.695  -94.633    430.6    930.9
     1     1    21     2     3     3     0     3   -12.0   40.401  -94.618    415.5    934.8
     1     1    21     2     3     2     0     2   -13.0   40.135  -94.554    399.3    938.5
     1     1    21     2     3     1     0     1   -14.0   39.906  -94.457    382.2    941.6
     1     1    21     2     3     0     0     0   -15.0   39.717  -94.339    366.0    943.7
     1     1    21     2     2    23     0     1   -16.0   39.564  -94.217    356.5    945.5
     1     1    21     2     2    22     0     2   -17.0   39.438  -94.110    360.1    945.6
     1     1    21     2     2    21     0     3   -18.0   39.332  -94.028    381.6    943.7
     1     1    21     2     2    20     0     2   -19.0   39.242  -93.960    410.8    940.1
     1     1    21     2     2    19     0     1   -20.0   39.171  -93.890    433.2    938.5
     1     1    21     2     2    18     0     0   -21.0   39.118  -93.816    446.5    938.2
     1     1    21     2     2    17     0     1   -22.0   39.080  -93.747    456.8    938.2
     1     1    21     2     2    16     0     2   -23.0   39.055  -93.691    468.5    937.1
     1     1    21     2     2    15     0     3   -24.0   39.043  -93.644    479.7    936.0
     1     1    21     2     2    14     0     2   -25.0   39.046  -93.597    492.0    935.1
     1     1    21     2     2    13     0     1   -26.0   39.066  -93.541    507.7    933.4
     1     1    21     2     2    12     0     0   -27.0   39.102  -93.478    526.7    931.4
     1     1    21     2     2    11     0     1   -28.0   39.158  -93.416    544.5    929.3
     1     1    21     2     2    10     0     2   -29.0   39.234  -93.359    557.3    928.2
     1     1    21     2     2     9     0     3   -30.0   39.331  -93.301    566.8    927.3
     1     1    21     2     2     8     0     2   -31.0   39.449  -93.239    577.5    926.2
     1     1    21     2     2     7     0     1   -32.0   39.589  -93.174    591.6    924.0
     1     1    21     2     2     6     0     0   -33.0   39.752  -93.105    604.9    921.4
     1     1    21     2     2     5     0     1   -34.0   39.939  -93.039    612.2    919.1
     1     1    21     2     2     4     0     2   -35.0   40.151  -92.981    616.1    918.8
     1     1    21     2     2     3     0     3   -36.0   40.381  -92.934    631.3    918.4
     1     1    21     2     2     2     0     2   -37.0   40.621  -92.909    667.4    914.5
     1     1    21     2     2     1     0     1   -38.0   40.872  -92.902    717.3    907.9
     1     1    21     2     2     0     0     0   -39.0   41.140  -92.894    768.6    901.4
     1     1    21     2     1    23     0     1   -40.0   41.420  -92.889    813.8    895.6
     1     1    21     2     1    22     0     2   -41.0   41.703  -92.898    853.4    890.8
     1     1    21     2     1    21     0     3   -42.0   41.991  -92.913    889.8    886.2
     1     1    21     2     1    20     0     2   -43.0   42.286  -92.924    918.4    880.5
     1     1    21     2     1    19     0     1   -44.0   42.588  -92.923    945.0    876.6
     1     1    21     2     1    18     0     0   -45.0   42.903  -92.909    992.1    870.6
     1     1    21     2     1    17     0     1   -46.0   43.233  -92.900   1053.1    859.6
     1     1    21     2     1    16     0     2   -47.0   43.576  -92.914   1107.0    851.8
     1     1    21     2     1    15     0     3   -48.0   43.935  -92.946   1162.1    844.2
     1     1    21     2     1    14     0     2   -49.0   44.300  -93.002   1226.5    839.9
     1     1    21     2     1    13     0     1   -50.0   44.662  -93.082   1285.5    837.3
     1     1    21     2     1    12     0     0   -51.0   45.018  -93.177   1318.7    836.7
     1     1    21     2     1    11     0     1   -52.0   45.347  -93.306   1339.1    833.9
     1     1    21     2     1    10     0     2   -53.0   45.639  -93.492   1365.6    826.8
     1     1    21     2     1     9     0     3   -54.0   45.913  -93.729   1386.1    820.0
     1     1    21     2     1     8     0     2   -55.0   46.177  -93.980   1404.1    815.9
     1     1    21     2     1     7     0     1   -56.0   46.428  -94.212   1421.3    813.0
     1     1    21     2     1     6     0     0   -57.0   46.661  -94.428   1433.6    810.3
     1     1    21     2     1     5     0     1   -58.0   46.891  -94.635   1445.0    807.5
     1     1    21     2     1     4     0     2   -59.0   47.136  -94.829   1469.0    805.4
     1     1    21     2     1     3     0     3   -60.0   47.400  -95.003   1526.6    803.0
     1     1    21     2     1     2     0     2   -61.0   47.679  -95.184   1610.0    796.0
     1     1    21     2     1     1     0     1   -62.0   47.966  -95.375   1697.5    790.6
     1     1    21     2     1     0     0     0   -63.0   48.270  -95.569   1780.3    781.5
