     5     1
    GDAS    21     2     1     0     0
    GDAS    21     2     8     0     0
    GDAS    21     2    15     0     0
    GDAS    21     2    22     0     0
    GDAS    21     3     1     0     0
     1 BACKWARD OMEGA   
    21     2     2    21   44.970  -93.230   500.0
     1 PRESSURE
     1     1    21     2     2    21     0     3     0.0   44.970  -93.230    500.0    928.2
     1     1    21     2     2    20     0     2    -1.0   44.875  -93.146    515.9    926.4
     1     1    21     2     2    19     0     1    -2.0   44.807  -93.078    545.6    922.9
     1     1    21     2     2    18     0     0    -3.0   44.767  -93.027    595.5    917.5
     1     1    21     2     2    17     0     1    -4.0   44.755  -92.992    650.4    908.8
     1     1    21     2     2    16     0     2    -5.0   44.764  -92.970    689.1    903.9
     1     1    21     2     2    15     0     3    -6.0   44.789  -92.959    710.1    901.9
     1     1    21     2     2    14     0     2    -7.0   44.833  -92.969    722.2    902.1
     1     1    21     2     2    13     0     1    -8.0   44.896  -93.013    732.8    902.0
     1     1    21     2     2    12     0     0    -9.0   44.977  -93.092    741.6    902.3
     1     1    21     2     2    11     0     1   -10.0   45.053  -93.183    746.8    901.3
     1     1    21     2     2    10     0     2   -11.0   45.106  -93.269    748.4    900.7
     1     1    21     2     2     9     0     3   -12.0   45.141  -93.349    748.7    900.3
     1     1    21     2     2     8     0     2   -13.0   45.167  -93.425    750.8    900.2
     1     1    21     2     2     7     0     1   -14.0   45.194  -93.499    756.4    899.3
     1     1    21     2     2     6     0     0   -15.0   45.224  -93.574    763.9    898.2
     1     1    21     2     2     5     0     1   -16.0   45.270  -93.655    771.8    896.5
     1     1    21     2     2     4     0     2   -17.0   45.349  -93.747    777.1    894.5
     1     1    21     2     2     3     0     3   -18.0   45.458  -93.846    774.3    892.7
     1     1    21     2     2     2     0     2   -19.0   45.581  -93.952    768.5    892.2
     1     1    21     2     2     1     0     1   -20.0   45.700  -94.070    773.1    890.3
     1     1    21     2     2     0     0     0   -21.0   45.819  -94.202    794.9    886.3
     1     1    21     2     1    23     0     1   -22.0   45.942  -94.353    820.2    880.1
     1     1    21     2     1    22     0     2   -23.0   46.069  -94.520    837.0    877.5
     1     1    21     2     1    21     0     3   -24.0   46.195  -94.705    852.5    875.5
     1     1    21     2     1    20     0     2   -25.0   46.327  -94.894    876.2    872.7
     1     1    21     2     1    19     0     1   -26.0   46.472  -95.076    909.5    868.1
     1     1    21     2     1    18     0     0   -27.0   46.631  -95.254    947.7    863.9
     1     1    21     2     1    17     0     1   -28.0   46.807  -95.445    984.6    859.4
     1     1    21     2     1    16     0     2   -29.0   47.002  -95.672   1011.6    856.3
     1     1    21     2     1    15     0     3   -30.0   47.215  -95.933   1027.1    858.2
     1     1    21     2     1    14     0     2   -31.0   47.418  -96.211   1033.6    861.7
     1     1    21     2     1    13     0     1   -32.0   47.593  -96.498   1032.0    865.4
     1     1    21     2     1    12     0     0   -33.0   47.743  -96.803   1026.3    869.7
     1     1    21     2     1    11     0     1   -34.0   47.880  -97.120   1026.8    869.8
     1     1    21     2     1    10     0     2   -35.0   48.017  -97.436   1041.0    861.6
     1     1    21     2     1     9     0     3   -36.0   48.155  -97.747   1067.0    853.1
     1     1    21     2     1     8     0     2   -37.0   48.299  -98.048   1105.9    846.8
     1     1    21     2     1     7     0     1   -38.0   48.456  -98.340   1152.2    840.7
     1     1    21     2     1     6     0     0   -39.0   48.624  -98.628   1181.4    835.6
     1     1    21     2     1     5     0     1   -40.0   48.805  -98.918   1196.4    832.6
     1     1    21     2     1     4     0     2   -41.0   49.003  -99.219   1216.2    825.9
     1     1    21     2     1     3     0     3   -42.0   49.215  -99.539   1240.7    819.1
     1     1    21     2     1     2     0     2   -43.0   49.427  -99.882   1258.4    815.0
     1     1    21     2     1     1     0     1   -44.0   49.626 -100.253   1282.9    817.1
     1     1    21     2     1     0     0     0   -45.0   49.808 -100.650   1337.7    817.3
