     5     1
    GDAS    21     2     1     0     0
    GDAS    21     2     8     0     0
    GDAS    21     2    15     0     0
    GDAS    21     2    22     0     0
    GDAS    21     3     1     0     0
     1 BACKWARD OMEGA   
    21     2     5    21   44.970  -93.230   500.0
     1 PRESSURE
     1     1    21     2     5    21     0     3     0.0   44.970  -93.230    500.0    909.1
     1     1    21     2     5    20     0     2    -1.0   45.185  -93.787    509.1    906.7
     1     1    21     2     5    19     0     1    -2.0   45.423  -94.297    520.7    899.1
     1     1    21     2     5    18     0     0    -3.0   45.691  -94.770    530.5    893.6
     1     1    21     2     5    17     0     1    -4.0   46.011  -95.226    546.9    890.8
     1     1    21     2     5    16     0     2    -5.0   46.391  -95.658    561.5    888.2
     1     1    21     2     5    15     0     3    -6.0   46.802  -96.050    552.5    888.6
     1     1    21     2     5    14     0     2    -7.0   47.225  -96.411    524.9    898.8
     1     1    21     2     5    13     0     1    -8.0   47.652  -96.758    500.7    907.8
     1     1    21     2     5    12     0     0    -9.0   48.075  -97.102    474.5    910.0
     1     1    21     2     5    11     0     1   -10.0   48.498  -97.451    453.6    910.7
     1     1    21     2     5    10     0     2   -11.0   48.926  -97.811    446.4    910.1
     1     1    21     2     5     9     0     3   -12.0   49.339  -98.178    433.7    911.4
     1     1    21     2     5     8     0     2   -13.0   49.737  -98.517    397.3    914.6
     1     1    21     2     5     7     0     1   -14.0   50.117  -98.810    338.9    924.3
     1     1    21     2     5     6     0     0   -15.0   50.478  -99.089    295.9    933.5
     1     1    21     2     5     5     0     1   -16.0   50.822  -99.382    271.9    932.3
     1     1    21     2     5     4     0     2   -17.0   51.120  -99.668    228.3    934.5
     1     1    21     2     5     3     0     3   -18.0   51.367  -99.924    170.4    944.7
     1     1    21     2     5     2     0     2   -19.0   51.592 -100.165    117.2    950.0
     1     1    21     2     5     1     0     1   -20.0   51.790 -100.400     69.1    952.8
     1     1    21     2     5     0     0     0   -21.0   51.940 -100.611     31.5    954.8
     1     1    21     2     4    23     0     1   -22.0   52.053 -100.802      7.4    953.5
     1     1    21     2     4    22     0     2   -23.0   52.148 -100.979      0.0    951.1
     1     1    21     2     4    21     0     3   -24.0   52.249 -101.154      0.0    954.1
     1     1    21     2     4    20     0     2   -25.0   52.358 -101.327      0.0    957.6
     1     1    21     2     4    19     0     1   -26.0   52.464 -101.491      3.0    960.6
     1     1    21     2     4    18     0     0   -27.0   52.563 -101.634      8.8    963.2
     1     1    21     2     4    17     0     1   -28.0   52.651 -101.760     15.6    964.2
     1     1    21     2     4    16     0     2   -29.0   52.724 -101.882     22.9    964.7
     1     1    21     2     4    15     0     3   -30.0   52.778 -102.000     31.1    964.6
     1     1    21     2     4    14     0     2   -31.0   52.831 -102.125     40.8    961.3
     1     1    21     2     4    13     0     1   -32.0   52.901 -102.263     52.1    957.6
     1     1    21     2     4    12     0     0   -33.0   52.991 -102.415     65.3    952.4
     1     1    21     2     4    11     0     1   -34.0   53.113 -102.585     81.3    948.4
     1     1    21     2     4    10     0     2   -35.0   53.274 -102.774     99.0    946.5
     1     1    21     2     4     9     0     3   -36.0   53.461 -102.980    116.9    947.2
     1     1    21     2     4     8     0     2   -37.0   53.658 -103.186    130.6    950.2
     1     1    21     2     4     7     0     1   -38.0   53.852 -103.362    138.1    952.3
     1     1    21     2     4     6     0     0   -39.0   54.049 -103.500    142.7    952.2
     1     1    21     2     4     5     0     1   -40.0   54.254 -103.609    147.5    949.8
     1     1    21     2     4     4     0     2   -41.0   54.474 -103.705    155.4    947.2
     1     1    21     2     4     3     0     3   -42.0   54.707 -103.793    168.3    944.5
     1     1    21     2     4     2     0     2   -43.0   54.947 -103.876    189.3    940.7
     1     1    21     2     4     1     0     1   -44.0   55.190 -103.945    215.4    936.1
     1     1    21     2     4     0     0     0   -45.0   55.434 -103.986    237.8    932.6
     1     1    21     2     3    23     0     1   -46.0   55.677 -103.979    249.5    930.8
     1     1    21     2     3    22     0     2   -47.0   55.922 -103.908    251.4    931.3
     1     1    21     2     3    21     0     3   -48.0   56.167 -103.782    249.8    932.5
     1     1    21     2     3    20     0     2   -49.0   56.416 -103.627    248.5    934.1
     1     1    21     2     3    19     0     1   -50.0   56.669 -103.443    244.4    935.9
     1     1    21     2     3    18     0     0   -51.0   56.914 -103.218    230.6    939.4
     1     1    21     2     3    17     0     1   -52.0   57.152 -102.940    214.9    942.9
     1     1    21     2     3    16     0     2   -53.0   57.390 -102.598    208.5    942.8
     1     1    21     2     3    15     0     3   -54.0   57.628 -102.190    208.1    943.3
     1     1    21     2     3    14     0     2   -55.0   57.865 -101.727    208.7    942.3
     1     1    21     2     3    13     0     1   -56.0   58.094 -101.208    209.7    938.1
     1     1    21     2     3    12     0     0   -57.0   58.320 -100.660    210.0    941.0
     1     1    21     2     3    11     0     1   -58.0   58.547 -100.142    203.2    947.8
     1     1    21     2     3    10     0     2   -59.0   58.759  -99.637    190.6    953.8
     1     1    21     2     3     9     0     3   -60.0   58.952  -99.084    182.2    957.0
     1     1    21     2     3     8     0     2   -61.0   59.143  -98.477    177.1    957.1
     1     1    21     2     3     7     0     1   -62.0   59.344  -97.871    163.2    960.0
     1     1    21     2     3     6     0     0   -63.0   59.554  -97.310    130.9    969.3
     1     1    21     2     3     5     0     1   -64.0   59.757  -96.817     93.5    980.4
     1     1    21     2     3     4     0     2   -65.0   59.946  -96.360     61.7    989.7
     1     1    21     2     3     3     0     3   -66.0   60.120  -95.927     27.5    997.9
     1     1    21     2     3     2     0     2   -67.0   60.275  -95.545      0.0   1008.3
     1     1    21     2     3     1     0     1   -68.0   60.416  -95.209      0.0   1014.0
     1     1    21     2     3     0     0     0   -69.0   60.547  -94.895      0.0   1018.1
     1     1    21     2     2    23     0     1   -70.0   60.667  -94.586      0.0   1020.3
     1     1    21     2     2    22     0     2   -71.0   60.772  -94.265      0.0   1022.9
     1     1    21     2     2    21     0     3   -72.0   60.862  -93.927      0.0   1025.2
     1     1    21     2     2    20     0     2   -73.0   60.932  -93.593      0.0   1025.5
     1     1    21     2     2    19     0     1   -74.0   60.979  -93.288      0.0   1025.7
     1     1    21     2     2    18     0     0   -75.0   61.003  -93.013      0.0   1025.8
     1     1    21     2     2    17     0     1   -76.0   61.014  -92.750      0.0   1026.2
     1     1    21     2     2    16     0     2   -77.0   61.023  -92.485      0.0   1026.6
     1     1    21     2     2    15     0     3   -78.0   61.035  -92.225      0.0   1027.0
     1     1    21     2     2    14     0     2   -79.0   61.051  -91.987      0.0   1027.2
     1     1    21     2     2    13     0     1   -80.0   61.069  -91.789      0.0   1027.5
     1     1    21     2     2    12     0     0   -81.0   61.089  -91.631      0.0   1027.8
     1     1    21     2     2    11     0     1   -82.0   61.115  -91.491      0.0   1027.7
     1     1    21     2     2    10     0     2   -83.0   61.153  -91.343      0.0   1027.7
     1     1    21     2     2     9     0     3   -84.0   61.202  -91.186      0.0   1027.6
     1     1    21     2     2     8     0     2   -85.0   61.261  -91.032      0.0   1027.8
     1     1    21     2     2     7     0     1   -86.0   61.329  -90.896      0.0   1027.9
     1     1    21     2     2     6     0     0   -87.0   61.408  -90.772      0.1   1028.0
     1     1    21     2     2     5     0     1   -88.0   61.495  -90.651      0.2   1028.1
     1     1    21     2     2     4     0     2   -89.0   61.587  -90.527      0.3   1028.1
     1     1    21     2     2     3     0     3   -90.0   61.682  -90.402      0.2   1028.2
     1     1    21     2     2     2     0     2   -91.0   61.782  -90.276      0.1   1028.4
     1     1    21     2     2     1     0     1   -92.0   61.889  -90.143      0.0   1028.7
     1     1    21     2     2     0     0     0   -93.0   62.006  -89.994      0.0   1028.9
     1     1    21     2     1    23     0     1   -94.0   62.126  -89.836      0.0   1028.7
     1     1    21     2     1    22     0     2   -95.0   62.244  -89.676      0.1   1028.7
     1     1    21     2     1    21     0     3   -96.0   62.362  -89.513      0.3   1028.7
     1     1    21     2     1    20     0     2   -97.0   62.480  -89.340      0.6   1028.3
     1     1    21     2     1    19     0     1   -98.0   62.594  -89.148      1.1   1027.9
     1     1    21     2     1    18     0     0   -99.0   62.703  -88.936      1.8   1027.7
     1     1    21     2     1    17     0     1  -100.0   62.812  -88.722      2.6   1028.4
     1     1    21     2     1    16     0     2  -101.0   62.923  -88.520      3.4   1028.8
     1     1    21     2     1    15     0     3  -102.0   63.035  -88.328      4.0   1028.9
     1     1    21     2     1    14     0     2  -103.0   63.145  -88.139      4.5   1029.3
     1     1    21     2     1    13     0     1  -104.0   63.253  -87.951      4.9   1030.0
     1     1    21     2     1    12     0     0  -105.0   63.360  -87.767      5.3   1030.3
     1     1    21     2     1    11     0     1  -106.0   63.469  -87.594      5.8   1029.8
     1     1    21     2     1    10     0     2  -107.0   63.581  -87.437      6.5   1029.6
     1     1    21     2     1     9     0     3  -108.0   63.700  -87.299      7.2   1029.5
     1     1    21     2     1     8     0     2  -109.0   63.824  -87.174      7.9   1029.3
     1     1    21     2     1     7     0     1  -110.0   63.950  -87.053      8.8   1029.0
     1     1    21     2     1     6     0     0  -111.0   64.075  -86.939     10.1   1028.6
     1     1    21     2     1     5     0     1  -112.0   64.195  -86.841     11.3   1027.8
     1     1    21     2     1     4     0     2  -113.0   64.311  -86.760     12.2   1027.1
     1     1    21     2     1     3     0     3  -114.0   64.425  -86.691     13.0   1026.5
     1     1    21     2     1     2     0     2  -115.0   64.544  -86.632     13.9   1025.3
     1     1    21     2     1     1     0     1  -116.0   64.671  -86.585     15.4   1024.1
     1     1    21     2     1     0     0     0  -117.0   64.805  -86.552     17.4   1022.9
