     5     1
    GDAS    21     2     1     0     0
    GDAS    21     2     8     0     0
    GDAS    21     2    15     0     0
    GDAS    21     2    22     0     0
    GDAS    21     3     1     0     0
     1 BACKWARD OMEGA   
    21     2    12    21   37.820  111.540  1000.0
     1 PRESSURE
     1     1    21     2    12    21     0     3     0.0   37.820  111.540   1000.0    778.5
     1     1    21     2    12    20     0     2    -1.0   37.831  111.287    926.3    787.3
     1     1    21     2    12    19     0     1    -2.0   37.811  111.053    833.2    800.1
     1     1    21     2    12    18     0     0    -3.0   37.764  110.832    738.9    811.8
     1     1    21     2    12    17     0     1    -4.0   37.693  110.643    657.2    821.6
     1     1    21     2    12    16     0     2    -5.0   37.594  110.512    601.3    828.7
     1     1    21     2    12    15     0     3    -6.0   37.467  110.437    588.1    830.5
     1     1    21     2    12    14     0     2    -7.0   37.338  110.400    609.7    826.1
     1     1    21     2    12    13     0     1    -8.0   37.227  110.386    633.0    821.4
     1     1    21     2    12    12     0     0    -9.0   37.132  110.395    637.8    818.6
     1     1    21     2    12    11     0     1   -10.0   37.040  110.418    628.4    818.8
     1     1    21     2    12    10     0     2   -11.0   36.937  110.444    614.0    818.4
     1     1    21     2    12     9     0     3   -12.0   36.830  110.471    591.4    818.7
     1     1    21     2    12     8     0     2   -13.0   36.727  110.511    571.0    820.4
     1     1    21     2    12     7     0     1   -14.0   36.633  110.568    564.5    819.2
     1     1    21     2    12     6     0     0   -15.0   36.546  110.637    572.8    816.7
     1     1    21     2    12     5     0     1   -16.0   36.478  110.706    583.8    813.2
     1     1    21     2    12     4     0     2   -17.0   36.442  110.761    583.3    812.6
     1     1    21     2    12     3     0     3   -18.0   36.439  110.803    571.5    813.1
     1     1    21     2    12     2     0     2   -19.0   36.469  110.828    564.8    814.4
     1     1    21     2    12     1     0     1   -20.0   36.535  110.830    583.5    812.3
     1     1    21     2    12     0     0     0   -21.0   36.635  110.803    633.6    807.7
     1     1    21     2    11    23     0     1   -22.0   36.756  110.730    701.0    800.8
     1     1    21     2    11    22     0     2   -23.0   36.876  110.600    760.4    797.8
     1     1    21     2    11    21     0     3   -24.0   36.983  110.417    796.1    799.4
     1     1    21     2    11    20     0     2   -25.0   37.061  110.219    800.6    805.9
     1     1    21     2    11    19     0     1   -26.0   37.107  110.032    778.7    813.9
     1     1    21     2    11    18     0     0   -27.0   37.126  109.849    743.9    815.4
     1     1    21     2    11    17     0     1   -28.0   37.148  109.670    728.3    813.6
     1     1    21     2    11    16     0     2   -29.0   37.194  109.495    739.9    807.3
     1     1    21     2    11    15     0     3   -30.0   37.253  109.314    767.8    799.9
     1     1    21     2    11    14     0     2   -31.0   37.310  109.124    796.4    791.8
     1     1    21     2    11    13     0     1   -32.0   37.364  108.930    817.4    786.4
     1     1    21     2    11    12     0     0   -33.0   37.426  108.735    832.9    783.2
     1     1    21     2    11    11     0     1   -34.0   37.504  108.542    852.8    780.2
     1     1    21     2    11    10     0     2   -35.0   37.593  108.352    888.8    775.1
     1     1    21     2    11     9     0     3   -36.0   37.673  108.162    947.9    767.5
     1     1    21     2    11     8     0     2   -37.0   37.750  107.964   1025.0    757.5
     1     1    21     2    11     7     0     1   -38.0   37.845  107.746   1110.9    749.0
     1     1    21     2    11     6     0     0   -39.0   37.939  107.497   1200.9    739.9
     1     1    21     2    11     5     0     1   -40.0   38.024  107.246   1276.0    731.6
     1     1    21     2    11     4     0     2   -41.0   38.096  107.014   1326.6    728.3
     1     1    21     2    11     3     0     3   -42.0   38.170  106.793   1358.9    728.9
     1     1    21     2    11     2     0     2   -43.0   38.319  106.541   1389.4    724.5
     1     1    21     2    11     1     0     1   -44.0   38.585  106.174   1537.8    697.5
     1     1    21     2    11     0     0     0   -45.0   38.904  105.548   2085.0    653.6
     1     1    21     2    10    23     0     1   -46.0   39.193  104.743   2298.1    644.7
     1     1    21     2    10    22     0     2   -47.0   39.490  103.871   2059.4    664.5
     1     1    21     2    10    21     0     3   -48.0   39.744  102.942   2033.5    664.6
     1     1    21     2    10    20     0     2   -49.0   39.933  101.975   2381.5    640.5
     1     1    21     2    10    19     0     1   -50.0   40.107  100.930   2510.6    633.7
     1     1    21     2    10    18     0     0   -51.0   40.230   99.899   2426.5    635.3
     1     1    21     2    10    17     0     1   -52.0   40.320   98.894   2470.8    633.0
     1     1    21     2    10    16     0     2   -53.0   40.416   97.880   2556.5    603.6
     1     1    21     2    10    15     0     3   -54.0   40.584   96.854   2981.5    556.0
     1     1    21     2    10    14     0     2   -55.0   40.805   95.836   3428.5    528.1
     1     1    21     2    10    13     0     1   -56.0   40.968   94.804   3405.6    535.8
     1     1    21     2    10    12     0     0   -57.0   41.211   93.826   3546.1    560.7
     1     1    21     2    10    11     0     1   -58.0   41.502   92.890   3585.6    562.8
     1     1    21     2    10    10     0     2   -59.0   41.740   91.981   3585.2    573.7
     1     1    21     2    10     9     0     3   -60.0   41.983   90.989   3718.9    549.6
     1     1    21     2    10     8     0     2   -61.0   42.279   89.948   3980.5    555.1
     1     1    21     2    10     7     0     1   -62.0   42.553   88.872   4335.4    548.5
     1     1    21     2    10     6     0     0   -63.0   42.934   87.716   4451.9    463.9
     1     1    21     2    10     5     0     1   -64.0   43.523   86.398   5093.0    386.4
     1     1    21     2    10     4     0     2   -65.0   44.127   84.755   5223.5    376.2
     1     1    21     2    10     3     0     3   -66.0   44.876   83.055   6297.4    416.6
     1     1    21     2    10     2     0     2   -67.0   45.594   81.255   6651.5    360.4
     1     1    21     2    10     1     0     1   -68.0   46.330   79.408   6814.6    386.5
     1     1    21     2    10     0     0     0   -69.0   47.231   77.493   6775.6    377.8
     1     1    21     2     9    23     0     1   -70.0   48.046   75.470   6681.9    371.8
     1     1    21     2     9    22     0     2   -71.0   48.893   73.381   6614.5    371.6
     1     1    21     2     9    21     0     3   -72.0   49.793   71.184   6609.9    389.8
     1     1    21     2     9    20     0     2   -73.0   50.629   68.893   6627.3    393.5
     1     1    21     2     9    19     0     1   -74.0   51.481   66.527   6598.8    396.9
     1     1    21     2     9    18     0     0   -75.0   52.370   64.129   6404.7    412.9
     1     1    21     2     9    17     0     1   -76.0   53.269   61.697   6402.8    410.4
     1     1    21     2     9    16     0     2   -77.0   54.185   59.194   6376.7    393.5
     1     1    21     2     9    15     0     3   -78.0   55.119   56.708   6590.0    401.3
     1     1    21     2     9    14     0     2   -79.0   55.996   54.137   6766.8    395.2
     1     1    21     2     9    13     0     1   -80.0   56.805   51.523   6849.4    388.3
     1     1    21     2     9    12     0     0   -81.0   57.486   48.833   6921.6    383.0
     1     1    21     2     9    11     0     1   -82.0   58.013   46.090   7021.5    380.1
     1     1    21     2     9    10     0     2   -83.0   58.423   43.371   7104.5    372.9
     1     1    21     2     9     9     0     3   -84.0   58.689   40.732   7228.8    366.9
     1     1    21     2     9     8     0     2   -85.0   58.823   38.238   7302.8    364.6
     1     1    21     2     9     7     0     1   -86.0   58.866   35.903   7373.6    358.9
     1     1    21     2     9     6     0     0   -87.0   58.815   33.757   7380.0    357.4
     1     1    21     2     9     5     0     1   -88.0   58.697   31.845   7358.0    367.1
     1     1    21     2     9     4     0     2   -89.0   58.537   30.145   7266.9    370.0
     1     1    21     2     9     3     0     3   -90.0   58.329   28.684   7205.6    375.4
     1     1    21     2     9     2     0     2   -91.0   58.117   27.462   7175.7    378.2
     1     1    21     2     9     1     0     1   -92.0   57.902   26.368   7145.3    377.8
     1     1    21     2     9     0     0     0   -93.0   57.659   25.376   7143.7    377.7
     1     1    21     2     8    23     0     1   -94.0   57.407   24.511   7142.2    381.0
     1     1    21     2     8    22     0     2   -95.0   57.183   23.746   7094.7    386.0
     1     1    21     2     8    21     0     3   -96.0   56.986   23.053   7001.8    387.8
     1     1    21     2     8    20     0     2   -97.0   56.804   22.400   6949.3    394.5
     1     1    21     2     8    19     0     1   -98.0   56.624   21.772   6914.9    395.1
     1     1    21     2     8    18     0     0   -99.0   56.438   21.193   6823.1    399.1
     1     1    21     2     8    17     0     1  -100.0   56.235   20.681   6677.7    412.5
     1     1    21     2     8    16     0     2  -101.0   56.014   20.228   6578.7    421.6
     1     1    21     2     8    15     0     3  -102.0   55.783   19.814   6562.8    421.7
     1     1    21     2     8    14     0     2  -103.0   55.549   19.438   6553.7    418.6
     1     1    21     2     8    13     0     1  -104.0   55.328   19.105   6481.9    423.0
     1     1    21     2     8    12     0     0  -105.0   55.130   18.787   6382.1    431.5
     1     1    21     2     8    11     0     1  -106.0   54.951   18.490   6326.0    437.1
     1     1    21     2     8    10     0     2  -107.0   54.773   18.228   6337.3    434.8
     1     1    21     2     8     9     0     3  -108.0   54.596   17.985   6397.8    428.4
     1     1    21     2     8     8     0     2  -109.0   54.427   17.712   6451.5    420.9
     1     1    21     2     8     7     0     1  -110.0   54.271   17.379   6445.6    419.6
     1     1    21     2     8     6     0     0  -111.0   54.140   16.990   6375.3    422.7
     1     1    21     2     8     5     0     1  -112.0   54.032   16.567   6333.2    432.6
     1     1    21     2     8     4     0     2  -113.0   53.923   16.111   6401.4    434.2
     1     1    21     2     8     3     0     3  -114.0   53.799   15.580   6662.2    422.3
     1     1    21     2     8     2     0     2  -115.0   53.644   15.010   7032.7    390.1
     1     1    21     2     8     1     0     1  -116.0   53.443   14.512   7262.2    374.2
     1     1    21     2     8     0     0     0  -117.0   53.213   14.068   7384.3    374.0
     1     1    21     2     7    23     0     1  -118.0   52.961   13.608   7504.6    367.7
     1     1    21     2     7    22     0     2  -119.0   52.682   13.147   7548.4    356.7
     1     1    21     2     7    21     0     3  -120.0   52.402   12.719   7488.4    363.7
