     5     1
    GDAS    21     2     1     0     0
    GDAS    21     2     8     0     0
    GDAS    21     2    15     0     0
    GDAS    21     2    22     0     0
    GDAS    21     3     1     0     0
     1 BACKWARD OMEGA   
    21     2    17    18   44.970  -93.230   500.0
     1 PRESSURE
     1     1    21     2    17    18     0     0     0.0   44.970  -93.230    500.0    927.8
     1     1    21     2    17    17     0     1    -1.0   44.752  -93.256    483.5    927.5
     1     1    21     2    17    16     0     2    -2.0   44.512  -93.279    477.7    925.9
     1     1    21     2    17    15     0     3    -3.0   44.250  -93.299    491.7    921.7
     1     1    21     2    17    14     0     2    -4.0   43.985  -93.326    516.7    914.3
     1     1    21     2    17    13     0     1    -5.0   43.737  -93.365    528.2    912.4
     1     1    21     2    17    12     0     0    -6.0   43.506  -93.414    521.2    914.6
     1     1    21     2    17    11     0     1    -7.0   43.286  -93.472    514.3    917.3
     1     1    21     2    17    10     0     2    -8.0   43.072  -93.528    518.7    916.6
     1     1    21     2    17     9     0     3    -9.0   42.873  -93.577    531.1    914.8
     1     1    21     2    17     8     0     2   -10.0   42.675  -93.622    538.1    913.4
     1     1    21     2    17     7     0     1   -11.0   42.464  -93.669    540.4    915.4
     1     1    21     2    17     6     0     0   -12.0   42.234  -93.722    565.4    914.6
     1     1    21     2    17     5     0     1   -13.0   42.005  -93.764    614.0    906.9
     1     1    21     2    17     4     0     2   -14.0   41.800  -93.773    642.4    899.5
     1     1    21     2    17     3     0     3   -15.0   41.623  -93.743    625.1    901.5
     1     1    21     2    17     2     0     2   -16.0   41.476  -93.690    596.9    909.1
     1     1    21     2    17     1     0     1   -17.0   41.354  -93.642    592.4    910.3
     1     1    21     2    17     0     0     0   -18.0   41.251  -93.600    620.3    907.7
     1     1    21     2    16    23     0     1   -19.0   41.159  -93.577    664.9    899.8
     1     1    21     2    16    22     0     2   -20.0   41.080  -93.586    704.0    894.7
     1     1    21     2    16    21     0     3   -21.0   41.012  -93.622    736.0    890.3
     1     1    21     2    16    20     0     2   -22.0   40.950  -93.661    761.9    887.4
     1     1    21     2    16    19     0     1   -23.0   40.890  -93.681    783.3    885.1
     1     1    21     2    16    18     0     0   -24.0   40.833  -93.687    801.1    883.4
     1     1    21     2    16    17     0     1   -25.0   40.787  -93.683    814.6    881.7
     1     1    21     2    16    16     0     2   -26.0   40.759  -93.673    823.0    880.6
     1     1    21     2    16    15     0     3   -27.0   40.749  -93.654    825.8    880.1
     1     1    21     2    16    14     0     2   -28.0   40.754  -93.634    826.8    880.3
     1     1    21     2    16    13     0     1   -29.0   40.772  -93.621    830.9    879.7
     1     1    21     2    16    12     0     0   -30.0   40.800  -93.615    839.3    878.5
     1     1    21     2    16    11     0     1   -31.0   40.835  -93.607    853.8    876.7
     1     1    21     2    16    10     0     2   -32.0   40.875  -93.590    874.3    874.2
     1     1    21     2    16     9     0     3   -33.0   40.919  -93.564    899.2    871.0
     1     1    21     2    16     8     0     2   -34.0   40.973  -93.526    926.7    867.8
     1     1    21     2    16     7     0     1   -35.0   41.037  -93.475    954.6    864.7
     1     1    21     2    16     6     0     0   -36.0   41.110  -93.412    978.3    862.2
     1     1    21     2    16     5     0     1   -37.0   41.192  -93.330   1003.9    861.2
     1     1    21     2    16     4     0     2   -38.0   41.283  -93.224   1040.5    858.2
     1     1    21     2    16     3     0     3   -39.0   41.382  -93.094   1086.6    854.0
     1     1    21     2    16     2     0     2   -40.0   41.477  -92.949   1127.0    849.2
     1     1    21     2    16     1     0     1   -41.0   41.561  -92.795   1151.2    847.4
     1     1    21     2    16     0     0     0   -42.0   41.637  -92.630   1161.2    846.8
     1     1    21     2    15    23     0     1   -43.0   41.705  -92.451   1158.3    848.0
     1     1    21     2    15    22     0     2   -44.0   41.768  -92.249   1149.3    850.2
     1     1    21     2    15    21     0     3   -45.0   41.830  -92.018   1145.2    851.6
     1     1    21     2    15    20     0     2   -46.0   41.890  -91.771   1146.8    851.5
     1     1    21     2    15    19     0     1   -47.0   41.943  -91.526   1157.8    851.8
     1     1    21     2    15    18     0     0   -48.0   41.987  -91.293   1190.5    849.4
     1     1    21     2    15    17     0     1   -49.0   42.035  -91.080   1231.4    842.6
     1     1    21     2    15    16     0     2   -50.0   42.099  -90.879   1264.6    840.2
     1     1    21     2    15    15     0     3   -51.0   42.180  -90.690   1313.5    837.7
     1     1    21     2    15    14     0     2   -52.0   42.276  -90.549   1394.1    828.5
     1     1    21     2    15    13     0     1   -53.0   42.382  -90.495   1486.3    816.5
     1     1    21     2    15    12     0     0   -54.0   42.492  -90.529   1569.5    805.8
     1     1    21     2    15    11     0     1   -55.0   42.591  -90.632   1637.8    797.7
     1     1    21     2    15    10     0     2   -56.0   42.673  -90.791   1698.3    791.8
     1     1    21     2    15     9     0     3   -57.0   42.740  -91.006   1762.2    786.1
     1     1    21     2    15     8     0     2   -58.0   42.798  -91.247   1819.5    777.7
     1     1    21     2    15     7     0     1   -59.0   42.849  -91.485   1854.9    772.5
     1     1    21     2    15     6     0     0   -60.0   42.896  -91.723   1865.0    769.9
     1     1    21     2    15     5     0     1   -61.0   42.959  -91.959   1850.4    769.9
     1     1    21     2    15     4     0     2   -62.0   43.060  -92.188   1816.8    773.3
     1     1    21     2    15     3     0     3   -63.0   43.202  -92.402   1779.4    777.4
     1     1    21     2    15     2     0     2   -64.0   43.378  -92.617   1746.9    779.9
     1     1    21     2    15     1     0     1   -65.0   43.585  -92.851   1720.7    780.7
     1     1    21     2    15     0     0     0   -66.0   43.827  -93.113   1701.9    781.6
     1     1    21     2    14    23     0     1   -67.0   44.099  -93.393   1711.1    786.1
     1     1    21     2    14    22     0     2   -68.0   44.382  -93.690   1764.4    784.9
     1     1    21     2    14    21     0     3   -69.0   44.668  -94.011   1858.2    777.3
     1     1    21     2    14    20     0     2   -70.0   44.964  -94.372   1965.4    760.8
     1     1    21     2    14    19     0     1   -71.0   45.278  -94.775   2069.8    745.6
     1     1    21     2    14    18     0     0   -72.0   45.612  -95.220   2160.0    732.1
     1     1    21     2    14    17     0     1   -73.0   45.966  -95.680   2213.1    727.3
     1     1    21     2    14    16     0     2   -74.0   46.336  -96.128   2250.0    726.2
     1     1    21     2    14    15     0     3   -75.0   46.715  -96.568   2303.8    722.7
     1     1    21     2    14    14     0     2   -76.0   47.108  -96.994   2387.5    720.5
     1     1    21     2    14    13     0     1   -77.0   47.531  -97.397   2467.2    702.9
     1     1    21     2    14    12     0     0   -78.0   47.982  -97.769   2521.8    689.0
     1     1    21     2    14    11     0     1   -79.0   48.457  -98.082   2572.5    685.6
     1     1    21     2    14    10     0     2   -80.0   48.957  -98.322   2640.5    683.0
     1     1    21     2    14     9     0     3   -81.0   49.481  -98.495   2733.9    675.7
     1     1    21     2    14     8     0     2   -82.0   50.020  -98.579   2830.4    668.5
     1     1    21     2    14     7     0     1   -83.0   50.567  -98.558   2900.2    662.7
     1     1    21     2    14     6     0     0   -84.0   51.112  -98.426   2947.0    660.2
     1     1    21     2    14     5     0     1   -85.0   51.641  -98.186   2987.1    659.8
     1     1    21     2    14     4     0     2   -86.0   52.139  -97.857   3026.6    658.4
     1     1    21     2    14     3     0     3   -87.0   52.605  -97.452   3054.8    655.5
     1     1    21     2    14     2     0     2   -88.0   53.022  -96.971   3065.3    653.5
     1     1    21     2    14     1     0     1   -89.0   53.379  -96.394   3066.8    651.6
     1     1    21     2    14     0     0     0   -90.0   53.677  -95.727   3073.3    648.3
     1     1    21     2    13    23     0     1   -91.0   53.889  -95.024   3079.3    652.2
     1     1    21     2    13    22     0     2   -92.0   54.023  -94.305   3079.7    653.3
     1     1    21     2    13    21     0     3   -93.0   54.088  -93.572   3080.7    651.5
     1     1    21     2    13    20     0     2   -94.0   54.079  -92.832   3091.5    647.8
     1     1    21     2    13    19     0     1   -95.0   53.991  -92.103   3116.6    644.3
     1     1    21     2    13    18     0     0   -96.0   53.841  -91.413   3144.2    643.9
     1     1    21     2    13    17     0     1   -97.0   53.640  -90.766   3155.0    644.1
     1     1    21     2    13    16     0     2   -98.0   53.393  -90.163   3156.2    643.6
     1     1    21     2    13    15     0     3   -99.0   53.106  -89.629   3154.9    642.1
     1     1    21     2    13    14     0     2  -100.0   52.777  -89.182   3136.0    641.6
     1     1    21     2    13    13     0     1  -101.0   52.394  -88.813   3091.9    646.8
     1     1    21     2    13    12     0     0  -102.0   51.955  -88.518   3038.7    652.6
     1     1    21     2    13    11     0     1  -103.0   51.480  -88.316   2983.5    654.4
     1     1    21     2    13    10     0     2  -104.0   50.997  -88.206   2910.5    657.6
     1     1    21     2    13     9     0     3  -105.0   50.517  -88.183   2820.4    669.3
     1     1    21     2    13     8     0     2  -106.0   50.059  -88.229   2716.2    682.2
     1     1    21     2    13     7     0     1  -107.0   49.626  -88.314   2626.8    692.5
     1     1    21     2    13     6     0     0  -108.0   49.225  -88.440   2577.1    695.3
     1     1    21     2    13     5     0     1  -109.0   48.869  -88.615   2554.1    695.4
     1     1    21     2    13     4     0     2  -110.0   48.562  -88.834   2543.1    699.2
     1     1    21     2    13     3     0     3  -111.0   48.299  -89.090   2541.0    701.3
     1     1    21     2    13     2     0     2  -112.0   48.065  -89.411   2554.1    697.0
     1     1    21     2    13     1     0     1  -113.0   47.855  -89.824   2581.0    687.5
     1     1    21     2    13     0     0     0  -114.0   47.672  -90.305   2605.1    684.1
     1     1    21     2    12    23     0     1  -115.0   47.507  -90.813   2614.4    685.7
     1     1    21     2    12    22     0     2  -116.0   47.363  -91.339   2616.4    685.7
     1     1    21     2    12    21     0     3  -117.0   47.247  -91.895   2621.2    681.7
     1     1    21     2    12    20     0     2  -118.0   47.164  -92.476   2640.8    678.7
     1     1    21     2    12    19     0     1  -119.0   47.111  -93.079   2657.8    676.7
     1     1    21     2    12    18     0     0  -120.0   47.089  -93.710   2693.9    675.9
