     5     1
    GDAS    21     2     1     0     0
    GDAS    21     2     8     0     0
    GDAS    21     2    15     0     0
    GDAS    21     2    22     0     0
    GDAS    21     3     1     0     0
     1 BACKWARD OMEGA   
    21     2     3    21   44.970  -93.230   500.0
     1 PRESSURE
     1     1    21     2     3    21     0     3     0.0   44.970  -93.230    500.0    914.3
     1     1    21     2     3    20     0     2    -1.0   44.430  -93.271    485.9    912.4
     1     1    21     2     3    19     0     1    -2.0   43.871  -93.369    483.0    911.0
     1     1    21     2     3    18     0     0    -3.0   43.309  -93.489    478.2    913.1
     1     1    21     2     3    17     0     1    -4.0   42.771  -93.611    459.3    917.2
     1     1    21     2     3    16     0     2    -5.0   42.261  -93.728    431.8    923.4
     1     1    21     2     3    15     0     3    -6.0   41.783  -93.824    411.4    927.8
     1     1    21     2     3    14     0     2    -7.0   41.345  -93.931    407.2    928.2
     1     1    21     2     3    13     0     1    -8.0   40.950  -94.087    412.7    927.2
     1     1    21     2     3    12     0     0    -9.0   40.591  -94.272    408.0    929.6
     1     1    21     2     3    11     0     1   -10.0   40.250  -94.419    389.3    935.7
     1     1    21     2     3    10     0     2   -11.0   39.921  -94.505    366.8    940.8
     1     1    21     2     3     9     0     3   -12.0   39.612  -94.546    342.7    944.3
     1     1    21     2     3     8     0     2   -13.0   39.324  -94.571    320.1    947.5
     1     1    21     2     3     7     0     1   -14.0   39.058  -94.593    301.1    950.4
     1     1    21     2     3     6     0     0   -15.0   38.806  -94.604    288.2    953.1
     1     1    21     2     3     5     0     1   -16.0   38.566  -94.585    275.5    954.8
     1     1    21     2     3     4     0     2   -17.0   38.341  -94.510    258.6    958.4
     1     1    21     2     3     3     0     3   -18.0   38.141  -94.373    241.5    962.2
     1     1    21     2     3     2     0     2   -19.0   37.980  -94.205    234.8    965.5
     1     1    21     2     3     1     0     1   -20.0   37.856  -94.048    244.8    963.2
     1     1    21     2     3     0     0     0   -21.0   37.764  -93.912    267.5    958.2
     1     1    21     2     2    23     0     1   -22.0   37.693  -93.806    292.0    952.3
     1     1    21     2     2    22     0     2   -23.0   37.629  -93.731    311.9    948.5
     1     1    21     2     2    21     0     3   -24.0   37.569  -93.681    328.2    945.3
     1     1    21     2     2    20     0     2   -25.0   37.516  -93.636    341.1    943.4
     1     1    21     2     2    19     0     1   -26.0   37.479  -93.577    350.6    942.1
     1     1    21     2     2    18     0     0   -27.0   37.460  -93.502    358.5    941.4
     1     1    21     2     2    17     0     1   -28.0   37.459  -93.423    368.6    940.3
     1     1    21     2     2    16     0     2   -29.0   37.480  -93.354    382.7    938.7
     1     1    21     2     2    15     0     3   -30.0   37.523  -93.294    398.9    937.3
     1     1    21     2     2    14     0     2   -31.0   37.584  -93.240    420.0    936.2
     1     1    21     2     2    13     0     1   -32.0   37.662  -93.187    450.4    933.5
     1     1    21     2     2    12     0     0   -33.0   37.755  -93.140    490.6    929.7
     1     1    21     2     2    11     0     1   -34.0   37.866  -93.101    534.3    925.6
     1     1    21     2     2    10     0     2   -35.0   37.993  -93.072    573.8    923.0
     1     1    21     2     2     9     0     3   -36.0   38.133  -93.054    606.2    920.4
     1     1    21     2     2     8     0     2   -37.0   38.295  -93.038    627.5    918.9
     1     1    21     2     2     7     0     1   -38.0   38.480  -93.013    642.1    919.3
     1     1    21     2     2     6     0     0   -39.0   38.684  -92.978    665.6    918.9
     1     1    21     2     2     5     0     1   -40.0   38.901  -92.949    709.3    915.3
     1     1    21     2     2     4     0     2   -41.0   39.133  -92.943    763.8    907.4
     1     1    21     2     2     3     0     3   -42.0   39.386  -92.950    810.4    899.8
     1     1    21     2     2     2     0     2   -43.0   39.659  -92.968    853.5    894.7
     1     1    21     2     2     1     0     1   -44.0   39.953  -92.997    911.3    886.9
     1     1    21     2     2     0     0     0   -45.0   40.271  -93.020    994.9    877.3
     1     1    21     2     1    23     0     1   -46.0   40.610  -93.037   1086.1    864.6
     1     1    21     2     1    22     0     2   -47.0   40.965  -93.074   1162.0    855.7
     1     1    21     2     1    21     0     3   -48.0   41.340  -93.135   1227.2    848.3
     1     1    21     2     1    20     0     2   -49.0   41.724  -93.202   1286.0    841.4
     1     1    21     2     1    19     0     1   -50.0   42.109  -93.262   1339.6    835.3
     1     1    21     2     1    18     0     0   -51.0   42.498  -93.321   1398.1    827.9
     1     1    21     2     1    17     0     1   -52.0   42.898  -93.388   1458.5    819.0
     1     1    21     2     1    16     0     2   -53.0   43.304  -93.476   1512.7    812.9
     1     1    21     2     1    15     0     3   -54.0   43.710  -93.590   1574.8    808.5
     1     1    21     2     1    14     0     2   -55.0   44.113  -93.732   1657.4    802.1
     1     1    21     2     1    13     0     1   -56.0   44.508  -93.903   1742.2    794.0
     1     1    21     2     1    12     0     0   -57.0   44.901  -94.100   1818.0    786.8
     1     1    21     2     1    11     0     1   -58.0   45.279  -94.323   1888.2    775.0
     1     1    21     2     1    10     0     2   -59.0   45.622  -94.587   1948.2    763.9
     1     1    21     2     1     9     0     3   -60.0   45.921  -94.900   1993.5    756.7
     1     1    21     2     1     8     0     2   -61.0   46.204  -95.220   2031.6    752.9
     1     1    21     2     1     7     0     1   -62.0   46.491  -95.512   2061.6    749.9
     1     1    21     2     1     6     0     0   -63.0   46.765  -95.786   2068.3    747.6
     1     1    21     2     1     5     0     1   -64.0   47.031  -96.045   2054.9    750.7
     1     1    21     2     1     4     0     2   -65.0   47.314  -96.294   2062.6    756.6
     1     1    21     2     1     3     0     3   -66.0   47.615  -96.549   2103.2    755.0
     1     1    21     2     1     2     0     2   -67.0   47.926  -96.822   2146.2    751.5
     1     1    21     2     1     1     0     1   -68.0   48.240  -97.111   2161.9    748.6
     1     1    21     2     1     0     0     0   -69.0   48.553  -97.425   2162.9    746.8
