     5     1
    GDAS    21     2     1     0     0
    GDAS    21     2     8     0     0
    GDAS    21     2    15     0     0
    GDAS    21     2    22     0     0
    GDAS    21     3     1     0     0
     1 BACKWARD OMEGA   
    21     2    10     6   44.970  -93.230   500.0
     1 PRESSURE
     1     1    21     2    10     6     0     0     0.0   44.970  -93.230    500.0    929.3
     1     1    21     2    10     5     0     1    -1.0   45.117  -93.591    459.1    937.1
     1     1    21     2    10     4     0     2    -2.0   45.251  -94.010    471.4    932.2
     1     1    21     2    10     3     0     3    -3.0   45.377  -94.487    533.6    919.0
     1     1    21     2    10     2     0     2    -4.0   45.495  -95.009    617.5    901.9
     1     1    21     2    10     1     0     1    -5.0   45.613  -95.546    668.6    894.3
     1     1    21     2    10     0     0     0    -6.0   45.724  -96.080    676.5    896.0
     1     1    21     2     9    23     0     1    -7.0   45.821  -96.609    668.7    896.3
     1     1    21     2     9    22     0     2    -8.0   45.913  -97.128    666.1    896.9
     1     1    21     2     9    21     0     3    -9.0   46.000  -97.627    682.8    894.7
     1     1    21     2     9    20     0     2   -10.0   46.107  -98.141    725.4    883.1
     1     1    21     2     9    19     0     1   -11.0   46.278  -98.730    807.0    863.1
     1     1    21     2     9    18     0     0   -12.0   46.522  -99.412    915.4    843.1
     1     1    21     2     9    17     0     1   -13.0   46.798 -100.137    991.6    832.4
     1     1    21     2     9    16     0     2   -14.0   47.113 -100.892   1016.9    826.4
     1     1    21     2     9    15     0     3   -15.0   47.468 -101.681   1023.7    822.3
     1     1    21     2     9    14     0     2   -16.0   47.833 -102.523   1051.0    815.0
     1     1    21     2     9    13     0     1   -17.0   48.184 -103.382   1141.3    808.1
     1     1    21     2     9    12     0     0   -18.0   48.544 -104.181   1189.5    800.9
     1     1    21     2     9    11     0     1   -19.0   48.942 -104.954   1212.5    791.8
     1     1    21     2     9    10     0     2   -20.0   49.365 -105.724   1252.4    783.0
     1     1    21     2     9     9     0     3   -21.0   49.789 -106.474   1265.7    784.8
     1     1    21     2     9     8     0     2   -22.0   50.223 -107.194   1250.6    788.3
     1     1    21     2     9     7     0     1   -23.0   50.648 -107.893   1271.4    786.8
     1     1    21     2     9     6     0     0   -24.0   51.048 -108.547   1299.1    786.8
     1     1    21     2     9     5     0     1   -25.0   51.442 -109.121   1316.2    788.2
     1     1    21     2     9     4     0     2   -26.0   51.860 -109.619   1356.6    779.6
     1     1    21     2     9     3     0     3   -27.0   52.293 -110.052   1401.8    774.2
     1     1    21     2     9     2     0     2   -28.0   52.731 -110.439   1422.2    773.7
     1     1    21     2     9     1     0     1   -29.0   53.174 -110.798   1420.9    776.9
     1     1    21     2     9     0     0     0   -30.0   53.627 -111.120   1419.3    775.8
     1     1    21     2     8    23     0     1   -31.0   54.080 -111.408   1420.0    775.9
     1     1    21     2     8    22     0     2   -32.0   54.523 -111.675   1420.9    777.3
     1     1    21     2     8    21     0     3   -33.0   54.964 -111.928   1408.6    781.6
     1     1    21     2     8    20     0     2   -34.0   55.402 -112.167   1401.0    783.8
     1     1    21     2     8    19     0     1   -35.0   55.830 -112.381   1425.7    779.3
     1     1    21     2     8    18     0     0   -36.0   56.240 -112.545   1446.9    777.5
     1     1    21     2     8    17     0     1   -37.0   56.635 -112.648   1420.7    785.1
     1     1    21     2     8    16     0     2   -38.0   57.024 -112.700   1341.7    798.9
     1     1    21     2     8    15     0     3   -39.0   57.436 -112.740   1271.8    809.6
     1     1    21     2     8    14     0     2   -40.0   57.876 -112.796   1276.4    805.1
     1     1    21     2     8    13     0     1   -41.0   58.316 -112.847   1321.6    804.2
     1     1    21     2     8    12     0     0   -42.0   58.734 -112.886   1330.0    815.2
     1     1    21     2     8    11     0     1   -43.0   59.125 -112.910   1294.8    831.0
     1     1    21     2     8    10     0     2   -44.0   59.500 -112.914   1256.0    838.6
     1     1    21     2     8     9     0     3   -45.0   59.874 -112.906   1240.9    840.3
     1     1    21     2     8     8     0     2   -46.0   60.241 -112.887   1239.8    842.7
     1     1    21     2     8     7     0     1   -47.0   60.591 -112.847   1237.4    846.7
     1     1    21     2     8     6     0     0   -48.0   60.919 -112.787   1225.0    851.6
     1     1    21     2     8     5     0     1   -49.0   61.236 -112.719   1205.2    855.8
     1     1    21     2     8     4     0     2   -50.0   61.549 -112.658   1189.2    859.0
     1     1    21     2     8     3     0     3   -51.0   61.859 -112.607   1185.0    860.8
     1     1    21     2     8     2     0     2   -52.0   62.152 -112.556   1193.5    856.1
     1     1    21     2     8     1     0     1   -53.0   62.417 -112.490   1217.3    846.1
     1     1    21     2     8     0     0     0   -54.0   62.653 -112.415   1261.4    834.2
     1     1    21     2     7    23     0     1   -55.0   62.871 -112.326   1313.8    819.6
     1     1    21     2     7    22     0     2   -56.0   63.080 -112.206   1357.9    808.9
     1     1    21     2     7    21     0     3   -57.0   63.277 -112.045   1388.3    802.1
     1     1    21     2     7    20     0     2   -58.0   63.460 -111.852   1402.1    799.0
     1     1    21     2     7    19     0     1   -59.0   63.630 -111.647   1404.3    798.8
     1     1    21     2     7    18     0     0   -60.0   63.790 -111.434   1403.5    799.3
     1     1    21     2     7    17     0     1   -61.0   63.951 -111.217   1414.0    800.0
     1     1    21     2     7    16     0     2   -62.0   64.122 -110.992   1442.3    797.0
     1     1    21     2     7    15     0     3   -63.0   64.301 -110.759   1477.3    790.9
     1     1    21     2     7    14     0     2   -64.0   64.477 -110.534   1509.5    785.2
     1     1    21     2     7    13     0     1   -65.0   64.639 -110.330   1543.9    780.7
     1     1    21     2     7    12     0     0   -66.0   64.792 -110.145   1593.3    774.3
     1     1    21     2     7    11     0     1   -67.0   64.936 -109.953   1642.5    765.7
     1     1    21     2     7    10     0     2   -68.0   65.075 -109.737   1669.7    762.9
     1     1    21     2     7     9     0     3   -69.0   65.209 -109.506   1679.8    762.9
     1     1    21     2     7     8     0     2   -70.0   65.337 -109.270   1696.2    763.3
     1     1    21     2     7     7     0     1   -71.0   65.456 -109.028   1734.2    759.5
     1     1    21     2     7     6     0     0   -72.0   65.566 -108.770   1782.8    753.9
     1     1    21     2     7     5     0     1   -73.0   65.672 -108.486   1821.8    749.8
     1     1    21     2     7     4     0     2   -74.0   65.779 -108.172   1842.9    749.0
     1     1    21     2     7     3     0     3   -75.0   65.891 -107.829   1855.8    749.7
     1     1    21     2     7     2     0     2   -76.0   66.004 -107.493   1878.3    749.5
     1     1    21     2     7     1     0     1   -77.0   66.109 -107.199   1912.5    749.3
     1     1    21     2     7     0     0     0   -78.0   66.207 -106.948   1941.1    748.1
     1     1    21     2     6    23     0     1   -79.0   66.298 -106.715   1960.1    748.5
     1     1    21     2     6    22     0     2   -80.0   66.380 -106.473   1971.5    748.9
     1     1    21     2     6    21     0     3   -81.0   66.448 -106.218   1978.2    749.1
     1     1    21     2     6    20     0     2   -82.0   66.507 -105.929   1979.4    748.8
     1     1    21     2     6    19     0     1   -83.0   66.560 -105.592   1976.5    749.4
     1     1    21     2     6    18     0     0   -84.0   66.609 -105.213   1973.5    749.7
     1     1    21     2     6    17     0     1   -85.0   66.663 -104.808   1972.8    751.1
     1     1    21     2     6    16     0     2   -86.0   66.737 -104.390   1975.3    753.4
     1     1    21     2     6    15     0     3   -87.0   66.832 -103.967   1978.2    756.2
     1     1    21     2     6    14     0     2   -88.0   66.939 -103.547   1976.7    757.5
     1     1    21     2     6    13     0     1   -89.0   67.047 -103.138   1971.9    759.2
     1     1    21     2     6    12     0     0   -90.0   67.156 -102.744   1964.9    761.4
     1     1    21     2     6    11     0     1   -91.0   67.255 -102.362   1953.2    764.3
     1     1    21     2     6    10     0     2   -92.0   67.334 -101.983   1935.0    767.9
     1     1    21     2     6     9     0     3   -93.0   67.396 -101.607   1909.0    771.8
     1     1    21     2     6     8     0     2   -94.0   67.450 -101.218   1878.1    776.2
     1     1    21     2     6     7     0     1   -95.0   67.504 -100.798   1849.1    780.1
     1     1    21     2     6     6     0     0   -96.0   67.556 -100.349   1827.4    783.2
     1     1    21     2     6     5     0     1   -97.0   67.614  -99.884   1808.2    785.7
     1     1    21     2     6     4     0     2   -98.0   67.685  -99.411   1778.0    790.6
     1     1    21     2     6     3     0     3   -99.0   67.772  -98.921   1729.2    797.8
     1     1    21     2     6     2     0     2  -100.0   67.871  -98.411   1671.6    806.1
     1     1    21     2     6     1     0     1  -101.0   67.983  -97.879   1613.6    813.2
     1     1    21     2     6     0     0     0  -102.0   68.109  -97.335   1554.9    819.6
     1     1    21     2     5    23     0     1  -103.0   68.239  -96.810   1505.0    825.1
     1     1    21     2     5    22     0     2  -104.0   68.363  -96.318   1472.2    830.0
     1     1    21     2     5    21     0     3  -105.0   68.482  -95.864   1453.1    833.0
     1     1    21     2     5    20     0     2  -106.0   68.590  -95.419   1437.9    833.8
     1     1    21     2     5    19     0     1  -107.0   68.681  -94.948   1421.2    835.2
     1     1    21     2     5    18     0     0  -108.0   68.757  -94.442   1402.1    835.9
     1     1    21     2     5    17     0     1  -109.0   68.826  -93.903   1378.5    837.2
     1     1    21     2     5    16     0     2  -110.0   68.890  -93.344   1348.4    836.5
     1     1    21     2     5    15     0     3  -111.0   68.945  -92.762   1320.5    835.8
     1     1    21     2     5    14     0     2  -112.0   68.995  -92.181   1305.9    834.2
     1     1    21     2     5    13     0     1  -113.0   69.041  -91.635   1307.6    833.0
     1     1    21     2     5    12     0     0  -114.0   69.086  -91.138   1313.8    832.3
     1     1    21     2     5    11     0     1  -115.0   69.132  -90.702   1321.7    837.5
     1     1    21     2     5    10     0     2  -116.0   69.177  -90.332   1331.4    842.6
     1     1    21     2     5     9     0     3  -117.0   69.220  -90.027   1341.0    846.2
     1     1    21     2     5     8     0     2  -118.0   69.252  -89.781   1350.7    844.0
     1     1    21     2     5     7     0     1  -119.0   69.266  -89.585   1366.8    840.7
     1     1    21     2     5     6     0     0  -120.0   69.261  -89.435   1392.0    836.6
