     5     1
    GDAS    21     2     1     0     0
    GDAS    21     2     8     0     0
    GDAS    21     2    15     0     0
    GDAS    21     2    22     0     0
    GDAS    21     3     1     0     0
     1 BACKWARD OMEGA   
    21     2    19     6   37.820  111.540  1000.0
     1 PRESSURE
     1     1    21     2    19     6     0     0     0.0   37.820  111.540   1000.0    775.6
     1     1    21     2    19     5     0     1    -1.0   38.034  111.054    888.2    789.1
     1     1    21     2    19     4     0     2    -2.0   38.222  110.598    750.1    817.8
     1     1    21     2    19     3     0     3    -3.0   38.437  110.093    693.7    822.7
     1     1    21     2    19     2     0     2    -4.0   38.697  109.515    718.6    806.5
     1     1    21     2    19     1     0     1    -5.0   38.997  108.872    809.0    790.1
     1     1    21     2    19     0     0     0    -6.0   39.335  108.182    954.0    766.8
     1     1    21     2    18    23     0     1    -7.0   39.655  107.488   1058.6    757.3
     1     1    21     2    18    22     0     2    -8.0   39.926  106.807   1115.7    754.6
     1     1    21     2    18    21     0     3    -9.0   40.178  106.175   1075.0    764.3
     1     1    21     2    18    20     0     2   -10.0   40.437  105.558    964.4    779.1
     1     1    21     2    18    19     0     1   -11.0   40.708  104.935   1009.2    768.0
     1     1    21     2    18    18     0     0   -12.0   40.970  104.318   1054.6    753.8
     1     1    21     2    18    17     0     1   -13.0   41.200  103.669   1046.1    768.7
     1     1    21     2    18    16     0     2   -14.0   41.429  103.021   1107.1    762.8
     1     1    21     2    18    15     0     3   -15.0   41.657  102.407   1200.5    766.9
     1     1    21     2    18    14     0     2   -16.0   41.847  101.822   1255.0    774.1
     1     1    21     2    18    13     0     1   -17.0   42.011  101.272   1249.6    779.1
     1     1    21     2    18    12     0     0   -18.0   42.192  100.743   1131.0    779.0
     1     1    21     2    18    11     0     1   -19.0   42.390  100.170   1029.7    796.9
     1     1    21     2    18    10     0     2   -20.0   42.573   99.550   1059.1    775.1
     1     1    21     2    18     9     0     3   -21.0   42.719   98.951   1071.0    753.8
     1     1    21     2    18     8     0     2   -22.0   42.841   98.402   1016.3    756.8
     1     1    21     2    18     7     0     1   -23.0   42.961   97.898    936.3    765.2
     1     1    21     2    18     6     0     0   -24.0   43.064   97.418    894.5    774.8
     1     1    21     2    18     5     0     1   -25.0   43.154   96.958    898.5    776.9
     1     1    21     2    18     4     0     2   -26.0   43.233   96.548    908.9    788.1
     1     1    21     2    18     3     0     3   -27.0   43.289   96.195    918.1    801.0
     1     1    21     2    18     2     0     2   -28.0   43.333   95.875    934.8    799.2
     1     1    21     2    18     1     0     1   -29.0   43.378   95.581    949.1    788.4
     1     1    21     2    18     0     0     0   -30.0   43.428   95.320    968.7    782.7
     1     1    21     2    17    23     0     1   -31.0   43.481   95.096    993.5    780.5
     1     1    21     2    17    22     0     2   -32.0   43.539   94.896   1016.1    782.9
     1     1    21     2    17    21     0     3   -33.0   43.597   94.704   1030.9    786.1
     1     1    21     2    17    20     0     2   -34.0   43.647   94.516   1046.4    788.7
     1     1    21     2    17    19     0     1   -35.0   43.684   94.330   1069.1    787.4
     1     1    21     2    17    18     0     0   -36.0   43.710   94.151   1093.4    784.3
     1     1    21     2    17    17     0     1   -37.0   43.729   93.972   1106.9    780.3
     1     1    21     2    17    16     0     2   -38.0   43.749   93.777   1105.1    777.0
     1     1    21     2    17    15     0     3   -39.0   43.765   93.552   1098.4    771.6
     1     1    21     2    17    14     0     2   -40.0   43.772   93.299   1107.1    763.5
     1     1    21     2    17    13     0     1   -41.0   43.766   93.013   1153.8    750.3
     1     1    21     2    17    12     0     0   -42.0   43.764   92.711   1222.7    739.3
     1     1    21     2    17    11     0     1   -43.0   43.771   92.425   1272.0    731.8
     1     1    21     2    17    10     0     2   -44.0   43.781   92.161   1296.4    727.3
     1     1    21     2    17     9     0     3   -45.0   43.795   91.924   1311.7    727.3
     1     1    21     2    17     8     0     2   -46.0   43.814   91.710   1329.6    733.7
     1     1    21     2    17     7     0     1   -47.0   43.836   91.516   1343.7    739.0
     1     1    21     2    17     6     0     0   -48.0   43.862   91.339   1347.8    744.7
     1     1    21     2    17     5     0     1   -49.0   43.895   91.174   1347.1    751.0
     1     1    21     2    17     4     0     2   -50.0   43.935   91.020   1349.3    755.9
     1     1    21     2    17     3     0     3   -51.0   43.983   90.879   1350.1    757.0
     1     1    21     2    17     2     0     2   -52.0   44.033   90.758   1348.9    758.4
     1     1    21     2    17     1     0     1   -53.0   44.077   90.658   1344.6    760.7
     1     1    21     2    17     0     0     0   -54.0   44.117   90.573   1339.2    762.8
     1     1    21     2    16    23     0     1   -55.0   44.151   90.500   1336.4    764.9
     1     1    21     2    16    22     0     2   -56.0   44.178   90.439   1337.8    766.0
     1     1    21     2    16    21     0     3   -57.0   44.197   90.387   1340.5    766.8
     1     1    21     2    16    20     0     2   -58.0   44.210   90.345   1345.9    767.9
     1     1    21     2    16    19     0     1   -59.0   44.218   90.314   1356.0    768.0
     1     1    21     2    16    18     0     0   -60.0   44.221   90.293   1370.3    767.4
     1     1    21     2    16    17     0     1   -61.0   44.221   90.273   1384.8    766.4
     1     1    21     2    16    16     0     2   -62.0   44.223   90.247   1395.2    766.4
     1     1    21     2    16    15     0     3   -63.0   44.226   90.214   1401.4    766.9
     1     1    21     2    16    14     0     2   -64.0   44.228   90.178   1403.3    767.8
     1     1    21     2    16    13     0     1   -65.0   44.230   90.137   1400.6    769.4
     1     1    21     2    16    12     0     0   -66.0   44.232   90.093   1393.8    771.4
     1     1    21     2    16    11     0     1   -67.0   44.238   90.054   1395.9    773.5
     1     1    21     2    16    10     0     2   -68.0   44.251   90.021   1419.2    772.1
     1     1    21     2    16     9     0     3   -69.0   44.272   89.989   1462.4    768.3
     1     1    21     2    16     8     0     2   -70.0   44.298   89.949   1512.3    762.6
     1     1    21     2    16     7     0     1   -71.0   44.325   89.900   1559.0    758.6
     1     1    21     2    16     6     0     0   -72.0   44.353   89.847   1603.7    754.9
     1     1    21     2    16     5     0     1   -73.0   44.379   89.781   1641.5    751.4
     1     1    21     2    16     4     0     2   -74.0   44.399   89.701   1669.5    749.9
     1     1    21     2    16     3     0     3   -75.0   44.413   89.609   1693.9    749.1
     1     1    21     2    16     2     0     2   -76.0   44.421   89.515   1716.9    747.9
     1     1    21     2    16     1     0     1   -77.0   44.421   89.428   1734.5    746.9
     1     1    21     2    16     0     0     0   -78.0   44.416   89.350   1742.6    746.8
     1     1    21     2    15    23     0     1   -79.0   44.411   89.279   1752.3    747.9
     1     1    21     2    15    22     0     2   -80.0   44.410   89.209   1776.1    746.6
     1     1    21     2    15    21     0     3   -81.0   44.416   89.139   1814.3    744.0
     1     1    21     2    15    20     0     2   -82.0   44.431   89.066   1853.4    740.3
     1     1    21     2    15    19     0     1   -83.0   44.453   88.989   1878.3    739.2
     1     1    21     2    15    18     0     0   -84.0   44.484   88.910   1887.6    738.4
     1     1    21     2    15    17     0     1   -85.0   44.520   88.831   1896.2    738.9
     1     1    21     2    15    16     0     2   -86.0   44.560   88.754   1915.1    737.6
     1     1    21     2    15    15     0     3   -87.0   44.607   88.679   1944.6    735.6
     1     1    21     2    15    14     0     2   -88.0   44.661   88.603   1972.2    733.0
     1     1    21     2    15    13     0     1   -89.0   44.723   88.524   1986.2    733.3
     1     1    21     2    15    12     0     0   -90.0   44.795   88.443   1987.2    735.4
     1     1    21     2    15    11     0     1   -91.0   44.871   88.354   1987.3    739.2
     1     1    21     2    15    10     0     2   -92.0   44.945   88.255   1995.3    741.4
     1     1    21     2    15     9     0     3   -93.0   45.015   88.143   2004.0    742.9
     1     1    21     2    15     8     0     2   -94.0   45.082   88.024   2007.3    743.1
     1     1    21     2    15     7     0     1   -95.0   45.145   87.899   2010.2    744.9
     1     1    21     2    15     6     0     0   -96.0   45.205   87.771   2014.2    746.8
     1     1    21     2    15     5     0     1   -97.0   45.258   87.646   2018.0    748.1
     1     1    21     2    15     4     0     2   -98.0   45.302   87.528   2020.6    749.5
     1     1    21     2    15     3     0     3   -99.0   45.339   87.415   2021.6    751.1
     1     1    21     2    15     2     0     2  -100.0   45.370   87.308   2022.0    752.8
     1     1    21     2    15     1     0     1  -101.0   45.397   87.204   2023.1    754.3
     1     1    21     2    15     0     0     0  -102.0   45.421   87.103   2024.4    755.7
     1     1    21     2    14    23     0     1  -103.0   45.440   87.003   2028.9    757.3
     1     1    21     2    14    22     0     2  -104.0   45.452   86.900   2038.3    757.3
     1     1    21     2    14    21     0     3  -105.0   45.461   86.796   2052.6    756.8
     1     1    21     2    14    20     0     2  -106.0   45.466   86.698   2065.0    756.0
     1     1    21     2    14    19     0     1  -107.0   45.466   86.615   2069.8    756.4
     1     1    21     2    14    18     0     0  -108.0   45.462   86.548   2068.5    757.3
     1     1    21     2    14    17     0     1  -109.0   45.455   86.496   2069.6    758.5
     1     1    21     2    14    16     0     2  -110.0   45.452   86.458   2081.1    757.9
     1     1    21     2    14    15     0     3  -111.0   45.451   86.431   2103.3    756.1
     1     1    21     2    14    14     0     2  -112.0   45.452   86.408   2128.4    753.2
     1     1    21     2    14    13     0     1  -113.0   45.453   86.378   2147.8    751.5
     1     1    21     2    14    12     0     0  -114.0   45.455   86.343   2160.4    750.5
     1     1    21     2    14    11     0     1  -115.0   45.454   86.304   2170.7    750.4
     1     1    21     2    14    10     0     2  -116.0   45.447   86.265   2184.3    749.5
     1     1    21     2    14     9     0     3  -117.0   45.435   86.226   2202.3    748.3
     1     1    21     2    14     8     0     2  -118.0   45.423   86.183   2224.1    746.6
     1     1    21     2    14     7     0     1  -119.0   45.415   86.130   2248.2    744.7
     1     1    21     2    14     6     0     0  -120.0   45.410   86.067   2273.5    742.9
