     5     1
    GDAS    21     2     1     0     0
    GDAS    21     2     8     0     0
    GDAS    21     2    15     0     0
    GDAS    21     2    22     0     0
    GDAS    21     3     1     0     0
     1 BACKWARD OMEGA   
    21     2    12    15   44.970  -93.230   500.0
     1 PRESSURE
     1     1    21     2    12    15     0     3     0.0   44.970  -93.230    500.0    933.9
     1     1    21     2    12    14     0     2    -1.0   45.174  -93.395    527.2    929.3
     1     1    21     2    12    13     0     1    -2.0   45.376  -93.551    562.3    921.4
     1     1    21     2    12    12     0     0    -3.0   45.582  -93.699    601.8    913.0
     1     1    21     2    12    11     0     1    -4.0   45.792  -93.865    646.1    903.6
     1     1    21     2    12    10     0     2    -5.0   45.997  -94.073    700.0    892.9
     1     1    21     2    12     9     0     3    -6.0   46.196  -94.338    768.5    883.9
     1     1    21     2    12     8     0     2    -7.0   46.376  -94.654    831.2    872.7
     1     1    21     2    12     7     0     1    -8.0   46.538  -95.000    872.3    866.0
     1     1    21     2    12     6     0     0    -9.0   46.688  -95.367    899.0    864.5
     1     1    21     2    12     5     0     1   -10.0   46.821  -95.739    913.0    865.2
     1     1    21     2    12     4     0     2   -11.0   46.942  -96.112    917.0    867.5
     1     1    21     2    12     3     0     3   -12.0   47.060  -96.489    912.9    874.5
     1     1    21     2    12     2     0     2   -13.0   47.177  -96.873    910.4    881.9
     1     1    21     2    12     1     0     1   -14.0   47.291  -97.264    915.7    878.3
     1     1    21     2    12     0     0     0   -15.0   47.401  -97.664    927.5    868.3
     1     1    21     2    11    23     0     1   -16.0   47.509  -98.092    946.4    858.4
     1     1    21     2    11    22     0     2   -17.0   47.613  -98.556    970.1    851.5
     1     1    21     2    11    21     0     3   -18.0   47.712  -99.048    981.9    847.2
     1     1    21     2    11    20     0     2   -19.0   47.811  -99.534    997.3    849.2
     1     1    21     2    11    19     0     1   -20.0   47.910  -99.991   1030.0    845.6
     1     1    21     2    11    18     0     0   -21.0   48.009 -100.409   1055.1    838.4
     1     1    21     2    11    17     0     1   -22.0   48.115 -100.809   1056.0    835.2
     1     1    21     2    11    16     0     2   -23.0   48.243 -101.219   1036.3    835.6
     1     1    21     2    11    15     0     3   -24.0   48.399 -101.633   1014.3    835.7
     1     1    21     2    11    14     0     2   -25.0   48.573 -102.055   1005.8    835.1
     1     1    21     2    11    13     0     1   -26.0   48.752 -102.485   1001.7    834.1
     1     1    21     2    11    12     0     0   -27.0   48.937 -102.897    981.1    834.8
     1     1    21     2    11    11     0     1   -28.0   49.124 -103.292    956.0    837.3
     1     1    21     2    11    10     0     2   -29.0   49.312 -103.697    951.8    836.6
     1     1    21     2    11     9     0     3   -30.0   49.501 -104.106    964.4    834.6
     1     1    21     2    11     8     0     2   -31.0   49.689 -104.506    977.1    832.4
     1     1    21     2    11     7     0     1   -32.0   49.882 -104.878    983.0    833.6
     1     1    21     2    11     6     0     0   -33.0   50.080 -105.216    985.0    834.0
     1     1    21     2    11     5     0     1   -34.0   50.279 -105.541    987.1    833.1
     1     1    21     2    11     4     0     2   -35.0   50.477 -105.865    989.4    831.5
     1     1    21     2    11     3     0     3   -36.0   50.673 -106.169    979.5    831.6
     1     1    21     2    11     2     0     2   -37.0   50.879 -106.460    960.6    836.5
     1     1    21     2    11     1     0     1   -38.0   51.102 -106.760    946.0    840.2
     1     1    21     2    11     0     0     0   -39.0   51.339 -107.069    935.3    841.9
     1     1    21     2    10    23     0     1   -40.0   51.573 -107.390    927.7    840.6
     1     1    21     2    10    22     0     2   -41.0   51.796 -107.724    931.0    837.2
     1     1    21     2    10    21     0     3   -42.0   52.016 -108.074    955.9    830.9
     1     1    21     2    10    20     0     2   -43.0   52.236 -108.426    982.7    826.9
     1     1    21     2    10    19     0     1   -44.0   52.452 -108.764    989.1    829.7
     1     1    21     2    10    18     0     0   -45.0   52.666 -109.073    981.0    834.3
     1     1    21     2    10    17     0     1   -46.0   52.900 -109.365    966.4    837.8
     1     1    21     2    10    16     0     2   -47.0   53.178 -109.668    949.9    837.7
     1     1    21     2    10    15     0     3   -48.0   53.497 -109.971    934.3    834.4
     1     1    21     2    10    14     0     2   -49.0   53.826 -110.257    919.2    832.0
     1     1    21     2    10    13     0     1   -50.0   54.149 -110.546    906.2    832.9
     1     1    21     2    10    12     0     0   -51.0   54.473 -110.840    898.5    833.0
     1     1    21     2    10    11     0     1   -52.0   54.811 -111.126    888.8    834.5
     1     1    21     2    10    10     0     2   -53.0   55.169 -111.411    877.2    838.9
     1     1    21     2    10     9     0     3   -54.0   55.544 -111.706    862.5    840.5
     1     1    21     2    10     8     0     2   -55.0   55.919 -112.019    824.1    840.0
     1     1    21     2    10     7     0     1   -56.0   56.270 -112.327    770.9    856.6
     1     1    21     2    10     6     0     0   -57.0   56.603 -112.601    726.2    868.7
     1     1    21     2    10     5     0     1   -58.0   56.940 -112.855    701.2    875.1
     1     1    21     2    10     4     0     2   -59.0   57.300 -113.102    686.6    871.8
     1     1    21     2    10     3     0     3   -60.0   57.653 -113.334    660.4    876.8
     1     1    21     2    10     2     0     2   -61.0   57.958 -113.566    567.3    892.0
     1     1    21     2    10     1     0     1   -62.0   58.220 -113.877    433.7    925.4
     1     1    21     2    10     0     0     0   -63.0   58.480 -114.236    387.2    929.8
     1     1    21     2     9    23     0     1   -64.0   58.813 -114.568    437.3    896.7
     1     1    21     2     9    22     0     2   -65.0   59.242 -114.822    501.9    875.5
     1     1    21     2     9    21     0     3   -66.0   59.655 -115.183    502.5    900.4
     1     1    21     2     9    20     0     2   -67.0   60.007 -115.657    458.7    935.9
     1     1    21     2     9    19     0     1   -68.0   60.322 -116.159    426.7    948.8
     1     1    21     2     9    18     0     0   -69.0   60.626 -116.643    391.1    949.0
     1     1    21     2     9    17     0     1   -70.0   60.901 -117.123    316.1    959.5
     1     1    21     2     9    16     0     2   -71.0   61.150 -117.653    266.4    973.7
     1     1    21     2     9    15     0     3   -72.0   61.434 -118.223    303.9    964.4
     1     1    21     2     9    14     0     2   -73.0   61.855 -118.609    446.0    933.3
     1     1    21     2     9    13     0     1   -74.0   62.399 -118.681    570.1    906.5
     1     1    21     2     9    12     0     0   -75.0   62.917 -118.649    581.6    916.5
     1     1    21     2     9    11     0     1   -76.0   63.396 -118.664    529.8    928.1
     1     1    21     2     9    10     0     2   -77.0   63.860 -118.767    455.6    934.8
     1     1    21     2     9     9     0     3   -78.0   64.288 -119.004    376.7    949.3
     1     1    21     2     9     8     0     2   -79.0   64.651 -119.369    335.3    958.5
     1     1    21     2     9     7     0     1   -80.0   64.962 -119.705    341.8    950.3
     1     1    21     2     9     6     0     0   -81.0   65.231 -119.980    361.2    947.8
     1     1    21     2     9     5     0     1   -82.0   65.467 -120.240    366.7    957.5
     1     1    21     2     9     4     0     2   -83.0   65.678 -120.528    352.0    968.9
     1     1    21     2     9     3     0     3   -84.0   65.869 -120.839    332.5    978.3
     1     1    21     2     9     2     0     2   -85.0   66.046 -121.150    329.6    979.3
     1     1    21     2     9     1     0     1   -86.0   66.223 -121.417    351.6    969.8
     1     1    21     2     9     0     0     0   -87.0   66.411 -121.610    386.4    959.3
     1     1    21     2     8    23     0     1   -88.0   66.609 -121.720    415.5    950.6
     1     1    21     2     8    22     0     2   -89.0   66.814 -121.760    430.3    946.0
     1     1    21     2     8    21     0     3   -90.0   67.019 -121.752    434.7    943.7
     1     1    21     2     8    20     0     2   -91.0   67.223 -121.707    436.9    939.9
     1     1    21     2     8    19     0     1   -92.0   67.421 -121.623    441.6    934.8
     1     1    21     2     8    18     0     0   -93.0   67.607 -121.496    447.4    929.1
     1     1    21     2     8    17     0     1   -94.0   67.779 -121.323    456.7    922.6
     1     1    21     2     8    16     0     2   -95.0   67.933 -121.108    475.0    913.8
     1     1    21     2     8    15     0     3   -96.0   68.069 -120.866    505.2    903.3
     1     1    21     2     8    14     0     2   -97.0   68.197 -120.631    532.8    893.9
     1     1    21     2     8    13     0     1   -98.0   68.326 -120.411    544.0    890.6
     1     1    21     2     8    12     0     0   -99.0   68.454 -120.197    540.1    891.0
     1     1    21     2     8    11     0     1  -100.0   68.580 -119.987    531.8    895.2
     1     1    21     2     8    10     0     2  -101.0   68.708 -119.794    528.1    904.0
     1     1    21     2     8     9     0     3  -102.0   68.839 -119.629    527.4    911.4
     1     1    21     2     8     8     0     2  -103.0   68.972 -119.499    527.2    916.7
     1     1    21     2     8     7     0     1  -104.0   69.106 -119.415    524.3    925.0
     1     1    21     2     8     6     0     0  -105.0   69.234 -119.370    518.2    933.1
     1     1    21     2     8     5     0     1  -106.0   69.350 -119.346    515.2    940.1
     1     1    21     2     8     4     0     2  -107.0   69.446 -119.326    520.4    943.9
     1     1    21     2     8     3     0     3  -108.0   69.519 -119.301    532.6    945.7
     1     1    21     2     8     2     0     2  -109.0   69.578 -119.260    545.2    946.0
     1     1    21     2     8     1     0     1  -110.0   69.631 -119.191    551.6    947.9
     1     1    21     2     8     0     0     0  -111.0   69.680 -119.088    552.7    950.5
     1     1    21     2     7    23     0     1  -112.0   69.721 -118.970    551.7    953.1
     1     1    21     2     7    22     0     2  -113.0   69.749 -118.870    551.8    954.3
     1     1    21     2     7    21     0     3  -114.0   69.764 -118.790    555.3    954.5
     1     1    21     2     7    20     0     2  -115.0   69.765 -118.713    560.7    953.0
     1     1    21     2     7    19     0     1  -116.0   69.749 -118.618    565.5    951.5
     1     1    21     2     7    18     0     0  -117.0   69.717 -118.505    568.3    950.0
     1     1    21     2     7    17     0     1  -118.0   69.670 -118.383    571.9    949.2
     1     1    21     2     7    16     0     2  -119.0   69.611 -118.268    580.8    947.4
     1     1    21     2     7    15     0     3  -120.0   69.539 -118.170    597.2    944.8
