     5     1
    GDAS    21     2     1     0     0
    GDAS    21     2     8     0     0
    GDAS    21     2    15     0     0
    GDAS    21     2    22     0     0
    GDAS    21     3     1     0     0
     1 BACKWARD OMEGA   
    21     2     9    15   44.970  -93.230   500.0
     1 PRESSURE
     1     1    21     2     9    15     0     3     0.0   44.970  -93.230    500.0    927.6
     1     1    21     2     9    14     0     2    -1.0   44.993  -93.634    499.8    928.0
     1     1    21     2     9    13     0     1    -2.0   45.034  -94.048    492.2    927.4
     1     1    21     2     9    12     0     0    -3.0   45.089  -94.474    480.0    925.9
     1     1    21     2     9    11     0     1    -4.0   45.157  -94.927    473.7    923.1
     1     1    21     2     9    10     0     2    -5.0   45.237  -95.410    462.6    922.7
     1     1    21     2     9     9     0     3    -6.0   45.316  -95.906    428.6    927.5
     1     1    21     2     9     8     0     2    -7.0   45.375  -96.395    397.8    927.6
     1     1    21     2     9     7     0     1    -8.0   45.426  -96.875    396.6    919.0
     1     1    21     2     9     6     0     0    -9.0   45.470  -97.331    388.6    918.2
     1     1    21     2     9     5     0     1   -10.0   45.485  -97.736    348.5    927.3
     1     1    21     2     9     4     0     2   -11.0   45.450  -98.081    298.9    936.6
     1     1    21     2     9     3     0     3   -12.0   45.376  -98.374    267.9    939.1
     1     1    21     2     9     2     0     2   -13.0   45.290  -98.626    266.9    935.1
     1     1    21     2     9     1     0     1   -14.0   45.199  -98.819    280.2    931.0
     1     1    21     2     9     0     0     0   -15.0   45.086  -98.948    299.6    927.9
     1     1    21     2     8    23     0     1   -16.0   44.965  -99.033    324.1    924.9
     1     1    21     2     8    22     0     2   -17.0   44.866  -99.110    350.8    919.1
     1     1    21     2     8    21     0     3   -18.0   44.786  -99.176    372.3    914.8
     1     1    21     2     8    20     0     2   -19.0   44.713  -99.236    390.0    912.6
     1     1    21     2     8    19     0     1   -20.0   44.636  -99.294    406.7    910.2
     1     1    21     2     8    18     0     0   -21.0   44.558  -99.348    422.6    908.1
     1     1    21     2     8    17     0     1   -22.0   44.477  -99.398    437.9    905.4
     1     1    21     2     8    16     0     2   -23.0   44.394  -99.448    454.1    903.0
     1     1    21     2     8    15     0     3   -24.0   44.308  -99.502    474.9    900.2
     1     1    21     2     8    14     0     2   -25.0   44.231  -99.554    498.1    896.2
     1     1    21     2     8    13     0     1   -26.0   44.175  -99.593    518.7    893.3
     1     1    21     2     8    12     0     0   -27.0   44.139  -99.619    535.4    890.8
     1     1    21     2     8    11     0     1   -28.0   44.113  -99.645    540.9    889.6
     1     1    21     2     8    10     0     2   -29.0   44.082  -99.681    528.1    891.3
     1     1    21     2     8     9     0     3   -30.0   44.044  -99.725    495.3    895.4
     1     1    21     2     8     8     0     2   -31.0   43.989  -99.758    456.2    902.3
     1     1    21     2     8     7     0     1   -32.0   43.916  -99.776    429.5    904.7
     1     1    21     2     8     6     0     0   -33.0   43.832  -99.779    415.8    904.5
     1     1    21     2     8     5     0     1   -34.0   43.754  -99.756    408.2    903.4
     1     1    21     2     8     4     0     2   -35.0   43.694  -99.695    403.3    903.2
     1     1    21     2     8     3     0     3   -36.0   43.648  -99.602    404.7    903.0
     1     1    21     2     8     2     0     2   -37.0   43.616  -99.484    407.4    901.4
     1     1    21     2     8     1     0     1   -38.0   43.599  -99.340    403.2    901.9
     1     1    21     2     8     0     0     0   -39.0   43.599  -99.168    393.2    903.7
     1     1    21     2     7    23     0     1   -40.0   43.607  -98.972    383.6    906.5
     1     1    21     2     7    22     0     2   -41.0   43.610  -98.769    373.1    910.2
     1     1    21     2     7    21     0     3   -42.0   43.608  -98.571    361.0    914.8
     1     1    21     2     7    20     0     2   -43.0   43.593  -98.381    350.9    919.3
     1     1    21     2     7    19     0     1   -44.0   43.558  -98.193    343.4    923.3
     1     1    21     2     7    18     0     0   -45.0   43.502  -98.004    339.9    926.7
     1     1    21     2     7    17     0     1   -46.0   43.444  -97.819    338.8    925.7
     1     1    21     2     7    16     0     2   -47.0   43.403  -97.652    338.3    925.4
     1     1    21     2     7    15     0     3   -48.0   43.382  -97.503    338.1    925.4
     1     1    21     2     7    14     0     2   -49.0   43.376  -97.380    342.7    925.2
     1     1    21     2     7    13     0     1   -50.0   43.379  -97.290    354.7    923.4
     1     1    21     2     7    12     0     0   -51.0   43.388  -97.234    371.4    921.0
     1     1    21     2     7    11     0     1   -52.0   43.421  -97.197    392.2    917.9
     1     1    21     2     7    10     0     2   -53.0   43.497  -97.175    416.6    914.1
     1     1    21     2     7     9     0     3   -54.0   43.616  -97.179    445.8    908.9
     1     1    21     2     7     8     0     2   -55.0   43.769  -97.225    472.1    903.2
     1     1    21     2     7     7     0     1   -56.0   43.946  -97.312    490.1    900.4
     1     1    21     2     7     6     0     0   -57.0   44.143  -97.423    503.6    899.4
     1     1    21     2     7     5     0     1   -58.0   44.353  -97.562    522.8    899.5
     1     1    21     2     7     4     0     2   -59.0   44.577  -97.742    556.1    898.3
     1     1    21     2     7     3     0     3   -60.0   44.822  -97.976    605.2    897.3
     1     1    21     2     7     2     0     2   -61.0   45.069  -98.251    651.8    887.5
     1     1    21     2     7     1     0     1   -62.0   45.297  -98.537    684.9    879.5
     1     1    21     2     7     0     0     0   -63.0   45.527  -98.854    728.2    869.0
     1     1    21     2     6    23     0     1   -64.0   45.787  -99.209    806.9    853.7
     1     1    21     2     6    22     0     2   -65.0   46.068  -99.591    899.7    838.2
     1     1    21     2     6    21     0     3   -66.0   46.359  -99.988    959.0    831.4
     1     1    21     2     6    20     0     2   -67.0   46.669 -100.378    992.6    830.6
     1     1    21     2     6    19     0     1   -68.0   47.015 -100.765   1038.4    826.0
     1     1    21     2     6    18     0     0   -69.0   47.384 -101.165   1092.5    818.0
     1     1    21     2     6    17     0     1   -70.0   47.767 -101.570   1133.2    809.9
     1     1    21     2     6    16     0     2   -71.0   48.163 -101.964   1160.0    805.0
     1     1    21     2     6    15     0     3   -72.0   48.572 -102.339   1200.8    806.4
     1     1    21     2     6    14     0     2   -73.0   48.998 -102.703   1241.2    800.5
     1     1    21     2     6    13     0     1   -74.0   49.446 -103.062   1246.4    794.3
     1     1    21     2     6    12     0     0   -75.0   49.917 -103.422   1231.9    796.1
     1     1    21     2     6    11     0     1   -76.0   50.390 -103.785   1227.2    801.9
     1     1    21     2     6    10     0     2   -77.0   50.851 -104.157   1244.6    801.7
     1     1    21     2     6     9     0     3   -78.0   51.298 -104.537   1272.7    801.6
     1     1    21     2     6     8     0     2   -79.0   51.737 -104.885   1296.8    800.4
     1     1    21     2     6     7     0     1   -80.0   52.176 -105.168   1308.8    799.8
     1     1    21     2     6     6     0     0   -81.0   52.616 -105.386   1301.2    802.9
     1     1    21     2     6     5     0     1   -82.0   53.065 -105.557   1273.5    808.8
     1     1    21     2     6     4     0     2   -83.0   53.544 -105.720   1266.4    808.7
     1     1    21     2     6     3     0     3   -84.0   54.070 -105.911   1300.3    800.7
     1     1    21     2     6     2     0     2   -85.0   54.600 -106.130   1321.8    802.1
     1     1    21     2     6     1     0     1   -86.0   55.100 -106.368   1317.1    808.1
     1     1    21     2     6     0     0     0   -87.0   55.582 -106.635   1315.7    808.6
     1     1    21     2     5    23     0     1   -88.0   56.054 -106.935   1319.6    808.8
     1     1    21     2     5    22     0     2   -89.0   56.512 -107.248   1332.0    803.1
     1     1    21     2     5    21     0     3   -90.0   56.957 -107.568   1367.7    795.1
     1     1    21     2     5    20     0     2   -91.0   57.394 -107.885   1399.0    789.1
     1     1    21     2     5    19     0     1   -92.0   57.839 -108.199   1421.9    784.8
     1     1    21     2     5    18     0     0   -93.0   58.289 -108.537   1454.2    786.4
     1     1    21     2     5    17     0     1   -94.0   58.729 -108.915   1482.6    795.5
     1     1    21     2     5    16     0     2   -95.0   59.154 -109.322   1492.2    802.8
     1     1    21     2     5    15     0     3   -96.0   59.570 -109.741   1492.5    801.5
     1     1    21     2     5    14     0     2   -97.0   59.981 -110.192   1511.2    797.1
     1     1    21     2     5    13     0     1   -98.0   60.372 -110.661   1531.8    793.1
     1     1    21     2     5    12     0     0   -99.0   60.746 -111.144   1538.6    793.7
     1     1    21     2     5    11     0     1  -100.0   61.115 -111.647   1554.8    799.5
     1     1    21     2     5    10     0     2  -101.0   61.486 -112.161   1584.2    804.2
     1     1    21     2     5     9     0     3  -102.0   61.860 -112.692   1593.9    803.4
     1     1    21     2     5     8     0     2  -103.0   62.226 -113.219   1574.7    802.9
     1     1    21     2     5     7     0     1  -104.0   62.580 -113.735   1560.6    800.9
     1     1    21     2     5     6     0     0  -105.0   62.933 -114.267   1559.6    797.5
     1     1    21     2     5     5     0     1  -106.0   63.284 -114.800   1564.3    796.4
     1     1    21     2     5     4     0     2  -107.0   63.631 -115.338   1572.3    794.0
     1     1    21     2     5     3     0     3  -108.0   63.987 -115.923   1576.0    792.6
     1     1    21     2     5     2     0     2  -109.0   64.340 -116.520   1578.5    794.4
     1     1    21     2     5     1     0     1  -110.0   64.686 -117.107   1579.2    794.7
     1     1    21     2     5     0     0     0  -111.0   65.033 -117.728   1578.0    797.8
     1     1    21     2     4    23     0     1  -112.0   65.371 -118.345   1569.4    799.7
     1     1    21     2     4    22     0     2  -113.0   65.694 -118.948   1566.3    805.6
     1     1    21     2     4    21     0     3  -114.0   66.010 -119.584   1581.4    808.2
     1     1    21     2     4    20     0     2  -115.0   66.321 -120.213   1598.4    803.0
     1     1    21     2     4    19     0     1  -116.0   66.628 -120.824   1625.2    798.6
     1     1    21     2     4    18     0     0  -117.0   66.939 -121.451   1632.0    784.8
     1     1    21     2     4    17     0     1  -118.0   67.249 -122.042   1579.6    779.0
     1     1    21     2     4    16     0     2  -119.0   67.556 -122.597   1527.1    787.2
     1     1    21     2     4    15     0     3  -120.0   67.876 -123.196   1506.2    787.8
