     5     1
    GDAS    21     2     1     0     0
    GDAS    21     2     8     0     0
    GDAS    21     2    15     0     0
    GDAS    21     2    22     0     0
    GDAS    21     3     1     0     0
     1 BACKWARD OMEGA   
    21     2    13    18   37.820  111.540  1000.0
     1 PRESSURE
     1     1    21     2    13    18     0     0     0.0   37.820  111.540   1000.0    775.0
     1     1    21     2    13    17     0     1    -1.0   37.876  111.224    926.3    785.2
     1     1    21     2    13    16     0     2    -2.0   37.894  110.924    829.1    800.8
     1     1    21     2    13    15     0     3    -3.0   37.896  110.670    748.9    814.5
     1     1    21     2    13    14     0     2    -4.0   37.892  110.441    707.4    819.9
     1     1    21     2    13    13     0     1    -5.0   37.880  110.207    697.4    823.3
     1     1    21     2    13    12     0     0    -6.0   37.879  109.939    720.6    822.2
     1     1    21     2    13    11     0     1    -7.0   37.883  109.664    755.0    812.5
     1     1    21     2    13    10     0     2    -8.0   37.867  109.416    775.0    806.0
     1     1    21     2    13     9     0     3    -9.0   37.820  109.181    777.6    801.3
     1     1    21     2    13     8     0     2   -10.0   37.756  108.960    790.2    798.1
     1     1    21     2    13     7     0     1   -11.0   37.695  108.753    823.2    789.4
     1     1    21     2    13     6     0     0   -12.0   37.631  108.556    850.4    781.4
     1     1    21     2    13     5     0     1   -13.0   37.571  108.380    849.9    777.3
     1     1    21     2    13     4     0     2   -14.0   37.527  108.252    830.8    778.3
     1     1    21     2    13     3     0     3   -15.0   37.497  108.183    812.0    779.8
     1     1    21     2    13     2     0     2   -16.0   37.499  108.151    791.6    780.3
     1     1    21     2    13     1     0     1   -17.0   37.549  108.130    760.6    783.8
     1     1    21     2    13     0     0     0   -18.0   37.654  108.113    727.9    788.5
     1     1    21     2    12    23     0     1   -19.0   37.793  108.089    700.7    792.8
     1     1    21     2    12    22     0     2   -20.0   37.940  108.061    680.6    796.2
     1     1    21     2    12    21     0     3   -21.0   38.096  108.028    666.2    797.1
     1     1    21     2    12    20     0     2   -22.0   38.267  107.968    655.8    796.6
     1     1    21     2    12    19     0     1   -23.0   38.450  107.862    651.7    797.7
     1     1    21     2    12    18     0     0   -24.0   38.642  107.711    664.3    798.9
     1     1    21     2    12    17     0     1   -25.0   38.834  107.531    695.0    799.4
     1     1    21     2    12    16     0     2   -26.0   39.021  107.341    756.2    800.8
     1     1    21     2    12    15     0     3   -27.0   39.198  107.134    858.4    792.1
     1     1    21     2    12    14     0     2   -28.0   39.363  106.894    947.3    771.8
     1     1    21     2    12    13     0     1   -29.0   39.516  106.624    992.0    760.0
     1     1    21     2    12    12     0     0   -30.0   39.653  106.344   1024.9    759.8
     1     1    21     2    12    11     0     1   -31.0   39.773  106.073   1050.4    765.0
     1     1    21     2    12    10     0     2   -32.0   39.889  105.817   1061.8    771.3
     1     1    21     2    12     9     0     3   -33.0   40.024  105.562   1071.8    768.2
     1     1    21     2    12     8     0     2   -34.0   40.162  105.265   1110.3    753.7
     1     1    21     2    12     7     0     1   -35.0   40.268  104.894   1194.9    737.2
     1     1    21     2    12     6     0     0   -36.0   40.344  104.469   1242.4    731.9
     1     1    21     2    12     5     0     1   -37.0   40.410  104.049   1209.3    741.7
     1     1    21     2    12     4     0     2   -38.0   40.462  103.653   1158.7    746.4
     1     1    21     2    12     3     0     3   -39.0   40.494  103.255   1129.2    743.0
     1     1    21     2    12     2     0     2   -40.0   40.524  102.859   1114.7    743.6
     1     1    21     2    12     1     0     1   -41.0   40.556  102.493   1116.2    752.5
     1     1    21     2    12     0     0     0   -42.0   40.582  102.161   1142.6    759.1
     1     1    21     2    11    23     0     1   -43.0   40.589  101.840   1173.2    758.0
     1     1    21     2    11    22     0     2   -44.0   40.575  101.529   1190.0    759.1
     1     1    21     2    11    21     0     3   -45.0   40.553  101.229   1227.8    759.4
     1     1    21     2    11    20     0     2   -46.0   40.522  100.935   1270.9    751.7
     1     1    21     2    11    19     0     1   -47.0   40.478  100.661   1266.4    746.8
     1     1    21     2    11    18     0     0   -48.0   40.420  100.413   1230.2    748.4
     1     1    21     2    11    17     0     1   -49.0   40.368  100.189   1205.8    748.9
     1     1    21     2    11    16     0     2   -50.0   40.336   99.988   1202.1    745.4
     1     1    21     2    11    15     0     3   -51.0   40.309   99.818   1229.8    744.4
     1     1    21     2    11    14     0     2   -52.0   40.282   99.652   1270.8    736.1
     1     1    21     2    11    13     0     1   -53.0   40.248   99.489   1256.2    734.1
     1     1    21     2    11    12     0     0   -54.0   40.192   99.373   1123.5    743.5
     1     1    21     2    11    11     0     1   -55.0   40.130   99.367    969.8    769.7
     1     1    21     2    11    10     0     2   -56.0   40.086   99.430    905.3    774.9
     1     1    21     2    11     9     0     3   -57.0   40.061   99.524    914.0    772.0
     1     1    21     2    11     8     0     2   -58.0   40.053   99.603    966.5    764.2
     1     1    21     2    11     7     0     1   -59.0   40.055   99.635   1044.7    757.3
     1     1    21     2    11     6     0     0   -60.0   40.067   99.611   1152.7    747.8
     1     1    21     2    11     5     0     1   -61.0   40.101   99.511   1268.2    736.7
     1     1    21     2    11     4     0     2   -62.0   40.168   99.335   1365.8    729.1
     1     1    21     2    11     3     0     3   -63.0   40.265   99.090   1428.0    722.6
     1     1    21     2    11     2     0     2   -64.0   40.384   98.762   1438.7    714.0
     1     1    21     2    11     1     0     1   -65.0   40.502   98.350   1411.9    708.9
     1     1    21     2    11     0     0     0   -66.0   40.616   97.884   1351.8    706.3
     1     1    21     2    10    23     0     1   -67.0   40.714   97.383   1317.1    701.1
     1     1    21     2    10    22     0     2   -68.0   40.796   96.822   1345.3    688.6
     1     1    21     2    10    21     0     3   -69.0   40.869   96.211   1428.1    691.1
     1     1    21     2    10    20     0     2   -70.0   40.946   95.616   1562.1    681.7
     1     1    21     2    10    19     0     1   -71.0   41.054   95.048   1702.8    665.3
     1     1    21     2    10    18     0     0   -72.0   41.155   94.484   1824.3    677.8
     1     1    21     2    10    17     0     1   -73.0   41.242   93.959   1922.1    691.3
     1     1    21     2    10    16     0     2   -74.0   41.364   93.494   2001.7    688.8
     1     1    21     2    10    15     0     3   -75.0   41.511   93.107   2098.7    688.3
     1     1    21     2    10    14     0     2   -76.0   41.686   92.721   2215.4    684.5
     1     1    21     2    10    13     0     1   -77.0   41.911   92.249   2312.2    677.6
     1     1    21     2    10    12     0     0   -78.0   42.213   91.701   2341.0    677.3
     1     1    21     2    10    11     0     1   -79.0   42.486   91.150   2321.2    690.7
     1     1    21     2    10    10     0     2   -80.0   42.691   90.576   2359.7    702.3
     1     1    21     2    10     9     0     3   -81.0   42.932   89.857   2510.6    699.0
     1     1    21     2    10     8     0     2   -82.0   43.191   89.074   2754.9    691.2
     1     1    21     2    10     7     0     1   -83.0   43.375   88.230   2895.7    628.9
     1     1    21     2    10     6     0     0   -84.0   43.646   87.210   3140.9    567.3
     1     1    21     2    10     5     0     1   -85.0   43.971   85.936   3499.3    552.7
     1     1    21     2    10     4     0     2   -86.0   44.316   84.415   3497.0    496.9
     1     1    21     2    10     3     0     3   -87.0   44.697   83.067   3857.2    550.6
     1     1    21     2    10     2     0     2   -88.0   44.976   81.682   4332.9    511.1
     1     1    21     2    10     1     0     1   -89.0   45.474   79.874   4709.4    429.9
     1     1    21     2    10     0     0     0   -90.0   46.066   78.208   5059.8    501.2
     1     1    21     2     9    23     0     1   -91.0   46.607   76.645   5065.5    494.5
     1     1    21     2     9    22     0     2   -92.0   47.121   75.167   5141.3    486.2
     1     1    21     2     9    21     0     3   -93.0   47.780   73.579   5320.0    456.2
     1     1    21     2     9    20     0     2   -94.0   48.535   71.889   5527.0    447.2
     1     1    21     2     9    19     0     1   -95.0   49.195   70.277   5576.4    453.3
     1     1    21     2     9    18     0     0   -96.0   49.923   68.568   5711.2    447.0
     1     1    21     2     9    17     0     1   -97.0   50.668   66.729   5725.9    450.4
     1     1    21     2     9    16     0     2   -98.0   51.373   64.944   5721.7    457.6
     1     1    21     2     9    15     0     3   -99.0   52.084   63.155   5628.0    461.6
     1     1    21     2     9    14     0     2  -100.0   52.862   61.223   5693.3    450.6
     1     1    21     2     9    13     0     1  -101.0   53.661   59.159   5629.0    440.4
     1     1    21     2     9    12     0     0  -102.0   54.474   57.112   5584.7    455.0
     1     1    21     2     9    11     0     1  -103.0   55.269   54.976   5696.6    457.3
     1     1    21     2     9    10     0     2  -104.0   55.993   52.829   5795.5    452.9
     1     1    21     2     9     9     0     3  -105.0   56.676   50.633   5818.8    450.7
     1     1    21     2     9     8     0     2  -106.0   57.328   48.371   5935.3    441.3
     1     1    21     2     9     7     0     1  -107.0   57.926   46.102   6099.8    433.2
     1     1    21     2     9     6     0     0  -108.0   58.490   43.759   6262.3    419.2
     1     1    21     2     9     5     0     1  -109.0   58.993   41.405   6430.3    409.1
     1     1    21     2     9     4     0     2  -110.0   59.404   39.083   6571.3    400.7
     1     1    21     2     9     3     0     3  -111.0   59.719   36.848   6695.3    394.4
     1     1    21     2     9     2     0     2  -112.0   59.938   34.707   6814.5    385.6
     1     1    21     2     9     1     0     1  -113.0   60.110   32.763   6952.0    388.3
     1     1    21     2     9     0     0     0  -114.0   60.236   31.004   7013.6    385.4
     1     1    21     2     8    23     0     1  -115.0   60.306   29.364   7032.9    384.9
     1     1    21     2     8    22     0     2  -116.0   60.340   27.900   7038.5    383.1
     1     1    21     2     8    21     0     3  -117.0   60.355   26.601   7040.0    383.4
     1     1    21     2     8    20     0     2  -118.0   60.352   25.434   7045.4    382.6
     1     1    21     2     8    19     0     1  -119.0   60.335   24.406   7059.6    381.5
     1     1    21     2     8    18     0     0  -120.0   60.301   23.485   7076.2    382.0
