     5     1
    GDAS    21     2     1     0     0
    GDAS    21     2     8     0     0
    GDAS    21     2    15     0     0
    GDAS    21     2    22     0     0
    GDAS    21     3     1     0     0
     1 BACKWARD OMEGA   
    21     2     7    21   44.970  -93.230   500.0
     1 PRESSURE
     1     1    21     2     7    21     0     3     0.0   44.970  -93.230    500.0    924.6
     1     1    21     2     7    20     0     2    -1.0   45.111  -93.423    521.0    921.9
     1     1    21     2     7    19     0     1    -2.0   45.257  -93.615    551.4    915.9
     1     1    21     2     7    18     0     0    -3.0   45.427  -93.808    583.4    908.6
     1     1    21     2     7    17     0     1    -4.0   45.635  -94.017    611.2    900.9
     1     1    21     2     7    16     0     2    -5.0   45.885  -94.254    644.3    893.3
     1     1    21     2     7    15     0     3    -6.0   46.164  -94.517    694.5    884.6
     1     1    21     2     7    14     0     2    -7.0   46.465  -94.807    750.9    873.3
     1     1    21     2     7    13     0     1    -8.0   46.787  -95.117    804.0    864.5
     1     1    21     2     7    12     0     0    -9.0   47.130  -95.445    860.7    860.1
     1     1    21     2     7    11     0     1   -10.0   47.479  -95.802    913.1    858.0
     1     1    21     2     7    10     0     2   -11.0   47.824  -96.185    947.6    858.2
     1     1    21     2     7     9     0     3   -12.0   48.167  -96.578    965.5    860.8
     1     1    21     2     7     8     0     2   -13.0   48.511  -96.971    983.7    862.5
     1     1    21     2     7     7     0     1   -14.0   48.856  -97.355   1009.9    855.6
     1     1    21     2     7     6     0     0   -15.0   49.195  -97.723   1045.6    850.5
     1     1    21     2     7     5     0     1   -16.0   49.529  -98.069   1082.8    845.1
     1     1    21     2     7     4     0     2   -17.0   49.870  -98.388   1112.3    841.5
     1     1    21     2     7     3     0     3   -18.0   50.224  -98.671   1136.1    839.7
     1     1    21     2     7     2     0     2   -19.0   50.597  -98.928   1164.5    837.8
     1     1    21     2     7     1     0     1   -20.0   50.989  -99.179   1202.7    832.9
     1     1    21     2     7     0     0     0   -21.0   51.392  -99.438   1244.4    825.6
     1     1    21     2     6    23     0     1   -22.0   51.800  -99.716   1287.9    822.9
     1     1    21     2     6    22     0     2   -23.0   52.208 -100.007   1335.7    819.3
     1     1    21     2     6    21     0     3   -24.0   52.605 -100.310   1374.3    810.4
     1     1    21     2     6    20     0     2   -25.0   52.998 -100.622   1394.3    811.1
     1     1    21     2     6    19     0     1   -26.0   53.391 -100.923   1404.4    811.9
     1     1    21     2     6    18     0     0   -27.0   53.777 -101.210   1425.9    809.2
     1     1    21     2     6    17     0     1   -28.0   54.161 -101.502   1447.6    804.8
     1     1    21     2     6    16     0     2   -29.0   54.549 -101.814   1463.4    801.0
     1     1    21     2     6    15     0     3   -30.0   54.947 -102.153   1482.2    796.4
     1     1    21     2     6    14     0     2   -31.0   55.345 -102.507   1502.4    793.0
     1     1    21     2     6    13     0     1   -32.0   55.724 -102.868   1528.4    791.5
     1     1    21     2     6    12     0     0   -33.0   56.078 -103.259   1565.3    785.0
     1     1    21     2     6    11     0     1   -34.0   56.418 -103.668   1597.7    777.7
     1     1    21     2     6    10     0     2   -35.0   56.744 -104.072   1616.7    772.8
     1     1    21     2     6     9     0     3   -36.0   57.057 -104.480   1623.5    766.9
     1     1    21     2     6     8     0     2   -37.0   57.364 -104.879   1621.2    761.2
     1     1    21     2     6     7     0     1   -38.0   57.669 -105.261   1620.1    761.8
     1     1    21     2     6     6     0     0   -39.0   57.978 -105.658   1640.3    764.0
     1     1    21     2     6     5     0     1   -40.0   58.300 -106.075   1686.3    766.7
     1     1    21     2     6     4     0     2   -41.0   58.632 -106.483   1728.8    764.1
     1     1    21     2     6     3     0     3   -42.0   58.971 -106.893   1790.4    760.5
     1     1    21     2     6     2     0     2   -43.0   59.305 -107.336   1852.9    746.3
     1     1    21     2     6     1     0     1   -44.0   59.627 -107.812   1871.8    743.4
     1     1    21     2     6     0     0     0   -45.0   59.939 -108.313   1872.4    743.7
     1     1    21     2     5    23     0     1   -46.0   60.250 -108.828   1875.5    745.9
     1     1    21     2     5    22     0     2   -47.0   60.568 -109.340   1876.9    749.1
     1     1    21     2     5    21     0     3   -48.0   60.883 -109.853   1868.0    752.9
     1     1    21     2     5    20     0     2   -49.0   61.197 -110.368   1841.2    756.5
     1     1    21     2     5    19     0     1   -50.0   61.512 -110.879   1804.3    760.7
     1     1    21     2     5    18     0     0   -51.0   61.822 -111.379   1786.9    771.5
     1     1    21     2     5    17     0     1   -52.0   62.136 -111.871   1810.7    777.6
     1     1    21     2     5    16     0     2   -53.0   62.467 -112.344   1838.5    765.0
     1     1    21     2     5    15     0     3   -54.0   62.812 -112.771   1845.1    758.6
     1     1    21     2     5    14     0     2   -55.0   63.168 -113.183   1845.8    756.3
     1     1    21     2     5    13     0     1   -56.0   63.533 -113.622   1846.9    754.3
     1     1    21     2     5    12     0     0   -57.0   63.903 -114.082   1842.0    750.8
     1     1    21     2     5    11     0     1   -58.0   64.276 -114.567   1829.8    752.2
     1     1    21     2     5    10     0     2   -59.0   64.642 -115.074   1817.9    755.8
     1     1    21     2     5     9     0     3   -60.0   64.988 -115.588   1815.0    757.2
     1     1    21     2     5     8     0     2   -61.0   65.324 -116.094   1816.0    757.6
     1     1    21     2     5     7     0     1   -62.0   65.650 -116.565   1817.3    758.1
     1     1    21     2     5     6     0     0   -63.0   65.958 -116.974   1817.9    758.2
     1     1    21     2     5     5     0     1   -64.0   66.263 -117.351   1810.4    757.9
     1     1    21     2     5     4     0     2   -65.0   66.575 -117.718   1796.8    759.0
     1     1    21     2     5     3     0     3   -66.0   66.887 -118.056   1791.0    758.9
     1     1    21     2     5     2     0     2   -67.0   67.204 -118.379   1798.6    764.0
     1     1    21     2     5     1     0     1   -68.0   67.533 -118.695   1804.0    766.1
     1     1    21     2     5     0     0     0   -69.0   67.864 -118.993   1801.3    761.2
     1     1    21     2     4    23     0     1   -70.0   68.194 -119.290   1798.1    752.2
     1     1    21     2     4    22     0     2   -71.0   68.523 -119.591   1801.8    745.5
     1     1    21     2     4    21     0     3   -72.0   68.843 -119.864   1809.4    741.0
     1     1    21     2     4    20     0     2   -73.0   69.158 -120.088   1812.5    744.9
     1     1    21     2     4    19     0     1   -74.0   69.472 -120.243   1799.8    763.8
     1     1    21     2     4    18     0     0   -75.0   69.780 -120.308   1774.2    785.0
     1     1    21     2     4    17     0     1   -76.0   70.076 -120.301   1744.5    803.0
     1     1    21     2     4    16     0     2   -77.0   70.366 -120.250   1716.4    806.7
     1     1    21     2     4    15     0     3   -78.0   70.657 -120.147   1700.4    808.4
     1     1    21     2     4    14     0     2   -79.0   70.953 -119.999   1690.9    808.5
     1     1    21     2     4    13     0     1   -80.0   71.251 -119.819   1681.2    809.1
     1     1    21     2     4    12     0     0   -81.0   71.552 -119.607   1672.8    810.1
     1     1    21     2     4    11     0     1   -82.0   71.849 -119.351   1668.6    810.9
     1     1    21     2     4    10     0     2   -83.0   72.136 -119.066   1659.0    810.2
     1     1    21     2     4     9     0     3   -84.0   72.416 -118.748   1641.9    807.2
     1     1    21     2     4     8     0     2   -85.0   72.698 -118.357   1637.4    804.1
     1     1    21     2     4     7     0     1   -86.0   72.995 -117.873   1650.8    804.6
     1     1    21     2     4     6     0     0   -87.0   73.299 -117.308   1659.1    800.8
     1     1    21     2     4     5     0     1   -88.0   73.599 -116.682   1660.2    799.8
     1     1    21     2     4     4     0     2   -89.0   73.896 -116.032   1670.3    809.0
     1     1    21     2     4     3     0     3   -90.0   74.194 -115.375   1671.1    809.0
     1     1    21     2     4     2     0     2   -91.0   74.483 -114.673   1664.9    809.0
     1     1    21     2     4     1     0     1   -92.0   74.761 -113.895   1683.6    811.7
     1     1    21     2     4     0     0     0   -93.0   75.059 -113.015   1722.4    795.2
     1     1    21     2     3    23     0     1   -94.0   75.354 -112.027   1767.9    790.9
     1     1    21     2     3    22     0     2   -95.0   75.625 -110.957   1805.1    792.6
     1     1    21     2     3    21     0     3   -96.0   75.895 -109.777   1826.4    791.4
     1     1    21     2     3    20     0     2   -97.0   76.144 -108.484   1825.0    786.2
     1     1    21     2     3    19     0     1   -98.0   76.369 -107.119   1828.2    794.2
     1     1    21     2     3    18     0     0   -99.0   76.584 -105.616   1837.4    790.5
     1     1    21     2     3    17     0     1  -100.0   76.749 -103.970   1852.8    791.5
     1     1    21     2     3    16     0     2  -101.0   76.866 -102.298   1884.6    787.9
     1     1    21     2     3    15     0     3  -102.0   76.956 -100.588   1924.7    783.1
     1     1    21     2     3    14     0     2  -103.0   77.005  -98.842   1965.9    779.1
     1     1    21     2     3    13     0     1  -104.0   77.019  -97.042   2016.4    773.2
     1     1    21     2     3    12     0     0  -105.0   77.012  -95.102   2027.7    763.2
     1     1    21     2     3    11     0     1  -106.0   76.972  -93.180   2116.6    762.2
     1     1    21     2     3    10     0     2  -107.0   76.939  -91.405   2172.8    755.1
     1     1    21     2     3     9     0     3  -108.0   76.919  -89.823   2212.6    751.8
     1     1    21     2     3     8     0     2  -109.0   76.890  -88.449   2212.6    740.2
     1     1    21     2     3     7     0     1  -110.0   76.842  -87.097   2142.5    717.9
     1     1    21     2     3     6     0     0  -111.0   76.781  -85.630   2039.4    700.1
     1     1    21     2     3     5     0     1  -112.0   76.684  -84.186   2020.4    722.4
     1     1    21     2     3     4     0     2  -113.0   76.546  -82.874   2049.3    738.3
     1     1    21     2     3     3     0     3  -114.0   76.400  -81.693   2072.9    747.2
     1     1    21     2     3     2     0     2  -115.0   76.273  -80.669   2105.0    746.6
     1     1    21     2     3     1     0     1  -116.0   76.177  -79.819   2132.9    749.5
     1     1    21     2     3     0     0     0  -117.0   76.103  -79.163   2129.1    756.3
     1     1    21     2     2    23     0     1  -118.0   76.032  -78.661   2104.8    760.0
     1     1    21     2     2    22     0     2  -119.0   75.956  -78.283   2077.3    763.7
     1     1    21     2     2    21     0     3  -120.0   75.874  -78.001   2054.1    766.1
