     5     1
    GDAS    21     2     1     0     0
    GDAS    21     2     8     0     0
    GDAS    21     2    15     0     0
    GDAS    21     2    22     0     0
    GDAS    21     3     1     0     0
     1 BACKWARD OMEGA   
    21     2    20     6   37.820  111.540  1000.0
     1 PRESSURE
     1     1    21     2    20     6     0     0     0.0   37.820  111.540   1000.0    773.3
     1     1    21     2    20     5     0     1    -1.0   37.823  111.094    983.5    781.3
     1     1    21     2    20     4     0     2    -2.0   37.809  110.709    973.0    786.3
     1     1    21     2    20     3     0     3    -3.0   37.790  110.369    975.6    792.1
     1     1    21     2    20     2     0     2    -4.0   37.786  110.067   1001.4    792.3
     1     1    21     2    20     1     0     1    -5.0   37.812  109.792   1020.8    785.8
     1     1    21     2    20     0     0     0    -6.0   37.877  109.532   1008.2    782.4
     1     1    21     2    19    23     0     1    -7.0   37.977  109.258    978.5    784.5
     1     1    21     2    19    22     0     2    -8.0   38.104  108.936    969.0    782.2
     1     1    21     2    19    21     0     3    -9.0   38.247  108.565   1018.8    770.6
     1     1    21     2    19    20     0     2   -10.0   38.392  108.166   1130.0    751.9
     1     1    21     2    19    19     0     1   -11.0   38.549  107.753   1251.7    736.5
     1     1    21     2    19    18     0     0   -12.0   38.730  107.321   1339.3    734.9
     1     1    21     2    19    17     0     1   -13.0   38.931  106.860   1424.4    731.8
     1     1    21     2    19    16     0     2   -14.0   39.136  106.375   1668.3    686.6
     1     1    21     2    19    15     0     3   -15.0   39.341  105.930   2002.3    637.9
     1     1    21     2    19    14     0     2   -16.0   39.538  105.505   2237.6    640.5
     1     1    21     2    19    13     0     1   -17.0   39.724  105.083   2418.4    635.9
     1     1    21     2    19    12     0     0   -18.0   39.903  104.704   2612.6    616.9
     1     1    21     2    19    11     0     1   -19.0   40.070  104.369   2740.9    604.1
     1     1    21     2    19    10     0     2   -20.0   40.222  104.053   2724.8    610.1
     1     1    21     2    19     9     0     3   -21.0   40.375  103.747   2641.3    621.6
     1     1    21     2    19     8     0     2   -22.0   40.546  103.436   2625.1    621.1
     1     1    21     2    19     7     0     1   -23.0   40.729  103.128   2675.4    613.9
     1     1    21     2    19     6     0     0   -24.0   40.923  102.834   2747.9    609.6
     1     1    21     2    19     5     0     1   -25.0   41.119  102.529   2819.7    613.8
     1     1    21     2    19     4     0     2   -26.0   41.307  102.194   2898.6    618.1
     1     1    21     2    19     3     0     3   -27.0   41.496  101.832   2987.8    618.9
     1     1    21     2    19     2     0     2   -28.0   41.677  101.479   3058.6    616.2
     1     1    21     2    19     1     0     1   -29.0   41.835  101.160   3086.7    617.3
     1     1    21     2    19     0     0     0   -30.0   41.971  100.877   3092.7    620.8
     1     1    21     2    18    23     0     1   -31.0   42.104  100.621   3131.0    617.0
     1     1    21     2    18    22     0     2   -32.0   42.254  100.387   3232.7    601.3
     1     1    21     2    18    21     0     3   -33.0   42.432  100.176   3362.5    584.1
     1     1    21     2    18    20     0     2   -34.0   42.645   99.985   3470.2    567.3
     1     1    21     2    18    19     0     1   -35.0   42.888   99.818   3502.6    554.8
     1     1    21     2    18    18     0     0   -36.0   43.150   99.674   3475.7    556.0
     1     1    21     2    18    17     0     1   -37.0   43.434   99.493   3497.9    562.0
     1     1    21     2    18    16     0     2   -38.0   43.757   99.255   3566.3    552.9
     1     1    21     2    18    15     0     3   -39.0   44.118   99.007   3538.5    541.1
     1     1    21     2    18    14     0     2   -40.0   44.481   98.698   3414.8    532.8
     1     1    21     2    18    13     0     1   -41.0   44.818   98.342   3366.1    508.0
     1     1    21     2    18    12     0     0   -42.0   45.145   98.001   3411.6    490.3
     1     1    21     2    18    11     0     1   -43.0   45.479   97.623   3590.2    503.9
     1     1    21     2    18    10     0     2   -44.0   45.823   97.172   3828.0    499.3
     1     1    21     2    18     9     0     3   -45.0   46.160   96.741   4150.7    474.9
     1     1    21     2    18     8     0     2   -46.0   46.505   96.332   4446.9    458.6
     1     1    21     2    18     7     0     1   -47.0   46.867   95.884   4674.9    457.1
     1     1    21     2    18     6     0     0   -48.0   47.250   95.440   4964.6    438.9
     1     1    21     2    18     5     0     1   -49.0   47.708   94.919   5333.2    405.8
     1     1    21     2    18     4     0     2   -50.0   48.234   94.218   5780.7    403.5
     1     1    21     2    18     3     0     3   -51.0   48.834   93.388   6105.4    387.2
     1     1    21     2    18     2     0     2   -52.0   49.401   92.446   6010.9    388.2
     1     1    21     2    18     1     0     1   -53.0   49.915   91.390   5487.4    402.0
     1     1    21     2    18     0     0     0   -54.0   50.444   90.094   5250.2    403.8
     1     1    21     2    17    23     0     1   -55.0   50.974   88.517   5171.9    393.1
     1     1    21     2    17    22     0     2   -56.0   51.382   86.788   5488.2    424.7
     1     1    21     2    17    21     0     3   -57.0   51.635   85.071   5479.1    451.2
     1     1    21     2    17    20     0     2   -58.0   51.806   83.236   5322.2    481.6
     1     1    21     2    17    19     0     1   -59.0   51.866   81.408   5087.3    512.7
     1     1    21     2    17    18     0     0   -60.0   51.904   79.682   5029.8    519.2
     1     1    21     2    17    17     0     1   -61.0   51.881   77.954   4989.5    525.4
     1     1    21     2    17    16     0     2   -62.0   51.813   76.237   5110.2    515.7
     1     1    21     2    17    15     0     3   -63.0   51.793   74.444   5237.7    502.5
     1     1    21     2    17    14     0     2   -64.0   51.772   72.599   5263.9    490.8
     1     1    21     2    17    13     0     1   -65.0   51.671   70.759   5183.7    494.5
     1     1    21     2    17    12     0     0   -66.0   51.549   68.906   5179.2    497.2
     1     1    21     2    17    11     0     1   -67.0   51.372   67.047   5234.7    495.5
     1     1    21     2    17    10     0     2   -68.0   51.123   65.197   5319.7    497.7
     1     1    21     2    17     9     0     3   -69.0   50.845   63.341   5396.9    488.6
     1     1    21     2    17     8     0     2   -70.0   50.503   61.578   5411.0    486.7
     1     1    21     2    17     7     0     1   -71.0   50.122   59.842   5368.1    487.2
     1     1    21     2    17     6     0     0   -72.0   49.672   58.167   5401.2    480.5
     1     1    21     2    17     5     0     1   -73.0   49.227   56.626   5444.0    486.0
     1     1    21     2    17     4     0     2   -74.0   48.748   55.112   5544.4    487.3
     1     1    21     2    17     3     0     3   -75.0   48.223   53.721   5635.9    486.9
     1     1    21     2    17     2     0     2   -76.0   47.656   52.492   5611.5    493.0
     1     1    21     2    17     1     0     1   -77.0   47.100   51.210   5604.7    493.1
     1     1    21     2    17     0     0     0   -78.0   46.569   49.957   5582.6    494.2
     1     1    21     2    16    23     0     1   -79.0   46.024   48.901   5475.9    500.0
     1     1    21     2    16    22     0     2   -80.0   45.478   48.001   5338.4    512.8
     1     1    21     2    16    21     0     3   -81.0   44.965   47.141   5196.5    520.3
     1     1    21     2    16    20     0     2   -82.0   44.456   46.234   5081.2    530.6
     1     1    21     2    16    19     0     1   -83.0   43.922   45.225   5157.9    512.9
     1     1    21     2    16    18     0     0   -84.0   43.297   44.101   5515.7    444.2
     1     1    21     2    16    17     0     1   -85.0   42.412   42.844   5841.8    372.5
     1     1    21     2    16    16     0     2   -86.0   41.679   41.803   5942.2    440.8
     1     1    21     2    16    15     0     3   -87.0   40.847   40.746   6209.7    380.5
     1     1    21     2    16    14     0     2   -88.0   39.892   39.658   5969.0    353.4
     1     1    21     2    16    13     0     1   -89.0   38.879   38.645   5871.1    391.8
     1     1    21     2    16    12     0     0   -90.0   37.873   37.686   5874.5    385.1
     1     1    21     2    16    11     0     1   -91.0   36.858   36.708   6224.3    413.5
     1     1    21     2    16    10     0     2   -92.0   35.860   35.839   6451.1    422.0
     1     1    21     2    16     9     0     3   -93.0   34.883   34.902   7285.0    400.5
     1     1    21     2    16     8     0     2   -94.0   33.863   33.648   7875.6    350.9
     1     1    21     2    16     7     0     1   -95.0   32.807   32.287   7800.1    360.8
     1     1    21     2    16     6     0     0   -96.0   31.797   30.898   7671.4    366.1
     1     1    21     2    16     5     0     1   -97.0   30.891   29.464   7579.3    372.9
     1     1    21     2    16     4     0     2   -98.0   30.097   27.998   7452.9    384.8
     1     1    21     2    16     3     0     3   -99.0   29.464   26.557   7334.6    388.9
     1     1    21     2    16     2     0     2  -100.0   28.972   25.154   7448.0    381.6
     1     1    21     2    16     1     0     1  -101.0   28.634   23.797   7594.3    371.0
     1     1    21     2    16     0     0     0  -102.0   28.485   22.543   7657.6    370.5
     1     1    21     2    15    23     0     1  -103.0   28.504   21.423   7670.1    371.7
     1     1    21     2    15    22     0     2  -104.0   28.671   20.405   7667.3    370.4
     1     1    21     2    15    21     0     3  -105.0   29.040   19.516   7733.2    368.7
     1     1    21     2    15    20     0     2  -106.0   29.555   18.687   7764.9    364.8
     1     1    21     2    15    19     0     1  -107.0   30.197   17.908   7932.6    354.1
     1     1    21     2    15    18     0     0  -108.0   31.028   17.220   8048.6    349.4
     1     1    21     2    15    17     0     1  -109.0   32.065   16.610   8091.1    353.5
     1     1    21     2    15    16     0     2  -110.0   33.275   16.119   8212.3    345.4
     1     1    21     2    15    15     0     3  -111.0   34.740   15.838   8332.0    338.0
     1     1    21     2    15    14     0     2  -112.0   36.451   15.821   8528.3    323.4
     1     1    21     2    15    13     0     1  -113.0   38.294   16.078   8484.8    311.4
     1     1    21     2    15    12     0     0  -114.0   40.122   16.479   7955.3    333.1
     1     1    21     2    15    11     0     1  -115.0   42.037   16.946   8439.7    325.1
     1     1    21     2    15    10     0     2  -116.0   43.963   17.399   8459.9    275.5
     1     1    21     2    15     9     0     3  -117.0   45.862   17.650   8818.9    300.9
     1     1    21     2    15     8     0     2  -118.0   47.809   17.710   8966.0    295.5
     1     1    21     2    15     7     0     1  -119.0   49.689   17.492   8932.5    284.9
     1     1    21     2    15     6     0     0  -120.0   51.533   17.011   9199.5    284.3
