     5     1
    GDAS    21     2     1     0     0
    GDAS    21     2     8     0     0
    GDAS    21     2    15     0     0
    GDAS    21     2    22     0     0
    GDAS    21     3     1     0     0
     1 BACKWARD OMEGA   
    21     2    19    18   44.970  -93.230   500.0
     1 PRESSURE
     1     1    21     2    19    18     0     0     0.0   44.970  -93.230    500.0    927.2
     1     1    21     2    19    17     0     1    -1.0   45.015  -93.334    511.7    926.2
     1     1    21     2    19    16     0     2    -2.0   45.064  -93.438    526.7    923.8
     1     1    21     2    19    15     0     3    -3.0   45.115  -93.543    543.5    921.0
     1     1    21     2    19    14     0     2    -4.0   45.173  -93.642    558.8    917.7
     1     1    21     2    19    13     0     1    -5.0   45.244  -93.733    569.9    914.9
     1     1    21     2    19    12     0     0    -6.0   45.327  -93.816    575.9    912.5
     1     1    21     2    19    11     0     1    -7.0   45.410  -93.905    579.5    911.1
     1     1    21     2    19    10     0     2    -8.0   45.479  -94.012    581.9    909.6
     1     1    21     2    19     9     0     3    -9.0   45.534  -94.133    582.1    908.4
     1     1    21     2    19     8     0     2   -10.0   45.581  -94.261    580.5    907.8
     1     1    21     2    19     7     0     1   -11.0   45.628  -94.389    580.0    907.2
     1     1    21     2    19     6     0     0   -12.0   45.677  -94.519    583.9    906.3
     1     1    21     2    19     5     0     1   -13.0   45.730  -94.660    594.8    904.5
     1     1    21     2    19     4     0     2   -14.0   45.788  -94.820    613.3    901.8
     1     1    21     2    19     3     0     3   -15.0   45.856  -95.002    639.6    898.2
     1     1    21     2    19     2     0     2   -16.0   45.930  -95.193    668.1    894.8
     1     1    21     2    19     1     0     1   -17.0   46.007  -95.389    688.5    892.9
     1     1    21     2    19     0     0     0   -18.0   46.081  -95.600    694.4    893.1
     1     1    21     2    18    23     0     1   -19.0   46.132  -95.828    687.0    895.7
     1     1    21     2    18    22     0     2   -20.0   46.152  -96.063    673.4    898.9
     1     1    21     2    18    21     0     3   -21.0   46.147  -96.300    649.0    901.5
     1     1    21     2    18    20     0     2   -22.0   46.138  -96.521    612.1    907.7
     1     1    21     2    18    19     0     1   -23.0   46.135  -96.718    573.1    913.4
     1     1    21     2    18    18     0     0   -24.0   46.126  -96.892    537.9    918.6
     1     1    21     2    18    17     0     1   -25.0   46.128  -97.066    508.4    921.9
     1     1    21     2    18    16     0     2   -26.0   46.166  -97.257    485.9    923.4
     1     1    21     2    18    15     0     3   -27.0   46.235  -97.463    466.4    923.6
     1     1    21     2    18    14     0     2   -28.0   46.314  -97.684    446.6    924.2
     1     1    21     2    18    13     0     1   -29.0   46.393  -97.918    432.3    923.9
     1     1    21     2    18    12     0     0   -30.0   46.473  -98.176    436.8    919.9
     1     1    21     2    18    11     0     1   -31.0   46.553  -98.455    463.5    910.5
     1     1    21     2    18    10     0     2   -32.0   46.641  -98.743    502.1    900.5
     1     1    21     2    18     9     0     3   -33.0   46.740  -99.035    547.6    891.1
     1     1    21     2    18     8     0     2   -34.0   46.843  -99.317    577.8    886.0
     1     1    21     2    18     7     0     1   -35.0   46.940  -99.591    578.4    887.1
     1     1    21     2    18     6     0     0   -36.0   47.033  -99.875    558.8    890.4
     1     1    21     2    18     5     0     1   -37.0   47.123 -100.157    537.4    893.9
     1     1    21     2    18     4     0     2   -38.0   47.214 -100.422    524.6    893.7
     1     1    21     2    18     3     0     3   -39.0   47.299 -100.676    515.2    893.1
     1     1    21     2    18     2     0     2   -40.0   47.379 -100.926    508.1    892.3
     1     1    21     2    18     1     0     1   -41.0   47.466 -101.173    503.4    890.2
     1     1    21     2    18     0     0     0   -42.0   47.557 -101.421    495.9    887.9
     1     1    21     2    17    23     0     1   -43.0   47.639 -101.663    485.8    886.3
     1     1    21     2    17    22     0     2   -44.0   47.706 -101.895    478.8    884.2
     1     1    21     2    17    21     0     3   -45.0   47.764 -102.119    475.3    882.2
     1     1    21     2    17    20     0     2   -46.0   47.817 -102.334    464.7    881.6
     1     1    21     2    17    19     0     1   -47.0   47.867 -102.537    442.8    884.5
     1     1    21     2    17    18     0     0   -48.0   47.918 -102.726    420.2    887.9
     1     1    21     2    17    17     0     1   -49.0   47.969 -102.905    404.3    889.8
     1     1    21     2    17    16     0     2   -50.0   48.021 -103.075    395.7    891.0
     1     1    21     2    17    15     0     3   -51.0   48.071 -103.233    391.3    892.1
     1     1    21     2    17    14     0     2   -52.0   48.116 -103.377    390.4    892.8
     1     1    21     2    17    13     0     1   -53.0   48.155 -103.509    395.6    892.8
     1     1    21     2    17    12     0     0   -54.0   48.190 -103.628    410.4    891.4
     1     1    21     2    17    11     0     1   -55.0   48.221 -103.727    428.8    888.2
     1     1    21     2    17    10     0     2   -56.0   48.247 -103.796    441.0    886.2
     1     1    21     2    17     9     0     3   -57.0   48.267 -103.837    444.8    885.1
     1     1    21     2    17     8     0     2   -58.0   48.274 -103.868    442.9    885.5
     1     1    21     2    17     7     0     1   -59.0   48.266 -103.909    438.2    885.8
     1     1    21     2    17     6     0     0   -60.0   48.242 -103.961    429.1    886.8
     1     1    21     2    17     5     0     1   -61.0   48.195 -104.007    411.8    889.1
     1     1    21     2    17     4     0     2   -62.0   48.117 -104.029    384.4    892.5
     1     1    21     2    17     3     0     3   -63.0   48.009 -104.017    347.3    897.5
     1     1    21     2    17     2     0     2   -64.0   47.886 -103.976    309.6    899.6
     1     1    21     2    17     1     0     1   -65.0   47.765 -103.923    284.5    898.9
     1     1    21     2    17     0     0     0   -66.0   47.647 -103.867    270.8    896.7
     1     1    21     2    16    23     0     1   -67.0   47.520 -103.811    264.8    893.2
     1     1    21     2    16    22     0     2   -68.0   47.369 -103.755    264.2    888.9
     1     1    21     2    16    21     0     3   -69.0   47.188 -103.704    268.6    883.3
     1     1    21     2    16    20     0     2   -70.0   46.977 -103.653    279.3    877.4
     1     1    21     2    16    19     0     1   -71.0   46.744 -103.590    292.7    874.0
     1     1    21     2    16    18     0     0   -72.0   46.495 -103.500    306.0    871.4
     1     1    21     2    16    17     0     1   -73.0   46.238 -103.382    317.7    868.5
     1     1    21     2    16    16     0     2   -74.0   45.981 -103.233    323.9    866.8
     1     1    21     2    16    15     0     3   -75.0   45.739 -103.040    318.1    868.3
     1     1    21     2    16    14     0     2   -76.0   45.512 -102.811    304.9    874.2
     1     1    21     2    16    13     0     1   -77.0   45.281 -102.556    292.8    879.3
     1     1    21     2    16    12     0     0   -78.0   45.041 -102.264    277.5    885.3
     1     1    21     2    16    11     0     1   -79.0   44.791 -101.942    254.7    891.8
     1     1    21     2    16    10     0     2   -80.0   44.529 -101.629    228.8    897.5
     1     1    21     2    16     9     0     3   -81.0   44.251 -101.342    210.1    903.6
     1     1    21     2    16     8     0     2   -82.0   43.951 -101.088    211.1    906.8
     1     1    21     2    16     7     0     1   -83.0   43.633 -100.895    224.8    898.2
     1     1    21     2    16     6     0     0   -84.0   43.316 -100.770    244.5    890.2
     1     1    21     2    16     5     0     1   -85.0   43.001 -100.705    276.7    879.8
     1     1    21     2    16     4     0     2   -86.0   42.683 -100.692    313.4    872.1
     1     1    21     2    16     3     0     3   -87.0   42.376 -100.721    338.0    866.7
     1     1    21     2    16     2     0     2   -88.0   42.083 -100.791    346.7    862.1
     1     1    21     2    16     1     0     1   -89.0   41.800 -100.876    349.0    862.5
     1     1    21     2    16     0     0     0   -90.0   41.523 -100.954    360.1    862.7
     1     1    21     2    15    23     0     1   -91.0   41.262 -101.017    388.0    861.5
     1     1    21     2    15    22     0     2   -92.0   41.029 -101.062    431.2    857.6
     1     1    21     2    15    21     0     3   -93.0   40.825 -101.087    480.0    851.8
     1     1    21     2    15    20     0     2   -94.0   40.647 -101.105    524.1    847.0
     1     1    21     2    15    19     0     1   -95.0   40.490 -101.125    555.9    844.5
     1     1    21     2    15    18     0     0   -96.0   40.355 -101.145    577.5    843.2
     1     1    21     2    15    17     0     1   -97.0   40.246 -101.159    594.2    841.7
     1     1    21     2    15    16     0     2   -98.0   40.166 -101.161    608.2    840.0
     1     1    21     2    15    15     0     3   -99.0   40.112 -101.147    616.5    839.0
     1     1    21     2    15    14     0     2  -100.0   40.078 -101.132    638.0    839.5
     1     1    21     2    15    13     0     1  -101.0   40.059 -101.127    695.2    833.4
     1     1    21     2    15    12     0     0  -102.0   40.055 -101.131    788.3    823.2
     1     1    21     2    15    11     0     1  -103.0   40.057 -101.131    882.1    809.4
     1     1    21     2    15    10     0     2  -104.0   40.051 -101.115    944.4    803.0
     1     1    21     2    15     9     0     3  -105.0   40.033 -101.080    972.8    800.4
     1     1    21     2    15     8     0     2  -106.0   40.015 -101.035    980.0    802.7
     1     1    21     2    15     7     0     1  -107.0   40.005 -100.985    985.4    803.8
     1     1    21     2    15     6     0     0  -108.0   40.008 -100.930    994.2    805.0
     1     1    21     2    15     5     0     1  -109.0   40.027 -100.861   1015.2    804.8
     1     1    21     2    15     4     0     2  -110.0   40.069 -100.765   1050.7    802.5
     1     1    21     2    15     3     0     3  -111.0   40.134 -100.640   1090.1    800.1
     1     1    21     2    15     2     0     2  -112.0   40.224 -100.497   1107.8    798.6
     1     1    21     2    15     1     0     1  -113.0   40.337 -100.355   1091.4    803.0
     1     1    21     2    15     0     0     0  -114.0   40.467 -100.219   1053.9    809.4
     1     1    21     2    14    23     0     1  -115.0   40.606 -100.103   1011.8    816.4
     1     1    21     2    14    22     0     2  -116.0   40.745 -100.012    971.4    821.2
     1     1    21     2    14    21     0     3  -117.0   40.883  -99.938    927.2    826.4
     1     1    21     2    14    20     0     2  -118.0   41.022  -99.875    896.6    832.9
     1     1    21     2    14    19     0     1  -119.0   41.173  -99.813    893.8    833.8
     1     1    21     2    14    18     0     0  -120.0   41.336  -99.756    909.2    832.6
