     5     1
    GDAS    21     2     1     0     0
    GDAS    21     2     8     0     0
    GDAS    21     2    15     0     0
    GDAS    21     2    22     0     0
    GDAS    21     3     1     0     0
     1 BACKWARD OMEGA   
    21     2    25    15   37.820  111.540  1000.0
     1 PRESSURE
     1     1    21     2    25    15     0     3     0.0   37.820  111.540   1000.0    779.3
     1     1    21     2    25    14     0     2    -1.0   37.740  111.744    936.6    784.1
     1     1    21     2    25    13     0     1    -2.0   37.677  111.940    872.8    788.5
     1     1    21     2    25    12     0     0    -3.0   37.632  112.124    805.5    796.8
     1     1    21     2    25    11     0     1    -4.0   37.608  112.298    758.1    803.9
     1     1    21     2    25    10     0     2    -5.0   37.611  112.462    750.4    805.0
     1     1    21     2    25     9     0     3    -6.0   37.641  112.607    785.8    801.6
     1     1    21     2    25     8     0     2    -7.0   37.704  112.737    848.1    793.3
     1     1    21     2    25     7     0     1    -8.0   37.789  112.861    902.9    785.7
     1     1    21     2    25     6     0     0    -9.0   37.887  112.979    935.0    781.3
     1     1    21     2    25     5     0     1   -10.0   37.985  113.096    965.8    787.1
     1     1    21     2    25     4     0     2   -11.0   38.075  113.215   1015.6    790.7
     1     1    21     2    25     3     0     3   -12.0   38.156  113.337   1083.5    792.3
     1     1    21     2    25     2     0     2   -13.0   38.241  113.454   1156.0    789.7
     1     1    21     2    25     1     0     1   -14.0   38.344  113.560   1212.0    787.8
     1     1    21     2    25     0     0     0   -15.0   38.463  113.659   1243.2    786.3
     1     1    21     2    24    23     0     1   -16.0   38.586  113.736   1239.0    786.1
     1     1    21     2    24    22     0     2   -17.0   38.699  113.776   1204.6    788.2
     1     1    21     2    24    21     0     3   -18.0   38.806  113.778   1153.4    790.1
     1     1    21     2    24    20     0     2   -19.0   38.905  113.759   1117.0    792.2
     1     1    21     2    24    19     0     1   -20.0   38.995  113.737   1121.8    787.9
     1     1    21     2    24    18     0     0   -21.0   39.076  113.708   1168.0    781.0
     1     1    21     2    24    17     0     1   -22.0   39.143  113.684   1220.2    771.0
     1     1    21     2    24    16     0     2   -23.0   39.189  113.675   1239.5    768.4
     1     1    21     2    24    15     0     3   -24.0   39.207  113.684   1227.3    769.9
     1     1    21     2    24    14     0     2   -25.0   39.210  113.708   1225.4    774.3
     1     1    21     2    24    13     0     1   -26.0   39.219  113.742   1268.7    770.4
     1     1    21     2    24    12     0     0   -27.0   39.239  113.785   1350.8    762.8
     1     1    21     2    24    11     0     1   -28.0   39.273  113.821   1433.6    752.6
     1     1    21     2    24    10     0     2   -29.0   39.313  113.828   1493.7    747.0
     1     1    21     2    24     9     0     3   -30.0   39.357  113.802   1539.9    741.6
     1     1    21     2    24     8     0     2   -31.0   39.409  113.751   1572.2    736.2
     1     1    21     2    24     7     0     1   -32.0   39.474  113.679   1591.4    731.8
     1     1    21     2    24     6     0     0   -33.0   39.554  113.587   1601.5    727.7
     1     1    21     2    24     5     0     1   -34.0   39.642  113.466   1596.4    723.9
     1     1    21     2    24     4     0     2   -35.0   39.727  113.311   1567.1    722.3
     1     1    21     2    24     3     0     3   -36.0   39.810  113.126   1504.5    722.7
     1     1    21     2    24     2     0     2   -37.0   39.892  112.936   1437.6    727.1
     1     1    21     2    24     1     0     1   -38.0   39.971  112.748   1421.7    726.0
     1     1    21     2    24     0     0     0   -39.0   40.045  112.547   1486.7    716.6
     1     1    21     2    23    23     0     1   -40.0   40.124  112.293   1622.7    696.9
     1     1    21     2    23    22     0     2   -41.0   40.217  111.951   1813.1    676.4
     1     1    21     2    23    21     0     3   -42.0   40.328  111.532   1996.2    657.6
     1     1    21     2    23    20     0     2   -43.0   40.452  111.064   2044.9    647.7
     1     1    21     2    23    19     0     1   -44.0   40.564  110.592   1998.8    658.1
     1     1    21     2    23    18     0     0   -45.0   40.649  110.140   1973.0    668.0
     1     1    21     2    23    17     0     1   -46.0   40.705  109.741   1972.5    674.0
     1     1    21     2    23    16     0     2   -47.0   40.738  109.415   1965.3    681.3
     1     1    21     2    23    15     0     3   -48.0   40.750  109.155   1937.4    690.0
     1     1    21     2    23    14     0     2   -49.0   40.768  108.945   1897.9    698.6
     1     1    21     2    23    13     0     1   -50.0   40.816  108.772   1857.7    704.9
     1     1    21     2    23    12     0     0   -51.0   40.896  108.635   1820.8    710.7
     1     1    21     2    23    11     0     1   -52.0   40.988  108.523   1802.6    717.1
     1     1    21     2    23    10     0     2   -53.0   41.073  108.407   1816.0    713.5
     1     1    21     2    23     9     0     3   -54.0   41.154  108.269   1851.9    707.3
     1     1    21     2    23     8     0     2   -55.0   41.234  108.107   1896.9    701.2
     1     1    21     2    23     7     0     1   -56.0   41.317  107.922   1947.4    694.9
     1     1    21     2    23     6     0     0   -57.0   41.409  107.711   2001.5    687.5
     1     1    21     2    23     5     0     1   -58.0   41.502  107.473   2072.1    681.4
     1     1    21     2    23     4     0     2   -59.0   41.587  107.204   2183.1    672.7
     1     1    21     2    23     3     0     3   -60.0   41.659  106.894   2341.9    659.8
     1     1    21     2    23     2     0     2   -61.0   41.744  106.554   2495.2    645.8
     1     1    21     2    23     1     0     1   -62.0   41.860  106.228   2632.5    642.3
     1     1    21     2    23     0     0     0   -63.0   41.990  105.912   2813.9    634.7
     1     1    21     2    22    23     0     1   -64.0   42.107  105.483   2932.2    606.5
     1     1    21     2    22    22     0     2   -65.0   42.200  104.960   2950.7    597.8
     1     1    21     2    22    21     0     3   -66.0   42.262  104.415   2969.1    598.4
     1     1    21     2    22    20     0     2   -67.0   42.307  103.863   3007.0    597.2
     1     1    21     2    22    19     0     1   -68.0   42.353  103.326   3065.5    593.6
     1     1    21     2    22    18     0     0   -69.0   42.388  102.838   3123.6    589.9
     1     1    21     2    22    17     0     1   -70.0   42.417  102.348   3121.5    584.4
     1     1    21     2    22    16     0     2   -71.0   42.457  101.844   3005.0    590.6
     1     1    21     2    22    15     0     3   -72.0   42.518  101.398   2855.3    609.1
     1     1    21     2    22    14     0     2   -73.0   42.605  100.987   2778.2    617.5
     1     1    21     2    22    13     0     1   -74.0   42.709  100.556   2781.4    612.1
     1     1    21     2    22    12     0     0   -75.0   42.827  100.100   2849.4    611.1
     1     1    21     2    22    11     0     1   -76.0   42.958   99.560   2985.5    593.1
     1     1    21     2    22    10     0     2   -77.0   43.095   98.896   3215.2    577.3
     1     1    21     2    22     9     0     3   -78.0   43.243   98.076   3318.7    553.6
     1     1    21     2    22     8     0     2   -79.0   43.372   97.273   3288.9    568.7
     1     1    21     2    22     7     0     1   -80.0   43.472   96.509   3385.1    572.9
     1     1    21     2    22     6     0     0   -81.0   43.550   95.819   3370.2    583.5
     1     1    21     2    22     5     0     1   -82.0   43.647   95.160   3323.5    594.1
     1     1    21     2    22     4     0     2   -83.0   43.745   94.511   3328.8    596.4
     1     1    21     2    22     3     0     3   -84.0   43.804   93.828   3351.7    584.5
     1     1    21     2    22     2     0     2   -85.0   43.816   92.990   3316.0    555.7
     1     1    21     2    22     1     0     1   -86.0   43.806   92.042   3255.2    557.9
     1     1    21     2    22     0     0     0   -87.0   43.805   91.192   3293.6    585.9
     1     1    21     2    21    23     0     1   -88.0   43.822   90.476   3382.1    594.7
     1     1    21     2    21    22     0     2   -89.0   43.818   89.812   3504.6    595.5
     1     1    21     2    21    21     0     3   -90.0   43.807   89.140   3513.6    588.5
     1     1    21     2    21    20     0     2   -91.0   43.790   88.531   3356.7    595.9
     1     1    21     2    21    19     0     1   -92.0   43.770   87.965   3148.2    597.0
     1     1    21     2    21    18     0     0   -93.0   43.728   87.495   2962.6    604.3
     1     1    21     2    21    17     0     1   -94.0   43.653   87.055   2854.2    587.8
     1     1    21     2    21    16     0     2   -95.0   43.563   86.499   2816.1    559.9
     1     1    21     2    21    15     0     3   -96.0   43.499   85.719   2764.1    537.8
     1     1    21     2    21    14     0     2   -97.0   43.488   84.715   2879.4    503.9
     1     1    21     2    21    13     0     1   -98.0   43.461   83.526   2974.6    480.8
     1     1    21     2    21    12     0     0   -99.0   43.394   82.358   3155.3    524.2
     1     1    21     2    21    11     0     1  -100.0   43.231   81.344   3178.2    554.9
     1     1    21     2    21    10     0     2  -101.0   42.999   80.306   2920.9    554.2
     1     1    21     2    21     9     0     3  -102.0   42.838   79.075   2997.0    528.3
     1     1    21     2    21     8     0     2  -103.0   42.625   77.795   3013.5    457.2
     1     1    21     2    21     7     0     1  -104.0   42.335   76.461   3155.4    466.8
     1     1    21     2    21     6     0     0  -105.0   42.007   75.099   3447.1    464.5
     1     1    21     2    21     5     0     1  -106.0   41.680   73.649   3802.8    450.1
     1     1    21     2    21     4     0     2  -107.0   41.353   72.280   3867.6    532.4
     1     1    21     2    21     3     0     3  -108.0   41.036   71.169   3740.6    561.9
     1     1    21     2    21     2     0     2  -109.0   40.729   70.189   3406.6    572.7
     1     1    21     2    21     1     0     1  -110.0   40.387   69.375   3212.3    614.6
     1     1    21     2    21     0     0     0  -111.0   40.057   68.776   3034.5    643.3
     1     1    21     2    20    23     0     1  -112.0   39.695   68.192   2833.6    608.4
     1     1    21     2    20    22     0     2  -113.0   39.270   67.466   2715.4    593.4
     1     1    21     2    20    21     0     3  -114.0   38.902   66.859   2503.2    660.1
     1     1    21     2    20    20     0     2  -115.0   38.594   66.481   2211.8    726.7
     1     1    21     2    20    19     0     1  -116.0   38.317   66.170   2077.5    743.2
     1     1    21     2    20    18     0     0  -117.0   38.050   65.901   2017.8    749.6
     1     1    21     2    20    17     0     1  -118.0   37.798   65.671   1966.3    762.9
     1     1    21     2    20    16     0     2  -119.0   37.566   65.493   1885.7    778.7
     1     1    21     2    20    15     0     3  -120.0   37.349   65.384   1781.8    793.7
