     5     1
    GDAS    21     2     1     0     0
    GDAS    21     2     8     0     0
    GDAS    21     2    15     0     0
    GDAS    21     2    22     0     0
    GDAS    21     3     1     0     0
     1 BACKWARD OMEGA   
    21     2    18    18   37.820  111.540  1000.0
     1 PRESSURE
     1     1    21     2    18    18     0     0     0.0   37.820  111.540   1000.0    778.8
     1     1    21     2    18    17     0     1    -1.0   38.041  111.044    944.1    791.9
     1     1    21     2    18    16     0     2    -2.0   38.201  110.625    866.8    806.9
     1     1    21     2    18    15     0     3    -3.0   38.316  110.206    794.1    812.7
     1     1    21     2    18    14     0     2    -4.0   38.411  109.776    745.9    815.0
     1     1    21     2    18    13     0     1    -5.0   38.512  109.335    725.5    808.8
     1     1    21     2    18    12     0     0    -6.0   38.611  108.890    690.9    804.3
     1     1    21     2    18    11     0     1    -7.0   38.701  108.445    669.4    803.3
     1     1    21     2    18    10     0     2    -8.0   38.770  107.998    692.1    792.9
     1     1    21     2    18     9     0     3    -9.0   38.823  107.578    648.1    794.9
     1     1    21     2    18     8     0     2   -10.0   38.856  107.221    517.3    823.1
     1     1    21     2    18     7     0     1   -11.0   38.854  106.925    435.5    839.2
     1     1    21     2    18     6     0     0   -12.0   38.822  106.654    472.3    817.2
     1     1    21     2    18     5     0     1   -13.0   38.808  106.361    616.8    777.7
     1     1    21     2    18     4     0     2   -14.0   38.828  106.045    828.7    734.7
     1     1    21     2    18     3     0     3   -15.0   38.879  105.723   1060.7    717.6
     1     1    21     2    18     2     0     2   -16.0   38.956  105.409   1223.4    718.9
     1     1    21     2    18     1     0     1   -17.0   39.049  105.112   1276.0    733.1
     1     1    21     2    18     0     0     0   -18.0   39.149  104.831   1230.2    747.3
     1     1    21     2    17    23     0     1   -19.0   39.254  104.539   1148.4    756.6
     1     1    21     2    17    22     0     2   -20.0   39.357  104.218   1048.8    765.1
     1     1    21     2    17    21     0     3   -21.0   39.447  103.879    932.3    775.7
     1     1    21     2    17    20     0     2   -22.0   39.528  103.529    837.4    782.1
     1     1    21     2    17    19     0     1   -23.0   39.592  103.171    794.2    780.2
     1     1    21     2    17    18     0     0   -24.0   39.630  102.814    793.6    779.1
     1     1    21     2    17    17     0     1   -25.0   39.658  102.475    804.4    782.1
     1     1    21     2    17    16     0     2   -26.0   39.682  102.159    803.3    787.5
     1     1    21     2    17    15     0     3   -27.0   39.687  101.863    783.8    789.3
     1     1    21     2    17    14     0     2   -28.0   39.700  101.584    765.3    786.9
     1     1    21     2    17    13     0     1   -29.0   39.738  101.310    765.1    783.0
     1     1    21     2    17    12     0     0   -30.0   39.783  101.038    780.7    779.8
     1     1    21     2    17    11     0     1   -31.0   39.831  100.767    807.6    778.4
     1     1    21     2    17    10     0     2   -32.0   39.893  100.482    842.0    777.3
     1     1    21     2    17     9     0     3   -33.0   39.972  100.160    886.4    774.3
     1     1    21     2    17     8     0     2   -34.0   40.059   99.810    918.0    772.1
     1     1    21     2    17     7     0     1   -35.0   40.137   99.469    918.7    776.4
     1     1    21     2    17     6     0     0   -36.0   40.203   99.135    923.4    780.2
     1     1    21     2    17     5     0     1   -37.0   40.270   98.799    928.2    770.5
     1     1    21     2    17     4     0     2   -38.0   40.336   98.475    913.9    764.5
     1     1    21     2    17     3     0     3   -39.0   40.391   98.158    913.7    759.3
     1     1    21     2    17     2     0     2   -40.0   40.435   97.831    939.9    747.7
     1     1    21     2    17     1     0     1   -41.0   40.469   97.476   1008.9    731.5
     1     1    21     2    17     0     0     0   -42.0   40.481   97.102   1140.1    707.6
     1     1    21     2    16    23     0     1   -43.0   40.475   96.727   1296.6    689.3
     1     1    21     2    16    22     0     2   -44.0   40.458   96.369   1438.0    680.4
     1     1    21     2    16    21     0     3   -45.0   40.427   96.032   1568.5    672.6
     1     1    21     2    16    20     0     2   -46.0   40.391   95.717   1671.9    665.7
     1     1    21     2    16    19     0     1   -47.0   40.360   95.428   1741.4    665.5
     1     1    21     2    16    18     0     0   -48.0   40.327   95.173   1806.0    665.3
     1     1    21     2    16    17     0     1   -49.0   40.292   94.946   1880.9    664.1
     1     1    21     2    16    16     0     2   -50.0   40.263   94.735   1955.7    664.2
     1     1    21     2    16    15     0     3   -51.0   40.245   94.533   2005.1    666.7
     1     1    21     2    16    14     0     2   -52.0   40.231   94.334   2013.5    672.0
     1     1    21     2    16    13     0     1   -53.0   40.211   94.128   1975.5    683.0
     1     1    21     2    16    12     0     0   -54.0   40.187   93.915   1909.3    695.4
     1     1    21     2    16    11     0     1   -55.0   40.167   93.692   1844.1    704.5
     1     1    21     2    16    10     0     2   -56.0   40.150   93.460   1796.3    710.8
     1     1    21     2    16     9     0     3   -57.0   40.131   93.223   1766.0    716.1
     1     1    21     2    16     8     0     2   -58.0   40.105   92.986   1759.9    720.1
     1     1    21     2    16     7     0     1   -59.0   40.075   92.754   1776.1    720.7
     1     1    21     2    16     6     0     0   -60.0   40.043   92.529   1805.4    719.8
     1     1    21     2    16     5     0     1   -61.0   40.008   92.321   1825.4    717.9
     1     1    21     2    16     4     0     2   -62.0   39.979   92.132   1809.4    716.0
     1     1    21     2    16     3     0     3   -63.0   39.955   91.965   1756.9    717.9
     1     1    21     2    16     2     0     2   -64.0   39.936   91.816   1701.0    725.1
     1     1    21     2    16     1     0     1   -65.0   39.922   91.678   1670.4    727.7
     1     1    21     2    16     0     0     0   -66.0   39.916   91.557   1662.4    729.3
     1     1    21     2    15    23     0     1   -67.0   39.913   91.445   1661.7    729.9
     1     1    21     2    15    22     0     2   -68.0   39.912   91.339   1652.1    732.6
     1     1    21     2    15    21     0     3   -69.0   39.911   91.242   1632.1    736.2
     1     1    21     2    15    20     0     2   -70.0   39.911   91.158   1605.7    741.0
     1     1    21     2    15    19     0     1   -71.0   39.911   91.086   1575.8    745.4
     1     1    21     2    15    18     0     0   -72.0   39.913   91.025   1540.7    750.5
     1     1    21     2    15    17     0     1   -73.0   39.916   90.973   1514.6    755.7
     1     1    21     2    15    16     0     2   -74.0   39.918   90.925   1511.0    756.5
     1     1    21     2    15    15     0     3   -75.0   39.918   90.879   1530.6    754.8
     1     1    21     2    15    14     0     2   -76.0   39.923   90.835   1567.1    751.6
     1     1    21     2    15    13     0     1   -77.0   39.937   90.796   1605.0    750.5
     1     1    21     2    15    12     0     0   -78.0   39.958   90.767   1633.7    751.9
     1     1    21     2    15    11     0     1   -79.0   39.982   90.743   1646.5    755.6
     1     1    21     2    15    10     0     2   -80.0   40.006   90.716   1643.5    759.8
     1     1    21     2    15     9     0     3   -81.0   40.030   90.680   1631.6    761.1
     1     1    21     2    15     8     0     2   -82.0   40.050   90.634   1630.1    762.2
     1     1    21     2    15     7     0     1   -83.0   40.063   90.579   1644.9    760.5
     1     1    21     2    15     6     0     0   -84.0   40.068   90.518   1667.1    758.1
     1     1    21     2    15     5     0     1   -85.0   40.071   90.461   1684.0    755.4
     1     1    21     2    15     4     0     2   -86.0   40.078   90.421   1689.6    754.6
     1     1    21     2    15     3     0     3   -87.0   40.090   90.395   1686.6    754.6
     1     1    21     2    15     2     0     2   -88.0   40.104   90.380   1678.1    755.0
     1     1    21     2    15     1     0     1   -89.0   40.123   90.373   1665.8    755.4
     1     1    21     2    15     0     0     0   -90.0   40.147   90.373   1649.5    756.3
     1     1    21     2    14    23     0     1   -91.0   40.176   90.386   1627.7    757.5
     1     1    21     2    14    22     0     2   -92.0   40.209   90.413   1600.0    759.7
     1     1    21     2    14    21     0     3   -93.0   40.246   90.454   1569.5    762.3
     1     1    21     2    14    20     0     2   -94.0   40.284   90.506   1556.0    765.3
     1     1    21     2    14    19     0     1   -95.0   40.318   90.561   1572.3    763.6
     1     1    21     2    14    18     0     0   -96.0   40.345   90.617   1611.7    759.9
     1     1    21     2    14    17     0     1   -97.0   40.372   90.685   1655.7    754.9
     1     1    21     2    14    16     0     2   -98.0   40.406   90.777   1686.6    753.0
     1     1    21     2    14    15     0     3   -99.0   40.451   90.896   1706.0    752.9
     1     1    21     2    14    14     0     2  -100.0   40.519   91.046   1715.6    752.1
     1     1    21     2    14    13     0     1  -101.0   40.615   91.222   1718.4    747.1
     1     1    21     2    14    12     0     0  -102.0   40.737   91.411   1720.3    741.3
     1     1    21     2    14    11     0     1  -103.0   40.885   91.584   1736.6    735.7
     1     1    21     2    14    10     0     2  -104.0   41.060   91.716   1778.0    727.3
     1     1    21     2    14     9     0     3  -105.0   41.257   91.807   1843.2    719.1
     1     1    21     2    14     8     0     2  -106.0   41.473   91.867   1930.3    711.0
     1     1    21     2    14     7     0     1  -107.0   41.710   91.910   2027.3    702.7
     1     1    21     2    14     6     0     0  -108.0   41.974   91.955   2109.5    696.8
     1     1    21     2    14     5     0     1  -109.0   42.266   91.996   2205.9    705.6
     1     1    21     2    14     4     0     2  -110.0   42.571   92.013   2307.2    709.3
     1     1    21     2    14     3     0     3  -111.0   42.876   92.014   2358.0    717.1
     1     1    21     2    14     2     0     2  -112.0   43.188   91.988   2384.1    704.8
     1     1    21     2    14     1     0     1  -113.0   43.521   91.925   2439.6    660.0
     1     1    21     2    14     0     0     0  -114.0   43.887   91.820   2537.0    612.9
     1     1    21     2    13    23     0     1  -115.0   44.276   91.694   2677.7    598.2
     1     1    21     2    13    22     0     2  -116.0   44.659   91.561   2810.9    597.3
     1     1    21     2    13    21     0     3  -117.0   45.029   91.404   2936.6    589.3
     1     1    21     2    13    20     0     2  -118.0   45.396   91.236   3026.0    576.6
     1     1    21     2    13    19     0     1  -119.0   45.768   91.076   3073.8    574.4
     1     1    21     2    13    18     0     0  -120.0   46.149   90.912   3109.8    565.0
