     5     1
    GDAS    21     2     1     0     0
    GDAS    21     2     8     0     0
    GDAS    21     2    15     0     0
    GDAS    21     2    22     0     0
    GDAS    21     3     1     0     0
     1 BACKWARD OMEGA   
    21     2    25    18   37.820  111.540  1000.0
     1 PRESSURE
     1     1    21     2    25    18     0     0     0.0   37.820  111.540   1000.0    778.5
     1     1    21     2    25    17     0     1    -1.0   37.712  111.764    993.4    777.3
     1     1    21     2    25    16     0     2    -2.0   37.625  111.990    968.1    779.9
     1     1    21     2    25    15     0     3    -3.0   37.563  112.216    921.9    786.8
     1     1    21     2    25    14     0     2    -4.0   37.526  112.443    877.9    794.4
     1     1    21     2    25    13     0     1    -5.0   37.515  112.671    863.3    797.2
     1     1    21     2    25    12     0     0    -6.0   37.536  112.901    888.9    795.0
     1     1    21     2    25    11     0     1    -7.0   37.589  113.110    950.3    794.2
     1     1    21     2    25    10     0     2    -8.0   37.664  113.282   1020.2    796.3
     1     1    21     2    25     9     0     3    -9.0   37.750  113.417   1080.9    799.1
     1     1    21     2    25     8     0     2   -10.0   37.840  113.531   1127.8    802.3
     1     1    21     2    25     7     0     1   -11.0   37.930  113.636   1157.5    807.4
     1     1    21     2    25     6     0     0   -12.0   38.021  113.727   1168.2    812.9
     1     1    21     2    25     5     0     1   -13.0   38.104  113.807   1172.9    817.3
     1     1    21     2    25     4     0     2   -14.0   38.173  113.886   1188.7    818.8
     1     1    21     2    25     3     0     3   -15.0   38.231  113.966   1214.4    819.3
     1     1    21     2    25     2     0     2   -16.0   38.294  114.049   1232.1    817.4
     1     1    21     2    25     1     0     1   -17.0   38.370  114.130   1228.1    818.7
     1     1    21     2    25     0     0     0   -18.0   38.454  114.207   1208.6    821.1
     1     1    21     2    24    23     0     1   -19.0   38.535  114.263   1178.1    823.9
     1     1    21     2    24    22     0     2   -20.0   38.603  114.283   1138.8    826.1
     1     1    21     2    24    21     0     3   -21.0   38.656  114.268   1091.2    827.6
     1     1    21     2    24    20     0     2   -22.0   38.697  114.239   1056.5    829.6
     1     1    21     2    24    19     0     1   -23.0   38.729  114.213   1056.4    826.7
     1     1    21     2    24    18     0     0   -24.0   38.754  114.190   1094.7    820.5
     1     1    21     2    24    17     0     1   -25.0   38.767  114.180   1145.7    811.3
     1     1    21     2    24    16     0     2   -26.0   38.761  114.199   1172.0    809.5
     1     1    21     2    24    15     0     3   -27.0   38.730  114.247   1169.7    813.7
     1     1    21     2    24    14     0     2   -28.0   38.690  114.304   1174.9    821.6
     1     1    21     2    24    13     0     1   -29.0   38.659  114.362   1219.2    820.8
     1     1    21     2    24    12     0     0   -30.0   38.636  114.423   1299.6    816.3
     1     1    21     2    24    11     0     1   -31.0   38.616  114.482   1389.8    808.6
     1     1    21     2    24    10     0     2   -32.0   38.599  114.526   1463.4    804.3
     1     1    21     2    24     9     0     3   -33.0   38.586  114.556   1520.6    800.4
     1     1    21     2    24     8     0     2   -34.0   38.577  114.564   1561.3    796.9
     1     1    21     2    24     7     0     1   -35.0   38.568  114.543   1586.2    793.6
     1     1    21     2    24     6     0     0   -36.0   38.560  114.497   1596.6    790.3
     1     1    21     2    24     5     0     1   -37.0   38.543  114.430   1602.7    788.4
     1     1    21     2    24     4     0     2   -38.0   38.500  114.349   1612.7    785.4
     1     1    21     2    24     3     0     3   -39.0   38.435  114.256   1627.6    782.5
     1     1    21     2    24     2     0     2   -40.0   38.368  114.165   1648.5    778.4
     1     1    21     2    24     1     0     1   -41.0   38.320  114.084   1674.5    774.0
     1     1    21     2    24     0     0     0   -42.0   38.292  114.009   1708.1    768.3
     1     1    21     2    23    23     0     1   -43.0   38.275  113.924   1731.3    760.0
     1     1    21     2    23    22     0     2   -44.0   38.255  113.814   1726.5    754.3
     1     1    21     2    23    21     0     3   -45.0   38.227  113.678   1692.0    749.9
     1     1    21     2    23    20     0     2   -46.0   38.191  113.529   1654.2    747.5
     1     1    21     2    23    19     0     1   -47.0   38.146  113.378   1636.8    740.0
     1     1    21     2    23    18     0     0   -48.0   38.096  113.231   1633.1    730.9
     1     1    21     2    23    17     0     1   -49.0   38.053  113.078   1658.3    720.3
     1     1    21     2    23    16     0     2   -50.0   38.040  112.886   1727.1    707.4
     1     1    21     2    23    15     0     3   -51.0   38.062  112.618   1771.0    696.6
     1     1    21     2    23    14     0     2   -52.0   38.094  112.301   1734.5    695.0
     1     1    21     2    23    13     0     1   -53.0   38.089  112.008   1637.9    703.0
     1     1    21     2    23    12     0     0   -54.0   38.025  111.790   1578.3    721.1
     1     1    21     2    23    11     0     1   -55.0   37.923  111.604   1568.2    722.8
     1     1    21     2    23    10     0     2   -56.0   37.812  111.427   1564.6    723.4
     1     1    21     2    23     9     0     3   -57.0   37.693  111.251   1541.6    724.8
     1     1    21     2    23     8     0     2   -58.0   37.569  111.050   1490.6    728.1
     1     1    21     2    23     7     0     1   -59.0   37.454  110.803   1407.3    735.9
     1     1    21     2    23     6     0     0   -60.0   37.346  110.531   1296.5    751.0
     1     1    21     2    23     5     0     1   -61.0   37.230  110.254   1191.5    768.9
     1     1    21     2    23     4     0     2   -62.0   37.085  109.964   1108.6    782.7
     1     1    21     2    23     3     0     3   -63.0   36.917  109.656   1031.5    780.3
     1     1    21     2    23     2     0     2   -64.0   36.741  109.353    980.7    779.7
     1     1    21     2    23     1     0     1   -65.0   36.555  109.064    957.5    776.6
     1     1    21     2    23     0     0     0   -66.0   36.336  108.795    930.8    779.2
     1     1    21     2    22    23     0     1   -67.0   36.065  108.575    862.9    788.1
     1     1    21     2    22    22     0     2   -68.0   35.776  108.439    783.3    805.6
     1     1    21     2    22    21     0     3   -69.0   35.514  108.367    738.4    813.8
     1     1    21     2    22    20     0     2   -70.0   35.278  108.345    707.2    819.4
     1     1    21     2    22    19     0     1   -71.0   35.055  108.376    670.1    828.0
     1     1    21     2    22    18     0     0   -72.0   34.835  108.440    653.4    830.1
     1     1    21     2    22    17     0     1   -73.0   34.620  108.503    705.0    820.3
     1     1    21     2    22    16     0     2   -74.0   34.413  108.555    809.3    804.5
     1     1    21     2    22    15     0     3   -75.0   34.209  108.594    933.9    786.7
     1     1    21     2    22    14     0     2   -76.0   34.011  108.628   1050.8    770.4
     1     1    21     2    22    13     0     1   -77.0   33.827  108.706   1135.2    768.9
     1     1    21     2    22    12     0     0   -78.0   33.668  108.858   1190.2    774.4
     1     1    21     2    22    11     0     1   -79.0   33.529  109.049   1254.5    776.6
     1     1    21     2    22    10     0     2   -80.0   33.395  109.248   1302.9    774.8
     1     1    21     2    22     9     0     3   -81.0   33.270  109.457   1338.3    781.5
     1     1    21     2    22     8     0     2   -82.0   33.157  109.677   1399.4    784.3
     1     1    21     2    22     7     0     1   -83.0   33.051  109.916   1500.3    784.4
     1     1    21     2    22     6     0     0   -84.0   32.948  110.165   1591.3    775.6
     1     1    21     2    22     5     0     1   -85.0   32.860  110.414   1590.6    774.8
     1     1    21     2    22     4     0     2   -86.0   32.794  110.668   1498.1    789.6
     1     1    21     2    22     3     0     3   -87.0   32.737  110.939   1391.5    807.7
     1     1    21     2    22     2     0     2   -88.0   32.718  111.196   1299.1    823.1
     1     1    21     2    22     1     0     1   -89.0   32.762  111.410   1195.8    842.6
     1     1    21     2    22     0     0     0   -90.0   32.853  111.585   1085.2    861.5
     1     1    21     2    21    23     0     1   -91.0   32.954  111.729    989.4    878.4
     1     1    21     2    21    22     0     2   -92.0   33.037  111.841    923.6    887.0
     1     1    21     2    21    21     0     3   -93.0   33.098  111.914    877.0    889.9
     1     1    21     2    21    20     0     2   -94.0   33.159  111.950    831.6    890.9
     1     1    21     2    21    19     0     1   -95.0   33.236  111.964    775.7    892.3
     1     1    21     2    21    18     0     0   -96.0   33.325  111.965    711.9    893.7
     1     1    21     2    21    17     0     1   -97.0   33.424  111.931    633.4    894.4
     1     1    21     2    21    16     0     2   -98.0   33.529  111.840    552.5    895.5
     1     1    21     2    21    15     0     3   -99.0   33.636  111.708    493.9    893.1
     1     1    21     2    21    14     0     2  -100.0   33.732  111.563    462.8    887.0
     1     1    21     2    21    13     0     1  -101.0   33.818  111.425    448.4    879.3
     1     1    21     2    21    12     0     0  -102.0   33.900  111.311    437.8    872.7
     1     1    21     2    21    11     0     1  -103.0   33.989  111.221    423.7    867.8
     1     1    21     2    21    10     0     2  -104.0   34.095  111.134    401.9    871.1
     1     1    21     2    21     9     0     3  -105.0   34.213  111.030    353.6    876.9
     1     1    21     2    21     8     0     2  -106.0   34.328  110.900    276.3    889.5
     1     1    21     2    21     7     0     1  -107.0   34.428  110.734    212.0    902.6
     1     1    21     2    21     6     0     0  -108.0   34.516  110.533    183.0    910.1
     1     1    21     2    21     5     0     1  -109.0   34.591  110.308    194.1    913.0
     1     1    21     2    21     4     0     2  -110.0   34.655  110.068    244.9    911.6
     1     1    21     2    21     3     0     3  -111.0   34.731  109.814    324.0    900.0
     1     1    21     2    21     2     0     2  -112.0   34.841  109.558    427.2    885.1
     1     1    21     2    21     1     0     1  -113.0   35.027  109.287    593.7    862.6
     1     1    21     2    21     0     0     0  -114.0   35.317  109.013    792.7    816.6
     1     1    21     2    20    23     0     1  -115.0   35.647  108.744    898.4    787.6
     1     1    21     2    20    22     0     2  -116.0   36.021  108.412    890.1    780.4
     1     1    21     2    20    21     0     3  -117.0   36.429  108.024    815.6    779.7
     1     1    21     2    20    20     0     2  -118.0   36.824  107.575    849.8    774.3
     1     1    21     2    20    19     0     1  -119.0   37.224  107.083   1082.6    744.3
     1     1    21     2    20    18     0     0  -120.0   37.618  106.618   1291.7    720.0
