     5     1
    GDAS    21     2     1     0     0
    GDAS    21     2     8     0     0
    GDAS    21     2    15     0     0
    GDAS    21     2    22     0     0
    GDAS    21     3     1     0     0
     1 BACKWARD OMEGA   
    21     2    15     6   37.820  111.540  1000.0
     1 PRESSURE
     1     1    21     2    15     6     0     0     0.0   37.820  111.540   1000.0    773.6
     1     1    21     2    15     5     0     1    -1.0   38.044  111.115   1048.5    776.0
     1     1    21     2    15     4     0     2    -2.0   38.267  110.736   1068.8    781.0
     1     1    21     2    15     3     0     3    -3.0   38.502  110.348   1083.8    779.4
     1     1    21     2    15     2     0     2    -4.0   38.760  109.930   1109.9    767.7
     1     1    21     2    15     1     0     1    -5.0   39.031  109.480   1135.0    756.4
     1     1    21     2    15     0     0     0    -6.0   39.320  108.997   1176.5    746.4
     1     1    21     2    14    23     0     1    -7.0   39.626  108.487   1243.2    737.4
     1     1    21     2    14    22     0     2    -8.0   39.912  107.969   1295.6    741.7
     1     1    21     2    14    21     0     3    -9.0   40.183  107.443   1374.5    736.5
     1     1    21     2    14    20     0     2   -10.0   40.490  106.917   1527.5    719.2
     1     1    21     2    14    19     0     1   -11.0   40.842  106.417   1667.5    705.2
     1     1    21     2    14    18     0     0   -12.0   41.220  105.946   1800.6    696.2
     1     1    21     2    14    17     0     1   -13.0   41.623  105.488   1895.5    688.4
     1     1    21     2    14    16     0     2   -14.0   42.056  105.037   1828.4    692.4
     1     1    21     2    14    15     0     3   -15.0   42.500  104.568   1764.0    698.3
     1     1    21     2    14    14     0     2   -16.0   42.945  104.073   1804.9    676.8
     1     1    21     2    14    13     0     1   -17.0   43.374  103.570   1830.5    676.0
     1     1    21     2    14    12     0     0   -18.0   43.813  103.092   1782.3    678.3
     1     1    21     2    14    11     0     1   -19.0   44.221  102.611   1742.8    695.0
     1     1    21     2    14    10     0     2   -20.0   44.576  102.080   1741.3    700.0
     1     1    21     2    14     9     0     3   -21.0   44.927  101.526   1746.9    683.6
     1     1    21     2    14     8     0     2   -22.0   45.324  101.017   1780.3    666.3
     1     1    21     2    14     7     0     1   -23.0   45.840  100.595   1884.5    637.1
     1     1    21     2    14     6     0     0   -24.0   46.494  100.181   2059.0    592.3
     1     1    21     2    14     5     0     1   -25.0   47.287   99.660   2331.4    542.9
     1     1    21     2    14     4     0     2   -26.0   48.133   99.032   2467.3    539.6
     1     1    21     2    14     3     0     3   -27.0   48.970   98.334   2477.5    554.1
     1     1    21     2    14     2     0     2   -28.0   49.791   97.586   2631.9    542.1
     1     1    21     2    14     1     0     1   -29.0   50.629   96.762   3014.7    545.1
     1     1    21     2    14     0     0     0   -30.0   51.411   95.860   3030.5    562.4
     1     1    21     2    13    23     0     1   -31.0   52.157   94.892   2907.0    578.2
     1     1    21     2    13    22     0     2   -32.0   52.780   93.887   2874.9    607.2
     1     1    21     2    13    21     0     3   -33.0   53.261   92.877   2855.9    644.8
     1     1    21     2    13    20     0     2   -34.0   53.609   91.899   2780.5    665.7
     1     1    21     2    13    19     0     1   -35.0   53.908   90.971   2708.4    670.2
     1     1    21     2    13    18     0     0   -36.0   54.246   90.070   2609.6    656.3
     1     1    21     2    13    17     0     1   -37.0   54.621   89.164   2526.1    657.8
     1     1    21     2    13    16     0     2   -38.0   54.976   88.241   2484.7    678.3
     1     1    21     2    13    15     0     3   -39.0   55.259   87.327   2501.0    709.6
     1     1    21     2    13    14     0     2   -40.0   55.470   86.469   2476.6    723.0
     1     1    21     2    13    13     0     1   -41.0   55.674   85.598   2451.9    726.5
     1     1    21     2    13    12     0     0   -42.0   55.849   84.712   2410.6    735.8
     1     1    21     2    13    11     0     1   -43.0   55.997   83.833   2359.5    745.7
     1     1    21     2    13    10     0     2   -44.0   56.146   82.981   2332.2    744.1
     1     1    21     2    13     9     0     3   -45.0   56.276   82.143   2331.1    744.4
     1     1    21     2    13     8     0     2   -46.0   56.393   81.313   2328.6    743.7
     1     1    21     2    13     7     0     1   -47.0   56.519   80.490   2324.4    743.2
     1     1    21     2    13     6     0     0   -48.0   56.627   79.699   2310.3    744.9
     1     1    21     2    13     5     0     1   -49.0   56.730   78.920   2304.0    745.4
     1     1    21     2    13     4     0     2   -50.0   56.836   78.143   2294.8    746.1
     1     1    21     2    13     3     0     3   -51.0   56.926   77.378   2288.4    747.2
     1     1    21     2    13     2     0     2   -52.0   57.002   76.629   2288.0    746.8
     1     1    21     2    13     1     0     1   -53.0   57.068   75.894   2286.7    747.6
     1     1    21     2    13     0     0     0   -54.0   57.105   75.167   2268.6    751.7
     1     1    21     2    12    23     0     1   -55.0   57.119   74.468   2233.0    758.5
     1     1    21     2    12    22     0     2   -56.0   57.120   73.810   2201.6    761.8
     1     1    21     2    12    21     0     3   -57.0   57.091   73.204   2181.1    764.7
     1     1    21     2    12    20     0     2   -58.0   57.050   72.648   2173.4    764.9
     1     1    21     2    12    19     0     1   -59.0   57.021   72.143   2169.0    764.7
     1     1    21     2    12    18     0     0   -60.0   56.990   71.697   2153.0    765.4
     1     1    21     2    12    17     0     1   -61.0   56.957   71.293   2128.0    768.7
     1     1    21     2    12    16     0     2   -62.0   56.924   70.907   2111.3    770.8
     1     1    21     2    12    15     0     3   -63.0   56.892   70.541   2107.5    770.6
     1     1    21     2    12    14     0     2   -64.0   56.864   70.189   2106.2    769.6
     1     1    21     2    12    13     0     1   -65.0   56.840   69.839   2103.1    770.1
     1     1    21     2    12    12     0     0   -66.0   56.814   69.488   2102.3    769.8
     1     1    21     2    12    11     0     1   -67.0   56.786   69.139   2103.8    769.5
     1     1    21     2    12    10     0     2   -68.0   56.757   68.801   2112.0    768.7
     1     1    21     2    12     9     0     3   -69.0   56.725   68.474   2132.0    766.6
     1     1    21     2    12     8     0     2   -70.0   56.696   68.155   2163.0    762.9
     1     1    21     2    12     7     0     1   -71.0   56.680   67.845   2195.9    758.8
     1     1    21     2    12     6     0     0   -72.0   56.675   67.549   2219.9    755.8
     1     1    21     2    12     5     0     1   -73.0   56.677   67.247   2231.3    754.6
     1     1    21     2    12     4     0     2   -74.0   56.681   66.920   2234.0    754.6
     1     1    21     2    12     3     0     3   -75.0   56.687   66.574   2235.2    755.3
     1     1    21     2    12     2     0     2   -76.0   56.697   66.223   2246.0    755.8
     1     1    21     2    12     1     0     1   -77.0   56.712   65.875   2275.3    753.1
     1     1    21     2    12     0     0     0   -78.0   56.731   65.520   2309.8    747.7
     1     1    21     2    11    23     0     1   -79.0   56.750   65.158   2320.4    744.4
     1     1    21     2    11    22     0     2   -80.0   56.763   64.805   2304.0    747.3
     1     1    21     2    11    21     0     3   -81.0   56.769   64.477   2281.4    751.0
     1     1    21     2    11    20     0     2   -82.0   56.773   64.164   2277.9    753.4
     1     1    21     2    11    19     0     1   -83.0   56.785   63.845   2307.5    749.4
     1     1    21     2    11    18     0     0   -84.0   56.812   63.513   2364.9    741.1
     1     1    21     2    11    17     0     1   -85.0   56.848   63.171   2431.2    730.5
     1     1    21     2    11    16     0     2   -86.0   56.881   62.825   2490.7    723.3
     1     1    21     2    11    15     0     3   -87.0   56.911   62.479   2535.3    718.1
     1     1    21     2    11    14     0     2   -88.0   56.942   62.132   2548.4    715.9
     1     1    21     2    11    13     0     1   -89.0   56.977   61.785   2532.7    715.9
     1     1    21     2    11    12     0     0   -90.0   57.015   61.439   2508.1    714.5
     1     1    21     2    11    11     0     1   -91.0   57.048   61.088   2491.8    712.6
     1     1    21     2    11    10     0     2   -92.0   57.059   60.728   2484.3    709.7
     1     1    21     2    11     9     0     3   -93.0   57.042   60.363   2464.2    708.2
     1     1    21     2    11     8     0     2   -94.0   57.015   60.010   2431.6    709.8
     1     1    21     2    11     7     0     1   -95.0   57.002   59.685   2411.0    712.3
     1     1    21     2    11     6     0     0   -96.0   57.002   59.390   2406.5    712.4
     1     1    21     2    11     5     0     1   -97.0   57.019   59.093   2417.1    711.2
     1     1    21     2    11     4     0     2   -98.0   57.059   58.762   2448.1    709.5
     1     1    21     2    11     3     0     3   -99.0   57.127   58.393   2483.9    706.6
     1     1    21     2    11     2     0     2  -100.0   57.204   58.001   2510.1    706.5
     1     1    21     2    11     1     0     1  -101.0   57.275   57.600   2536.5    706.9
     1     1    21     2    11     0     0     0  -102.0   57.340   57.181   2564.7    706.1
     1     1    21     2    10    23     0     1  -103.0   57.400   56.754   2594.0    704.6
     1     1    21     2    10    22     0     2  -104.0   57.452   56.326   2635.1    700.6
     1     1    21     2    10    21     0     3  -105.0   57.493   55.891   2687.9    695.8
     1     1    21     2    10    20     0     2  -106.0   57.535   55.467   2739.6    691.5
     1     1    21     2    10    19     0     1  -107.0   57.590   55.067   2791.1    688.8
     1     1    21     2    10    18     0     0  -108.0   57.656   54.682   2853.9    682.8
     1     1    21     2    10    17     0     1  -109.0   57.728   54.298   2914.0    674.3
     1     1    21     2    10    16     0     2  -110.0   57.808   53.910   2955.6    669.5
     1     1    21     2    10    15     0     3  -111.0   57.896   53.513   2980.9    668.0
     1     1    21     2    10    14     0     2  -112.0   57.987   53.095   2990.4    669.8
     1     1    21     2    10    13     0     1  -113.0   58.077   52.651   2993.7    668.4
     1     1    21     2    10    12     0     0  -114.0   58.167   52.189   2995.4    664.6
     1     1    21     2    10    11     0     1  -115.0   58.250   51.714   2996.7    665.4
     1     1    21     2    10    10     0     2  -116.0   58.316   51.234   2996.4    667.6
     1     1    21     2    10     9     0     3  -117.0   58.360   50.751   2984.0    669.0
     1     1    21     2    10     8     0     2  -118.0   58.398   50.279   2968.6    669.4
     1     1    21     2    10     7     0     1  -119.0   58.450   49.825   2964.7    669.5
     1     1    21     2    10     6     0     0  -120.0   58.519   49.390   2970.0    670.1
