     5     1
    GDAS    21     2     1     0     0
    GDAS    21     2     8     0     0
    GDAS    21     2    15     0     0
    GDAS    21     2    22     0     0
    GDAS    21     3     1     0     0
     1 BACKWARD OMEGA   
    21     2    26    15   44.970  -93.230   500.0
     1 PRESSURE
     1     1    21     2    26    15     0     3     0.0   44.970  -93.230    500.0    919.3
     1     1    21     2    26    14     0     2    -1.0   44.340  -93.652    504.3    920.4
     1     1    21     2    26    13     0     1    -2.0   43.717  -94.071    531.0    913.8
     1     1    21     2    26    12     0     0    -3.0   43.134  -94.467    541.3    907.4
     1     1    21     2    26    11     0     1    -4.0   42.608  -94.819    578.7    904.5
     1     1    21     2    26    10     0     2    -5.0   42.157  -95.110    667.9    895.5
     1     1    21     2    26     9     0     3    -6.0   41.782  -95.346    761.0    882.0
     1     1    21     2    26     8     0     2    -7.0   41.450  -95.536    816.7    880.3
     1     1    21     2    26     7     0     1    -8.0   41.148  -95.689    853.9    880.3
     1     1    21     2    26     6     0     0    -9.0   40.885  -95.813    891.6    878.1
     1     1    21     2    26     5     0     1   -10.0   40.665  -95.914    927.9    873.7
     1     1    21     2    26     4     0     2   -11.0   40.486  -95.994    951.1    870.6
     1     1    21     2    26     3     0     3   -12.0   40.343  -96.060    949.5    870.0
     1     1    21     2    26     2     0     2   -13.0   40.226  -96.121    932.9    873.6
     1     1    21     2    26     1     0     1   -14.0   40.130  -96.191    920.7    875.3
     1     1    21     2    26     0     0     0   -15.0   40.049  -96.277    915.7    875.8
     1     1    21     2    25    23     0     1   -16.0   39.976  -96.375    921.7    875.7
     1     1    21     2    25    22     0     2   -17.0   39.909  -96.478    944.8    873.5
     1     1    21     2    25    21     0     3   -18.0   39.855  -96.590    984.5    868.8
     1     1    21     2    25    20     0     2   -19.0   39.831  -96.702   1022.9    863.2
     1     1    21     2    25    19     0     1   -20.0   39.845  -96.803   1043.0    861.0
     1     1    21     2    25    18     0     0   -21.0   39.897  -96.895   1037.4    861.1
     1     1    21     2    25    17     0     1   -22.0   39.972  -96.986   1011.4    863.7
     1     1    21     2    25    16     0     2   -23.0   40.059  -97.087    978.9    866.3
     1     1    21     2    25    15     0     3   -24.0   40.159  -97.193    949.8    868.4
     1     1    21     2    25    14     0     2   -25.0   40.273  -97.302    940.7    869.0
     1     1    21     2    25    13     0     1   -26.0   40.397  -97.414    967.0    864.6
     1     1    21     2    25    12     0     0   -27.0   40.525  -97.532   1038.8    855.5
     1     1    21     2    25    11     0     1   -28.0   40.659  -97.673   1137.3    840.5
     1     1    21     2    25    10     0     2   -29.0   40.815  -97.838   1220.2    827.6
     1     1    21     2    25     9     0     3   -30.0   41.014  -98.005   1246.2    819.7
     1     1    21     2    25     8     0     2   -31.0   41.242  -98.162   1264.6    822.1
     1     1    21     2    25     7     0     1   -32.0   41.469  -98.338   1334.9    808.6
     1     1    21     2    25     6     0     0   -33.0   41.702  -98.525   1403.2    794.5
     1     1    21     2    25     5     0     1   -34.0   41.948  -98.727   1418.6    786.5
     1     1    21     2    25     4     0     2   -35.0   42.221  -98.959   1407.2    791.0
     1     1    21     2    25     3     0     3   -36.0   42.543  -99.242   1444.8    791.3
     1     1    21     2    25     2     0     2   -37.0   42.869  -99.581   1526.5    778.3
     1     1    21     2    25     1     0     1   -38.0   43.162  -99.949   1619.3    768.5
     1     1    21     2    25     0     0     0   -39.0   43.444 -100.322   1723.9    756.3
     1     1    21     2    24    23     0     1   -40.0   43.709 -100.694   1813.2    745.7
     1     1    21     2    24    22     0     2   -41.0   43.958 -101.067   1886.7    739.8
     1     1    21     2    24    21     0     3   -42.0   44.214 -101.411   1940.9    729.8
     1     1    21     2    24    20     0     2   -43.0   44.472 -101.722   1971.6    725.0
     1     1    21     2    24    19     0     1   -44.0   44.730 -102.006   1998.8    722.5
     1     1    21     2    24    18     0     0   -45.0   44.990 -102.247   2012.5    717.2
     1     1    21     2    24    17     0     1   -46.0   45.244 -102.488   2002.1    716.3
     1     1    21     2    24    16     0     2   -47.0   45.496 -102.757   1986.1    714.3
     1     1    21     2    24    15     0     3   -48.0   45.750 -103.015   1965.9    712.3
     1     1    21     2    24    14     0     2   -49.0   45.983 -103.270   1948.1    712.8
     1     1    21     2    24    13     0     1   -50.0   46.194 -103.565   1940.3    712.5
     1     1    21     2    24    12     0     0   -51.0   46.406 -103.885   1951.5    711.2
     1     1    21     2    24    11     0     1   -52.0   46.611 -104.199   1961.8    708.5
     1     1    21     2    24    10     0     2   -53.0   46.796 -104.500   1950.3    713.3
     1     1    21     2    24     9     0     3   -54.0   46.960 -104.790   1942.6    718.5
     1     1    21     2    24     8     0     2   -55.0   47.096 -105.072   1929.3    719.6
     1     1    21     2    24     7     0     1   -56.0   47.208 -105.338   1898.0    724.1
     1     1    21     2    24     6     0     0   -57.0   47.313 -105.583   1871.2    727.1
     1     1    21     2    24     5     0     1   -58.0   47.430 -105.836   1837.5    730.0
     1     1    21     2    24     4     0     2   -59.0   47.570 -106.123   1778.6    736.6
     1     1    21     2    24     3     0     3   -60.0   47.730 -106.433   1722.2    745.0
     1     1    21     2    24     2     0     2   -61.0   47.910 -106.729   1712.7    748.8
     1     1    21     2    24     1     0     1   -62.0   48.099 -106.992   1788.0    743.3
     1     1    21     2    24     0     0     0   -63.0   48.292 -107.254   1907.0    721.4
     1     1    21     2    23    23     0     1   -64.0   48.482 -107.531   1919.0    710.6
     1     1    21     2    23    22     0     2   -65.0   48.671 -107.800   1821.5    722.6
     1     1    21     2    23    21     0     3   -66.0   48.866 -108.042   1786.7    732.3
     1     1    21     2    23    20     0     2   -67.0   49.081 -108.296   1870.7    719.0
     1     1    21     2    23    19     0     1   -68.0   49.323 -108.599   1973.3    702.5
     1     1    21     2    23    18     0     0   -69.0   49.598 -108.930   2054.7    699.3
     1     1    21     2    23    17     0     1   -70.0   49.897 -109.267   2122.3    694.7
     1     1    21     2    23    16     0     2   -71.0   50.204 -109.614   2136.3    694.7
     1     1    21     2    23    15     0     3   -72.0   50.518 -109.977   2036.3    704.1
     1     1    21     2    23    14     0     2   -73.0   50.837 -110.325   1872.8    729.8
     1     1    21     2    23    13     0     1   -74.0   51.157 -110.680   1768.8    739.4
     1     1    21     2    23    12     0     0   -75.0   51.492 -111.085   1730.9    737.1
     1     1    21     2    23    11     0     1   -76.0   51.815 -111.503   1757.0    730.6
     1     1    21     2    23    10     0     2   -77.0   52.099 -111.931   1840.2    719.3
     1     1    21     2    23     9     0     3   -78.0   52.359 -112.406   1940.7    709.1
     1     1    21     2    23     8     0     2   -79.0   52.627 -112.906   1938.1    704.8
     1     1    21     2    23     7     0     1   -80.0   52.891 -113.429   1881.7    718.4
     1     1    21     2    23     6     0     0   -81.0   53.140 -114.017   1888.8    714.2
     1     1    21     2    23     5     0     1   -82.0   53.384 -114.634   1870.6    708.1
     1     1    21     2    23     4     0     2   -83.0   53.635 -115.224   1808.6    720.4
     1     1    21     2    23     3     0     3   -84.0   53.901 -115.831   1821.5    715.9
     1     1    21     2    23     2     0     2   -85.0   54.160 -116.492   1841.4    699.3
     1     1    21     2    23     1     0     1   -86.0   54.400 -117.219   1767.6    708.5
     1     1    21     2    23     0     0     0   -87.0   54.628 -118.021   1766.2    720.7
     1     1    21     2    22    23     0     1   -88.0   54.834 -118.921   1928.0    713.0
     1     1    21     2    22    22     0     2   -89.0   55.014 -119.974   2221.8    678.5
     1     1    21     2    22    21     0     3   -90.0   55.151 -121.266   2449.9    633.8
     1     1    21     2    22    20     0     2   -91.0   55.173 -122.606   2418.8    645.6
     1     1    21     2    22    19     0     1   -92.0   55.184 -123.760   2103.3    681.4
     1     1    21     2    22    18     0     0   -93.0   55.155 -124.859   2000.7    689.7
     1     1    21     2    22    17     0     1   -94.0   55.029 -126.006   1758.4    702.9
     1     1    21     2    22    16     0     2   -95.0   54.875 -127.035   1642.3    713.3
     1     1    21     2    22    15     0     3   -96.0   54.665 -127.959   1784.3    694.6
     1     1    21     2    22    14     0     2   -97.0   54.375 -128.886   1948.3    708.5
     1     1    21     2    22    13     0     1   -98.0   54.106 -129.702   1898.0    734.9
     1     1    21     2    22    12     0     0   -99.0   53.928 -130.341   1363.2    833.0
     1     1    21     2    22    11     0     1  -100.0   53.765 -130.942   1073.0    902.7
     1     1    21     2    22    10     0     2  -101.0   53.624 -131.602    995.5    899.5
     1     1    21     2    22     9     0     3  -102.0   53.497 -132.350   1029.5    876.7
     1     1    21     2    22     8     0     2  -103.0   53.369 -133.090    997.5    887.0
     1     1    21     2    22     7     0     1  -104.0   53.284 -133.804    937.4    901.7
     1     1    21     2    22     6     0     0  -105.0   53.231 -134.530    901.4    904.9
     1     1    21     2    22     5     0     1  -106.0   53.188 -135.295    880.6    907.4
     1     1    21     2    22     4     0     2  -107.0   53.167 -136.122    881.2    905.6
     1     1    21     2    22     3     0     3  -108.0   53.163 -136.985    865.1    906.3
     1     1    21     2    22     2     0     2  -109.0   53.159 -137.876    849.0    908.3
     1     1    21     2    22     1     0     1  -110.0   53.159 -138.808    842.1    906.3
     1     1    21     2    22     0     0     0  -111.0   53.154 -139.768    805.9    911.9
     1     1    21     2    21    23     0     1  -112.0   53.141 -140.750    816.6    909.0
     1     1    21     2    21    22     0     2  -113.0   53.116 -141.744    819.7    906.9
     1     1    21     2    21    21     0     3  -114.0   53.070 -142.752    769.0    913.6
     1     1    21     2    21    20     0     2  -115.0   53.016 -143.767    751.0    915.8
     1     1    21     2    21    19     0     1  -116.0   52.967 -144.758    756.6    910.8
     1     1    21     2    21    18     0     0  -117.0   52.912 -145.719    735.0    916.3
     1     1    21     2    21    17     0     1  -118.0   52.864 -146.691    787.4    906.9
     1     1    21     2    21    16     0     2  -119.0   52.830 -147.684    824.6    901.4
     1     1    21     2    21    15     0     3  -120.0   52.804 -148.651    827.2    901.4
