     5     1
    GDAS    21     2     1     0     0
    GDAS    21     2     8     0     0
    GDAS    21     2    15     0     0
    GDAS    21     2    22     0     0
    GDAS    21     3     1     0     0
     1 BACKWARD OMEGA   
    21     2    22    23   37.820  111.540  1000.0
     1 PRESSURE
     1     1    21     2    22    23     0     1     0.0   37.820  111.540   1000.0    777.7
     1     1    21     2    22    22     0     2    -1.0   37.571  111.263    874.9    791.9
     1     1    21     2    22    21     0     3    -2.0   37.273  111.014    813.9    793.3
     1     1    21     2    22    20     0     2    -3.0   36.955  110.776    817.9    791.4
     1     1    21     2    22    19     0     1    -4.0   36.642  110.578    836.3    792.9
     1     1    21     2    22    18     0     0    -5.0   36.310  110.422    834.5    795.0
     1     1    21     2    22    17     0     1    -6.0   35.950  110.317    797.2    801.7
     1     1    21     2    22    16     0     2    -7.0   35.616  110.332    768.4    832.5
     1     1    21     2    22    15     0     3    -8.0   35.311  110.474    816.5    853.1
     1     1    21     2    22    14     0     2    -9.0   34.997  110.681    997.8    857.9
     1     1    21     2    22    13     0     1   -10.0   34.710  110.835   1153.2    815.0
     1     1    21     2    22    12     0     0   -11.0   34.477  110.952   1188.6    803.6
     1     1    21     2    22    11     0     1   -12.0   34.294  111.085   1124.6    805.1
     1     1    21     2    22    10     0     2   -13.0   34.167  111.282    980.6    819.2
     1     1    21     2    22     9     0     3   -14.0   34.104  111.547    869.1    841.3
     1     1    21     2    22     8     0     2   -15.0   34.073  111.830    853.9    848.2
     1     1    21     2    22     7     0     1   -16.0   34.064  112.108    885.2    848.8
     1     1    21     2    22     6     0     0   -17.0   34.116  112.414    854.0    864.8
     1     1    21     2    22     5     0     1   -18.0   34.266  112.779    724.3    904.5
     1     1    21     2    22     4     0     2   -19.0   34.495  113.186    626.7    939.7
     1     1    21     2    22     3     0     3   -20.0   34.831  113.617    621.0    943.0
     1     1    21     2    22     2     0     2   -21.0   35.309  114.040    694.8    923.6
     1     1    21     2    22     1     0     1   -22.0   35.801  114.384    709.2    908.3
     1     1    21     2    22     0     0     0   -23.0   36.247  114.713    617.6    928.5
     1     1    21     2    21    23     0     1   -24.0   36.631  115.103    521.5    960.4
     1     1    21     2    21    22     0     2   -25.0   36.923  115.605    480.7    964.0
     1     1    21     2    21    21     0     3   -26.0   37.136  116.240    480.3    960.1
     1     1    21     2    21    20     0     2   -27.0   37.312  116.890    479.8    957.2
     1     1    21     2    21    19     0     1   -28.0   37.503  117.505    442.7    959.0
     1     1    21     2    21    18     0     0   -29.0   37.741  118.175    372.3    967.8
     1     1    21     2    21    17     0     1   -30.0   38.064  118.834    325.1    977.5
     1     1    21     2    21    16     0     2   -31.0   38.455  119.441    304.7    976.3
     1     1    21     2    21    15     0     3   -32.0   38.907  120.079    290.4    977.3
     1     1    21     2    21    14     0     2   -33.0   39.393  120.638    286.5    977.9
     1     1    21     2    21    13     0     1   -34.0   39.858  121.071    286.8    975.8
     1     1    21     2    21    12     0     0   -35.0   40.304  121.439    315.6    972.0
     1     1    21     2    21    11     0     1   -36.0   40.710  121.710    378.5    959.6
     1     1    21     2    21    10     0     2   -37.0   41.076  121.872    375.5    955.0
     1     1    21     2    21     9     0     3   -38.0   41.403  121.941    315.3    962.8
     1     1    21     2    21     8     0     2   -39.0   41.698  121.916    302.6    963.9
     1     1    21     2    21     7     0     1   -40.0   41.985  121.794    371.3    945.0
     1     1    21     2    21     6     0     0   -41.0   42.277  121.594    473.7    921.6
     1     1    21     2    21     5     0     1   -42.0   42.554  121.350    559.9    904.2
     1     1    21     2    21     4     0     2   -43.0   42.796  121.060    615.1    893.4
     1     1    21     2    21     3     0     3   -44.0   43.010  120.729    642.3    886.7
     1     1    21     2    21     2     0     2   -45.0   43.175  120.425    645.8    883.8
     1     1    21     2    21     1     0     1   -46.0   43.265  120.190    631.8    882.4
     1     1    21     2    21     0     0     0   -47.0   43.288  120.000    605.4    882.5
     1     1    21     2    20    23     0     1   -48.0   43.278  119.845    574.6    881.3
     1     1    21     2    20    22     0     2   -49.0   43.255  119.730    544.6    880.5
     1     1    21     2    20    21     0     3   -50.0   43.210  119.665    510.6    882.4
     1     1    21     2    20    20     0     2   -51.0   43.160  119.651    471.5    887.2
     1     1    21     2    20    19     0     1   -52.0   43.125  119.695    425.9    894.4
     1     1    21     2    20    18     0     0   -53.0   43.111  119.810    374.2    903.8
     1     1    21     2    20    17     0     1   -54.0   43.124  119.975    319.9    915.4
     1     1    21     2    20    16     0     2   -55.0   43.165  120.161    269.1    924.4
     1     1    21     2    20    15     0     3   -56.0   43.229  120.344    226.4    930.9
     1     1    21     2    20    14     0     2   -57.0   43.309  120.508    192.2    936.3
     1     1    21     2    20    13     0     1   -58.0   43.402  120.651    166.1    941.0
     1     1    21     2    20    12     0     0   -59.0   43.502  120.789    147.6    945.3
     1     1    21     2    20    11     0     1   -60.0   43.611  120.920    137.0    949.2
     1     1    21     2    20    10     0     2   -61.0   43.726  121.044    134.9    952.1
     1     1    21     2    20     9     0     3   -62.0   43.831  121.167    139.3    953.8
     1     1    21     2    20     8     0     2   -63.0   43.886  121.307    143.7    954.6
     1     1    21     2    20     7     0     1   -64.0   43.858  121.462    142.5    956.4
     1     1    21     2    20     6     0     0   -65.0   43.740  121.604    139.2    957.3
     1     1    21     2    20     5     0     1   -66.0   43.548  121.708    132.0    957.3
     1     1    21     2    20     4     0     2   -67.0   43.302  121.773    121.8    956.8
     1     1    21     2    20     3     0     3   -68.0   42.974  121.802    115.0    955.1
     1     1    21     2    20     2     0     2   -69.0   42.645  121.824    106.5    961.5
     1     1    21     2    20     1     0     1   -70.0   42.406  121.866     95.1    968.4
     1     1    21     2    20     0     0     0   -71.0   42.246  121.922     86.5    973.6
     1     1    21     2    19    23     0     1   -72.0   42.150  121.974     87.4    976.3
     1     1    21     2    19    22     0     2   -73.0   42.104  122.005    103.1    975.8
     1     1    21     2    19    21     0     3   -74.0   42.107  122.019    138.4    972.9
     1     1    21     2    19    20     0     2   -75.0   42.164  122.008    192.9    964.8
     1     1    21     2    19    19     0     1   -76.0   42.284  121.955    267.7    954.4
     1     1    21     2    19    18     0     0   -77.0   42.485  121.838    388.8    937.7
     1     1    21     2    19    17     0     1   -78.0   42.728  121.610    557.4    909.5
     1     1    21     2    19    16     0     2   -79.0   42.943  121.295    616.7    886.8
     1     1    21     2    19    15     0     3   -80.0   43.113  120.996    471.3    900.4
     1     1    21     2    19    14     0     2   -81.0   43.276  120.710    351.0    937.3
     1     1    21     2    19    13     0     1   -82.0   43.459  120.340    380.6    918.3
     1     1    21     2    19    12     0     0   -83.0   43.633  119.954    431.8    897.8
     1     1    21     2    19    11     0     1   -84.0   43.894  119.472    493.5    868.6
     1     1    21     2    19    10     0     2   -85.0   44.400  118.645    709.5    824.0
     1     1    21     2    19     9     0     3   -86.0   44.906  117.766    925.4    785.5
     1     1    21     2    19     8     0     2   -87.0   45.381  116.991    888.3    793.0
     1     1    21     2    19     7     0     1   -88.0   45.920  116.177   1067.6    780.8
     1     1    21     2    19     6     0     0   -89.0   46.500  115.298   1318.7    752.3
     1     1    21     2    19     5     0     1   -90.0   47.090  114.488   1582.7    725.1
     1     1    21     2    19     4     0     2   -91.0   47.731  113.688   1726.6    720.3
     1     1    21     2    19     3     0     3   -92.0   48.455  112.947   1815.5    712.0
     1     1    21     2    19     2     0     2   -93.0   49.244  112.074   2085.6    656.7
     1     1    21     2    19     1     0     1   -94.0   50.041  110.988   2333.0    608.4
     1     1    21     2    19     0     0     0   -95.0   50.809  109.841   2519.7    611.8
     1     1    21     2    18    23     0     1   -96.0   51.472  108.742   2379.6    669.5
     1     1    21     2    18    22     0     2   -97.0   52.134  107.544   2849.3    629.7
     1     1    21     2    18    21     0     3   -98.0   52.832  106.196   3378.4    582.9
     1     1    21     2    18    20     0     2   -99.0   53.486  104.720   3577.4    564.1
     1     1    21     2    18    19     0     1  -100.0   54.072  103.163   3661.6    579.0
     1     1    21     2    18    18     0     0  -101.0   54.580  101.649   3665.7    580.8
     1     1    21     2    18    17     0     1  -102.0   55.037  100.142   3696.0    577.2
     1     1    21     2    18    16     0     2  -103.0   55.456   98.621   3719.5    581.0
     1     1    21     2    18    15     0     3  -104.0   55.874   97.126   3742.2    584.4
     1     1    21     2    18    14     0     2  -105.0   56.260   95.639   3721.6    595.6
     1     1    21     2    18    13     0     1  -106.0   56.626   94.167   3714.6    587.6
     1     1    21     2    18    12     0     0  -107.0   57.000   92.691   3722.5    597.8
     1     1    21     2    18    11     0     1  -108.0   57.349   91.206   3774.3    594.5
     1     1    21     2    18    10     0     2  -109.0   57.637   89.730   3796.3    595.8
     1     1    21     2    18     9     0     3  -110.0   57.869   88.242   3833.5    593.9
     1     1    21     2    18     8     0     2  -111.0   58.094   86.747   3889.0    588.7
     1     1    21     2    18     7     0     1  -112.0   58.298   85.286   3947.6    585.1
     1     1    21     2    18     6     0     0  -113.0   58.462   83.851   4011.9    583.4
     1     1    21     2    18     5     0     1  -114.0   58.619   82.456   4036.2    581.2
     1     1    21     2    18     4     0     2  -115.0   58.770   81.110   4067.8    581.9
     1     1    21     2    18     3     0     3  -116.0   58.912   79.816   4059.5    577.4
     1     1    21     2    18     2     0     2  -117.0   59.049   78.547   4038.7    579.8
     1     1    21     2    18     1     0     1  -118.0   59.183   77.287   4064.0    576.7
     1     1    21     2    18     0     0     0  -119.0   59.308   76.052   4117.0    572.5
     1     1    21     2    17    23     0     1  -120.0   59.435   74.863   4166.4    567.4
