     5     1
    GDAS    21     2     1     0     0
    GDAS    21     2     8     0     0
    GDAS    21     2    15     0     0
    GDAS    21     2    22     0     0
    GDAS    21     3     1     0     0
     1 BACKWARD OMEGA   
    21     2     9    15   37.820  111.540  1000.0
     1 PRESSURE
     1     1    21     2     9    15     0     3     0.0   37.820  111.540   1000.0    779.3
     1     1    21     2     9    14     0     2    -1.0   37.985  111.313   1075.0    774.7
     1     1    21     2     9    13     0     1    -2.0   38.138  111.091   1115.4    774.5
     1     1    21     2     9    12     0     0    -3.0   38.272  110.872   1109.5    778.4
     1     1    21     2     9    11     0     1    -4.0   38.391  110.664   1083.2    783.2
     1     1    21     2     9    10     0     2    -5.0   38.498  110.459   1063.4    782.9
     1     1    21     2     9     9     0     3    -6.0   38.597  110.252   1040.6    781.1
     1     1    21     2     9     8     0     2    -7.0   38.688  110.039   1008.2    779.9
     1     1    21     2     9     7     0     1    -8.0   38.770  109.821    977.8    780.3
     1     1    21     2     9     6     0     0    -9.0   38.849  109.601    963.1    778.9
     1     1    21     2     9     5     0     1   -10.0   38.934  109.370    961.1    776.2
     1     1    21     2     9     4     0     2   -11.0   39.034  109.120    965.2    772.6
     1     1    21     2     9     3     0     3   -12.0   39.144  108.845    967.2    768.3
     1     1    21     2     9     2     0     2   -13.0   39.254  108.545    977.8    766.2
     1     1    21     2     9     1     0     1   -14.0   39.362  108.222   1006.2    763.0
     1     1    21     2     9     0     0     0   -15.0   39.473  107.887   1045.4    761.9
     1     1    21     2     8    23     0     1   -16.0   39.576  107.541   1099.2    758.6
     1     1    21     2     8    22     0     2   -17.0   39.672  107.173   1182.8    749.5
     1     1    21     2     8    21     0     3   -18.0   39.770  106.768   1304.3    736.1
     1     1    21     2     8    20     0     2   -19.0   39.855  106.357   1430.8    729.8
     1     1    21     2     8    19     0     1   -20.0   39.923  105.973   1514.8    733.2
     1     1    21     2     8    18     0     0   -21.0   39.992  105.601   1531.2    724.2
     1     1    21     2     8    17     0     1   -22.0   40.080  105.221   1516.6    712.5
     1     1    21     2     8    16     0     2   -23.0   40.186  104.835   1512.2    708.4
     1     1    21     2     8    15     0     3   -24.0   40.302  104.459   1523.5    712.4
     1     1    21     2     8    14     0     2   -25.0   40.426  104.093   1542.3    715.2
     1     1    21     2     8    13     0     1   -26.0   40.563  103.724   1563.9    710.7
     1     1    21     2     8    12     0     0   -27.0   40.718  103.346   1594.3    704.5
     1     1    21     2     8    11     0     1   -28.0   40.888  102.964   1632.7    698.2
     1     1    21     2     8    10     0     2   -29.0   41.053  102.599   1672.8    705.0
     1     1    21     2     8     9     0     3   -30.0   41.204  102.252   1710.7    713.4
     1     1    21     2     8     8     0     2   -31.0   41.346  101.917   1751.3    718.4
     1     1    21     2     8     7     0     1   -32.0   41.480  101.590   1788.1    720.4
     1     1    21     2     8     6     0     0   -33.0   41.606  101.266   1824.4    722.0
     1     1    21     2     8     5     0     1   -34.0   41.729  100.950   1871.6    722.2
     1     1    21     2     8     4     0     2   -35.0   41.850  100.651   1941.8    717.0
     1     1    21     2     8     3     0     3   -36.0   41.969  100.369   2041.0    709.9
     1     1    21     2     8     2     0     2   -37.0   42.103  100.083   2130.6    695.0
     1     1    21     2     8     1     0     1   -38.0   42.268   99.762   2161.7    679.1
     1     1    21     2     8     0     0     0   -39.0   42.454   99.390   2144.8    668.1
     1     1    21     2     7    23     0     1   -40.0   42.649   98.961   2117.7    663.8
     1     1    21     2     7    22     0     2   -41.0   42.839   98.492   2125.4    659.9
     1     1    21     2     7    21     0     3   -42.0   43.026   98.001   2182.8    652.3
     1     1    21     2     7    20     0     2   -43.0   43.207   97.508   2248.6    644.5
     1     1    21     2     7    19     0     1   -44.0   43.381   97.023   2288.8    648.8
     1     1    21     2     7    18     0     0   -45.0   43.548   96.539   2330.7    660.8
     1     1    21     2     7    17     0     1   -46.0   43.711   96.059   2386.0    666.7
     1     1    21     2     7    16     0     2   -47.0   43.880   95.585   2439.5    673.8
     1     1    21     2     7    15     0     3   -48.0   44.025   95.132   2464.9    694.1
     1     1    21     2     7    14     0     2   -49.0   44.150   94.706   2436.4    681.7
     1     1    21     2     7    13     0     1   -50.0   44.286   94.272   2459.8    660.2
     1     1    21     2     7    12     0     0   -51.0   44.451   93.819   2535.5    635.4
     1     1    21     2     7    11     0     1   -52.0   44.653   93.358   2586.7    609.0
     1     1    21     2     7    10     0     2   -53.0   44.862   92.893   2599.6    608.9
     1     1    21     2     7     9     0     3   -54.0   45.051   92.433   2601.1    617.2
     1     1    21     2     7     8     0     2   -55.0   45.219   91.997   2612.7    623.9
     1     1    21     2     7     7     0     1   -56.0   45.383   91.586   2651.6    615.5
     1     1    21     2     7     6     0     0   -57.0   45.557   91.194   2732.9    604.0
     1     1    21     2     7     5     0     1   -58.0   45.737   90.811   2810.8    600.2
     1     1    21     2     7     4     0     2   -59.0   45.914   90.421   2849.2    610.5
     1     1    21     2     7     3     0     3   -60.0   46.083   90.037   2863.3    618.5
     1     1    21     2     7     2     0     2   -61.0   46.230   89.651   2899.7    620.7
     1     1    21     2     7     1     0     1   -62.0   46.349   89.254   2984.0    623.9
     1     1    21     2     7     0     0     0   -63.0   46.448   88.854   3102.2    625.1
     1     1    21     2     6    23     0     1   -64.0   46.532   88.464   3196.3    619.2
     1     1    21     2     6    22     0     2   -65.0   46.586   88.101   3237.0    622.5
     1     1    21     2     6    21     0     3   -66.0   46.608   87.760   3247.7    624.4
     1     1    21     2     6    20     0     2   -67.0   46.621   87.419   3255.1    622.3
     1     1    21     2     6    19     0     1   -68.0   46.639   87.069   3256.1    619.9
     1     1    21     2     6    18     0     0   -69.0   46.671   86.715   3229.0    604.0
     1     1    21     2     6    17     0     1   -70.0   46.726   86.357   3202.7    578.1
     1     1    21     2     6    16     0     2   -71.0   46.802   86.001   3173.9    545.3
     1     1    21     2     6    15     0     3   -72.0   46.880   85.638   3193.2    532.0
     1     1    21     2     6    14     0     2   -73.0   46.944   85.224   3232.6    520.8
     1     1    21     2     6    13     0     1   -74.0   47.001   84.754   3303.5    517.9
     1     1    21     2     6    12     0     0   -75.0   47.066   84.259   3416.4    534.7
     1     1    21     2     6    11     0     1   -76.0   47.113   83.747   3486.2    547.2
     1     1    21     2     6    10     0     2   -77.0   47.115   83.210   3463.4    564.5
     1     1    21     2     6     9     0     3   -78.0   47.069   82.661   3345.6    586.9
     1     1    21     2     6     8     0     2   -79.0   46.986   82.118   3237.1    617.9
     1     1    21     2     6     7     0     1   -80.0   46.890   81.617   3181.4    630.1
     1     1    21     2     6     6     0     0   -81.0   46.775   81.174   3059.4    639.7
     1     1    21     2     6     5     0     1   -82.0   46.644   80.747   2871.9    661.0
     1     1    21     2     6     4     0     2   -83.0   46.506   80.319   2700.2    683.5
     1     1    21     2     6     3     0     3   -84.0   46.366   79.910   2579.4    701.1
     1     1    21     2     6     2     0     2   -85.0   46.223   79.514   2499.3    708.1
     1     1    21     2     6     1     0     1   -86.0   46.078   79.126   2470.1    713.7
     1     1    21     2     6     0     0     0   -87.0   45.937   78.746   2464.2    706.3
     1     1    21     2     5    23     0     1   -88.0   45.797   78.370   2421.6    704.6
     1     1    21     2     5    22     0     2   -89.0   45.655   78.011   2340.1    723.4
     1     1    21     2     5    21     0     3   -90.0   45.517   77.679   2230.5    735.5
     1     1    21     2     5    20     0     2   -91.0   45.387   77.377   2136.1    746.0
     1     1    21     2     5    19     0     1   -92.0   45.265   77.107   2086.7    752.3
     1     1    21     2     5    18     0     0   -93.0   45.146   76.861   2091.1    751.7
     1     1    21     2     5    17     0     1   -94.0   45.034   76.619   2100.1    746.0
     1     1    21     2     5    16     0     2   -95.0   44.938   76.383   2075.2    748.1
     1     1    21     2     5    15     0     3   -96.0   44.857   76.162   2038.3    751.1
     1     1    21     2     5    14     0     2   -97.0   44.788   75.944   2008.5    753.0
     1     1    21     2     5    13     0     1   -98.0   44.723   75.714   1988.8    752.4
     1     1    21     2     5    12     0     0   -99.0   44.662   75.474   1972.1    751.0
     1     1    21     2     5    11     0     1  -100.0   44.608   75.224   1962.2    749.1
     1     1    21     2     5    10     0     2  -101.0   44.562   74.966   1965.1    745.8
     1     1    21     2     5     9     0     3  -102.0   44.517   74.703   1980.0    746.2
     1     1    21     2     5     8     0     2  -103.0   44.471   74.445   1991.0    747.7
     1     1    21     2     5     7     0     1  -104.0   44.421   74.202   1994.8    751.2
     1     1    21     2     5     6     0     0  -105.0   44.364   73.978   1996.1    754.7
     1     1    21     2     5     5     0     1  -106.0   44.305   73.768   1993.7    754.8
     1     1    21     2     5     4     0     2  -107.0   44.252   73.565   1989.8    755.7
     1     1    21     2     5     3     0     3  -108.0   44.208   73.377   1983.4    757.3
     1     1    21     2     5     2     0     2  -109.0   44.173   73.199   1971.2    759.6
     1     1    21     2     5     1     0     1  -110.0   44.148   73.024   1950.4    763.1
     1     1    21     2     5     0     0     0  -111.0   44.131   72.852   1918.3    766.7
     1     1    21     2     4    23     0     1  -112.0   44.113   72.690   1883.5    771.7
     1     1    21     2     4    22     0     2  -113.0   44.088   72.543   1853.9    774.8
     1     1    21     2     4    21     0     3  -114.0   44.061   72.410   1824.2    777.7
     1     1    21     2     4    20     0     2  -115.0   44.032   72.294   1791.3    781.0
     1     1    21     2     4    19     0     1  -116.0   43.999   72.200   1760.9    784.5
     1     1    21     2     4    18     0     0  -117.0   43.964   72.126   1744.1    785.6
     1     1    21     2     4    17     0     1  -118.0   43.935   72.052   1748.6    784.6
     1     1    21     2     4    16     0     2  -119.0   43.918   71.961   1777.9    781.9
     1     1    21     2     4    15     0     3  -120.0   43.913   71.857   1829.9    777.7
