     5     1
    GDAS    21     2     1     0     0
    GDAS    21     2     8     0     0
    GDAS    21     2    15     0     0
    GDAS    21     2    22     0     0
    GDAS    21     3     1     0     0
     1 BACKWARD OMEGA   
    21     2    21     6   44.970  -93.230   500.0
     1 PRESSURE
     1     1    21     2    21     6     0     0     0.0   44.970  -93.230    500.0    924.4
     1     1    21     2    21     5     0     1    -1.0   44.594  -93.343    529.1    918.1
     1     1    21     2    21     4     0     2    -2.0   44.230  -93.435    560.5    911.0
     1     1    21     2    21     3     0     3    -3.0   43.869  -93.513    576.4    907.9
     1     1    21     2    21     2     0     2    -4.0   43.531  -93.560    585.1    909.0
     1     1    21     2    21     1     0     1    -5.0   43.239  -93.574    597.6    907.3
     1     1    21     2    21     0     0     0    -6.0   42.985  -93.568    610.7    905.7
     1     1    21     2    20    23     0     1    -7.0   42.739  -93.577    631.2    905.2
     1     1    21     2    20    22     0     2    -8.0   42.494  -93.638    663.5    901.3
     1     1    21     2    20    21     0     3    -9.0   42.260  -93.755    699.5    896.8
     1     1    21     2    20    20     0     2   -10.0   42.035  -93.906    729.1    892.0
     1     1    21     2    20    19     0     1   -11.0   41.799  -94.069    734.9    890.0
     1     1    21     2    20    18     0     0   -12.0   41.541  -94.241    710.8    892.7
     1     1    21     2    20    17     0     1   -13.0   41.284  -94.399    676.6    899.1
     1     1    21     2    20    16     0     2   -14.0   41.050  -94.533    651.6    903.0
     1     1    21     2    20    15     0     3   -15.0   40.833  -94.648    636.7    906.3
     1     1    21     2    20    14     0     2   -16.0   40.636  -94.762    620.0    908.5
     1     1    21     2    20    13     0     1   -17.0   40.468  -94.883    593.8    913.0
     1     1    21     2    20    12     0     0   -18.0   40.335  -95.020    563.9    917.5
     1     1    21     2    20    11     0     1   -19.0   40.225  -95.191    539.8    921.0
     1     1    21     2    20    10     0     2   -20.0   40.125  -95.422    523.6    921.5
     1     1    21     2    20     9     0     3   -21.0   40.030  -95.733    504.1    921.3
     1     1    21     2    20     8     0     2   -22.0   39.919  -96.099    472.6    922.4
     1     1    21     2    20     7     0     1   -23.0   39.773  -96.466    439.4    926.0
     1     1    21     2    20     6     0     0   -24.0   39.595  -96.838    411.4    928.4
     1     1    21     2    20     5     0     1   -25.0   39.381  -97.194    378.6    929.6
     1     1    21     2    20     4     0     2   -26.0   39.126  -97.503    346.3    931.7
     1     1    21     2    20     3     0     3   -27.0   38.832  -97.780    327.9    930.1
     1     1    21     2    20     2     0     2   -28.0   38.527  -98.003    326.6    927.6
     1     1    21     2    20     1     0     1   -29.0   38.236  -98.166    336.7    924.0
     1     1    21     2    20     0     0     0   -30.0   37.952  -98.284    349.2    921.0
     1     1    21     2    19    23     0     1   -31.0   37.681  -98.390    361.4    920.2
     1     1    21     2    19    22     0     2   -32.0   37.432  -98.506    372.4    919.5
     1     1    21     2    19    21     0     3   -33.0   37.207  -98.641    385.5    918.4
     1     1    21     2    19    20     0     2   -34.0   37.003  -98.789    401.1    916.6
     1     1    21     2    19    19     0     1   -35.0   36.804  -98.947    414.8    912.0
     1     1    21     2    19    18     0     0   -36.0   36.593  -99.119    428.9    907.3
     1     1    21     2    19    17     0     1   -37.0   36.380  -99.307    454.2    901.2
     1     1    21     2    19    16     0     2   -38.0   36.179  -99.514    491.9    892.1
     1     1    21     2    19    15     0     3   -39.0   36.004  -99.734    535.3    882.9
     1     1    21     2    19    14     0     2   -40.0   35.863  -99.953    573.8    876.6
     1     1    21     2    19    13     0     1   -41.0   35.754 -100.155    594.0    872.4
     1     1    21     2    19    12     0     0   -42.0   35.672 -100.349    597.3    869.9
     1     1    21     2    19    11     0     1   -43.0   35.606 -100.536    594.8    868.0
     1     1    21     2    19    10     0     2   -44.0   35.551 -100.717    594.3    865.2
     1     1    21     2    19     9     0     3   -45.0   35.512 -100.893    598.8    861.8
     1     1    21     2    19     8     0     2   -46.0   35.489 -101.062    612.4    857.2
     1     1    21     2    19     7     0     1   -47.0   35.483 -101.220    637.8    850.4
     1     1    21     2    19     6     0     0   -48.0   35.494 -101.370    675.6    842.4
     1     1    21     2    19     5     0     1   -49.0   35.516 -101.521    724.5    832.8
     1     1    21     2    19     4     0     2   -50.0   35.539 -101.685    780.9    822.2
     1     1    21     2    19     3     0     3   -51.0   35.560 -101.865    839.5    811.2
     1     1    21     2    19     2     0     2   -52.0   35.576 -102.049    893.0    800.3
     1     1    21     2    19     1     0     1   -53.0   35.585 -102.219    936.1    792.1
     1     1    21     2    19     0     0     0   -54.0   35.585 -102.370    968.3    785.8
     1     1    21     2    18    23     0     1   -55.0   35.584 -102.497    996.9    780.7
     1     1    21     2    18    22     0     2   -56.0   35.589 -102.595   1028.0    775.3
     1     1    21     2    18    21     0     3   -57.0   35.599 -102.663   1060.1    770.5
     1     1    21     2    18    20     0     2   -58.0   35.617 -102.694   1084.6    767.0
     1     1    21     2    18    19     0     1   -59.0   35.651 -102.682   1092.4    766.9
     1     1    21     2    18    18     0     0   -60.0   35.703 -102.621   1083.7    769.2
     1     1    21     2    18    17     0     1   -61.0   35.777 -102.526   1076.7    772.8
     1     1    21     2    18    16     0     2   -62.0   35.870 -102.418   1088.9    773.1
     1     1    21     2    18    15     0     3   -63.0   35.986 -102.302   1118.3    771.8
     1     1    21     2    18    14     0     2   -64.0   36.123 -102.178   1119.0    768.6
     1     1    21     2    18    13     0     1   -65.0   36.287 -102.040   1063.2    777.9
     1     1    21     2    18    12     0     0   -66.0   36.487 -101.893    986.5    790.0
     1     1    21     2    18    11     0     1   -67.0   36.709 -101.755    933.4    801.6
     1     1    21     2    18    10     0     2   -68.0   36.933 -101.649    921.2    804.4
     1     1    21     2    18     9     0     3   -69.0   37.150 -101.574    926.1    804.1
     1     1    21     2    18     8     0     2   -70.0   37.345 -101.506    926.9    805.1
     1     1    21     2    18     7     0     1   -71.0   37.513 -101.428    923.1    807.3
     1     1    21     2    18     6     0     0   -72.0   37.658 -101.340    920.7    809.0
     1     1    21     2    18     5     0     1   -73.0   37.797 -101.242    923.8    809.8
     1     1    21     2    18     4     0     2   -74.0   37.949 -101.136    932.5    809.2
     1     1    21     2    18     3     0     3   -75.0   38.119 -101.026    940.8    808.6
     1     1    21     2    18     2     0     2   -76.0   38.310 -100.927    938.7    808.8
     1     1    21     2    18     1     0     1   -77.0   38.521 -100.853    928.8    811.1
     1     1    21     2    18     0     0     0   -78.0   38.756 -100.804    926.3    812.4
     1     1    21     2    17    23     0     1   -79.0   39.002 -100.784    944.9    810.9
     1     1    21     2    17    22     0     2   -80.0   39.238 -100.794    973.9    805.6
     1     1    21     2    17    21     0     3   -81.0   39.465 -100.835   1000.1    801.7
     1     1    21     2    17    20     0     2   -82.0   39.692 -100.903   1022.4    797.8
     1     1    21     2    17    19     0     1   -83.0   39.926 -100.999   1046.3    794.3
     1     1    21     2    17    18     0     0   -84.0   40.153 -101.117   1075.9    789.2
     1     1    21     2    17    17     0     1   -85.0   40.369 -101.238   1104.0    783.8
     1     1    21     2    17    16     0     2   -86.0   40.587 -101.358   1138.3    778.6
     1     1    21     2    17    15     0     3   -87.0   40.814 -101.489   1196.5    770.0
     1     1    21     2    17    14     0     2   -88.0   41.052 -101.648   1261.4    756.6
     1     1    21     2    17    13     0     1   -89.0   41.299 -101.838   1291.4    746.9
     1     1    21     2    17    12     0     0   -90.0   41.563 -102.051   1274.0    742.7
     1     1    21     2    17    11     0     1   -91.0   41.833 -102.303   1243.8    744.9
     1     1    21     2    17    10     0     2   -92.0   42.090 -102.598   1246.6    744.8
     1     1    21     2    17     9     0     3   -93.0   42.339 -102.905   1291.2    744.1
     1     1    21     2    17     8     0     2   -94.0   42.580 -103.208   1344.0    739.2
     1     1    21     2    17     7     0     1   -95.0   42.830 -103.520   1401.7    734.8
     1     1    21     2    17     6     0     0   -96.0   43.135 -103.876   1539.2    712.4
     1     1    21     2    17     5     0     1   -97.0   43.474 -104.312   1736.9    667.0
     1     1    21     2    17     4     0     2   -98.0   43.798 -104.820   1933.8    652.2
     1     1    21     2    17     3     0     3   -99.0   44.123 -105.392   2134.5    644.2
     1     1    21     2    17     2     0     2  -100.0   44.425 -105.951   2222.3    635.4
     1     1    21     2    17     1     0     1  -101.0   44.707 -106.496   2170.1    637.2
     1     1    21     2    17     0     0     0  -102.0   45.004 -107.096   2048.2    651.8
     1     1    21     2    16    23     0     1  -103.0   45.311 -107.682   1889.7    656.3
     1     1    21     2    16    22     0     2  -104.0   45.591 -108.227   1812.6    672.9
     1     1    21     2    16    21     0     3  -105.0   45.833 -108.760   1759.3    690.4
     1     1    21     2    16    20     0     2  -106.0   46.062 -109.319   1707.8    683.8
     1     1    21     2    16    19     0     1  -107.0   46.311 -109.874   1734.5    676.0
     1     1    21     2    16    18     0     0  -108.0   46.581 -110.411   1768.6    648.7
     1     1    21     2    16    17     0     1  -109.0   46.855 -110.940   1666.9    635.2
     1     1    21     2    16    16     0     2  -110.0   47.116 -111.431   1511.0    678.6
     1     1    21     2    16    15     0     3  -111.0   47.347 -111.873   1389.4    717.9
     1     1    21     2    16    14     0     2  -112.0   47.547 -112.303   1324.7    717.0
     1     1    21     2    16    13     0     1  -113.0   47.744 -112.777   1308.4    686.3
     1     1    21     2    16    12     0     0  -114.0   47.936 -113.285   1280.6    678.2
     1     1    21     2    16    11     0     1  -115.0   48.052 -113.722   1192.7    714.6
     1     1    21     2    16    10     0     2  -116.0   48.089 -114.048   1084.7    745.4
     1     1    21     2    16     9     0     3  -117.0   48.092 -114.300    998.8    754.8
     1     1    21     2    16     8     0     2  -118.0   48.092 -114.556    932.7    757.8
     1     1    21     2    16     7     0     1  -119.0   48.086 -114.823    876.9    764.7
     1     1    21     2    16     6     0     0  -120.0   48.077 -115.090    851.0    768.6
