     5     1
    GDAS    21     2     1     0     0
    GDAS    21     2     8     0     0
    GDAS    21     2    15     0     0
    GDAS    21     2    22     0     0
    GDAS    21     3     1     0     0
     1 BACKWARD OMEGA   
    21     2    26    23   37.820  111.540  1000.0
     1 PRESSURE
     1     1    21     2    26    23     0     1     0.0   37.820  111.540   1000.0    774.1
     1     1    21     2    26    22     0     2    -1.0   37.443  111.578    984.6    779.4
     1     1    21     2    26    21     0     3    -2.0   37.113  111.610   1046.2    774.6
     1     1    21     2    26    20     0     2    -3.0   36.787  111.639   1155.2    762.5
     1     1    21     2    26    19     0     1    -4.0   36.437  111.679   1229.8    752.9
     1     1    21     2    26    18     0     0    -5.0   36.056  111.750   1194.3    755.0
     1     1    21     2    26    17     0     1    -6.0   35.669  111.908   1178.0    794.4
     1     1    21     2    26    16     0     2    -7.0   35.344  112.142   1161.3    817.4
     1     1    21     2    26    15     0     3    -8.0   35.130  112.428   1084.1    847.8
     1     1    21     2    26    14     0     2    -9.0   35.039  112.733    934.2    886.7
     1     1    21     2    26    13     0     1   -10.0   35.045  113.037    784.2    919.5
     1     1    21     2    26    12     0     0   -11.0   35.091  113.314    687.9    929.2
     1     1    21     2    26    11     0     1   -12.0   35.156  113.562    628.3    930.8
     1     1    21     2    26    10     0     2   -13.0   35.251  113.789    587.4    933.3
     1     1    21     2    26     9     0     3   -14.0   35.389  114.003    566.9    935.5
     1     1    21     2    26     8     0     2   -15.0   35.546  114.192    574.8    934.9
     1     1    21     2    26     7     0     1   -16.0   35.702  114.344    610.8    931.3
     1     1    21     2    26     6     0     0   -17.0   35.855  114.458    663.0    926.2
     1     1    21     2    26     5     0     1   -18.0   36.005  114.561    706.0    921.5
     1     1    21     2    26     4     0     2   -19.0   36.164  114.683    712.2    923.2
     1     1    21     2    26     3     0     3   -20.0   36.346  114.832    680.3    933.6
     1     1    21     2    26     2     0     2   -21.0   36.556  114.996    644.6    949.9
     1     1    21     2    26     1     0     1   -22.0   36.765  115.161    638.6    951.7
     1     1    21     2    26     0     0     0   -23.0   36.948  115.321    677.2    947.2
     1     1    21     2    25    23     0     1   -24.0   37.112  115.477    730.0    936.7
     1     1    21     2    25    22     0     2   -25.0   37.276  115.633    768.5    932.3
     1     1    21     2    25    21     0     3   -26.0   37.454  115.792    802.0    929.0
     1     1    21     2    25    20     0     2   -27.0   37.657  115.954    822.2    925.1
     1     1    21     2    25    19     0     1   -28.0   37.874  116.115    808.1    926.4
     1     1    21     2    25    18     0     0   -29.0   38.090  116.265    762.9    932.5
     1     1    21     2    25    17     0     1   -30.0   38.278  116.386    734.9    940.9
     1     1    21     2    25    16     0     2   -31.0   38.440  116.466    753.2    937.7
     1     1    21     2    25    15     0     3   -32.0   38.592  116.500    798.9    932.0
     1     1    21     2    25    14     0     2   -33.0   38.728  116.494    841.7    924.3
     1     1    21     2    25    13     0     1   -34.0   38.837  116.468    865.3    922.0
     1     1    21     2    25    12     0     0   -35.0   38.921  116.429    878.5    920.6
     1     1    21     2    25    11     0     1   -36.0   38.987  116.402    888.5    919.6
     1     1    21     2    25    10     0     2   -37.0   39.041  116.413    903.5    916.5
     1     1    21     2    25     9     0     3   -38.0   39.086  116.457    928.9    912.2
     1     1    21     2    25     8     0     2   -39.0   39.129  116.510    953.4    906.7
     1     1    21     2    25     7     0     1   -40.0   39.164  116.553    957.9    905.1
     1     1    21     2    25     6     0     0   -41.0   39.188  116.593    939.2    906.7
     1     1    21     2    25     5     0     1   -42.0   39.198  116.637    912.5    912.7
     1     1    21     2    25     4     0     2   -43.0   39.194  116.684    894.2    915.9
     1     1    21     2    25     3     0     3   -44.0   39.176  116.737    882.5    918.5
     1     1    21     2    25     2     0     2   -45.0   39.153  116.792    867.1    919.4
     1     1    21     2    25     1     0     1   -46.0   39.138  116.848    840.1    922.7
     1     1    21     2    25     0     0     0   -47.0   39.127  116.905    805.8    926.8
     1     1    21     2    24    23     0     1   -48.0   39.110  116.959    757.6    931.5
     1     1    21     2    24    22     0     2   -49.0   39.073  117.014    688.5    940.1
     1     1    21     2    24    21     0     3   -50.0   39.017  117.085    610.0    950.3
     1     1    21     2    24    20     0     2   -51.0   38.956  117.170    556.9    959.4
     1     1    21     2    24    19     0     1   -52.0   38.911  117.248    545.7    959.6
     1     1    21     2    24    18     0     0   -53.0   38.882  117.313    563.0    956.9
     1     1    21     2    24    17     0     1   -54.0   38.865  117.357    585.1    952.1
     1     1    21     2    24    16     0     2   -55.0   38.849  117.380    591.1    951.6
     1     1    21     2    24    15     0     3   -56.0   38.834  117.388    581.8    952.8
     1     1    21     2    24    14     0     2   -57.0   38.815  117.384    571.7    955.1
     1     1    21     2    24    13     0     1   -58.0   38.794  117.369    575.5    954.0
     1     1    21     2    24    12     0     0   -59.0   38.773  117.339    592.4    951.6
     1     1    21     2    24    11     0     1   -60.0   38.739  117.302    594.1    948.3
     1     1    21     2    24    10     0     2   -61.0   38.685  117.278    550.9    953.2
     1     1    21     2    24     9     0     3   -62.0   38.612  117.270    473.9    963.4
     1     1    21     2    24     8     0     2   -63.0   38.539  117.282    405.5    975.6
     1     1    21     2    24     7     0     1   -64.0   38.483  117.310    370.9    979.2
     1     1    21     2    24     6     0     0   -65.0   38.443  117.346    364.1    979.7
     1     1    21     2    24     5     0     1   -66.0   38.398  117.387    365.7    978.4
     1     1    21     2    24     4     0     2   -67.0   38.331  117.434    359.7    980.2
     1     1    21     2    24     3     0     3   -68.0   38.236  117.489    350.4    982.5
     1     1    21     2    24     2     0     2   -69.0   38.114  117.554    340.0    983.7
     1     1    21     2    24     1     0     1   -70.0   37.967  117.636    327.1    985.1
     1     1    21     2    24     0     0     0   -71.0   37.804  117.741    315.7    987.0
     1     1    21     2    23    23     0     1   -72.0   37.639  117.869    307.6    988.0
     1     1    21     2    23    22     0     2   -73.0   37.482  118.018    303.9    989.1
     1     1    21     2    23    21     0     3   -74.0   37.342  118.185    300.7    989.0
     1     1    21     2    23    20     0     2   -75.0   37.223  118.375    295.3    990.4
     1     1    21     2    23    19     0     1   -76.0   37.118  118.585    292.5    991.0
     1     1    21     2    23    18     0     0   -77.0   37.019  118.808    299.9    991.1
     1     1    21     2    23    17     0     1   -78.0   36.909  119.033    315.3    986.1
     1     1    21     2    23    16     0     2   -79.0   36.800  119.249    339.3    980.0
     1     1    21     2    23    15     0     3   -80.0   36.704  119.454    384.4    971.6
     1     1    21     2    23    14     0     2   -81.0   36.632  119.668    458.7    961.1
     1     1    21     2    23    13     0     1   -82.0   36.588  119.890    568.1    944.8
     1     1    21     2    23    12     0     0   -83.0   36.571  120.099    676.6    928.2
     1     1    21     2    23    11     0     1   -84.0   36.586  120.296    773.7    919.2
     1     1    21     2    23    10     0     2   -85.0   36.635  120.479    873.9    909.3
     1     1    21     2    23     9     0     3   -86.0   36.699  120.635    981.5    896.4
     1     1    21     2    23     8     0     2   -87.0   36.771  120.747   1071.9    882.8
     1     1    21     2    23     7     0     1   -88.0   36.854  120.829   1125.0    876.0
     1     1    21     2    23     6     0     0   -89.0   36.947  120.904   1136.7    872.8
     1     1    21     2    23     5     0     1   -90.0   37.070  120.985   1133.6    877.2
     1     1    21     2    23     4     0     2   -91.0   37.242  121.059   1148.3    880.5
     1     1    21     2    23     3     0     3   -92.0   37.471  121.117   1182.1    881.2
     1     1    21     2    23     2     0     2   -93.0   37.751  121.143   1238.2    879.4
     1     1    21     2    23     1     0     1   -94.0   38.068  121.120   1327.7    873.4
     1     1    21     2    23     0     0     0   -95.0   38.418  121.018   1466.5    859.1
     1     1    21     2    22    23     0     1   -96.0   38.775  120.799   1627.9    836.5
     1     1    21     2    22    22     0     2   -97.0   39.125  120.500   1762.7    822.3
     1     1    21     2    22    21     0     3   -98.0   39.479  120.156   1868.5    810.4
     1     1    21     2    22    20     0     2   -99.0   39.829  119.776   1929.0    801.4
     1     1    21     2    22    19     0     1  -100.0   40.166  119.357   1960.7    788.3
     1     1    21     2    22    18     0     0  -101.0   40.496  118.860   1964.2    762.3
     1     1    21     2    22    17     0     1  -102.0   40.787  118.297   1916.7    755.8
     1     1    21     2    22    16     0     2  -103.0   41.039  117.706   1826.7    757.7
     1     1    21     2    22    15     0     3  -104.0   41.272  117.106   1788.9    749.2
     1     1    21     2    22    14     0     2  -105.0   41.500  116.410   1803.2    707.5
     1     1    21     2    22    13     0     1  -106.0   41.706  115.611   1732.5    694.7
     1     1    21     2    22    12     0     0  -107.0   41.903  114.838   1750.3    685.9
     1     1    21     2    22    11     0     1  -108.0   42.068  114.074   1759.1    681.3
     1     1    21     2    22    10     0     2  -109.0   42.227  113.379   1757.9    691.6
     1     1    21     2    22     9     0     3  -110.0   42.407  112.774   1746.1    699.7
     1     1    21     2    22     8     0     2  -111.0   42.598  112.227   1735.7    704.9
     1     1    21     2    22     7     0     1  -112.0   42.793  111.701   1769.7    710.5
     1     1    21     2    22     6     0     0  -113.0   42.996  111.185   1869.1    711.3
     1     1    21     2    22     5     0     1  -114.0   43.213  110.633   1963.1    694.1
     1     1    21     2    22     4     0     2  -115.0   43.446  110.061   2023.9    693.8
     1     1    21     2    22     3     0     3  -116.0   43.701  109.495   2097.9    697.8
     1     1    21     2    22     2     0     2  -117.0   43.955  108.951   2160.1    701.7
     1     1    21     2    22     1     0     1  -118.0   44.196  108.409   2177.8    690.5
     1     1    21     2    22     0     0     0  -119.0   44.430  107.820   2182.9    678.0
     1     1    21     2    21    23     0     1  -120.0   44.661  107.185   2182.7    666.0
