     5     1
    GDAS    21     2     1     0     0
    GDAS    21     2     8     0     0
    GDAS    21     2    15     0     0
    GDAS    21     2    22     0     0
    GDAS    21     3     1     0     0
     1 BACKWARD OMEGA   
    21     2     8    23   37.820  111.540  1000.0
     1 PRESSURE
     1     1    21     2     8    23     0     1     0.0   37.820  111.540   1000.0    777.7
     1     1    21     2     8    22     0     2    -1.0   37.844  111.198    974.7    782.9
     1     1    21     2     8    21     0     3    -2.0   37.840  110.878    930.0    792.3
     1     1    21     2     8    20     0     2    -3.0   37.817  110.578    891.6    800.8
     1     1    21     2     8    19     0     1    -4.0   37.784  110.296    870.3    806.0
     1     1    21     2     8    18     0     0    -5.0   37.748  110.035    858.2    810.3
     1     1    21     2     8    17     0     1    -6.0   37.700  109.784    840.8    808.1
     1     1    21     2     8    16     0     2    -7.0   37.632  109.539    826.3    806.1
     1     1    21     2     8    15     0     3    -8.0   37.557  109.300    846.9    800.5
     1     1    21     2     8    14     0     2    -9.0   37.493  109.073    880.5    787.1
     1     1    21     2     8    13     0     1   -10.0   37.441  108.872    870.7    781.9
     1     1    21     2     8    12     0     0   -11.0   37.395  108.707    816.3    785.5
     1     1    21     2     8    11     0     1   -12.0   37.355  108.560    756.8    791.0
     1     1    21     2     8    10     0     2   -13.0   37.327  108.401    718.4    791.3
     1     1    21     2     8     9     0     3   -14.0   37.318  108.227    691.6    790.5
     1     1    21     2     8     8     0     2   -15.0   37.309  108.036    674.1    789.8
     1     1    21     2     8     7     0     1   -16.0   37.278  107.836    659.7    788.7
     1     1    21     2     8     6     0     0   -17.0   37.225  107.639    634.5    789.0
     1     1    21     2     8     5     0     1   -18.0   37.148  107.453    594.3    791.6
     1     1    21     2     8     4     0     2   -19.0   37.045  107.281    545.2    794.8
     1     1    21     2     8     3     0     3   -20.0   36.911  107.123    496.6    800.2
     1     1    21     2     8     2     0     2   -21.0   36.755  106.992    449.9    805.5
     1     1    21     2     8     1     0     1   -22.0   36.595  106.904    405.3    811.0
     1     1    21     2     8     0     0     0   -23.0   36.442  106.854    365.0    814.0
     1     1    21     2     7    23     0     1   -24.0   36.294  106.831    325.1    817.2
     1     1    21     2     7    22     0     2   -25.0   36.149  106.829    283.8    821.5
     1     1    21     2     7    21     0     3   -26.0   36.011  106.847    238.3    827.4
     1     1    21     2     7    20     0     2   -27.0   35.894  106.882    189.9    836.8
     1     1    21     2     7    19     0     1   -28.0   35.806  106.927    140.7    846.9
     1     1    21     2     7    18     0     0   -29.0   35.747  106.977     96.8    855.6
     1     1    21     2     7    17     0     1   -30.0   35.704  107.022     65.6    861.9
     1     1    21     2     7    16     0     2   -31.0   35.667  107.056     45.6    864.8
     1     1    21     2     7    15     0     3   -32.0   35.634  107.082     32.9    866.8
     1     1    21     2     7    14     0     2   -33.0   35.609  107.109     23.5    868.4
     1     1    21     2     7    13     0     1   -34.0   35.598  107.147     16.0    870.1
     1     1    21     2     7    12     0     0   -35.0   35.597  107.195     10.9    871.6
     1     1    21     2     7    11     0     1   -36.0   35.600  107.251      7.0    872.5
     1     1    21     2     7    10     0     2   -37.0   35.603  107.313      3.9    873.5
     1     1    21     2     7     9     0     3   -38.0   35.606  107.376      1.1    874.5
     1     1    21     2     7     8     0     2   -39.0   35.610  107.435      0.0    875.4
     1     1    21     2     7     7     0     1   -40.0   35.615  107.484      0.0    876.1
     1     1    21     2     7     6     0     0   -41.0   35.621  107.524      0.0    876.6
     1     1    21     2     7     5     0     1   -42.0   35.633  107.557      0.0    877.3
     1     1    21     2     7     4     0     2   -43.0   35.657  107.586      0.0    877.7
     1     1    21     2     7     3     0     3   -44.0   35.692  107.614      0.0    877.8
     1     1    21     2     7     2     0     2   -45.0   35.737  107.638      0.0    877.0
     1     1    21     2     7     1     0     1   -46.0   35.788  107.657      0.2    876.1
     1     1    21     2     7     0     0     0   -47.0   35.850  107.668      1.1    874.9
     1     1    21     2     6    23     0     1   -48.0   35.915  107.672      2.6    873.9
     1     1    21     2     6    22     0     2   -49.0   35.973  107.663      4.4    872.8
     1     1    21     2     6    21     0     3   -50.0   36.022  107.641      6.8    871.3
     1     1    21     2     6    20     0     2   -51.0   36.071  107.610      9.5    869.3
     1     1    21     2     6    19     0     1   -52.0   36.124  107.574     13.3    866.7
     1     1    21     2     6    18     0     0   -53.0   36.186  107.531     19.5    863.7
     1     1    21     2     6    17     0     1   -54.0   36.252  107.478     29.4    860.6
     1     1    21     2     6    16     0     2   -55.0   36.318  107.413     43.8    857.2
     1     1    21     2     6    15     0     3   -56.0   36.388  107.332     64.2    852.9
     1     1    21     2     6    14     0     2   -57.0   36.471  107.226     96.2    846.5
     1     1    21     2     6    13     0     1   -58.0   36.578  107.080    149.6    837.5
     1     1    21     2     6    12     0     0   -59.0   36.728  106.880    225.2    824.1
     1     1    21     2     6    11     0     1   -60.0   36.935  106.633    300.8    814.3
     1     1    21     2     6    10     0     2   -61.0   37.170  106.359    349.6    815.3
     1     1    21     2     6     9     0     3   -62.0   37.395  106.071    382.1    823.6
     1     1    21     2     6     8     0     2   -63.0   37.611  105.766    419.6    822.9
     1     1    21     2     6     7     0     1   -64.0   37.828  105.432    427.2    818.3
     1     1    21     2     6     6     0     0   -65.0   38.047  105.050    337.3    823.2
     1     1    21     2     6     5     0     1   -66.0   38.243  104.687    239.8    842.2
     1     1    21     2     6     4     0     2   -67.0   38.411  104.365    204.0    842.9
     1     1    21     2     6     3     0     3   -68.0   38.561  104.048    197.6    842.8
     1     1    21     2     6     2     0     2   -69.0   38.698  103.715    219.9    840.4
     1     1    21     2     6     1     0     1   -70.0   38.843  103.330    307.7    831.3
     1     1    21     2     6     0     0     0   -71.0   39.056  102.778    544.5    808.3
     1     1    21     2     5    23     0     1   -72.0   39.284  102.184    714.4    773.3
     1     1    21     2     5    22     0     2   -73.0   39.475  101.720    760.8    771.8
     1     1    21     2     5    21     0     3   -74.0   39.662  101.315    770.8    767.0
     1     1    21     2     5    20     0     2   -75.0   39.871  100.865    750.7    778.4
     1     1    21     2     5    19     0     1   -76.0   40.104  100.251    816.1    787.3
     1     1    21     2     5    18     0     0   -77.0   40.351   99.545    910.1    765.9
     1     1    21     2     5    17     0     1   -78.0   40.554   98.852    884.9    758.6
     1     1    21     2     5    16     0     2   -79.0   40.707   98.115    686.4    765.8
     1     1    21     2     5    15     0     3   -80.0   40.776   97.310    612.0    768.3
     1     1    21     2     5    14     0     2   -81.0   40.788   96.566    944.3    721.5
     1     1    21     2     5    13     0     1   -82.0   40.792   95.917   1034.9    722.1
     1     1    21     2     5    12     0     0   -83.0   40.790   95.318    990.4    730.7
     1     1    21     2     5    11     0     1   -84.0   40.792   94.758    962.9    743.5
     1     1    21     2     5    10     0     2   -85.0   40.804   94.256    925.0    765.0
     1     1    21     2     5     9     0     3   -86.0   40.814   93.814    871.2    783.2
     1     1    21     2     5     8     0     2   -87.0   40.797   93.402    830.3    787.9
     1     1    21     2     5     7     0     1   -88.0   40.737   92.986    836.0    790.2
     1     1    21     2     5     6     0     0   -89.0   40.651   92.561    874.3    793.9
     1     1    21     2     5     5     0     1   -90.0   40.561   92.139    901.9    798.9
     1     1    21     2     5     4     0     2   -91.0   40.475   91.722    908.5    809.4
     1     1    21     2     5     3     0     3   -92.0   40.393   91.309    897.7    823.6
     1     1    21     2     5     2     0     2   -93.0   40.316   90.903    883.2    834.3
     1     1    21     2     5     1     0     1   -94.0   40.250   90.508    880.9    832.4
     1     1    21     2     5     0     0     0   -95.0   40.200   90.115    901.5    828.3
     1     1    21     2     4    23     0     1   -96.0   40.169   89.736    927.6    824.2
     1     1    21     2     4    22     0     2   -97.0   40.157   89.384    938.1    823.3
     1     1    21     2     4    21     0     3   -98.0   40.159   89.050    926.2    824.5
     1     1    21     2     4    20     0     2   -99.0   40.177   88.736    903.4    827.2
     1     1    21     2     4    19     0     1  -100.0   40.215   88.441    890.5    827.6
     1     1    21     2     4    18     0     0  -101.0   40.269   88.153    897.6    825.8
     1     1    21     2     4    17     0     1  -102.0   40.331   87.866    922.3    821.8
     1     1    21     2     4    16     0     2  -103.0   40.389   87.583    951.9    818.3
     1     1    21     2     4    15     0     3  -104.0   40.437   87.309    981.4    816.0
     1     1    21     2     4    14     0     2  -105.0   40.478   87.036   1015.9    813.7
     1     1    21     2     4    13     0     1  -106.0   40.517   86.751   1056.7    808.9
     1     1    21     2     4    12     0     0  -107.0   40.554   86.456   1099.8    803.6
     1     1    21     2     4    11     0     1  -108.0   40.587   86.153   1136.6    798.4
     1     1    21     2     4    10     0     2  -109.0   40.612   85.846   1166.6    795.3
     1     1    21     2     4     9     0     3  -110.0   40.629   85.535   1206.2    791.7
     1     1    21     2     4     8     0     2  -111.0   40.636   85.229   1251.3    785.5
     1     1    21     2     4     7     0     1  -112.0   40.635   84.937   1283.0    781.7
     1     1    21     2     4     6     0     0  -113.0   40.625   84.661   1294.4    780.7
     1     1    21     2     4     5     0     1  -114.0   40.600   84.406   1289.7    781.8
     1     1    21     2     4     4     0     2  -115.0   40.559   84.177   1277.3    783.0
     1     1    21     2     4     3     0     3  -116.0   40.502   83.975   1260.9    784.4
     1     1    21     2     4     2     0     2  -117.0   40.436   83.798   1253.1    785.2
     1     1    21     2     4     1     0     1  -118.0   40.372   83.641   1261.4    783.2
     1     1    21     2     4     0     0     0  -119.0   40.314   83.500   1280.1    780.4
     1     1    21     2     3    23     0     1  -120.0   40.261   83.370   1304.9    777.5
