     5     1
    GDAS    21     2     1     0     0
    GDAS    21     2     8     0     0
    GDAS    21     2    15     0     0
    GDAS    21     2    22     0     0
    GDAS    21     3     1     0     0
     1 BACKWARD OMEGA   
    21     2    11     6   37.820  111.540  1000.0
     1 PRESSURE
     1     1    21     2    11     6     0     0     0.0   37.820  111.540   1000.0    775.8
     1     1    21     2    11     5     0     1    -1.0   37.765  111.269    994.3    775.2
     1     1    21     2    11     4     0     2    -2.0   37.691  110.989    894.8    785.5
     1     1    21     2    11     3     0     3    -3.0   37.613  110.696    730.5    808.6
     1     1    21     2    11     2     0     2    -4.0   37.524  110.422    585.5    830.6
     1     1    21     2    11     1     0     1    -5.0   37.394  110.165    481.8    844.6
     1     1    21     2    11     0     0     0    -6.0   37.213  109.923    418.8    852.5
     1     1    21     2    10    23     0     1    -7.0   37.020  109.699    387.4    846.9
     1     1    21     2    10    22     0     2    -8.0   36.853  109.507    367.3    842.5
     1     1    21     2    10    21     0     3    -9.0   36.702  109.347    358.1    840.4
     1     1    21     2    10    20     0     2   -10.0   36.534  109.226    354.4    839.2
     1     1    21     2    10    19     0     1   -11.0   36.326  109.167    343.9    841.5
     1     1    21     2    10    18     0     0   -12.0   36.086  109.196    318.5    847.2
     1     1    21     2    10    17     0     1   -13.0   35.855  109.304    294.3    858.4
     1     1    21     2    10    16     0     2   -14.0   35.658  109.464    291.2    870.5
     1     1    21     2    10    15     0     3   -15.0   35.477  109.673    312.9    882.2
     1     1    21     2    10    14     0     2   -16.0   35.307  109.932    352.8    896.1
     1     1    21     2    10    13     0     1   -17.0   35.147  110.237    436.3    903.3
     1     1    21     2    10    12     0     0   -18.0   34.949  110.570    656.6    891.9
     1     1    21     2    10    11     0     1   -19.0   34.718  110.805    920.5    840.3
     1     1    21     2    10    10     0     2   -20.0   34.515  110.969   1101.3    813.3
     1     1    21     2    10     9     0     3   -21.0   34.353  111.134   1224.5    798.0
     1     1    21     2    10     8     0     2   -22.0   34.211  111.295   1299.6    789.2
     1     1    21     2    10     7     0     1   -23.0   34.069  111.432   1336.8    783.7
     1     1    21     2    10     6     0     0   -24.0   33.923  111.547   1343.4    787.1
     1     1    21     2    10     5     0     1   -25.0   33.800  111.662   1330.6    798.3
     1     1    21     2    10     4     0     2   -26.0   33.718  111.794   1307.7    808.7
     1     1    21     2    10     3     0     3   -27.0   33.672  111.937   1286.0    817.8
     1     1    21     2    10     2     0     2   -28.0   33.649  112.075   1268.7    825.0
     1     1    21     2    10     1     0     1   -29.0   33.637  112.191   1251.7    831.7
     1     1    21     2    10     0     0     0   -30.0   33.634  112.286   1234.6    837.1
     1     1    21     2     9    23     0     1   -31.0   33.643  112.356   1223.0    841.0
     1     1    21     2     9    22     0     2   -32.0   33.670  112.402   1223.5    841.6
     1     1    21     2     9    21     0     3   -33.0   33.718  112.425   1238.3    839.2
     1     1    21     2     9    20     0     2   -34.0   33.783  112.423   1270.2    833.8
     1     1    21     2     9    19     0     1   -35.0   33.858  112.388   1325.5    824.4
     1     1    21     2     9    18     0     0   -36.0   33.944  112.311   1415.8    808.9
     1     1    21     2     9    17     0     1   -37.0   34.018  112.196   1516.5    787.8
     1     1    21     2     9    16     0     2   -38.0   34.053  112.048   1585.4    773.3
     1     1    21     2     9    15     0     3   -39.0   34.049  111.865   1610.4    765.7
     1     1    21     2     9    14     0     2   -40.0   34.026  111.678   1605.0    763.6
     1     1    21     2     9    13     0     1   -41.0   33.995  111.504   1590.0    761.1
     1     1    21     2     9    12     0     0   -42.0   33.945  111.338   1572.0    761.9
     1     1    21     2     9    11     0     1   -43.0   33.877  111.164   1557.0    762.9
     1     1    21     2     9    10     0     2   -44.0   33.800  110.963   1546.5    762.4
     1     1    21     2     9     9     0     3   -45.0   33.725  110.741   1546.4    762.8
     1     1    21     2     9     8     0     2   -46.0   33.650  110.510   1549.6    761.6
     1     1    21     2     9     7     0     1   -47.0   33.566  110.277   1551.2    762.1
     1     1    21     2     9     6     0     0   -48.0   33.467  110.030   1559.5    762.6
     1     1    21     2     9     5     0     1   -49.0   33.358  109.774   1600.1    761.0
     1     1    21     2     9     4     0     2   -50.0   33.244  109.508   1690.4    751.4
     1     1    21     2     9     3     0     3   -51.0   33.110  109.215   1835.0    736.5
     1     1    21     2     9     2     0     2   -52.0   32.952  108.893   1997.9    713.3
     1     1    21     2     9     1     0     1   -53.0   32.788  108.580   2122.7    697.3
     1     1    21     2     9     0     0     0   -54.0   32.621  108.295   2217.4    691.3
     1     1    21     2     8    23     0     1   -55.0   32.439  108.024   2285.3    689.2
     1     1    21     2     8    22     0     2   -56.0   32.249  107.766   2307.2    688.9
     1     1    21     2     8    21     0     3   -57.0   32.058  107.520   2302.1    691.5
     1     1    21     2     8    20     0     2   -58.0   31.880  107.298   2297.9    700.9
     1     1    21     2     8    19     0     1   -59.0   31.720  107.118   2291.4    710.7
     1     1    21     2     8    18     0     0   -60.0   31.580  106.980   2264.5    720.6
     1     1    21     2     8    17     0     1   -61.0   31.467  106.880   2232.6    731.3
     1     1    21     2     8    16     0     2   -62.0   31.379  106.808   2224.9    736.0
     1     1    21     2     8    15     0     3   -63.0   31.313  106.761   2238.7    737.7
     1     1    21     2     8    14     0     2   -64.0   31.267  106.732   2259.7    736.2
     1     1    21     2     8    13     0     1   -65.0   31.247  106.716   2276.3    735.5
     1     1    21     2     8    12     0     0   -66.0   31.250  106.710   2290.1    734.0
     1     1    21     2     8    11     0     1   -67.0   31.268  106.702   2306.1    731.9
     1     1    21     2     8    10     0     2   -68.0   31.294  106.676   2331.0    728.5
     1     1    21     2     8     9     0     3   -69.0   31.325  106.632   2372.1    723.7
     1     1    21     2     8     8     0     2   -70.0   31.359  106.576   2428.4    717.2
     1     1    21     2     8     7     0     1   -71.0   31.391  106.515   2487.8    710.7
     1     1    21     2     8     6     0     0   -72.0   31.423  106.449   2541.4    704.8
     1     1    21     2     8     5     0     1   -73.0   31.462  106.389   2573.6    700.0
     1     1    21     2     8     4     0     2   -74.0   31.518  106.341   2576.7    698.3
     1     1    21     2     8     3     0     3   -75.0   31.594  106.299   2549.6    698.2
     1     1    21     2     8     2     0     2   -76.0   31.681  106.256   2513.6    700.0
     1     1    21     2     8     1     0     1   -77.0   31.773  106.209   2489.1    698.4
     1     1    21     2     8     0     0     0   -78.0   31.868  106.159   2468.0    696.4
     1     1    21     2     7    23     0     1   -79.0   31.968  106.111   2458.9    694.8
     1     1    21     2     7    22     0     2   -80.0   32.079  106.065   2481.8    690.7
     1     1    21     2     7    21     0     3   -81.0   32.202  106.016   2548.0    682.9
     1     1    21     2     7    20     0     2   -82.0   32.342  105.959   2647.4    669.2
     1     1    21     2     7    19     0     1   -83.0   32.502  105.893   2756.0    653.6
     1     1    21     2     7    18     0     0   -84.0   32.678  105.813   2854.9    636.9
     1     1    21     2     7    17     0     1   -85.0   32.869  105.713   2934.2    620.6
     1     1    21     2     7    16     0     2   -86.0   33.084  105.595   2994.9    603.3
     1     1    21     2     7    15     0     3   -87.0   33.317  105.463   3041.5    587.0
     1     1    21     2     7    14     0     2   -88.0   33.554  105.284   3075.9    570.9
     1     1    21     2     7    13     0     1   -89.0   33.793  105.043   3117.8    554.1
     1     1    21     2     7    12     0     0   -90.0   34.012  104.771   3161.6    531.8
     1     1    21     2     7    11     0     1   -91.0   34.181  104.467   3189.4    512.0
     1     1    21     2     7    10     0     2   -92.0   34.294  104.112   3177.9    492.8
     1     1    21     2     7     9     0     3   -93.0   34.366  103.726   3117.9    476.4
     1     1    21     2     7     8     0     2   -94.0   34.411  103.332   3013.3    466.2
     1     1    21     2     7     7     0     1   -95.0   34.447  102.947   2895.1    458.7
     1     1    21     2     7     6     0     0   -96.0   34.482  102.586   2799.7    458.3
     1     1    21     2     7     5     0     1   -97.0   34.511  102.247   2709.4    455.8
     1     1    21     2     7     4     0     2   -98.0   34.534  101.928   2612.6    454.9
     1     1    21     2     7     3     0     3   -99.0   34.550  101.631   2541.4    455.6
     1     1    21     2     7     2     0     2  -100.0   34.562  101.341   2518.9    451.0
     1     1    21     2     7     1     0     1  -101.0   34.571  101.041   2532.1    443.7
     1     1    21     2     7     0     0     0  -102.0   34.585  100.736   2546.4    438.2
     1     1    21     2     6    23     0     1  -103.0   34.595  100.423   2535.9    437.4
     1     1    21     2     6    22     0     2  -104.0   34.596  100.091   2523.0    436.7
     1     1    21     2     6    21     0     3  -105.0   34.590   99.729   2520.6    430.8
     1     1    21     2     6    20     0     2  -106.0   34.577   99.342   2495.7    422.2
     1     1    21     2     6    19     0     1  -107.0   34.564   98.950   2406.9    420.6
     1     1    21     2     6    18     0     0  -108.0   34.555   98.578   2315.0    428.4
     1     1    21     2     6    17     0     1  -109.0   34.529   98.240   2215.9    432.2
     1     1    21     2     6    16     0     2  -110.0   34.476   97.938   2005.1    438.2
     1     1    21     2     6    15     0     3  -111.0   34.392   97.751   1472.4    465.8
     1     1    21     2     6    14     0     2  -112.0   34.386   97.771    802.5    529.0
     1     1    21     2     6    13     0     1  -113.0   34.475   97.858    441.9    565.4
     1     1    21     2     6    12     0     0  -114.0   34.602   97.951    297.7    568.4
     1     1    21     2     6    11     0     1  -115.0   34.724   98.031    262.5    569.8
     1     1    21     2     6    10     0     2  -116.0   34.819   98.070    275.6    568.9
     1     1    21     2     6     9     0     3  -117.0   34.897   98.070    319.2    567.5
     1     1    21     2     6     8     0     2  -118.0   34.962   98.053    376.3    563.7
     1     1    21     2     6     7     0     1  -119.0   35.006   98.037    406.7    562.4
     1     1    21     2     6     6     0     0  -120.0   35.024   98.018    399.3    564.3
