     5     1
    GDAS    21     2     1     0     0
    GDAS    21     2     8     0     0
    GDAS    21     2    15     0     0
    GDAS    21     2    22     0     0
    GDAS    21     3     1     0     0
     1 BACKWARD OMEGA   
    21     2    19    21   44.970  -93.230   500.0
     1 PRESSURE
     1     1    21     2    19    21     0     3     0.0   44.970  -93.230    500.0    927.0
     1     1    21     2    19    20     0     2    -1.0   44.986  -93.382    493.8    929.2
     1     1    21     2    19    19     0     1    -2.0   45.005  -93.512    502.5    928.0
     1     1    21     2    19    18     0     0    -3.0   45.030  -93.618    523.5    925.0
     1     1    21     2    19    17     0     1    -4.0   45.061  -93.713    551.9    920.7
     1     1    21     2    19    16     0     2    -5.0   45.097  -93.812    582.2    916.5
     1     1    21     2    19    15     0     3    -6.0   45.136  -93.913    611.6    912.3
     1     1    21     2    19    14     0     2    -7.0   45.184  -94.012    634.0    907.8
     1     1    21     2    19    13     0     1    -8.0   45.246  -94.106    644.0    904.6
     1     1    21     2    19    12     0     0    -9.0   45.323  -94.198    643.6    902.9
     1     1    21     2    19    11     0     1   -10.0   45.398  -94.298    640.6    902.7
     1     1    21     2    19    10     0     2   -11.0   45.455  -94.412    638.2    901.8
     1     1    21     2    19     9     0     3   -12.0   45.495  -94.537    634.3    901.4
     1     1    21     2    19     8     0     2   -13.0   45.526  -94.664    631.1    901.6
     1     1    21     2    19     7     0     1   -14.0   45.559  -94.788    633.4    901.0
     1     1    21     2    19     6     0     0   -15.0   45.595  -94.910    645.2    899.3
     1     1    21     2    19     5     0     1   -16.0   45.636  -95.045    661.8    896.2
     1     1    21     2    19     4     0     2   -17.0   45.688  -95.208    677.6    895.1
     1     1    21     2    19     3     0     3   -18.0   45.751  -95.391    694.9    894.0
     1     1    21     2    19     2     0     2   -19.0   45.816  -95.586    707.7    892.7
     1     1    21     2    19     1     0     1   -20.0   45.877  -95.796    706.2    894.0
     1     1    21     2    19     0     0     0   -21.0   45.927  -96.032    687.8    897.8
     1     1    21     2    18    23     0     1   -22.0   45.967  -96.277    666.2    901.7
     1     1    21     2    18    22     0     2   -23.0   45.992  -96.514    639.4    903.3
     1     1    21     2    18    21     0     3   -24.0   45.995  -96.745    579.8    908.7
     1     1    21     2    18    20     0     2   -25.0   45.985  -96.957    498.1    921.2
     1     1    21     2    18    19     0     1   -26.0   45.977  -97.146    429.5    930.6
     1     1    21     2    18    18     0     0   -27.0   45.980  -97.315    385.0    935.2
     1     1    21     2    18    17     0     1   -28.0   46.004  -97.481    357.6    936.7
     1     1    21     2    18    16     0     2   -29.0   46.054  -97.661    336.1    937.5
     1     1    21     2    18    15     0     3   -30.0   46.112  -97.858    311.3    938.4
     1     1    21     2    18    14     0     2   -31.0   46.169  -98.074    292.3    939.5
     1     1    21     2    18    13     0     1   -32.0   46.236  -98.326    301.7    933.7
     1     1    21     2    18    12     0     0   -33.0   46.316  -98.629    347.8    921.0
     1     1    21     2    18    11     0     1   -34.0   46.404  -98.958    422.0    905.7
     1     1    21     2    18    10     0     2   -35.0   46.499  -99.279    487.4    894.1
     1     1    21     2    18     9     0     3   -36.0   46.584  -99.584    520.7    891.2
     1     1    21     2    18     8     0     2   -37.0   46.653  -99.875    526.0    891.3
     1     1    21     2    18     7     0     1   -38.0   46.721 -100.160    514.7    893.0
     1     1    21     2    18     6     0     0   -39.0   46.802 -100.444    499.9    893.5
     1     1    21     2    18     5     0     1   -40.0   46.891 -100.713    487.6    893.8
     1     1    21     2    18     4     0     2   -41.0   46.973 -100.965    475.4    893.4
     1     1    21     2    18     3     0     3   -42.0   47.051 -101.211    453.7    894.0
     1     1    21     2    18     2     0     2   -43.0   47.144 -101.455    422.9    896.5
     1     1    21     2    18     1     0     1   -44.0   47.250 -101.697    391.2    897.7
     1     1    21     2    18     0     0     0   -45.0   47.350 -101.936    360.4    898.4
     1     1    21     2    17    23     0     1   -46.0   47.440 -102.171    339.4    899.3
     1     1    21     2    17    22     0     2   -47.0   47.520 -102.399    330.3    897.8
     1     1    21     2    17    21     0     3   -48.0   47.587 -102.626    320.1    896.7
     1     1    21     2    17    20     0     2   -49.0   47.647 -102.846    300.4    898.0
     1     1    21     2    17    19     0     1   -50.0   47.706 -103.052    274.8    901.9
     1     1    21     2    17    18     0     0   -51.0   47.762 -103.242    253.1    906.4
     1     1    21     2    17    17     0     1   -52.0   47.814 -103.413    238.7    909.0
     1     1    21     2    17    16     0     2   -53.0   47.863 -103.563    228.7    911.1
     1     1    21     2    17    15     0     3   -54.0   47.908 -103.686    219.4    913.2
     1     1    21     2    17    14     0     2   -55.0   47.946 -103.787    212.1    915.6
     1     1    21     2    17    13     0     1   -56.0   47.977 -103.873    210.6    917.0
     1     1    21     2    17    12     0     0   -57.0   48.004 -103.944    216.7    917.2
     1     1    21     2    17    11     0     1   -58.0   48.027 -103.993    226.1    915.1
     1     1    21     2    17    10     0     2   -59.0   48.041 -104.010    232.1    913.7
     1     1    21     2    17     9     0     3   -60.0   48.044 -103.993    234.0    912.9
     1     1    21     2    17     8     0     2   -61.0   48.031 -103.964    230.3    912.6
     1     1    21     2    17     7     0     1   -62.0   47.998 -103.943    219.0    913.5
     1     1    21     2    17     6     0     0   -63.0   47.946 -103.932    200.8    913.7
     1     1    21     2    17     5     0     1   -64.0   47.875 -103.914    180.0    914.3
     1     1    21     2    17     4     0     2   -65.0   47.782 -103.872    163.4    913.8
     1     1    21     2    17     3     0     3   -66.0   47.663 -103.804    155.1    911.5
     1     1    21     2    17     2     0     2   -67.0   47.531 -103.728    155.1    907.4
     1     1    21     2    17     1     0     1   -68.0   47.401 -103.658    160.1    902.9
     1     1    21     2    17     0     0     0   -69.0   47.276 -103.594    167.9    898.6
     1     1    21     2    16    23     0     1   -70.0   47.140 -103.532    177.0    894.0
     1     1    21     2    16    22     0     2   -71.0   46.976 -103.471    186.3    889.5
     1     1    21     2    16    21     0     3   -72.0   46.786 -103.404    193.8    887.2
     1     1    21     2    16    20     0     2   -73.0   46.580 -103.316    199.5    886.0
     1     1    21     2    16    19     0     1   -74.0   46.366 -103.195    205.2    884.8
     1     1    21     2    16    18     0     0   -75.0   46.144 -103.033    212.9    883.8
     1     1    21     2    16    17     0     1   -76.0   45.924 -102.836    217.5    884.3
     1     1    21     2    16    16     0     2   -77.0   45.723 -102.610    212.3    888.3
     1     1    21     2    16    15     0     3   -78.0   45.540 -102.348    199.9    893.8
     1     1    21     2    16    14     0     2   -79.0   45.357 -102.049    185.8    900.4
     1     1    21     2    16    13     0     1   -80.0   45.150 -101.727    166.8    905.2
     1     1    21     2    16    12     0     0   -81.0   44.912 -101.396    133.3    911.8
     1     1    21     2    16    11     0     1   -82.0   44.669 -101.087     98.7    921.2
     1     1    21     2    16    10     0     2   -83.0   44.441 -100.815     81.9    928.2
     1     1    21     2    16     9     0     3   -84.0   44.231 -100.568     77.8    932.2
     1     1    21     2    16     8     0     2   -85.0   44.036 -100.340     69.5    936.9
     1     1    21     2    16     7     0     1   -86.0   43.861 -100.138     47.0    941.1
     1     1    21     2    16     6     0     0   -87.0   43.710  -99.970     25.2    944.3
     1     1    21     2    16     5     0     1   -88.0   43.575  -99.825     12.5    945.0
     1     1    21     2    16     4     0     2   -89.0   43.449  -99.686      7.8    944.9
     1     1    21     2    16     3     0     3   -90.0   43.330  -99.547      5.9    945.6
     1     1    21     2    16     2     0     2   -91.0   43.222  -99.409      4.6    946.5
     1     1    21     2    16     1     0     1   -92.0   43.126  -99.277      3.4    947.5
     1     1    21     2    16     0     0     0   -93.0   43.042  -99.149      1.7    948.7
     1     1    21     2    15    23     0     1   -94.0   42.963  -99.034      0.0    950.6
     1     1    21     2    15    22     0     2   -95.0   42.881  -98.943      0.0    951.7
     1     1    21     2    15    21     0     3   -96.0   42.797  -98.878      0.0    952.4
     1     1    21     2    15    20     0     2   -97.0   42.710  -98.825      0.0    953.4
     1     1    21     2    15    19     0     1   -98.0   42.618  -98.768      0.0    954.3
     1     1    21     2    15    18     0     0   -99.0   42.522  -98.706      0.0    955.1
     1     1    21     2    15    17     0     1  -100.0   42.435  -98.643      0.0    954.9
     1     1    21     2    15    16     0     2  -101.0   42.372  -98.583      0.0    954.9
     1     1    21     2    15    15     0     3  -102.0   42.332  -98.524      0.0    955.2
     1     1    21     2    15    14     0     2  -103.0   42.306  -98.471      0.0    956.9
     1     1    21     2    15    13     0     1  -104.0   42.287  -98.424      0.0    958.5
     1     1    21     2    15    12     0     0  -105.0   42.275  -98.385      0.0    960.0
     1     1    21     2    15    11     0     1  -106.0   42.270  -98.358      0.0    960.4
     1     1    21     2    15    10     0     2  -107.0   42.276  -98.348      0.0    960.7
     1     1    21     2    15     9     0     3  -108.0   42.290  -98.355      0.0    960.8
     1     1    21     2    15     8     0     2  -109.0   42.304  -98.367      0.0    961.7
     1     1    21     2    15     7     0     1  -110.0   42.309  -98.371      0.0    962.6
     1     1    21     2    15     6     0     0  -111.0   42.307  -98.367      0.7    963.5
     1     1    21     2    15     5     0     1  -112.0   42.312  -98.354      1.3    963.2
     1     1    21     2    15     4     0     2  -113.0   42.337  -98.329      1.2    963.3
     1     1    21     2    15     3     0     3  -114.0   42.382  -98.294      0.3    963.9
     1     1    21     2    15     2     0     2  -115.0   42.437  -98.262      0.0    965.4
     1     1    21     2    15     1     0     1  -116.0   42.494  -98.238      0.0    966.7
     1     1    21     2    15     0     0     0  -117.0   42.551  -98.223      0.0    967.9
     1     1    21     2    14    23     0     1  -118.0   42.618  -98.215      0.3    969.3
     1     1    21     2    14    22     0     2  -119.0   42.703  -98.213      1.9    970.9
     1     1    21     2    14    21     0     3  -120.0   42.808  -98.218      5.1    972.7
