     5     1
    GDAS    21     2     1     0     0
    GDAS    21     2     8     0     0
    GDAS    21     2    15     0     0
    GDAS    21     2    22     0     0
    GDAS    21     3     1     0     0
     1 BACKWARD OMEGA   
    21     2    11    11   37.820  111.540  1000.0
     1 PRESSURE
     1     1    21     2    11    11     0     1     0.0   37.820  111.540   1000.0    776.3
     1     1    21     2    11    10     0     2    -1.0   37.893  111.293    889.3    787.5
     1     1    21     2    11     9     0     3    -2.0   37.944  111.113    748.6    808.3
     1     1    21     2    11     8     0     2    -3.0   37.968  110.962    638.8    825.8
     1     1    21     2    11     7     0     1    -4.0   37.971  110.805    581.2    831.6
     1     1    21     2    11     6     0     0    -5.0   37.980  110.633    572.8    833.6
     1     1    21     2    11     5     0     1    -6.0   38.008  110.439    591.5    831.4
     1     1    21     2    11     4     0     2    -7.0   38.058  110.224    610.6    830.7
     1     1    21     2    11     3     0     3    -8.0   38.135  109.998    637.8    828.2
     1     1    21     2    11     2     0     2    -9.0   38.218  109.757    628.5    819.4
     1     1    21     2    11     1     0     1   -10.0   38.281  109.482    566.4    824.5
     1     1    21     2    11     0     0     0   -11.0   38.341  109.164    520.9    827.4
     1     1    21     2    10    23     0     1   -12.0   38.413  108.811    511.5    820.6
     1     1    21     2    10    22     0     2   -13.0   38.463  108.421    511.1    812.7
     1     1    21     2    10    21     0     3   -14.0   38.476  107.962    516.4    805.5
     1     1    21     2    10    20     0     2   -15.0   38.472  107.493    508.7    808.3
     1     1    21     2    10    19     0     1   -16.0   38.426  107.066    495.0    815.5
     1     1    21     2    10    18     0     0   -17.0   38.352  106.591    545.6    806.5
     1     1    21     2    10    17     0     1   -18.0   38.330  106.092    619.5    784.4
     1     1    21     2    10    16     0     2   -19.0   38.302  105.666    620.9    787.0
     1     1    21     2    10    15     0     3   -20.0   38.221  105.287    567.9    804.2
     1     1    21     2    10    14     0     2   -21.0   38.130  104.935    500.7    808.1
     1     1    21     2    10    13     0     1   -22.0   38.073  104.627    416.7    812.4
     1     1    21     2    10    12     0     0   -23.0   38.028  104.352    348.7    817.4
     1     1    21     2    10    11     0     1   -24.0   37.999  104.079    319.0    815.9
     1     1    21     2    10    10     0     2   -25.0   38.020  103.809    318.3    812.2
     1     1    21     2    10     9     0     3   -26.0   38.086  103.583    329.5    810.1
     1     1    21     2    10     8     0     2   -27.0   38.170  103.408    330.9    808.3
     1     1    21     2    10     7     0     1   -28.0   38.257  103.270    316.0    811.2
     1     1    21     2    10     6     0     0   -29.0   38.359  103.159    303.7    813.5
     1     1    21     2    10     5     0     1   -30.0   38.467  103.072    300.9    814.9
     1     1    21     2    10     4     0     2   -31.0   38.567  103.011    299.8    815.2
     1     1    21     2    10     3     0     3   -32.0   38.648  102.971    291.5    816.0
     1     1    21     2    10     2     0     2   -33.0   38.695  102.954    284.3    817.9
     1     1    21     2    10     1     0     1   -34.0   38.697  102.966    282.9    818.0
     1     1    21     2    10     0     0     0   -35.0   38.650  103.004    283.1    818.2
     1     1    21     2     9    23     0     1   -36.0   38.565  103.052    284.2    817.6
     1     1    21     2     9    22     0     2   -37.0   38.455  103.096    288.2    816.3
     1     1    21     2     9    21     0     3   -38.0   38.324  103.124    295.9    814.0
     1     1    21     2     9    20     0     2   -39.0   38.169  103.143    310.3    811.4
     1     1    21     2     9    19     0     1   -40.0   37.984  103.163    342.0    805.6
     1     1    21     2     9    18     0     0   -41.0   37.773  103.193    401.1    778.8
     1     1    21     2     9    17     0     1   -42.0   37.557  103.224    484.3    748.5
     1     1    21     2     9    16     0     2   -43.0   37.361  103.242    567.8    721.9
     1     1    21     2     9    15     0     3   -44.0   37.188  103.253    631.0    698.8
     1     1    21     2     9    14     0     2   -45.0   37.052  103.255    688.7    682.3
     1     1    21     2     9    13     0     1   -46.0   36.963  103.252    764.0    672.0
     1     1    21     2     9    12     0     0   -47.0   36.926  103.247    857.8    665.5
     1     1    21     2     9    11     0     1   -48.0   36.936  103.231    938.1    654.2
     1     1    21     2     9    10     0     2   -49.0   36.979  103.214    961.0    648.0
     1     1    21     2     9     9     0     3   -50.0   37.053  103.210    921.2    654.5
     1     1    21     2     9     8     0     2   -51.0   37.121  103.202    876.2    669.8
     1     1    21     2     9     7     0     1   -52.0   37.160  103.162    880.9    670.4
     1     1    21     2     9     6     0     0   -53.0   37.180  103.083    940.8    662.5
     1     1    21     2     9     5     0     1   -54.0   37.204  102.974   1040.8    649.5
     1     1    21     2     9     4     0     2   -55.0   37.252  102.843   1144.7    641.0
     1     1    21     2     9     3     0     3   -56.0   37.319  102.675   1239.5    633.2
     1     1    21     2     9     2     0     2   -57.0   37.401  102.463   1319.7    623.4
     1     1    21     2     9     1     0     1   -58.0   37.502  102.206   1371.0    610.5
     1     1    21     2     9     0     0     0   -59.0   37.631  101.913   1376.8    597.1
     1     1    21     2     8    23     0     1   -60.0   37.767  101.608   1370.5    584.3
     1     1    21     2     8    22     0     2   -61.0   37.905  101.291   1382.9    561.3
     1     1    21     2     8    21     0     3   -62.0   38.073  100.945   1427.1    542.9
     1     1    21     2     8    20     0     2   -63.0   38.258  100.566   1548.4    557.1
     1     1    21     2     8    19     0     1   -64.0   38.435  100.181   1714.5    568.3
     1     1    21     2     8    18     0     0   -65.0   38.610   99.795   1880.4    558.4
     1     1    21     2     8    17     0     1   -66.0   38.816   99.376   1992.0    519.8
     1     1    21     2     8    16     0     2   -67.0   39.113   98.892   2046.9    495.3
     1     1    21     2     8    15     0     3   -68.0   39.398   98.349   2200.2    544.0
     1     1    21     2     8    14     0     2   -69.0   39.605   97.758   2360.1    553.7
     1     1    21     2     8    13     0     1   -70.0   39.754   97.154   2441.0    550.5
     1     1    21     2     8    12     0     0   -71.0   39.852   96.578   2448.8    566.3
     1     1    21     2     8    11     0     1   -72.0   39.902   96.053   2411.5    583.5
     1     1    21     2     8    10     0     2   -73.0   39.918   95.572   2391.2    599.9
     1     1    21     2     8     9     0     3   -74.0   39.916   95.126   2426.3    607.6
     1     1    21     2     8     8     0     2   -75.0   39.914   94.705   2467.0    611.5
     1     1    21     2     8     7     0     1   -76.0   39.922   94.297   2458.9    625.9
     1     1    21     2     8     6     0     0   -77.0   39.934   93.913   2410.9    642.9
     1     1    21     2     8     5     0     1   -78.0   39.941   93.544   2360.2    654.8
     1     1    21     2     8     4     0     2   -79.0   39.948   93.166   2338.2    660.6
     1     1    21     2     8     3     0     3   -80.0   39.965   92.776   2311.7    666.3
     1     1    21     2     8     2     0     2   -81.0   39.984   92.394   2266.1    675.5
     1     1    21     2     8     1     0     1   -82.0   40.001   92.022   2230.1    684.9
     1     1    21     2     8     0     0     0   -83.0   40.018   91.643   2216.1    693.1
     1     1    21     2     7    23     0     1   -84.0   40.022   91.275   2202.5    701.8
     1     1    21     2     7    22     0     2   -85.0   40.004   90.939   2188.1    709.9
     1     1    21     2     7    21     0     3   -86.0   39.974   90.626   2185.4    706.2
     1     1    21     2     7    20     0     2   -87.0   39.942   90.325   2202.5    697.3
     1     1    21     2     7    19     0     1   -88.0   39.910   90.033   2211.8    690.8
     1     1    21     2     7    18     0     0   -89.0   39.871   89.751   2206.6    687.5
     1     1    21     2     7    17     0     1   -90.0   39.834   89.489   2198.3    687.7
     1     1    21     2     7    16     0     2   -91.0   39.807   89.253   2186.5    688.3
     1     1    21     2     7    15     0     3   -92.0   39.787   89.041   2147.7    693.0
     1     1    21     2     7    14     0     2   -93.0   39.770   88.848   2109.7    700.6
     1     1    21     2     7    13     0     1   -94.0   39.760   88.650   2104.2    702.5
     1     1    21     2     7    12     0     0   -95.0   39.762   88.436   2119.6    703.3
     1     1    21     2     7    11     0     1   -96.0   39.769   88.183   2141.2    704.6
     1     1    21     2     7    10     0     2   -97.0   39.771   87.867   2159.8    704.5
     1     1    21     2     7     9     0     3   -98.0   39.757   87.485   2181.1    701.3
     1     1    21     2     7     8     0     2   -99.0   39.719   87.067   2212.2    695.6
     1     1    21     2     7     7     0     1  -100.0   39.660   86.662   2234.3    690.8
     1     1    21     2     7     6     0     0  -101.0   39.592   86.281   2238.3    688.6
     1     1    21     2     7     5     0     1  -102.0   39.527   85.926   2234.9    686.6
     1     1    21     2     7     4     0     2  -103.0   39.477   85.587   2227.8    684.7
     1     1    21     2     7     3     0     3  -104.0   39.449   85.242   2209.4    684.5
     1     1    21     2     7     2     0     2  -105.0   39.439   84.888   2203.6    686.0
     1     1    21     2     7     1     0     1  -106.0   39.444   84.529   2242.6    682.7
     1     1    21     2     7     0     0     0  -107.0   39.461   84.161   2321.3    674.7
     1     1    21     2     6    23     0     1  -108.0   39.496   83.784   2404.6    665.8
     1     1    21     2     6    22     0     2  -109.0   39.556   83.401   2468.7    661.2
     1     1    21     2     6    21     0     3  -110.0   39.645   83.002   2528.7    658.1
     1     1    21     2     6    20     0     2  -111.0   39.750   82.599   2589.4    652.1
     1     1    21     2     6    19     0     1  -112.0   39.857   82.208   2657.7    646.6
     1     1    21     2     6    18     0     0  -113.0   39.970   81.822   2739.7    638.9
     1     1    21     2     6    17     0     1  -114.0   40.078   81.447   2783.1    631.7
     1     1    21     2     6    16     0     2  -115.0   40.183   81.093   2749.7    634.6
     1     1    21     2     6    15     0     3  -116.0   40.294   80.752   2674.0    642.1
     1     1    21     2     6    14     0     2  -117.0   40.408   80.395   2626.4    646.3
     1     1    21     2     6    13     0     1  -118.0   40.525   80.014   2651.2    639.6
     1     1    21     2     6    12     0     0  -119.0   40.673   79.622   2728.7    609.1
     1     1    21     2     6    11     0     1  -120.0   40.875   79.198   2828.5    558.5
