     5     1
    GDAS    21     2     1     0     0
    GDAS    21     2     8     0     0
    GDAS    21     2    15     0     0
    GDAS    21     2    22     0     0
    GDAS    21     3     1     0     0
     1 BACKWARD OMEGA   
    21     2    14    18   44.970  -93.230   500.0
     1 PRESSURE
     1     1    21     2    14    18     0     0     0.0   44.970  -93.230    500.0    936.5
     1     1    21     2    14    17     0     1    -1.0   45.194  -93.306    488.9    936.7
     1     1    21     2    14    16     0     2    -2.0   45.426  -93.390    490.9    933.1
     1     1    21     2    14    15     0     3    -3.0   45.674  -93.468    502.0    927.5
     1     1    21     2    14    14     0     2    -4.0   45.937  -93.534    519.5    921.1
     1     1    21     2    14    13     0     1    -5.0   46.208  -93.601    545.1    915.5
     1     1    21     2    14    12     0     0    -6.0   46.479  -93.679    579.1    909.5
     1     1    21     2    14    11     0     1    -7.0   46.744  -93.765    612.3    903.5
     1     1    21     2    14    10     0     2    -8.0   47.005  -93.863    633.5    899.6
     1     1    21     2    14     9     0     3    -9.0   47.269  -93.986    641.6    898.6
     1     1    21     2    14     8     0     2   -10.0   47.532  -94.134    644.7    898.6
     1     1    21     2    14     7     0     1   -11.0   47.787  -94.292    639.8    899.0
     1     1    21     2    14     6     0     0   -12.0   48.038  -94.454    605.8    904.3
     1     1    21     2    14     5     0     1   -13.0   48.286  -94.610    554.3    915.3
     1     1    21     2    14     4     0     2   -14.0   48.538  -94.748    505.4    922.1
     1     1    21     2    14     3     0     3   -15.0   48.821  -94.888    443.0    929.7
     1     1    21     2    14     2     0     2   -16.0   49.116  -95.068    372.0    941.0
     1     1    21     2    14     1     0     1   -17.0   49.377  -95.270    321.2    949.2
     1     1    21     2    14     0     0     0   -18.0   49.610  -95.471    282.2    953.9
     1     1    21     2    13    23     0     1   -19.0   49.817  -95.672    241.4    961.7
     1     1    21     2    13    22     0     2   -20.0   49.991  -95.873    200.6    969.8
     1     1    21     2    13    21     0     3   -21.0   50.137  -96.055    164.2    977.4
     1     1    21     2    13    20     0     2   -22.0   50.270  -96.201    135.0    983.4
     1     1    21     2    13    19     0     1   -23.0   50.399  -96.306    112.7    987.5
     1     1    21     2    13    18     0     0   -24.0   50.526  -96.376     96.2    990.5
     1     1    21     2    13    17     0     1   -25.0   50.654  -96.420     84.4    992.8
     1     1    21     2    13    16     0     2   -26.0   50.784  -96.450     77.0    994.4
     1     1    21     2    13    15     0     3   -27.0   50.913  -96.469     73.9    995.3
     1     1    21     2    13    14     0     2   -28.0   51.038  -96.476     73.3    995.4
     1     1    21     2    13    13     0     1   -29.0   51.155  -96.471     73.3    995.2
     1     1    21     2    13    12     0     0   -30.0   51.263  -96.453     73.3    995.0
     1     1    21     2    13    11     0     1   -31.0   51.361  -96.420     73.3    994.8
     1     1    21     2    13    10     0     2   -32.0   51.448  -96.366     73.3    994.5
     1     1    21     2    13     9     0     3   -33.0   51.522  -96.294     73.3    994.0
     1     1    21     2    13     8     0     2   -34.0   51.588  -96.210     73.3    993.0
     1     1    21     2    13     7     0     1   -35.0   51.653  -96.118     73.3    992.0
     1     1    21     2    13     6     0     0   -36.0   51.718  -96.020     73.3    990.8
     1     1    21     2    13     5     0     1   -37.0   51.782  -95.918     72.2    990.0
     1     1    21     2    13     4     0     2   -38.0   51.843  -95.817     69.2    989.8
     1     1    21     2    13     3     0     3   -39.0   51.901  -95.715     64.8    989.8
     1     1    21     2    13     2     0     2   -40.0   51.948  -95.619     60.9    989.5
     1     1    21     2    13     1     0     1   -41.0   51.977  -95.537     58.8    988.9
     1     1    21     2    13     0     0     0   -42.0   51.988  -95.473     58.1    988.1
     1     1    21     2    12    23     0     1   -43.0   51.979  -95.418     58.0    987.7
     1     1    21     2    12    22     0     2   -44.0   51.951  -95.361     57.9    987.3
     1     1    21     2    12    21     0     3   -45.0   51.902  -95.301     57.9    986.8
     1     1    21     2    12    20     0     2   -46.0   51.839  -95.236     58.0    986.3
     1     1    21     2    12    19     0     1   -47.0   51.769  -95.163     58.1    985.7
     1     1    21     2    12    18     0     0   -48.0   51.690  -95.085     58.2    985.1
     1     1    21     2    12    17     0     1   -49.0   51.606  -95.011     58.2    984.0
     1     1    21     2    12    16     0     2   -50.0   51.520  -94.946     58.3    983.3
     1     1    21     2    12    15     0     3   -51.0   51.429  -94.894     58.2    982.8
     1     1    21     2    12    14     0     2   -52.0   51.333  -94.842     58.2    982.3
     1     1    21     2    12    13     0     1   -53.0   51.228  -94.777     58.1    981.6
     1     1    21     2    12    12     0     0   -54.0   51.116  -94.693     58.1    980.6
     1     1    21     2    12    11     0     1   -55.0   51.005  -94.608     58.1    979.7
     1     1    21     2    12    10     0     2   -56.0   50.907  -94.545     58.3    979.3
     1     1    21     2    12     9     0     3   -57.0   50.825  -94.506     58.5    978.9
     1     1    21     2    12     8     0     2   -58.0   50.760  -94.495     58.6    978.8
     1     1    21     2    12     7     0     1   -59.0   50.711  -94.516     58.7    978.9
     1     1    21     2    12     6     0     0   -60.0   50.676  -94.568     59.0    979.2
     1     1    21     2    12     5     0     1   -61.0   50.651  -94.644     58.7    979.9
     1     1    21     2    12     4     0     2   -62.0   50.632  -94.739     57.7    981.0
     1     1    21     2    12     3     0     3   -63.0   50.620  -94.848     56.4    982.3
     1     1    21     2    12     2     0     2   -64.0   50.612  -94.972     55.6    983.7
     1     1    21     2    12     1     0     1   -65.0   50.605  -95.111     55.1    985.0
     1     1    21     2    12     0     0     0   -66.0   50.601  -95.261     53.6    986.7
     1     1    21     2    11    23     0     1   -67.0   50.592  -95.421     50.5    988.5
     1     1    21     2    11    22     0     2   -68.0   50.573  -95.595     46.3    990.7
     1     1    21     2    11    21     0     3   -69.0   50.549  -95.788     42.4    993.0
     1     1    21     2    11    20     0     2   -70.0   50.526  -95.980     39.3    995.5
     1     1    21     2    11    19     0     1   -71.0   50.506  -96.160     37.5    997.4
     1     1    21     2    11    18     0     0   -72.0   50.489  -96.330     37.5    998.8
     1     1    21     2    11    17     0     1   -73.0   50.482  -96.489     39.3    999.8
     1     1    21     2    11    16     0     2   -74.0   50.497  -96.637     43.0   1000.6
     1     1    21     2    11    15     0     3   -75.0   50.536  -96.779     48.7   1001.2
     1     1    21     2    11    14     0     2   -76.0   50.596  -96.938     57.3   1001.3
     1     1    21     2    11    13     0     1   -77.0   50.674  -97.129     69.2    998.2
     1     1    21     2    11    12     0     0   -78.0   50.773  -97.348     83.2    993.8
     1     1    21     2    11    11     0     1   -79.0   50.887  -97.584    100.1    989.4
     1     1    21     2    11    10     0     2   -80.0   51.007  -97.828    122.7    984.6
     1     1    21     2    11     9     0     3   -81.0   51.134  -98.079    153.0    980.1
     1     1    21     2    11     8     0     2   -82.0   51.271  -98.316    179.5    975.2
     1     1    21     2    11     7     0     1   -83.0   51.415  -98.525    195.5    973.3
     1     1    21     2    11     6     0     0   -84.0   51.567  -98.710    209.3    971.6
     1     1    21     2    11     5     0     1   -85.0   51.739  -98.881    231.9    968.7
     1     1    21     2    11     4     0     2   -86.0   51.947  -99.045    273.5    962.9
     1     1    21     2    11     3     0     3   -87.0   52.175  -99.194    323.7    954.8
     1     1    21     2    11     2     0     2   -88.0   52.398  -99.342    359.7    949.9
     1     1    21     2    11     1     0     1   -89.0   52.609  -99.511    377.5    948.1
     1     1    21     2    11     0     0     0   -90.0   52.815  -99.711    389.7    946.8
     1     1    21     2    10    23     0     1   -91.0   53.017  -99.924    416.5    943.5
     1     1    21     2    10    22     0     2   -92.0   53.203 -100.117    452.3    935.7
     1     1    21     2    10    21     0     3   -93.0   53.367 -100.285    476.8    931.7
     1     1    21     2    10    20     0     2   -94.0   53.518 -100.436    489.3    929.7
     1     1    21     2    10    19     0     1   -95.0   53.668 -100.573    495.8    928.7
     1     1    21     2    10    18     0     0   -96.0   53.821 -100.692    499.9    927.4
     1     1    21     2    10    17     0     1   -97.0   53.971 -100.786    502.5    926.8
     1     1    21     2    10    16     0     2   -98.0   54.110 -100.848    505.8    925.5
     1     1    21     2    10    15     0     3   -99.0   54.237 -100.873    511.4    923.4
     1     1    21     2    10    14     0     2  -100.0   54.361 -100.891    517.0    920.6
     1     1    21     2    10    13     0     1  -101.0   54.489 -100.923    519.6    918.4
     1     1    21     2    10    12     0     0  -102.0   54.625 -100.973    518.4    916.4
     1     1    21     2    10    11     0     1  -103.0   54.761 -101.031    512.1    915.5
     1     1    21     2    10    10     0     2  -104.0   54.876 -101.082    502.1    915.7
     1     1    21     2    10     9     0     3  -105.0   54.962 -101.124    489.8    916.3
     1     1    21     2    10     8     0     2  -106.0   55.027 -101.166    476.0    917.1
     1     1    21     2    10     7     0     1  -107.0   55.085 -101.219    459.7    918.5
     1     1    21     2    10     6     0     0  -108.0   55.141 -101.285    438.5    920.5
     1     1    21     2    10     5     0     1  -109.0   55.205 -101.358    401.7    923.9
     1     1    21     2    10     4     0     2  -110.0   55.283 -101.412    348.1    930.7
     1     1    21     2    10     3     0     3  -111.0   55.371 -101.430    288.4    939.0
     1     1    21     2    10     2     0     2  -112.0   55.460 -101.413    244.7    946.7
     1     1    21     2    10     1     0     1  -113.0   55.553 -101.387    226.0    948.1
     1     1    21     2    10     0     0     0  -114.0   55.653 -101.371    226.6    947.4
     1     1    21     2     9    23     0     1  -115.0   55.766 -101.375    238.7    944.7
     1     1    21     2     9    22     0     2  -116.0   55.890 -101.401    253.8    942.0
     1     1    21     2     9    21     0     3  -117.0   56.024 -101.451    267.3    939.4
     1     1    21     2     9    20     0     2  -118.0   56.165 -101.507    275.9    937.6
     1     1    21     2     9    19     0     1  -119.0   56.312 -101.546    279.7    936.5
     1     1    21     2     9    18     0     0  -120.0   56.461 -101.570    279.6    936.1
