     5     1
    GDAS    21     2     1     0     0
    GDAS    21     2     8     0     0
    GDAS    21     2    15     0     0
    GDAS    21     2    22     0     0
    GDAS    21     3     1     0     0
     1 BACKWARD OMEGA   
    21     2    18    15   44.970  -93.230   500.0
     1 PRESSURE
     1     1    21     2    18    15     0     3     0.0   44.970  -93.230    500.0    930.7
     1     1    21     2    18    14     0     2    -1.0   44.923  -93.323    510.5    927.7
     1     1    21     2    18    13     0     1    -2.0   44.885  -93.414    506.4    927.4
     1     1    21     2    18    12     0     0    -3.0   44.855  -93.502    488.1    929.2
     1     1    21     2    18    11     0     1    -4.0   44.822  -93.603    467.2    933.5
     1     1    21     2    18    10     0     2    -5.0   44.774  -93.738    452.9    935.6
     1     1    21     2    18     9     0     3    -6.0   44.709  -93.907    444.8    937.3
     1     1    21     2    18     8     0     2    -7.0   44.625  -94.087    436.9    937.1
     1     1    21     2    18     7     0     1    -8.0   44.519  -94.260    426.7    936.6
     1     1    21     2    18     6     0     0    -9.0   44.390  -94.428    419.1    935.2
     1     1    21     2    18     5     0     1   -10.0   44.244  -94.583    423.3    932.8
     1     1    21     2    18     4     0     2   -11.0   44.092  -94.722    445.7    927.3
     1     1    21     2    18     3     0     3   -12.0   43.948  -94.854    483.8    919.2
     1     1    21     2    18     2     0     2   -13.0   43.817  -94.987    517.8    910.1
     1     1    21     2    18     1     0     1   -14.0   43.690  -95.121    532.5    906.2
     1     1    21     2    18     0     0     0   -15.0   43.563  -95.256    530.3    905.1
     1     1    21     2    17    23     0     1   -16.0   43.419  -95.385    519.4    906.5
     1     1    21     2    17    22     0     2   -17.0   43.246  -95.502    507.1    908.4
     1     1    21     2    17    21     0     3   -18.0   43.047  -95.603    496.0    911.1
     1     1    21     2    17    20     0     2   -19.0   42.830  -95.691    487.9    913.7
     1     1    21     2    17    19     0     1   -20.0   42.602  -95.771    483.7    915.9
     1     1    21     2    17    18     0     0   -21.0   42.360  -95.847    482.5    917.9
     1     1    21     2    17    17     0     1   -22.0   42.107  -95.918    482.8    919.8
     1     1    21     2    17    16     0     2   -23.0   41.846  -95.981    482.1    920.9
     1     1    21     2    17    15     0     3   -24.0   41.581  -96.032    476.7    920.7
     1     1    21     2    17    14     0     2   -25.0   41.324  -96.072    467.6    921.2
     1     1    21     2    17    13     0     1   -26.0   41.087  -96.108    460.1    921.4
     1     1    21     2    17    12     0     0   -27.0   40.869  -96.142    455.9    921.1
     1     1    21     2    17    11     0     1   -28.0   40.654  -96.180    451.2    921.0
     1     1    21     2    17    10     0     2   -29.0   40.431  -96.220    442.6    921.9
     1     1    21     2    17     9     0     3   -30.0   40.191  -96.251    428.5    923.7
     1     1    21     2    17     8     0     2   -31.0   39.941  -96.265    413.4    926.6
     1     1    21     2    17     7     0     1   -32.0   39.702  -96.261    403.9    928.2
     1     1    21     2    17     6     0     0   -33.0   39.485  -96.241    397.0    928.8
     1     1    21     2    17     5     0     1   -34.0   39.279  -96.191    389.2    930.4
     1     1    21     2    17     4     0     2   -35.0   39.072  -96.094    383.0    931.8
     1     1    21     2    17     3     0     3   -36.0   38.863  -95.955    382.5    932.9
     1     1    21     2    17     2     0     2   -37.0   38.678  -95.797    385.3    932.9
     1     1    21     2    17     1     0     1   -38.0   38.541  -95.629    386.0    933.7
     1     1    21     2    17     0     0     0   -39.0   38.453  -95.446    383.7    934.8
     1     1    21     2    16    23     0     1   -40.0   38.400  -95.278    380.8    937.1
     1     1    21     2    16    22     0     2   -41.0   38.364  -95.166    377.7    938.2
     1     1    21     2    16    21     0     3   -42.0   38.338  -95.115    371.2    939.4
     1     1    21     2    16    20     0     2   -43.0   38.310  -95.102    365.7    941.1
     1     1    21     2    16    19     0     1   -44.0   38.271  -95.103    364.8    941.6
     1     1    21     2    16    18     0     0   -45.0   38.219  -95.120    369.0    941.3
     1     1    21     2    16    17     0     1   -46.0   38.165  -95.140    375.4    939.8
     1     1    21     2    16    16     0     2   -47.0   38.121  -95.152    381.1    938.9
     1     1    21     2    16    15     0     3   -48.0   38.089  -95.155    386.4    938.0
     1     1    21     2    16    14     0     2   -49.0   38.077  -95.149    390.6    937.1
     1     1    21     2    16    13     0     1   -50.0   38.092  -95.132    393.5    936.6
     1     1    21     2    16    12     0     0   -51.0   38.136  -95.105    395.6    936.2
     1     1    21     2    16    11     0     1   -52.0   38.201  -95.081    401.0    936.4
     1     1    21     2    16    10     0     2   -53.0   38.280  -95.073    412.5    935.2
     1     1    21     2    16     9     0     3   -54.0   38.372  -95.079    427.7    933.4
     1     1    21     2    16     8     0     2   -55.0   38.479  -95.086    448.0    931.0
     1     1    21     2    16     7     0     1   -56.0   38.607  -95.078    477.0    927.3
     1     1    21     2    16     6     0     0   -57.0   38.751  -95.050    517.5    922.6
     1     1    21     2    16     5     0     1   -58.0   38.906  -94.998    565.3    916.6
     1     1    21     2    16     4     0     2   -59.0   39.073  -94.919    612.0    911.2
     1     1    21     2    16     3     0     3   -60.0   39.250  -94.812    655.4    906.0
     1     1    21     2    16     2     0     2   -61.0   39.434  -94.693    688.0    901.0
     1     1    21     2    16     1     0     1   -62.0   39.623  -94.572    706.2    899.3
     1     1    21     2    16     0     0     0   -63.0   39.816  -94.445    714.0    898.6
     1     1    21     2    15    23     0     1   -64.0   40.010  -94.307    717.1    899.3
     1     1    21     2    15    22     0     2   -65.0   40.197  -94.149    719.7    898.0
     1     1    21     2    15    21     0     3   -66.0   40.379  -93.974    721.2    896.9
     1     1    21     2    15    20     0     2   -67.0   40.563  -93.777    726.4    897.1
     1     1    21     2    15    19     0     1   -68.0   40.757  -93.551    739.2    896.5
     1     1    21     2    15    18     0     0   -69.0   40.963  -93.297    770.0    895.9
     1     1    21     2    15    17     0     1   -70.0   41.172  -93.025    819.1    891.2
     1     1    21     2    15    16     0     2   -71.0   41.376  -92.741    847.4    886.8
     1     1    21     2    15    15     0     3   -72.0   41.579  -92.439    828.6    889.9
     1     1    21     2    15    14     0     2   -73.0   41.788  -92.133    806.4    897.2
     1     1    21     2    15    13     0     1   -74.0   42.004  -91.869    829.5    894.6
     1     1    21     2    15    12     0     0   -75.0   42.222  -91.681    904.9    884.0
     1     1    21     2    15    11     0     1   -76.0   42.427  -91.577    991.8    868.6
     1     1    21     2    15    10     0     2   -77.0   42.614  -91.540   1058.3    861.0
     1     1    21     2    15     9     0     3   -78.0   42.794  -91.571   1114.4    854.5
     1     1    21     2    15     8     0     2   -79.0   42.964  -91.651   1161.5    847.6
     1     1    21     2    15     7     0     1   -80.0   43.115  -91.745   1200.0    842.7
     1     1    21     2    15     6     0     0   -81.0   43.245  -91.846   1239.3    838.4
     1     1    21     2    15     5     0     1   -82.0   43.372  -91.944   1275.4    832.3
     1     1    21     2    15     4     0     2   -83.0   43.522  -92.028   1300.7    829.0
     1     1    21     2    15     3     0     3   -84.0   43.699  -92.105   1316.4    826.7
     1     1    21     2    15     2     0     2   -85.0   43.908  -92.191   1332.3    825.3
     1     1    21     2    15     1     0     1   -86.0   44.145  -92.309   1356.4    822.7
     1     1    21     2    15     0     0     0   -87.0   44.403  -92.454   1382.7    821.0
     1     1    21     2    14    23     0     1   -88.0   44.674  -92.626   1412.0    820.4
     1     1    21     2    14    22     0     2   -89.0   44.944  -92.831   1438.9    819.3
     1     1    21     2    14    21     0     3   -90.0   45.214  -93.063   1455.1    816.8
     1     1    21     2    14    20     0     2   -91.0   45.488  -93.314   1480.6    812.7
     1     1    21     2    14    19     0     1   -92.0   45.766  -93.582   1512.7    803.1
     1     1    21     2    14    18     0     0   -93.0   46.047  -93.871   1519.7    796.0
     1     1    21     2    14    17     0     1   -94.0   46.322  -94.162   1527.8    797.9
     1     1    21     2    14    16     0     2   -95.0   46.595  -94.452   1570.0    790.7
     1     1    21     2    14    15     0     3   -96.0   46.873  -94.744   1643.9    779.6
     1     1    21     2    14    14     0     2   -97.0   47.170  -95.058   1720.7    767.6
     1     1    21     2    14    13     0     1   -98.0   47.479  -95.380   1768.6    767.2
     1     1    21     2    14    12     0     0   -99.0   47.791  -95.683   1790.9    769.5
     1     1    21     2    14    11     0     1  -100.0   48.092  -95.962   1807.0    770.5
     1     1    21     2    14    10     0     2  -101.0   48.378  -96.228   1826.8    769.7
     1     1    21     2    14     9     0     3  -102.0   48.658  -96.480   1846.5    768.8
     1     1    21     2    14     8     0     2  -103.0   48.934  -96.709   1865.1    768.2
     1     1    21     2    14     7     0     1  -104.0   49.201  -96.905   1884.1    768.4
     1     1    21     2    14     6     0     0  -105.0   49.455  -97.068   1900.5    768.2
     1     1    21     2    14     5     0     1  -106.0   49.707  -97.195   1916.2    767.6
     1     1    21     2    14     4     0     2  -107.0   49.967  -97.283   1937.8    766.6
     1     1    21     2    14     3     0     3  -108.0   50.235  -97.332   1962.9    763.2
     1     1    21     2    14     2     0     2  -109.0   50.501  -97.350   1984.8    759.9
     1     1    21     2    14     1     0     1  -110.0   50.752  -97.342   1999.5    757.8
     1     1    21     2    14     0     0     0  -111.0   50.991  -97.308   2005.0    757.0
     1     1    21     2    13    23     0     1  -112.0   51.209  -97.248   2005.5    758.2
     1     1    21     2    13    22     0     2  -113.0   51.402  -97.165   2005.2    758.9
     1     1    21     2    13    21     0     3  -114.0   51.573  -97.063   2005.2    759.3
     1     1    21     2    13    20     0     2  -115.0   51.727  -96.935   2005.0    759.1
     1     1    21     2    13    19     0     1  -116.0   51.864  -96.769   2004.2    758.1
     1     1    21     2    13    18     0     0  -117.0   51.984  -96.564   2003.1    756.9
     1     1    21     2    13    17     0     1  -118.0   52.088  -96.328   2002.0    755.4
     1     1    21     2    13    16     0     2  -119.0   52.187  -96.074   2001.6    753.7
     1     1    21     2    13    15     0     3  -120.0   52.281  -95.804   2002.8    752.1
