     5     1
    GDAS    21     2     1     0     0
    GDAS    21     2     8     0     0
    GDAS    21     2    15     0     0
    GDAS    21     2    22     0     0
    GDAS    21     3     1     0     0
     1 BACKWARD OMEGA   
    21     2    23    21   37.820  111.540  1000.0
     1 PRESSURE
     1     1    21     2    23    21     0     3     0.0   37.820  111.540   1000.0    775.6
     1     1    21     2    23    20     0     2    -1.0   37.759  111.524    879.1    790.0
     1     1    21     2    23    19     0     1    -2.0   37.671  111.523    812.7    796.9
     1     1    21     2    23    18     0     0    -3.0   37.567  111.527    801.2    797.9
     1     1    21     2    23    17     0     1    -4.0   37.456  111.527    816.6    794.1
     1     1    21     2    23    16     0     2    -5.0   37.340  111.524    832.7    792.4
     1     1    21     2    23    15     0     3    -6.0   37.213  111.513    847.8    790.6
     1     1    21     2    23    14     0     2    -7.0   37.086  111.512    877.1    788.4
     1     1    21     2    23    13     0     1    -8.0   36.969  111.532    914.2    783.3
     1     1    21     2    23    12     0     0    -9.0   36.858  111.568    946.6    780.3
     1     1    21     2    23    11     0     1   -10.0   36.747  111.601    944.3    779.1
     1     1    21     2    23    10     0     2   -11.0   36.632  111.628    911.3    784.7
     1     1    21     2    23     9     0     3   -12.0   36.518  111.655    857.2    791.8
     1     1    21     2    23     8     0     2   -13.0   36.403  111.676    805.2    799.6
     1     1    21     2    23     7     0     1   -14.0   36.275  111.670    775.2    803.2
     1     1    21     2    23     6     0     0   -15.0   36.123  111.622    773.2    802.8
     1     1    21     2    23     5     0     1   -16.0   35.945  111.547    814.0    803.4
     1     1    21     2    23     4     0     2   -17.0   35.753  111.480    885.7    808.2
     1     1    21     2    23     3     0     3   -18.0   35.552  111.436    978.7    813.8
     1     1    21     2    23     2     0     2   -19.0   35.329  111.410   1083.8    817.3
     1     1    21     2    23     1     0     1   -20.0   35.062  111.417   1179.5    825.6
     1     1    21     2    23     0     0     0   -21.0   34.755  111.432   1239.9    815.3
     1     1    21     2    22    23     0     1   -22.0   34.438  111.387   1294.8    801.8
     1     1    21     2    22    22     0     2   -23.0   34.123  111.279   1343.6    783.2
     1     1    21     2    22    21     0     3   -24.0   33.810  111.172   1359.9    782.5
     1     1    21     2    22    20     0     2   -25.0   33.505  111.131   1356.2    797.0
     1     1    21     2    22    19     0     1   -26.0   33.214  111.162   1351.2    810.4
     1     1    21     2    22    18     0     0   -27.0   32.943  111.256   1346.1    823.7
     1     1    21     2    22    17     0     1   -28.0   32.702  111.393   1336.5    828.8
     1     1    21     2    22    16     0     2   -29.0   32.502  111.569   1315.2    838.5
     1     1    21     2    22    15     0     3   -30.0   32.349  111.788   1270.6    854.0
     1     1    21     2    22    14     0     2   -31.0   32.254  112.038   1163.3    873.3
     1     1    21     2    22    13     0     1   -32.0   32.203  112.341    983.9    892.7
     1     1    21     2    22    12     0     0   -33.0   32.194  112.746    796.0    913.1
     1     1    21     2    22    11     0     1   -34.0   32.274  113.228    662.4    928.3
     1     1    21     2    22    10     0     2   -35.0   32.438  113.679    539.4    935.9
     1     1    21     2    22     9     0     3   -36.0   32.665  114.062    380.7    957.7
     1     1    21     2    22     8     0     2   -37.0   32.914  114.379    255.1    987.0
     1     1    21     2    22     7     0     1   -38.0   33.172  114.652    202.0    993.5
     1     1    21     2    22     6     0     0   -39.0   33.458  114.879    188.1    995.6
     1     1    21     2    22     5     0     1   -40.0   33.757  115.088    193.0    995.4
     1     1    21     2    22     4     0     2   -41.0   34.060  115.295    200.6    993.7
     1     1    21     2    22     3     0     3   -42.0   34.379  115.502    196.3    992.5
     1     1    21     2    22     2     0     2   -43.0   34.703  115.699    181.6    993.9
     1     1    21     2    22     1     0     1   -44.0   35.018  115.861    167.6    995.6
     1     1    21     2    22     0     0     0   -45.0   35.335  116.001    156.2    997.2
     1     1    21     2    21    23     0     1   -46.0   35.637  116.165    146.1    996.9
     1     1    21     2    21    22     0     2   -47.0   35.904  116.351    137.1    994.7
     1     1    21     2    21    21     0     3   -48.0   36.123  116.529    125.8    993.1
     1     1    21     2    21    20     0     2   -49.0   36.295  116.688    112.8    993.7
     1     1    21     2    21    19     0     1   -50.0   36.442  116.828    100.9    994.0
     1     1    21     2    21    18     0     0   -51.0   36.592  116.942     87.7    994.8
     1     1    21     2    21    17     0     1   -52.0   36.734  117.034     75.4    997.0
     1     1    21     2    21    16     0     2   -53.0   36.848  117.091     67.3    998.5
     1     1    21     2    21    15     0     3   -54.0   36.932  117.088     63.2    999.5
     1     1    21     2    21    14     0     2   -55.0   36.982  117.035     63.5    999.8
     1     1    21     2    21    13     0     1   -56.0   36.993  116.966     68.2    998.9
     1     1    21     2    21    12     0     0   -57.0   36.967  116.885     76.9    996.9
     1     1    21     2    21    11     0     1   -58.0   36.924  116.819     83.0    994.7
     1     1    21     2    21    10     0     2   -59.0   36.880  116.780     81.9    994.3
     1     1    21     2    21     9     0     3   -60.0   36.832  116.759     76.3    994.5
     1     1    21     2    21     8     0     2   -61.0   36.786  116.723     72.0    994.7
     1     1    21     2    21     7     0     1   -62.0   36.754  116.635     70.8    994.0
     1     1    21     2    21     6     0     0   -63.0   36.740  116.496     70.6    993.5
     1     1    21     2    21     5     0     1   -64.0   36.728  116.330     68.2    994.6
     1     1    21     2    21     4     0     2   -65.0   36.692  116.166     63.2    996.7
     1     1    21     2    21     3     0     3   -66.0   36.623  116.011     58.3    998.9
     1     1    21     2    21     2     0     2   -67.0   36.530  115.871     56.5    999.2
     1     1    21     2    21     1     0     1   -68.0   36.432  115.746     58.1    998.7
     1     1    21     2    21     0     0     0   -69.0   36.329  115.630     61.7    998.0
     1     1    21     2    20    23     0     1   -70.0   36.227  115.510     65.5    997.5
     1     1    21     2    20    22     0     2   -71.0   36.125  115.377     69.3    997.3
     1     1    21     2    20    21     0     3   -72.0   36.016  115.239     73.6    997.0
     1     1    21     2    20    20     0     2   -73.0   35.888  115.083     78.5    995.5
     1     1    21     2    20    19     0     1   -74.0   35.737  114.891     87.6    990.3
     1     1    21     2    20    18     0     0   -75.0   35.568  114.664    110.3    982.2
     1     1    21     2    20    17     0     1   -76.0   35.389  114.399    154.6    974.9
     1     1    21     2    20    16     0     2   -77.0   35.225  114.093    213.4    967.1
     1     1    21     2    20    15     0     3   -78.0   35.094  113.752    258.2    961.9
     1     1    21     2    20    14     0     2   -79.0   34.991  113.401    258.8    965.1
     1     1    21     2    20    13     0     1   -80.0   34.914  113.075    225.3    969.9
     1     1    21     2    20    12     0     0   -81.0   34.856  112.802    197.2    965.5
     1     1    21     2    20    11     0     1   -82.0   34.815  112.577    205.5    955.9
     1     1    21     2    20    10     0     2   -83.0   34.798  112.363    266.2    939.7
     1     1    21     2    20     9     0     3   -84.0   34.817  112.122    396.0    916.4
     1     1    21     2    20     8     0     2   -85.0   34.875  111.839    574.9    888.4
     1     1    21     2    20     7     0     1   -86.0   34.945  111.530    734.9    869.6
     1     1    21     2    20     6     0     0   -87.0   35.011  111.207    854.6    856.7
     1     1    21     2    20     5     0     1   -88.0   35.064  110.853    934.5    844.8
     1     1    21     2    20     4     0     2   -89.0   35.108  110.478    987.6    840.8
     1     1    21     2    20     3     0     3   -90.0   35.162  110.124   1016.2    836.8
     1     1    21     2    20     2     0     2   -91.0   35.229  109.776   1002.3    825.9
     1     1    21     2    20     1     0     1   -92.0   35.308  109.403    942.6    815.7
     1     1    21     2    20     0     0     0   -93.0   35.435  108.998    852.6    809.8
     1     1    21     2    19    23     0     1   -94.0   35.580  108.589    780.6    811.4
     1     1    21     2    19    22     0     2   -95.0   35.703  108.213    724.0    808.4
     1     1    21     2    19    21     0     3   -96.0   35.827  107.853    665.6    808.1
     1     1    21     2    19    20     0     2   -97.0   35.947  107.492    635.5    806.3
     1     1    21     2    19    19     0     1   -98.0   36.084  107.109    651.6    794.6
     1     1    21     2    19    18     0     0   -99.0   36.251  106.704    707.7    774.3
     1     1    21     2    19    17     0     1  -100.0   36.414  106.304    788.5    754.6
     1     1    21     2    19    16     0     2  -101.0   36.566  105.931    844.6    745.0
     1     1    21     2    19    15     0     3  -102.0   36.707  105.590    850.2    749.0
     1     1    21     2    19    14     0     2  -103.0   36.826  105.281    847.0    750.1
     1     1    21     2    19    13     0     1  -104.0   36.930  104.997    876.7    744.0
     1     1    21     2    19    12     0     0  -105.0   37.036  104.732    948.3    732.6
     1     1    21     2    19    11     0     1  -106.0   37.146  104.467    995.8    721.1
     1     1    21     2    19    10     0     2  -107.0   37.252  104.213    930.7    724.3
     1     1    21     2    19     9     0     3  -108.0   37.375  103.995    736.4    743.8
     1     1    21     2    19     8     0     2  -109.0   37.521  103.798    532.8    771.7
     1     1    21     2    19     7     0     1  -110.0   37.665  103.590    413.6    786.6
     1     1    21     2    19     6     0     0  -111.0   37.800  103.375    367.4    796.2
     1     1    21     2    19     5     0     1  -112.0   37.919  103.165    366.9    804.1
     1     1    21     2    19     4     0     2  -113.0   38.014  102.968    380.1    807.4
     1     1    21     2    19     3     0     3  -114.0   38.086  102.771    398.2    788.6
     1     1    21     2    19     2     0     2  -115.0   38.165  102.552    438.1    767.6
     1     1    21     2    19     1     0     1  -116.0   38.280  102.292    503.8    747.5
     1     1    21     2    19     0     0     0  -117.0   38.435  101.951    595.3    731.1
     1     1    21     2    18    23     0     1  -118.0   38.615  101.541    739.3    709.6
     1     1    21     2    18    22     0     2  -119.0   38.835  101.082    986.3    683.3
     1     1    21     2    18    21     0     3  -120.0   39.084  100.598   1279.2    675.2
