     5     1
    GDAS    21     2     1     0     0
    GDAS    21     2     8     0     0
    GDAS    21     2    15     0     0
    GDAS    21     2    22     0     0
    GDAS    21     3     1     0     0
     1 BACKWARD OMEGA   
    21     2    10    11   37.820  111.540  1000.0
     1 PRESSURE
     1     1    21     2    10    11     0     1     0.0   37.820  111.540   1000.0    777.7
     1     1    21     2    10    10     0     2    -1.0   37.562  111.488    996.1    780.6
     1     1    21     2    10     9     0     3    -2.0   37.338  111.444   1042.2    774.6
     1     1    21     2    10     8     0     2    -3.0   37.136  111.391   1106.6    764.2
     1     1    21     2    10     7     0     1    -4.0   36.944  111.333   1157.0    756.3
     1     1    21     2    10     6     0     0    -5.0   36.764  111.276   1178.0    753.1
     1     1    21     2    10     5     0     1    -6.0   36.596  111.231   1184.8    755.0
     1     1    21     2    10     4     0     2    -7.0   36.444  111.203   1202.5    753.8
     1     1    21     2    10     3     0     3    -8.0   36.309  111.190   1230.0    752.0
     1     1    21     2    10     2     0     2    -9.0   36.199  111.176   1265.6    748.8
     1     1    21     2    10     1     0     1   -10.0   36.117  111.148   1311.0    744.7
     1     1    21     2    10     0     0     0   -11.0   36.062  111.107   1371.5    738.9
     1     1    21     2     9    23     0     1   -12.0   36.036  111.051   1456.3    730.6
     1     1    21     2     9    22     0     2   -13.0   36.047  110.980   1570.2    718.6
     1     1    21     2     9    21     0     3   -14.0   36.110  110.895   1711.3    706.5
     1     1    21     2     9    20     0     2   -15.0   36.228  110.802   1864.2    692.8
     1     1    21     2     9    19     0     1   -16.0   36.393  110.684   1996.3    681.6
     1     1    21     2     9    18     0     0   -17.0   36.596  110.519   2076.8    677.0
     1     1    21     2     9    17     0     1   -18.0   36.834  110.305   2095.8    681.6
     1     1    21     2     9    16     0     2   -19.0   37.096  110.048   2075.4    693.3
     1     1    21     2     9    15     0     3   -20.0   37.376  109.750   2048.2    694.2
     1     1    21     2     9    14     0     2   -21.0   37.663  109.417   2037.1    688.5
     1     1    21     2     9    13     0     1   -22.0   37.924  109.051   2006.2    687.5
     1     1    21     2     9    12     0     0   -23.0   38.165  108.646   1961.3    686.7
     1     1    21     2     9    11     0     1   -24.0   38.412  108.194   1941.1    679.6
     1     1    21     2     9    10     0     2   -25.0   38.658  107.712   1941.4    677.3
     1     1    21     2     9     9     0     3   -26.0   38.885  107.215   1934.8    686.6
     1     1    21     2     9     8     0     2   -27.0   39.110  106.753   1943.1    678.8
     1     1    21     2     9     7     0     1   -28.0   39.353  106.326   2042.7    654.8
     1     1    21     2     9     6     0     0   -29.0   39.592  105.878   2202.4    644.0
     1     1    21     2     9     5     0     1   -30.0   39.830  105.435   2321.0    643.0
     1     1    21     2     9     4     0     2   -31.0   40.099  105.025   2383.6    631.0
     1     1    21     2     9     3     0     3   -32.0   40.370  104.621   2433.2    629.8
     1     1    21     2     9     2     0     2   -33.0   40.624  104.241   2468.3    634.8
     1     1    21     2     9     1     0     1   -34.0   40.887  103.881   2537.4    631.9
     1     1    21     2     9     0     0     0   -35.0   41.152  103.517   2642.2    621.0
     1     1    21     2     8    23     0     1   -36.0   41.421  103.118   2739.0    611.6
     1     1    21     2     8    22     0     2   -37.0   41.696  102.698   2814.1    616.7
     1     1    21     2     8    21     0     3   -38.0   41.966  102.289   2886.5    623.3
     1     1    21     2     8    20     0     2   -39.0   42.232  101.874   2924.4    612.2
     1     1    21     2     8    19     0     1   -40.0   42.497  101.438   2949.5    600.3
     1     1    21     2     8    18     0     0   -41.0   42.762  100.984   3019.0    587.8
     1     1    21     2     8    17     0     1   -42.0   43.036  100.514   3147.5    571.5
     1     1    21     2     8    16     0     2   -43.0   43.314  100.039   3297.2    568.0
     1     1    21     2     8    15     0     3   -44.0   43.598   99.560   3416.6    560.3
     1     1    21     2     8    14     0     2   -45.0   43.886   99.086   3475.6    549.8
     1     1    21     2     8    13     0     1   -46.0   44.166   98.607   3467.3    538.9
     1     1    21     2     8    12     0     0   -47.0   44.478   98.079   3467.9    510.5
     1     1    21     2     8    11     0     1   -48.0   44.826   97.493   3528.4    505.0
     1     1    21     2     8    10     0     2   -49.0   45.137   96.911   3597.7    523.8
     1     1    21     2     8     9     0     3   -50.0   45.417   96.336   3664.7    530.5
     1     1    21     2     8     8     0     2   -51.0   45.680   95.746   3769.7    526.8
     1     1    21     2     8     7     0     1   -52.0   45.919   95.143   3934.2    520.7
     1     1    21     2     8     6     0     0   -53.0   46.157   94.483   3976.7    483.6
     1     1    21     2     8     5     0     1   -54.0   46.416   93.751   3981.5    469.3
     1     1    21     2     8     4     0     2   -55.0   46.678   92.998   4077.4    467.1
     1     1    21     2     8     3     0     3   -56.0   46.992   92.179   3972.7    430.4
     1     1    21     2     8     2     0     2   -57.0   47.352   91.262   3902.9    446.7
     1     1    21     2     8     1     0     1   -58.0   47.678   90.191   4071.6    429.4
     1     1    21     2     8     0     0     0   -59.0   47.971   88.950   4280.3    440.8
     1     1    21     2     7    23     0     1   -60.0   48.163   87.614   4604.0    459.4
     1     1    21     2     7    22     0     2   -61.0   48.179   86.319   4877.3    486.5
     1     1    21     2     7    21     0     3   -62.0   48.079   85.052   4931.9    502.1
     1     1    21     2     7    20     0     2   -63.0   47.916   83.853   4858.8    511.4
     1     1    21     2     7    19     0     1   -64.0   47.749   82.648   4681.0    512.2
     1     1    21     2     7    18     0     0   -65.0   47.558   81.396   4324.8    536.9
     1     1    21     2     7    17     0     1   -66.0   47.332   80.163   4187.8    560.9
     1     1    21     2     7    16     0     2   -67.0   47.064   78.902   4205.0    562.8
     1     1    21     2     7    15     0     3   -68.0   46.749   77.642   4106.0    567.9
     1     1    21     2     7    14     0     2   -69.0   46.422   76.418   4023.8    582.6
     1     1    21     2     7    13     0     1   -70.0   46.075   75.239   3990.1    587.1
     1     1    21     2     7    12     0     0   -71.0   45.699   74.063   3885.5    595.0
     1     1    21     2     7    11     0     1   -72.0   45.350   72.904   3703.9    603.4
     1     1    21     2     7    10     0     2   -73.0   45.005   71.852   3609.7    625.0
     1     1    21     2     7     9     0     3   -74.0   44.608   70.874   3551.3    627.5
     1     1    21     2     7     8     0     2   -75.0   44.233   69.935   3486.2    633.0
     1     1    21     2     7     7     0     1   -76.0   43.912   69.070   3374.1    639.3
     1     1    21     2     7     6     0     0   -77.0   43.596   68.255   3336.8    631.4
     1     1    21     2     7     5     0     1   -78.0   43.306   67.446   3447.1    640.6
     1     1    21     2     7     4     0     2   -79.0   43.071   66.668   3539.7    639.8
     1     1    21     2     7     3     0     3   -80.0   42.887   65.867   3567.5    633.5
     1     1    21     2     7     2     0     2   -81.0   42.705   65.055   3585.3    632.5
     1     1    21     2     7     1     0     1   -82.0   42.548   64.230   3545.5    636.3
     1     1    21     2     7     0     0     0   -83.0   42.422   63.439   3438.1    651.9
     1     1    21     2     6    23     0     1   -84.0   42.304   62.660   3415.2    656.7
     1     1    21     2     6    22     0     2   -85.0   42.184   61.863   3409.5    658.1
     1     1    21     2     6    21     0     3   -86.0   42.060   61.109   3413.1    658.4
     1     1    21     2     6    20     0     2   -87.0   41.922   60.392   3442.1    656.0
     1     1    21     2     6    19     0     1   -88.0   41.791   59.655   3511.9    652.2
     1     1    21     2     6    18     0     0   -89.0   41.695   58.902   3646.9    639.4
     1     1    21     2     6    17     0     1   -90.0   41.620   58.106   3772.6    627.1
     1     1    21     2     6    16     0     2   -91.0   41.576   57.287   3832.9    623.4
     1     1    21     2     6    15     0     3   -92.0   41.604   56.459   3861.7    620.5
     1     1    21     2     6    14     0     2   -93.0   41.669   55.582   3896.2    614.9
     1     1    21     2     6    13     0     1   -94.0   41.718   54.654   4045.7    598.8
     1     1    21     2     6    12     0     0   -95.0   41.819   53.711   4070.8    602.1
     1     1    21     2     6    11     0     1   -96.0   41.932   52.741   4193.5    599.5
     1     1    21     2     6    10     0     2   -97.0   42.014   51.791   4293.2    592.7
     1     1    21     2     6     9     0     3   -98.0   42.165   50.781   4368.5    586.9
     1     1    21     2     6     8     0     2   -99.0   42.341   49.687   4399.9    584.0
     1     1    21     2     6     7     0     1  -100.0   42.525   48.585   4398.7    572.9
     1     1    21     2     6     6     0     0  -101.0   42.741   47.391   4358.0    534.2
     1     1    21     2     6     5     0     1  -102.0   43.015   46.112   4603.4    511.0
     1     1    21     2     6     4     0     2  -103.0   43.367   44.760   4891.7    487.5
     1     1    21     2     6     3     0     3  -104.0   43.789   43.321   5009.9    461.8
     1     1    21     2     6     2     0     2  -105.0   44.255   41.797   5114.5    465.1
     1     1    21     2     6     1     0     1  -106.0   44.745   40.237   5192.7    487.6
     1     1    21     2     6     0     0     0  -107.0   45.208   38.752   5106.8    524.8
     1     1    21     2     5    23     0     1  -108.0   45.696   37.271   5041.0    527.2
     1     1    21     2     5    22     0     2  -109.0   46.200   35.767   4970.5    532.0
     1     1    21     2     5    21     0     3  -110.0   46.704   34.229   4883.9    535.5
     1     1    21     2     5    20     0     2  -111.0   47.186   32.703   4865.2    539.3
     1     1    21     2     5    19     0     1  -112.0   47.660   31.176   4861.4    532.1
     1     1    21     2     5    18     0     0  -113.0   48.141   29.636   4851.5    528.6
     1     1    21     2     5    17     0     1  -114.0   48.608   28.119   4809.8    528.2
     1     1    21     2     5    16     0     2  -115.0   49.053   26.654   4774.9    527.6
     1     1    21     2     5    15     0     3  -116.0   49.485   25.209   4788.9    527.3
     1     1    21     2     5    14     0     2  -117.0   49.891   23.775   4802.3    524.2
     1     1    21     2     5    13     0     1  -118.0   50.255   22.415   4805.7    528.6
     1     1    21     2     5    12     0     0  -119.0   50.588   21.119   4833.0    526.0
     1     1    21     2     5    11     0     1  -120.0   50.882   19.896   4857.7    526.5
