     5     1
    GDAS    21     2     1     0     0
    GDAS    21     2     8     0     0
    GDAS    21     2    15     0     0
    GDAS    21     2    22     0     0
    GDAS    21     3     1     0     0
     1 BACKWARD OMEGA   
    21     2    12     6   44.970  -93.230   500.0
     1 PRESSURE
     1     1    21     2    12     6     0     0     0.0   44.970  -93.230    500.0    933.8
     1     1    21     2    12     5     0     1    -1.0   45.131  -93.358    526.2    928.5
     1     1    21     2    12     4     0     2    -2.0   45.297  -93.463    538.0    924.9
     1     1    21     2    12     3     0     3    -3.0   45.462  -93.544    536.7    922.9
     1     1    21     2    12     2     0     2    -4.0   45.619  -93.621    529.4    922.2
     1     1    21     2    12     1     0     1    -5.0   45.764  -93.716    523.5    920.8
     1     1    21     2    12     0     0     0    -6.0   45.900  -93.835    522.3    918.4
     1     1    21     2    11    23     0     1    -7.0   46.025  -93.974    525.8    915.3
     1     1    21     2    11    22     0     2    -8.0   46.141  -94.130    537.3    914.2
     1     1    21     2    11    21     0     3    -9.0   46.250  -94.302    559.0    910.9
     1     1    21     2    11    20     0     2   -10.0   46.357  -94.476    583.2    906.7
     1     1    21     2    11    19     0     1   -11.0   46.465  -94.640    598.2    903.3
     1     1    21     2    11    18     0     0   -12.0   46.575  -94.799    592.2    902.2
     1     1    21     2    11    17     0     1   -13.0   46.695  -94.962    575.7    904.3
     1     1    21     2    11    16     0     2   -14.0   46.832  -95.147    570.8    905.5
     1     1    21     2    11    15     0     3   -15.0   46.978  -95.355    585.4    904.2
     1     1    21     2    11    14     0     2   -16.0   47.131  -95.588    608.5    902.8
     1     1    21     2    11    13     0     1   -17.0   47.291  -95.849    623.1    903.4
     1     1    21     2    11    12     0     0   -18.0   47.461  -96.140    623.4    906.9
     1     1    21     2    11    11     0     1   -19.0   47.631  -96.443    619.4    913.3
     1     1    21     2    11    10     0     2   -20.0   47.800  -96.743    625.0    916.5
     1     1    21     2    11     9     0     3   -21.0   47.980  -97.040    647.0    915.9
     1     1    21     2    11     8     0     2   -22.0   48.157  -97.348    675.5    903.1
     1     1    21     2    11     7     0     1   -23.0   48.323  -97.678    703.8    894.7
     1     1    21     2    11     6     0     0   -24.0   48.498  -98.049    744.6    886.1
     1     1    21     2    11     5     0     1   -25.0   48.688  -98.443    782.2    877.7
     1     1    21     2    11     4     0     2   -26.0   48.894  -98.824    802.3    872.1
     1     1    21     2    11     3     0     3   -27.0   49.113  -99.178    817.2    866.7
     1     1    21     2    11     2     0     2   -28.0   49.327  -99.518    836.2    860.6
     1     1    21     2    11     1     0     1   -29.0   49.541  -99.896    869.6    854.2
     1     1    21     2    11     0     0     0   -30.0   49.763 -100.325    915.3    851.2
     1     1    21     2    10    23     0     1   -31.0   49.979 -100.765    946.3    850.0
     1     1    21     2    10    22     0     2   -32.0   50.186 -101.204    965.3    843.2
     1     1    21     2    10    21     0     3   -33.0   50.394 -101.672    993.5    833.6
     1     1    21     2    10    20     0     2   -34.0   50.609 -102.172   1024.5    826.8
     1     1    21     2    10    19     0     1   -35.0   50.829 -102.666   1036.8    824.1
     1     1    21     2    10    18     0     0   -36.0   51.052 -103.145   1023.3    824.3
     1     1    21     2    10    17     0     1   -37.0   51.271 -103.608   1012.2    829.9
     1     1    21     2    10    16     0     2   -38.0   51.484 -104.073   1014.7    830.3
     1     1    21     2    10    15     0     3   -39.0   51.697 -104.527   1006.0    832.6
     1     1    21     2    10    14     0     2   -40.0   51.913 -104.953    987.5    836.7
     1     1    21     2    10    13     0     1   -41.0   52.128 -105.353    974.0    839.1
     1     1    21     2    10    12     0     0   -42.0   52.349 -105.742    964.2    841.0
     1     1    21     2    10    11     0     1   -43.0   52.582 -106.140    952.6    842.7
     1     1    21     2    10    10     0     2   -44.0   52.830 -106.554    941.5    840.7
     1     1    21     2    10     9     0     3   -45.0   53.101 -106.982    937.3    835.2
     1     1    21     2    10     8     0     2   -46.0   53.388 -107.411    935.4    836.0
     1     1    21     2    10     7     0     1   -47.0   53.674 -107.825    930.1    839.2
     1     1    21     2    10     6     0     0   -48.0   53.952 -108.225    922.2    841.5
     1     1    21     2    10     5     0     1   -49.0   54.242 -108.605    895.5    842.3
     1     1    21     2    10     4     0     2   -50.0   54.565 -108.959    856.4    843.0
     1     1    21     2    10     3     0     3   -51.0   54.924 -109.303    831.0    840.0
     1     1    21     2    10     2     0     2   -52.0   55.291 -109.674    811.4    845.6
     1     1    21     2    10     1     0     1   -53.0   55.635 -110.088    779.2    852.5
     1     1    21     2    10     0     0     0   -54.0   55.950 -110.536    753.5    859.0
     1     1    21     2     9    23     0     1   -55.0   56.255 -111.002    752.2    860.5
     1     1    21     2     9    22     0     2   -56.0   56.564 -111.447    749.9    863.8
     1     1    21     2     9    21     0     3   -57.0   56.861 -111.839    749.9    876.1
     1     1    21     2     9    20     0     2   -58.0   57.168 -112.198    754.9    874.5
     1     1    21     2     9    19     0     1   -59.0   57.503 -112.568    747.1    866.1
     1     1    21     2     9    18     0     0   -60.0   57.855 -112.947    721.0    860.7
     1     1    21     2     9    17     0     1   -61.0   58.201 -113.325    675.5    878.5
     1     1    21     2     9    16     0     2   -62.0   58.538 -113.695    609.9    894.2
     1     1    21     2     9    15     0     3   -63.0   58.890 -113.998    570.6    893.6
     1     1    21     2     9    14     0     2   -64.0   59.279 -114.285    570.5    891.5
     1     1    21     2     9    13     0     1   -65.0   59.700 -114.700    576.7    900.1
     1     1    21     2     9    12     0     0   -66.0   60.083 -115.240    515.6    924.3
     1     1    21     2     9    11     0     1   -67.0   60.412 -115.814    415.4    953.1
     1     1    21     2     9    10     0     2   -68.0   60.712 -116.362    348.5    966.5
     1     1    21     2     9     9     0     3   -69.0   60.963 -116.917    312.8    970.7
     1     1    21     2     9     8     0     2   -70.0   61.192 -117.459    303.0    968.7
     1     1    21     2     9     7     0     1   -71.0   61.451 -117.933    324.1    962.8
     1     1    21     2     9     6     0     0   -72.0   61.772 -118.284    391.3    947.3
     1     1    21     2     9     5     0     1   -73.0   62.167 -118.448    492.3    927.6
     1     1    21     2     9     4     0     2   -74.0   62.579 -118.455    549.4    919.9
     1     1    21     2     9     3     0     3   -75.0   62.973 -118.414    552.2    926.8
     1     1    21     2     9     2     0     2   -76.0   63.364 -118.394    527.3    930.5
     1     1    21     2     9     1     0     1   -77.0   63.762 -118.437    494.6    931.5
     1     1    21     2     9     0     0     0   -78.0   64.160 -118.584    455.7    937.2
     1     1    21     2     8    23     0     1   -79.0   64.539 -118.879    422.6    946.8
     1     1    21     2     8    22     0     2   -80.0   64.888 -119.269    415.4    947.3
     1     1    21     2     8    21     0     3   -81.0   65.203 -119.617    426.5    944.3
     1     1    21     2     8    20     0     2   -82.0   65.483 -119.904    437.5    947.6
     1     1    21     2     8    19     0     1   -83.0   65.735 -120.173    440.5    955.4
     1     1    21     2     8    18     0     0   -84.0   65.967 -120.450    432.4    964.4
     1     1    21     2     8    17     0     1   -85.0   66.185 -120.690    421.3    965.9
     1     1    21     2     8    16     0     2   -86.0   66.395 -120.855    414.0    964.9
     1     1    21     2     8    15     0     3   -87.0   66.600 -120.958    409.6    963.5
     1     1    21     2     8    14     0     2   -88.0   66.793 -121.023    405.4    961.5
     1     1    21     2     8    13     0     1   -89.0   66.967 -121.079    399.2    959.6
     1     1    21     2     8    12     0     0   -90.0   67.128 -121.139    391.9    954.2
     1     1    21     2     8    11     0     1   -91.0   67.280 -121.189    383.8    948.5
     1     1    21     2     8    10     0     2   -92.0   67.427 -121.214    374.7    943.9
     1     1    21     2     8     9     0     3   -93.0   67.568 -121.210    365.3    939.7
     1     1    21     2     8     8     0     2   -94.0   67.700 -121.189    360.0    935.5
     1     1    21     2     8     7     0     1   -95.0   67.819 -121.161    363.1    930.0
     1     1    21     2     8     6     0     0   -96.0   67.929 -121.132    375.5    923.6
     1     1    21     2     8     5     0     1   -97.0   68.028 -121.092    390.0    917.0
     1     1    21     2     8     4     0     2   -98.0   68.116 -121.027    399.0    913.5
     1     1    21     2     8     3     0     3   -99.0   68.194 -120.942    402.1    910.8
     1     1    21     2     8     2     0     2  -100.0   68.269 -120.856    402.8    908.7
     1     1    21     2     8     1     0     1  -101.0   68.347 -120.788    403.9    906.7
     1     1    21     2     8     0     0     0  -102.0   68.429 -120.737    404.8    905.1
     1     1    21     2     7    23     0     1  -103.0   68.512 -120.716    411.2    903.9
     1     1    21     2     7    22     0     2  -104.0   68.595 -120.742    428.3    900.6
     1     1    21     2     7    21     0     3  -105.0   68.674 -120.820    455.9    895.3
     1     1    21     2     7    20     0     2  -106.0   68.738 -120.943    491.5    887.7
     1     1    21     2     7    19     0     1  -107.0   68.779 -121.099    532.0    880.9
     1     1    21     2     7    18     0     0  -108.0   68.796 -121.283    577.7    874.7
     1     1    21     2     7    17     0     1  -109.0   68.803 -121.491    623.5    868.1
     1     1    21     2     7    16     0     2  -110.0   68.816 -121.735    662.8    862.4
     1     1    21     2     7    15     0     3  -111.0   68.843 -122.029    695.3    858.1
     1     1    21     2     7    14     0     2  -112.0   68.869 -122.382    710.6    863.8
     1     1    21     2     7    13     0     1  -113.0   68.885 -122.797    695.8    876.8
     1     1    21     2     7    12     0     0  -114.0   68.896 -123.287    657.9    892.4
     1     1    21     2     7    11     0     1  -115.0   68.895 -123.837    632.9    905.9
     1     1    21     2     7    10     0     2  -116.0   68.897 -124.410    620.4    910.4
     1     1    21     2     7     9     0     3  -117.0   68.913 -124.984    587.8    917.9
     1     1    21     2     7     8     0     2  -118.0   68.946 -125.573    549.9    925.8
     1     1    21     2     7     7     0     1  -119.0   69.002 -126.205    534.6    927.2
     1     1    21     2     7     6     0     0  -120.0   69.085 -126.913    530.0    927.8
