     5     1
    GDAS    21     2     1     0     0
    GDAS    21     2     8     0     0
    GDAS    21     2    15     0     0
    GDAS    21     2    22     0     0
    GDAS    21     3     1     0     0
     1 BACKWARD OMEGA   
    21     2    22     6   44.970  -93.230   500.0
     1 PRESSURE
     1     1    21     2    22     6     0     0     0.0   44.970  -93.230    500.0    913.7
     1     1    21     2    22     5     0     1    -1.0   45.030  -93.529    500.3    915.4
     1     1    21     2    22     4     0     2    -2.0   45.086  -93.814    519.0    912.8
     1     1    21     2    22     3     0     3    -3.0   45.151  -94.088    549.7    907.7
     1     1    21     2    22     2     0     2    -4.0   45.207  -94.335    580.0    901.4
     1     1    21     2    22     1     0     1    -5.0   45.235  -94.533    604.7    897.8
     1     1    21     2    22     0     0     0    -6.0   45.231  -94.679    628.9    894.9
     1     1    21     2    21    23     0     1    -7.0   45.195  -94.770    646.5    891.9
     1     1    21     2    21    22     0     2    -8.0   45.126  -94.801    644.2    892.3
     1     1    21     2    21    21     0     3    -9.0   45.023  -94.760    616.8    896.8
     1     1    21     2    21    20     0     2   -10.0   44.910  -94.645    595.4    903.5
     1     1    21     2    21    19     0     1   -11.0   44.796  -94.474    601.9    904.0
     1     1    21     2    21    18     0     0   -12.0   44.664  -94.242    621.3    903.4
     1     1    21     2    21    17     0     1   -13.0   44.494  -93.999    649.9    904.1
     1     1    21     2    21    16     0     2   -14.0   44.279  -93.818    702.6    897.6
     1     1    21     2    21    15     0     3   -15.0   44.029  -93.733    788.9    885.9
     1     1    21     2    21    14     0     2   -16.0   43.745  -93.703    860.8    870.9
     1     1    21     2    21    13     0     1   -17.0   43.436  -93.683    867.1    873.1
     1     1    21     2    21    12     0     0   -18.0   43.088  -93.740    885.0    875.4
     1     1    21     2    21    11     0     1   -19.0   42.713  -93.824    919.2    866.6
     1     1    21     2    21    10     0     2   -20.0   42.332  -93.868    906.9    868.3
     1     1    21     2    21     9     0     3   -21.0   41.936  -93.909    878.0    875.6
     1     1    21     2    21     8     0     2   -22.0   41.540  -93.942    864.7    877.5
     1     1    21     2    21     7     0     1   -23.0   41.152  -93.963    863.8    877.9
     1     1    21     2    21     6     0     0   -24.0   40.762  -94.006    862.3    879.1
     1     1    21     2    21     5     0     1   -25.0   40.394  -94.078    851.9    883.0
     1     1    21     2    21     4     0     2   -26.0   40.070  -94.150    829.8    887.0
     1     1    21     2    21     3     0     3   -27.0   39.772  -94.206    794.5    891.5
     1     1    21     2    21     2     0     2   -28.0   39.482  -94.284    758.8    896.7
     1     1    21     2    21     1     0     1   -29.0   39.185  -94.424    726.9    900.2
     1     1    21     2    21     0     0     0   -30.0   38.883  -94.615    698.4    904.4
     1     1    21     2    20    23     0     1   -31.0   38.572  -94.830    679.8    907.4
     1     1    21     2    20    22     0     2   -32.0   38.255  -95.057    667.3    907.3
     1     1    21     2    20    21     0     3   -33.0   37.937  -95.299    654.6    907.6
     1     1    21     2    20    20     0     2   -34.0   37.615  -95.549    645.9    909.5
     1     1    21     2    20    19     0     1   -35.0   37.288  -95.799    651.6    911.3
     1     1    21     2    20    18     0     0   -36.0   36.971  -96.051    678.1    910.7
     1     1    21     2    20    17     0     1   -37.0   36.674  -96.280    697.1    905.7
     1     1    21     2    20    16     0     2   -38.0   36.393  -96.463    692.6    908.3
     1     1    21     2    20    15     0     3   -39.0   36.125  -96.603    687.1    911.1
     1     1    21     2    20    14     0     2   -40.0   35.886  -96.742    686.0    910.4
     1     1    21     2    20    13     0     1   -41.0   35.694  -96.915    681.2    907.8
     1     1    21     2    20    12     0     0   -42.0   35.552  -97.113    660.8    907.6
     1     1    21     2    20    11     0     1   -43.0   35.418  -97.343    631.1    911.0
     1     1    21     2    20    10     0     2   -44.0   35.248  -97.607    607.0    912.8
     1     1    21     2    20     9     0     3   -45.0   35.033  -97.891    597.4    913.8
     1     1    21     2    20     8     0     2   -46.0   34.795  -98.178    592.9    912.3
     1     1    21     2    20     7     0     1   -47.0   34.551  -98.459    576.7    913.3
     1     1    21     2    20     6     0     0   -48.0   34.290  -98.733    545.9    917.2
     1     1    21     2    20     5     0     1   -49.0   34.004  -98.972    503.2    924.1
     1     1    21     2    20     4     0     2   -50.0   33.696  -99.164    467.8    924.8
     1     1    21     2    20     3     0     3   -51.0   33.375  -99.331    455.6    922.2
     1     1    21     2    20     2     0     2   -52.0   33.070  -99.493    462.4    919.3
     1     1    21     2    20     1     0     1   -53.0   32.807  -99.660    472.4    913.4
     1     1    21     2    20     0     0     0   -54.0   32.576  -99.819    478.7    908.9
     1     1    21     2    19    23     0     1   -55.0   32.363  -99.993    493.6    903.6
     1     1    21     2    19    22     0     2   -56.0   32.163 -100.209    534.5    893.7
     1     1    21     2    19    21     0     3   -57.0   31.982 -100.462    611.9    880.5
     1     1    21     2    19    20     0     2   -58.0   31.840 -100.731    705.3    864.1
     1     1    21     2    19    19     0     1   -59.0   31.749 -101.001    787.3    852.1
     1     1    21     2    19    18     0     0   -60.0   31.699 -101.269    859.4    843.2
     1     1    21     2    19    17     0     1   -61.0   31.673 -101.519    929.3    833.6
     1     1    21     2    19    16     0     2   -62.0   31.664 -101.736    999.3    823.9
     1     1    21     2    19    15     0     3   -63.0   31.680 -101.926   1063.8    815.0
     1     1    21     2    19    14     0     2   -64.0   31.719 -102.099   1117.2    807.6
     1     1    21     2    19    13     0     1   -65.0   31.779 -102.268   1157.9    801.7
     1     1    21     2    19    12     0     0   -66.0   31.858 -102.433   1186.5    796.8
     1     1    21     2    19    11     0     1   -67.0   31.958 -102.599   1212.1    793.5
     1     1    21     2    19    10     0     2   -68.0   32.077 -102.772   1243.2    787.7
     1     1    21     2    19     9     0     3   -69.0   32.215 -102.948   1285.2    780.3
     1     1    21     2    19     8     0     2   -70.0   32.365 -103.118   1350.5    771.3
     1     1    21     2    19     7     0     1   -71.0   32.525 -103.282   1441.1    759.2
     1     1    21     2    19     6     0     0   -72.0   32.706 -103.445   1546.8    744.0
     1     1    21     2    19     5     0     1   -73.0   32.910 -103.625   1636.4    727.7
     1     1    21     2    19     4     0     2   -74.0   33.127 -103.844   1676.2    717.9
     1     1    21     2    19     3     0     3   -75.0   33.348 -104.113   1675.3    713.3
     1     1    21     2    19     2     0     2   -76.0   33.571 -104.401   1705.5    705.5
     1     1    21     2    19     1     0     1   -77.0   33.797 -104.697   1764.9    688.4
     1     1    21     2    19     0     0     0   -78.0   34.015 -105.003   1771.1    677.8
     1     1    21     2    18    23     0     1   -79.0   34.218 -105.301   1759.7    674.3
     1     1    21     2    18    22     0     2   -80.0   34.404 -105.591   1815.6    656.3
     1     1    21     2    18    21     0     3   -81.0   34.568 -105.868   1922.9    637.5
     1     1    21     2    18    20     0     2   -82.0   34.709 -106.119   2071.7    621.3
     1     1    21     2    18    19     0     1   -83.0   34.837 -106.324   2234.3    610.2
     1     1    21     2    18    18     0     0   -84.0   34.954 -106.486   2381.7    600.4
     1     1    21     2    18    17     0     1   -85.0   35.058 -106.615   2493.7    591.3
     1     1    21     2    18    16     0     2   -86.0   35.160 -106.721   2565.6    583.8
     1     1    21     2    18    15     0     3   -87.0   35.256 -106.806   2608.4    577.9
     1     1    21     2    18    14     0     2   -88.0   35.337 -106.881   2618.8    573.1
     1     1    21     2    18    13     0     1   -89.0   35.399 -106.948   2593.2    572.7
     1     1    21     2    18    12     0     0   -90.0   35.442 -107.008   2542.5    574.5
     1     1    21     2    18    11     0     1   -91.0   35.479 -107.064   2511.8    577.8
     1     1    21     2    18    10     0     2   -92.0   35.520 -107.120   2539.4    572.8
     1     1    21     2    18     9     0     3   -93.0   35.565 -107.180   2615.9    564.2
     1     1    21     2    18     8     0     2   -94.0   35.606 -107.242   2691.5    553.0
     1     1    21     2    18     7     0     1   -95.0   35.637 -107.299   2718.1    549.9
     1     1    21     2    18     6     0     0   -96.0   35.661 -107.348   2695.9    550.9
     1     1    21     2    18     5     0     1   -97.0   35.678 -107.413   2655.7    555.8
     1     1    21     2    18     4     0     2   -98.0   35.691 -107.520   2633.0    557.7
     1     1    21     2    18     3     0     3   -99.0   35.702 -107.666   2634.8    558.1
     1     1    21     2    18     2     0     2  -100.0   35.714 -107.834   2649.4    556.2
     1     1    21     2    18     1     0     1  -101.0   35.728 -108.005   2644.6    556.1
     1     1    21     2    18     0     0     0  -102.0   35.741 -108.182   2608.4    556.3
     1     1    21     2    17    23     0     1  -103.0   35.753 -108.375   2575.9    556.3
     1     1    21     2    17    22     0     2  -104.0   35.773 -108.591   2572.3    552.3
     1     1    21     2    17    21     0     3  -105.0   35.807 -108.819   2604.6    544.3
     1     1    21     2    17    20     0     2  -106.0   35.854 -109.040   2605.5    534.4
     1     1    21     2    17    19     0     1  -107.0   35.904 -109.259   2516.1    545.4
     1     1    21     2    17    18     0     0  -108.0   35.950 -109.501   2315.7    566.5
     1     1    21     2    17    17     0     1  -109.0   36.001 -109.769   2084.4    598.3
     1     1    21     2    17    16     0     2  -110.0   36.068 -110.031   1934.9    621.6
     1     1    21     2    17    15     0     3  -111.0   36.170 -110.264   1866.2    636.5
     1     1    21     2    17    14     0     2  -112.0   36.314 -110.465   1846.4    643.6
     1     1    21     2    17    13     0     1  -113.0   36.475 -110.636   1831.2    650.3
     1     1    21     2    17    12     0     0  -114.0   36.626 -110.787   1791.1    657.3
     1     1    21     2    17    11     0     1  -115.0   36.769 -110.903   1740.5    667.7
     1     1    21     2    17    10     0     2  -116.0   36.914 -110.973   1737.5    672.3
     1     1    21     2    17     9     0     3  -117.0   37.074 -111.009   1812.4    665.3
     1     1    21     2    17     8     0     2  -118.0   37.259 -111.043   1897.3    645.3
     1     1    21     2    17     7     0     1  -119.0   37.482 -111.098   1963.7    635.0
     1     1    21     2    17     6     0     0  -120.0   37.749 -111.178   2101.7    616.0
