     5     1
    GDAS    21     2     1     0     0
    GDAS    21     2     8     0     0
    GDAS    21     2    15     0     0
    GDAS    21     2    22     0     0
    GDAS    21     3     1     0     0
     1 BACKWARD OMEGA   
    21     2    14    21   37.820  111.540  1000.0
     1 PRESSURE
     1     1    21     2    14    21     0     3     0.0   37.820  111.540   1000.0    775.5
     1     1    21     2    14    20     0     2    -1.0   38.234  111.170   1148.9    764.7
     1     1    21     2    14    19     0     1    -2.0   38.627  110.853   1209.3    767.6
     1     1    21     2    14    18     0     0    -3.0   39.015  110.582   1217.4    767.7
     1     1    21     2    14    17     0     1    -4.0   39.425  110.273   1236.6    752.2
     1     1    21     2    14    16     0     2    -5.0   39.869  109.871   1278.1    734.4
     1     1    21     2    14    15     0     3    -6.0   40.340  109.418   1362.8    729.4
     1     1    21     2    14    14     0     2    -7.0   40.792  108.948   1469.5    735.2
     1     1    21     2    14    13     0     1    -8.0   41.192  108.474   1500.9    733.1
     1     1    21     2    14    12     0     0    -9.0   41.590  107.985   1529.2    729.4
     1     1    21     2    14    11     0     1   -10.0   42.040  107.461   1624.4    715.3
     1     1    21     2    14    10     0     2   -11.0   42.472  106.925   1689.6    706.7
     1     1    21     2    14     9     0     3   -12.0   42.823  106.386   1701.6    705.4
     1     1    21     2    14     8     0     2   -13.0   43.140  105.841   1701.8    692.3
     1     1    21     2    14     7     0     1   -14.0   43.466  105.315   1707.9    681.2
     1     1    21     2    14     6     0     0   -15.0   43.809  104.811   1741.3    676.8
     1     1    21     2    14     5     0     1   -16.0   44.141  104.355   1794.2    682.1
     1     1    21     2    14     4     0     2   -17.0   44.464  103.947   1858.6    685.2
     1     1    21     2    14     3     0     3   -18.0   44.785  103.581   1907.4    680.2
     1     1    21     2    14     2     0     2   -19.0   45.095  103.236   1924.2    675.0
     1     1    21     2    14     1     0     1   -20.0   45.421  102.866   1922.8    661.3
     1     1    21     2    14     0     0     0   -21.0   45.812  102.443   1928.5    631.2
     1     1    21     2    13    23     0     1   -22.0   46.246  101.971   1933.5    604.2
     1     1    21     2    13    22     0     2   -23.0   46.684  101.463   1967.7    595.2
     1     1    21     2    13    21     0     3   -24.0   47.144  100.908   2007.9    564.4
     1     1    21     2    13    20     0     2   -25.0   47.618  100.313   2061.3    570.4
     1     1    21     2    13    19     0     1   -26.0   48.075   99.699   2102.7    574.9
     1     1    21     2    13    18     0     0   -27.0   48.509   99.086   2115.9    570.8
     1     1    21     2    13    17     0     1   -28.0   48.919   98.505   2120.9    579.0
     1     1    21     2    13    16     0     2   -29.0   49.324   97.937   2166.6    578.6
     1     1    21     2    13    15     0     3   -30.0   49.729   97.345   2268.0    566.9
     1     1    21     2    13    14     0     2   -31.0   50.136   96.730   2403.7    566.3
     1     1    21     2    13    13     0     1   -32.0   50.524   96.125   2504.6    587.4
     1     1    21     2    13    12     0     0   -33.0   50.868   95.548   2538.3    615.6
     1     1    21     2    13    11     0     1   -34.0   51.178   94.989   2542.4    628.2
     1     1    21     2    13    10     0     2   -35.0   51.474   94.430   2510.7    615.0
     1     1    21     2    13     9     0     3   -36.0   51.746   93.863   2527.0    621.5
     1     1    21     2    13     8     0     2   -37.0   51.993   93.321   2515.9    623.2
     1     1    21     2    13     7     0     1   -38.0   52.234   92.815   2471.2    633.4
     1     1    21     2    13     6     0     0   -39.0   52.458   92.323   2442.0    646.7
     1     1    21     2    13     5     0     1   -40.0   52.669   91.833   2439.9    657.5
     1     1    21     2    13     4     0     2   -41.0   52.870   91.351   2458.2    669.0
     1     1    21     2    13     3     0     3   -42.0   53.052   90.899   2479.1    680.7
     1     1    21     2    13     2     0     2   -43.0   53.222   90.445   2482.4    680.3
     1     1    21     2    13     1     0     1   -44.0   53.402   89.969   2486.2    672.2
     1     1    21     2    13     0     0     0   -45.0   53.619   89.500   2514.4    654.7
     1     1    21     2    12    23     0     1   -46.0   53.878   89.033   2601.0    631.8
     1     1    21     2    12    22     0     2   -47.0   54.138   88.558   2750.1    640.4
     1     1    21     2    12    21     0     3   -48.0   54.373   88.091   2862.1    651.5
     1     1    21     2    12    20     0     2   -49.0   54.581   87.639   2936.1    655.0
     1     1    21     2    12    19     0     1   -50.0   54.771   87.207   3006.4    660.9
     1     1    21     2    12    18     0     0   -51.0   54.959   86.808   3071.1    662.9
     1     1    21     2    12    17     0     1   -52.0   55.144   86.406   3112.9    657.8
     1     1    21     2    12    16     0     2   -53.0   55.321   85.968   3136.5    656.5
     1     1    21     2    12    15     0     3   -54.0   55.503   85.514   3155.5    655.8
     1     1    21     2    12    14     0     2   -55.0   55.675   85.036   3167.4    656.7
     1     1    21     2    12    13     0     1   -56.0   55.825   84.523   3177.9    659.7
     1     1    21     2    12    12     0     0   -57.0   55.971   83.987   3188.7    661.8
     1     1    21     2    12    11     0     1   -58.0   56.093   83.447   3199.6    659.9
     1     1    21     2    12    10     0     2   -59.0   56.172   82.914   3228.1    654.1
     1     1    21     2    12     9     0     3   -60.0   56.227   82.390   3265.2    650.7
     1     1    21     2    12     8     0     2   -61.0   56.270   81.881   3300.3    647.0
     1     1    21     2    12     7     0     1   -62.0   56.301   81.392   3323.1    643.9
     1     1    21     2    12     6     0     0   -63.0   56.318   80.916   3329.6    642.4
     1     1    21     2    12     5     0     1   -64.0   56.327   80.453   3329.1    643.5
     1     1    21     2    12     4     0     2   -65.0   56.334   80.007   3330.6    643.2
     1     1    21     2    12     3     0     3   -66.0   56.336   79.581   3331.6    643.0
     1     1    21     2    12     2     0     2   -67.0   56.335   79.160   3331.6    643.2
     1     1    21     2    12     1     0     1   -68.0   56.330   78.726   3331.6    643.3
     1     1    21     2    12     0     0     0   -69.0   56.323   78.280   3331.6    643.5
     1     1    21     2    11    23     0     1   -70.0   56.316   77.837   3332.5    644.1
     1     1    21     2    11    22     0     2   -71.0   56.297   77.416   3335.1    645.7
     1     1    21     2    11    21     0     3   -72.0   56.257   77.030   3337.7    647.4
     1     1    21     2    11    20     0     2   -73.0   56.210   76.669   3342.1    647.8
     1     1    21     2    11    19     0     1   -74.0   56.171   76.323   3352.6    647.0
     1     1    21     2    11    18     0     0   -75.0   56.141   76.001   3366.7    645.8
     1     1    21     2    11    17     0     1   -76.0   56.122   75.692   3377.5    643.2
     1     1    21     2    11    16     0     2   -77.0   56.118   75.377   3385.8    641.3
     1     1    21     2    11    15     0     3   -78.0   56.125   75.058   3398.7    639.2
     1     1    21     2    11    14     0     2   -79.0   56.139   74.738   3417.3    637.9
     1     1    21     2    11    13     0     1   -80.0   56.154   74.419   3430.5    638.1
     1     1    21     2    11    12     0     0   -81.0   56.162   74.109   3436.4    638.9
     1     1    21     2    11    11     0     1   -82.0   56.164   73.812   3437.5    639.4
     1     1    21     2    11    10     0     2   -83.0   56.168   73.529   3437.8    639.1
     1     1    21     2    11     9     0     3   -84.0   56.168   73.261   3436.1    639.0
     1     1    21     2    11     8     0     2   -85.0   56.177   73.008   3444.1    639.1
     1     1    21     2    11     7     0     1   -86.0   56.211   72.764   3473.6    636.0
     1     1    21     2    11     6     0     0   -87.0   56.267   72.532   3525.2    631.2
     1     1    21     2    11     5     0     1   -88.0   56.341   72.307   3584.0    624.3
     1     1    21     2    11     4     0     2   -89.0   56.427   72.091   3636.0    619.6
     1     1    21     2    11     3     0     3   -90.0   56.525   71.893   3685.2    614.8
     1     1    21     2    11     2     0     2   -91.0   56.631   71.704   3736.9    609.9
     1     1    21     2    11     1     0     1   -92.0   56.746   71.517   3794.6    604.5
     1     1    21     2    11     0     0     0   -93.0   56.870   71.350   3858.3    598.9
     1     1    21     2    10    23     0     1   -94.0   56.995   71.220   3921.8    593.1
     1     1    21     2    10    22     0     2   -95.0   57.117   71.112   3977.7    588.1
     1     1    21     2    10    21     0     3   -96.0   57.239   71.015   4027.0    583.8
     1     1    21     2    10    20     0     2   -97.0   57.371   70.924   4073.1    579.6
     1     1    21     2    10    19     0     1   -98.0   57.521   70.837   4119.3    575.3
     1     1    21     2    10    18     0     0   -99.0   57.688   70.766   4166.9    570.9
     1     1    21     2    10    17     0     1  -100.0   57.873   70.736   4223.2    566.1
     1     1    21     2    10    16     0     2  -101.0   58.082   70.770   4291.9    559.6
     1     1    21     2    10    15     0     3  -102.0   58.321   70.851   4369.0    552.5
     1     1    21     2    10    14     0     2  -103.0   58.583   70.953   4447.5    545.1
     1     1    21     2    10    13     0     1  -104.0   58.860   71.088   4521.5    538.5
     1     1    21     2    10    12     0     0  -105.0   59.155   71.267   4587.5    532.4
     1     1    21     2    10    11     0     1  -106.0   59.438   71.497   4637.7    527.2
     1     1    21     2    10    10     0     2  -107.0   59.690   71.786   4669.1    523.9
     1     1    21     2    10     9     0     3  -108.0   59.918   72.140   4682.4    521.9
     1     1    21     2    10     8     0     2  -109.0   60.124   72.578   4675.5    522.2
     1     1    21     2    10     7     0     1  -110.0   60.314   73.100   4650.7    525.0
     1     1    21     2    10     6     0     0  -111.0   60.495   73.691   4633.9    528.2
     1     1    21     2    10     5     0     1  -112.0   60.664   74.326   4633.2    527.9
     1     1    21     2    10     4     0     2  -113.0   60.830   74.964   4628.9    528.2
     1     1    21     2    10     3     0     3  -114.0   61.003   75.581   4635.4    529.9
     1     1    21     2    10     2     0     2  -115.0   61.169   76.170   4647.4    525.8
     1     1    21     2    10     1     0     1  -116.0   61.327   76.733   4637.8    524.4
     1     1    21     2    10     0     0     0  -117.0   61.483   77.266   4604.7    526.2
     1     1    21     2     9    23     0     1  -118.0   61.629   77.770   4572.8    528.6
     1     1    21     2     9    22     0     2  -119.0   61.760   78.250   4554.4    528.3
     1     1    21     2     9    21     0     3  -120.0   61.880   78.695   4547.2    527.3
