     5     1
    GDAS    21     2     1     0     0
    GDAS    21     2     8     0     0
    GDAS    21     2    15     0     0
    GDAS    21     2    22     0     0
    GDAS    21     3     1     0     0
     1 BACKWARD OMEGA   
    21     2    18     6   37.820  111.540  1000.0
     1 PRESSURE
     1     1    21     2    18     6     0     0     0.0   37.820  111.540   1000.0    780.8
     1     1    21     2    18     5     0     1    -1.0   37.906  111.228   1031.4    780.0
     1     1    21     2    18     4     0     2    -2.0   38.000  110.948   1014.8    789.7
     1     1    21     2    18     3     0     3    -3.0   38.092  110.691    983.8    797.5
     1     1    21     2    18     2     0     2    -4.0   38.185  110.433    959.6    799.9
     1     1    21     2    18     1     0     1    -5.0   38.283  110.170    938.4    800.7
     1     1    21     2    18     0     0     0    -6.0   38.391  109.898    915.8    799.1
     1     1    21     2    17    23     0     1    -7.0   38.507  109.616    895.6    796.8
     1     1    21     2    17    22     0     2    -8.0   38.633  109.322    883.6    793.1
     1     1    21     2    17    21     0     3    -9.0   38.770  109.020    878.9    789.0
     1     1    21     2    17    20     0     2   -10.0   38.907  108.706    882.7    783.2
     1     1    21     2    17    19     0     1   -11.0   39.030  108.372    903.7    776.8
     1     1    21     2    17    18     0     0   -12.0   39.142  108.027    941.3    770.5
     1     1    21     2    17    17     0     1   -13.0   39.243  107.690    981.3    772.2
     1     1    21     2    17    16     0     2   -14.0   39.334  107.367   1013.5    773.6
     1     1    21     2    17    15     0     3   -15.0   39.418  107.052   1039.3    772.6
     1     1    21     2    17    14     0     2   -16.0   39.502  106.744   1066.3    762.8
     1     1    21     2    17    13     0     1   -17.0   39.596  106.447   1097.0    754.7
     1     1    21     2    17    12     0     0   -18.0   39.698  106.170   1089.1    757.3
     1     1    21     2    17    11     0     1   -19.0   39.791  105.916   1022.6    771.9
     1     1    21     2    17    10     0     2   -20.0   39.870  105.672    924.9    783.8
     1     1    21     2    17     9     0     3   -21.0   39.950  105.424    820.3    789.9
     1     1    21     2    17     8     0     2   -22.0   40.037  105.166    735.0    791.1
     1     1    21     2    17     7     0     1   -23.0   40.128  104.892    692.3    789.7
     1     1    21     2    17     6     0     0   -24.0   40.212  104.617    658.1    795.2
     1     1    21     2    17     5     0     1   -25.0   40.289  104.363    609.5    804.3
     1     1    21     2    17     4     0     2   -26.0   40.366  104.132    558.3    813.3
     1     1    21     2    17     3     0     3   -27.0   40.437  103.916    522.1    818.6
     1     1    21     2    17     2     0     2   -28.0   40.515  103.691    502.0    816.5
     1     1    21     2    17     1     0     1   -29.0   40.610  103.439    491.7    814.2
     1     1    21     2    17     0     0     0   -30.0   40.718  103.159    495.3    810.9
     1     1    21     2    16    23     0     1   -31.0   40.825  102.858    519.3    811.1
     1     1    21     2    16    22     0     2   -32.0   40.916  102.558    552.5    815.4
     1     1    21     2    16    21     0     3   -33.0   40.979  102.268    578.4    820.7
     1     1    21     2    16    20     0     2   -34.0   41.017  101.988    588.5    827.3
     1     1    21     2    16    19     0     1   -35.0   41.044  101.716    586.7    832.4
     1     1    21     2    16    18     0     0   -36.0   41.066  101.446    579.3    837.0
     1     1    21     2    16    17     0     1   -37.0   41.073  101.194    571.0    841.8
     1     1    21     2    16    16     0     2   -38.0   41.069  100.973    570.8    844.3
     1     1    21     2    16    15     0     3   -39.0   41.058  100.775    584.9    840.8
     1     1    21     2    16    14     0     2   -40.0   41.046  100.584    610.1    834.7
     1     1    21     2    16    13     0     1   -41.0   41.037  100.392    636.4    829.0
     1     1    21     2    16    12     0     0   -42.0   41.026  100.198    664.0    823.4
     1     1    21     2    16    11     0     1   -43.0   41.019  100.008    705.0    817.4
     1     1    21     2    16    10     0     2   -44.0   41.036   99.817    758.2    805.0
     1     1    21     2    16     9     0     3   -45.0   41.086   99.622    807.6    794.5
     1     1    21     2    16     8     0     2   -46.0   41.148   99.414    851.3    785.2
     1     1    21     2    16     7     0     1   -47.0   41.205   99.187    890.2    775.2
     1     1    21     2    16     6     0     0   -48.0   41.255   98.953    926.7    766.3
     1     1    21     2    16     5     0     1   -49.0   41.306   98.720    952.3    761.7
     1     1    21     2    16     4     0     2   -50.0   41.361   98.502    955.0    760.4
     1     1    21     2    16     3     0     3   -51.0   41.413   98.308    941.7    760.3
     1     1    21     2    16     2     0     2   -52.0   41.465   98.126    939.0    760.6
     1     1    21     2    16     1     0     1   -53.0   41.524   97.941    966.5    754.1
     1     1    21     2    16     0     0     0   -54.0   41.596   97.748   1017.6    743.9
     1     1    21     2    15    23     0     1   -55.0   41.677   97.549   1070.7    732.6
     1     1    21     2    15    22     0     2   -56.0   41.758   97.357   1102.0    725.0
     1     1    21     2    15    21     0     3   -57.0   41.834   97.178   1105.0    720.8
     1     1    21     2    15    20     0     2   -58.0   41.908   97.017   1079.3    720.9
     1     1    21     2    15    19     0     1   -59.0   41.984   96.879   1034.1    721.8
     1     1    21     2    15    18     0     0   -60.0   42.071   96.766    980.7    726.5
     1     1    21     2    15    17     0     1   -61.0   42.172   96.658    933.4    734.1
     1     1    21     2    15    16     0     2   -62.0   42.281   96.538    898.9    741.3
     1     1    21     2    15    15     0     3   -63.0   42.397   96.403    872.2    750.3
     1     1    21     2    15    14     0     2   -64.0   42.510   96.250    849.1    761.1
     1     1    21     2    15    13     0     1   -65.0   42.605   96.082    832.5    773.0
     1     1    21     2    15    12     0     0   -66.0   42.676   95.911    823.5    778.7
     1     1    21     2    15    11     0     1   -67.0   42.737   95.752    818.3    777.4
     1     1    21     2    15    10     0     2   -68.0   42.799   95.612    818.1    773.7
     1     1    21     2    15     9     0     3   -69.0   42.863   95.491    822.2    767.9
     1     1    21     2    15     8     0     2   -70.0   42.920   95.387    827.7    760.8
     1     1    21     2    15     7     0     1   -71.0   42.963   95.296    833.6    753.3
     1     1    21     2    15     6     0     0   -72.0   42.987   95.214    842.6    745.5
     1     1    21     2    15     5     0     1   -73.0   43.006   95.132    858.1    737.4
     1     1    21     2    15     4     0     2   -74.0   43.030   95.033    882.9    729.6
     1     1    21     2    15     3     0     3   -75.0   43.062   94.905    915.2    728.9
     1     1    21     2    15     2     0     2   -76.0   43.123   94.758    939.7    734.5
     1     1    21     2    15     1     0     1   -77.0   43.216   94.600    950.4    746.2
     1     1    21     2    15     0     0     0   -78.0   43.325   94.421    955.5    758.6
     1     1    21     2    14    23     0     1   -79.0   43.427   94.221    968.8    768.6
     1     1    21     2    14    22     0     2   -80.0   43.511   94.012   1003.0    771.6
     1     1    21     2    14    21     0     3   -81.0   43.577   93.800   1046.6    772.1
     1     1    21     2    14    20     0     2   -82.0   43.622   93.596   1076.7    769.3
     1     1    21     2    14    19     0     1   -83.0   43.644   93.409   1092.3    766.9
     1     1    21     2    14    18     0     0   -84.0   43.650   93.236   1104.0    764.0
     1     1    21     2    14    17     0     1   -85.0   43.646   93.075   1106.3    761.1
     1     1    21     2    14    16     0     2   -86.0   43.641   92.931   1091.9    762.5
     1     1    21     2    14    15     0     3   -87.0   43.639   92.815   1062.3    766.2
     1     1    21     2    14    14     0     2   -88.0   43.642   92.723   1041.7    770.2
     1     1    21     2    14    13     0     1   -89.0   43.661   92.650   1049.2    767.3
     1     1    21     2    14    12     0     0   -90.0   43.699   92.592   1081.3    760.2
     1     1    21     2    14    11     0     1   -91.0   43.758   92.530   1122.5    748.4
     1     1    21     2    14    10     0     2   -92.0   43.840   92.445   1154.2    735.5
     1     1    21     2    14     9     0     3   -93.0   43.945   92.339   1171.4    720.3
     1     1    21     2    14     8     0     2   -94.0   44.070   92.217   1178.6    713.8
     1     1    21     2    14     7     0     1   -95.0   44.206   92.088   1184.8    717.7
     1     1    21     2    14     6     0     0   -96.0   44.348   91.951   1198.4    724.4
     1     1    21     2    14     5     0     1   -97.0   44.502   91.809   1240.7    731.3
     1     1    21     2    14     4     0     2   -98.0   44.678   91.667   1327.7    730.0
     1     1    21     2    14     3     0     3   -99.0   44.887   91.530   1461.9    720.6
     1     1    21     2    14     2     0     2  -100.0   45.131   91.383   1630.2    702.0
     1     1    21     2    14     1     0     1  -101.0   45.400   91.202   1809.6    681.6
     1     1    21     2    14     0     0     0  -102.0   45.684   90.985   1967.2    665.5
     1     1    21     2    13    23     0     1  -103.0   45.959   90.767   2060.2    663.8
     1     1    21     2    13    22     0     2  -104.0   46.237   90.574   2095.0    654.8
     1     1    21     2    13    21     0     3  -105.0   46.554   90.412   2176.0    633.9
     1     1    21     2    13    20     0     2  -106.0   46.926   90.273   2331.2    602.5
     1     1    21     2    13    19     0     1  -107.0   47.360   90.118   2484.8    560.7
     1     1    21     2    13    18     0     0  -108.0   47.856   89.922   2524.9    522.2
     1     1    21     2    13    17     0     1  -109.0   48.400   89.678   2556.7    538.0
     1     1    21     2    13    16     0     2  -110.0   48.981   89.387   2651.6    554.5
     1     1    21     2    13    15     0     3  -111.0   49.610   89.026   2824.3    537.7
     1     1    21     2    13    14     0     2  -112.0   50.267   88.560   3020.6    517.5
     1     1    21     2    13    13     0     1  -113.0   50.929   87.982   3285.1    523.2
     1     1    21     2    13    12     0     0  -114.0   51.559   87.320   3506.5    553.4
     1     1    21     2    13    11     0     1  -115.0   52.086   86.625   3597.7    605.9
     1     1    21     2    13    10     0     2  -116.0   52.523   85.912   3589.1    618.0
     1     1    21     2    13     9     0     3  -117.0   52.941   85.162   3596.0    619.6
     1     1    21     2    13     8     0     2  -118.0   53.345   84.392   3611.8    624.2
     1     1    21     2    13     7     0     1  -119.0   53.721   83.620   3626.8    623.5
     1     1    21     2    13     6     0     0  -120.0   54.084   82.845   3637.0    621.7
