     5     1
    GDAS    21     2     1     0     0
    GDAS    21     2     8     0     0
    GDAS    21     2    15     0     0
    GDAS    21     2    22     0     0
    GDAS    21     3     1     0     0
     1 BACKWARD OMEGA   
    21     2    28    21   44.970  -93.230   500.0
     1 PRESSURE
     1     1    21     2    28    21     0     3     0.0   44.970  -93.230    500.0    918.1
     1     1    21     2    28    20     0     2    -1.0   45.306  -93.616    525.3    910.8
     1     1    21     2    28    19     0     1    -2.0   45.668  -93.942    553.6    904.1
     1     1    21     2    28    18     0     0    -3.0   46.049  -94.210    607.7    892.9
     1     1    21     2    28    17     0     1    -4.0   46.424  -94.451    676.0    882.0
     1     1    21     2    28    16     0     2    -5.0   46.774  -94.711    736.1    871.8
     1     1    21     2    28    15     0     3    -6.0   47.101  -95.018    763.4    865.3
     1     1    21     2    28    14     0     2    -7.0   47.393  -95.354    777.3    873.6
     1     1    21     2    28    13     0     1    -8.0   47.643  -95.712    801.6    873.9
     1     1    21     2    28    12     0     0    -9.0   47.863  -96.094    817.5    874.7
     1     1    21     2    28    11     0     1   -10.0   48.051  -96.484    816.3    878.6
     1     1    21     2    28    10     0     2   -11.0   48.207  -96.863    820.4    883.9
     1     1    21     2    28     9     0     3   -12.0   48.331  -97.234    840.1    877.2
     1     1    21     2    28     8     0     2   -13.0   48.433  -97.605    841.5    870.0
     1     1    21     2    28     7     0     1   -14.0   48.526  -97.978    821.6    870.1
     1     1    21     2    28     6     0     0   -15.0   48.608  -98.358    822.5    870.6
     1     1    21     2    28     5     0     1   -16.0   48.681  -98.737    851.7    863.1
     1     1    21     2    28     4     0     2   -17.0   48.751  -99.096    885.0    854.4
     1     1    21     2    28     3     0     3   -18.0   48.817  -99.429    917.1    845.4
     1     1    21     2    28     2     0     2   -19.0   48.894  -99.763    968.3    834.0
     1     1    21     2    28     1     0     1   -20.0   48.997 -100.144   1053.2    820.3
     1     1    21     2    28     0     0     0   -21.0   49.116 -100.554   1158.4    817.0
     1     1    21     2    27    23     0     1   -22.0   49.230 -100.972   1250.4    812.7
     1     1    21     2    27    22     0     2   -23.0   49.334 -101.405   1317.6    802.1
     1     1    21     2    27    21     0     3   -24.0   49.437 -101.850   1380.1    790.2
     1     1    21     2    27    20     0     2   -25.0   49.540 -102.287   1440.7    778.9
     1     1    21     2    27    19     0     1   -26.0   49.645 -102.691   1498.4    771.3
     1     1    21     2    27    18     0     0   -27.0   49.756 -103.056   1562.0    763.4
     1     1    21     2    27    17     0     1   -28.0   49.882 -103.393   1636.2    756.3
     1     1    21     2    27    16     0     2   -29.0   50.035 -103.709   1721.7    749.3
     1     1    21     2    27    15     0     3   -30.0   50.220 -104.005   1805.8    741.4
     1     1    21     2    27    14     0     2   -31.0   50.419 -104.289   1867.7    734.5
     1     1    21     2    27    13     0     1   -32.0   50.617 -104.557   1914.0    732.2
     1     1    21     2    27    12     0     0   -33.0   50.815 -104.800   1971.0    729.3
     1     1    21     2    27    11     0     1   -34.0   51.004 -105.022   2033.6    723.3
     1     1    21     2    27    10     0     2   -35.0   51.180 -105.227   2075.4    717.5
     1     1    21     2    27     9     0     3   -36.0   51.344 -105.410   2089.0    715.2
     1     1    21     2    27     8     0     2   -37.0   51.494 -105.569   2081.8    716.4
     1     1    21     2    27     7     0     1   -38.0   51.630 -105.700   2066.9    717.7
     1     1    21     2    27     6     0     0   -39.0   51.758 -105.789   2047.5    719.7
     1     1    21     2    27     5     0     1   -40.0   51.886 -105.840   2036.8    722.3
     1     1    21     2    27     4     0     2   -41.0   52.026 -105.850   2050.3    722.2
     1     1    21     2    27     3     0     3   -42.0   52.184 -105.830   2092.3    718.9
     1     1    21     2    27     2     0     2   -43.0   52.347 -105.843   2135.3    712.7
     1     1    21     2    27     1     0     1   -44.0   52.509 -105.908   2151.9    711.3
     1     1    21     2    27     0     0     0   -45.0   52.675 -105.995   2137.6    712.8
     1     1    21     2    26    23     0     1   -46.0   52.842 -106.078   2107.2    717.2
     1     1    21     2    26    22     0     2   -47.0   53.001 -106.141   2085.8    719.6
     1     1    21     2    26    21     0     3   -48.0   53.157 -106.196   2077.2    718.4
     1     1    21     2    26    20     0     2   -49.0   53.316 -106.286   2067.0    716.4
     1     1    21     2    26    19     0     1   -50.0   53.481 -106.419   2044.0    717.1
     1     1    21     2    26    18     0     0   -51.0   53.650 -106.566   2013.8    719.1
     1     1    21     2    26    17     0     1   -52.0   53.826 -106.712   1981.2    721.7
     1     1    21     2    26    16     0     2   -53.0   54.008 -106.841   1941.4    725.2
     1     1    21     2    26    15     0     3   -54.0   54.191 -106.959   1890.4    731.2
     1     1    21     2    26    14     0     2   -55.0   54.375 -107.104   1845.0    737.8
     1     1    21     2    26    13     0     1   -56.0   54.556 -107.283   1814.4    741.0
     1     1    21     2    26    12     0     0   -57.0   54.729 -107.469   1790.9    743.6
     1     1    21     2    26    11     0     1   -58.0   54.892 -107.630   1779.6    746.2
     1     1    21     2    26    10     0     2   -59.0   55.043 -107.754   1789.1    745.6
     1     1    21     2    26     9     0     3   -60.0   55.175 -107.859   1814.1    742.5
     1     1    21     2    26     8     0     2   -61.0   55.308 -108.006   1839.6    738.6
     1     1    21     2    26     7     0     1   -62.0   55.458 -108.225   1836.1    735.5
     1     1    21     2    26     6     0     0   -63.0   55.611 -108.483   1779.8    740.6
     1     1    21     2    26     5     0     1   -64.0   55.757 -108.733   1731.0    752.8
     1     1    21     2    26     4     0     2   -65.0   55.898 -108.978   1745.2    755.0
     1     1    21     2    26     3     0     3   -66.0   56.044 -109.245   1794.6    747.3
     1     1    21     2    26     2     0     2   -67.0   56.188 -109.552   1812.4    737.2
     1     1    21     2    26     1     0     1   -68.0   56.314 -109.880   1779.7    737.9
     1     1    21     2    26     0     0     0   -69.0   56.420 -110.225   1713.7    742.8
     1     1    21     2    25    23     0     1   -70.0   56.500 -110.589   1628.4    752.6
     1     1    21     2    25    22     0     2   -71.0   56.556 -110.951   1539.5    762.9
     1     1    21     2    25    21     0     3   -72.0   56.585 -111.279   1443.5    772.5
     1     1    21     2    25    20     0     2   -73.0   56.591 -111.597   1345.3    784.4
     1     1    21     2    25    19     0     1   -74.0   56.588 -111.964   1274.1    794.1
     1     1    21     2    25    18     0     0   -75.0   56.586 -112.422   1201.4    794.9
     1     1    21     2    25    17     0     1   -76.0   56.582 -112.906   1049.2    807.7
     1     1    21     2    25    16     0     2   -77.0   56.570 -113.352    915.9    830.3
     1     1    21     2    25    15     0     3   -78.0   56.529 -113.833    868.2    832.1
     1     1    21     2    25    14     0     2   -79.0   56.450 -114.360    841.3    829.7
     1     1    21     2    25    13     0     1   -80.0   56.346 -114.878    767.9    834.1
     1     1    21     2    25    12     0     0   -81.0   56.203 -115.333    642.9    846.2
     1     1    21     2    25    11     0     1   -82.0   56.019 -115.733    538.7    864.7
     1     1    21     2    25    10     0     2   -83.0   55.808 -116.115    513.0    866.5
     1     1    21     2    25     9     0     3   -84.0   55.588 -116.457    568.0    860.4
     1     1    21     2    25     8     0     2   -85.0   55.393 -116.820    660.4    848.2
     1     1    21     2    25     7     0     1   -86.0   55.225 -117.251    735.2    841.1
     1     1    21     2    25     6     0     0   -87.0   55.075 -117.695    773.6    838.6
     1     1    21     2    25     5     0     1   -88.0   54.939 -118.150    780.1    838.2
     1     1    21     2    25     4     0     2   -89.0   54.795 -118.694    801.5    831.4
     1     1    21     2    25     3     0     3   -90.0   54.611 -119.435    928.8    797.4
     1     1    21     2    25     2     0     2   -91.0   54.434 -120.344   1190.2    741.9
     1     1    21     2    25     1     0     1   -92.0   54.255 -121.111   1436.2    730.0
     1     1    21     2    25     0     0     0   -93.0   54.039 -121.714   1417.1    760.0
     1     1    21     2    24    23     0     1   -94.0   53.778 -122.111   1203.8    794.3
     1     1    21     2    24    22     0     2   -95.0   53.496 -122.389   1021.0    812.5
     1     1    21     2    24    21     0     3   -96.0   53.241 -122.684    917.8    812.3
     1     1    21     2    24    20     0     2   -97.0   53.015 -123.065    863.7    809.0
     1     1    21     2    24    19     0     1   -98.0   52.833 -123.467    837.6    805.0
     1     1    21     2    24    18     0     0   -99.0   52.689 -123.817    829.2    803.6
     1     1    21     2    24    17     0     1  -100.0   52.567 -124.131    836.9    800.7
     1     1    21     2    24    16     0     2  -101.0   52.448 -124.431    846.8    797.1
     1     1    21     2    24    15     0     3  -102.0   52.323 -124.722    851.0    794.7
     1     1    21     2    24    14     0     2  -103.0   52.209 -124.999    846.3    791.7
     1     1    21     2    24    13     0     1  -104.0   52.123 -125.249    841.7    782.5
     1     1    21     2    24    12     0     0  -105.0   52.070 -125.468    868.0    768.3
     1     1    21     2    24    11     0     1  -106.0   52.049 -125.662    935.1    750.6
     1     1    21     2    24    10     0     2  -107.0   52.058 -125.832   1034.5    731.7
     1     1    21     2    24     9     0     3  -108.0   52.104 -125.979   1148.1    716.1
     1     1    21     2    24     8     0     2  -109.0   52.189 -126.103   1279.7    714.7
     1     1    21     2    24     7     0     1  -110.0   52.309 -126.209   1430.0    712.8
     1     1    21     2    24     6     0     0  -111.0   52.471 -126.301   1596.1    708.5
     1     1    21     2    24     5     0     1  -112.0   52.669 -126.398   1771.0    702.4
     1     1    21     2    24     4     0     2  -113.0   52.890 -126.523   1942.4    693.6
     1     1    21     2    24     3     0     3  -114.0   53.125 -126.686   2103.6    680.4
     1     1    21     2    24     2     0     2  -115.0   53.382 -126.880   2259.1    665.0
     1     1    21     2    24     1     0     1  -116.0   53.644 -127.086   2392.7    652.0
     1     1    21     2    24     0     0     0  -117.0   53.871 -127.301   2477.3    641.5
     1     1    21     2    23    23     0     1  -118.0   54.084 -127.529   2537.6    633.2
     1     1    21     2    23    22     0     2  -119.0   54.297 -127.774   2615.0    625.9
     1     1    21     2    23    21     0     3  -120.0   54.467 -128.030   2705.6    620.0
