     5     1
    GDAS    21     2     1     0     0
    GDAS    21     2     8     0     0
    GDAS    21     2    15     0     0
    GDAS    21     2    22     0     0
    GDAS    21     3     1     0     0
     1 BACKWARD OMEGA   
    21     2     6    11   37.820  111.540  1000.0
     1 PRESSURE
     1     1    21     2     6    11     0     1     0.0   37.820  111.540   1000.0    775.8
     1     1    21     2     6    10     0     2    -1.0   38.015  111.201    992.8    779.0
     1     1    21     2     6     9     0     3    -2.0   38.183  110.900    964.8    793.8
     1     1    21     2     6     8     0     2    -3.0   38.337  110.590    933.7    792.5
     1     1    21     2     6     7     0     1    -4.0   38.492  110.248    879.5    796.3
     1     1    21     2     6     6     0     0    -5.0   38.648  109.869    831.3    795.6
     1     1    21     2     6     5     0     1    -6.0   38.819  109.436    799.5    792.6
     1     1    21     2     6     4     0     2    -7.0   39.017  108.926    813.2    787.1
     1     1    21     2     6     3     0     3    -8.0   39.223  108.349    874.5    773.4
     1     1    21     2     6     2     0     2    -9.0   39.424  107.729    946.4    768.1
     1     1    21     2     6     1     0     1   -10.0   39.615  107.068   1011.3    762.1
     1     1    21     2     6     0     0     0   -11.0   39.790  106.401   1065.4    757.5
     1     1    21     2     5    23     0     1   -12.0   39.975  105.781   1070.3    768.1
     1     1    21     2     5    22     0     2   -13.0   40.191  105.168   1084.3    755.6
     1     1    21     2     5    21     0     3   -14.0   40.415  104.489   1174.4    735.4
     1     1    21     2     5    20     0     2   -15.0   40.632  103.776   1165.5    740.1
     1     1    21     2     5    19     0     1   -16.0   40.840  103.054   1217.9    741.1
     1     1    21     2     5    18     0     0   -17.0   41.030  102.369   1354.7    731.9
     1     1    21     2     5    17     0     1   -18.0   41.211  101.735   1395.4    741.0
     1     1    21     2     5    16     0     2   -19.0   41.408  101.107   1339.3    759.4
     1     1    21     2     5    15     0     3   -20.0   41.625  100.510   1201.4    772.3
     1     1    21     2     5    14     0     2   -21.0   41.860   99.964    997.0    796.4
     1     1    21     2     5    13     0     1   -22.0   42.120   99.334    931.1    800.2
     1     1    21     2     5    12     0     0   -23.0   42.397   98.588   1027.7    754.3
     1     1    21     2     5    11     0     1   -24.0   42.664   97.829   1043.8    743.5
     1     1    21     2     5    10     0     2   -25.0   42.872   97.124   1113.7    742.3
     1     1    21     2     5     9     0     3   -26.0   43.028   96.524   1259.1    742.5
     1     1    21     2     5     8     0     2   -27.0   43.134   96.054   1324.7    752.2
     1     1    21     2     5     7     0     1   -28.0   43.217   95.655   1311.3    742.9
     1     1    21     2     5     6     0     0   -29.0   43.312   95.274   1299.7    732.4
     1     1    21     2     5     5     0     1   -30.0   43.430   94.880   1308.1    737.2
     1     1    21     2     5     4     0     2   -31.0   43.560   94.395   1333.7    743.8
     1     1    21     2     5     3     0     3   -32.0   43.664   93.826   1291.5    744.5
     1     1    21     2     5     2     0     2   -33.0   43.747   93.277   1109.9    750.0
     1     1    21     2     5     1     0     1   -34.0   43.802   92.765    895.0    765.1
     1     1    21     2     5     0     0     0   -35.0   43.833   92.267    773.4    773.1
     1     1    21     2     4    23     0     1   -36.0   43.864   91.796    728.3    777.4
     1     1    21     2     4    22     0     2   -37.0   43.884   91.414    704.6    796.4
     1     1    21     2     4    21     0     3   -38.0   43.886   91.140    673.8    814.5
     1     1    21     2     4    20     0     2   -39.0   43.884   90.946    649.6    828.4
     1     1    21     2     4    19     0     1   -40.0   43.889   90.796    642.0    832.8
     1     1    21     2     4    18     0     0   -41.0   43.902   90.667    642.1    835.3
     1     1    21     2     4    17     0     1   -42.0   43.918   90.549    648.9    838.0
     1     1    21     2     4    16     0     2   -43.0   43.931   90.431    668.1    839.5
     1     1    21     2     4    15     0     3   -44.0   43.943   90.306    702.1    839.8
     1     1    21     2     4    14     0     2   -45.0   43.951   90.185    736.2    837.9
     1     1    21     2     4    13     0     1   -46.0   43.951   90.091    756.9    838.8
     1     1    21     2     4    12     0     0   -47.0   43.939   90.026    766.9    840.2
     1     1    21     2     4    11     0     1   -48.0   43.929   89.969    781.3    841.7
     1     1    21     2     4    10     0     2   -49.0   43.934   89.893    812.9    838.6
     1     1    21     2     4     9     0     3   -50.0   43.954   89.800    854.9    833.9
     1     1    21     2     4     8     0     2   -51.0   43.981   89.693    889.0    827.9
     1     1    21     2     4     7     0     1   -52.0   44.007   89.582    903.1    825.8
     1     1    21     2     4     6     0     0   -53.0   44.034   89.476    897.8    826.7
     1     1    21     2     4     5     0     1   -54.0   44.055   89.371    881.1    829.7
     1     1    21     2     4     4     0     2   -55.0   44.062   89.263    862.7    832.4
     1     1    21     2     4     3     0     3   -56.0   44.054   89.150    846.6    834.5
     1     1    21     2     4     2     0     2   -57.0   44.036   89.042    843.3    835.4
     1     1    21     2     4     1     0     1   -58.0   44.014   88.938    873.8    831.6
     1     1    21     2     4     0     0     0   -59.0   43.991   88.803    964.7    820.0
     1     1    21     2     3    23     0     1   -60.0   43.981   88.615   1109.6    798.5
     1     1    21     2     3    22     0     2   -61.0   44.001   88.383   1260.3    774.4
     1     1    21     2     3    21     0     3   -62.0   44.062   88.124   1380.7    757.4
     1     1    21     2     3    20     0     2   -63.0   44.144   87.852   1475.4    756.6
     1     1    21     2     3    19     0     1   -64.0   44.239   87.561   1538.7    762.9
     1     1    21     2     3    18     0     0   -65.0   44.347   87.255   1556.6    775.7
     1     1    21     2     3    17     0     1   -66.0   44.455   86.940   1540.5    789.4
     1     1    21     2     3    16     0     2   -67.0   44.548   86.617   1508.7    792.9
     1     1    21     2     3    15     0     3   -68.0   44.631   86.276   1481.6    796.8
     1     1    21     2     3    14     0     2   -69.0   44.709   85.930   1463.2    800.5
     1     1    21     2     3    13     0     1   -70.0   44.773   85.604   1461.1    800.3
     1     1    21     2     3    12     0     0   -71.0   44.822   85.286   1481.8    799.3
     1     1    21     2     3    11     0     1   -72.0   44.865   84.955   1509.7    798.6
     1     1    21     2     3    10     0     2   -73.0   44.904   84.604   1533.8    800.7
     1     1    21     2     3     9     0     3   -74.0   44.931   84.235   1559.6    802.0
     1     1    21     2     3     8     0     2   -75.0   44.945   83.868   1591.7    801.9
     1     1    21     2     3     7     0     1   -76.0   44.947   83.539   1631.3    800.6
     1     1    21     2     3     6     0     0   -77.0   44.934   83.248   1682.6    794.5
     1     1    21     2     3     5     0     1   -78.0   44.910   82.980   1741.7    783.3
     1     1    21     2     3     4     0     2   -79.0   44.885   82.713   1789.8    765.3
     1     1    21     2     3     3     0     3   -80.0   44.865   82.439   1829.5    751.4
     1     1    21     2     3     2     0     2   -81.0   44.856   82.167   1860.7    740.1
     1     1    21     2     3     1     0     1   -82.0   44.862   81.907   1860.6    728.0
     1     1    21     2     3     0     0     0   -83.0   44.891   81.659   1781.5    714.3
     1     1    21     2     2    23     0     1   -84.0   44.935   81.407   1612.2    709.8
     1     1    21     2     2    22     0     2   -85.0   44.992   81.130   1383.4    701.2
     1     1    21     2     2    21     0     3   -86.0   45.062   80.818   1178.3    696.7
     1     1    21     2     2    20     0     2   -87.0   45.165   80.413   1088.2    677.8
     1     1    21     2     2    19     0     1   -88.0   45.296   79.889   1116.0    675.5
     1     1    21     2     2    18     0     0   -89.0   45.366   79.375   1158.0    717.5
     1     1    21     2     2    17     0     1   -90.0   45.352   78.950   1134.2    753.9
     1     1    21     2     2    16     0     2   -91.0   45.296   78.585   1100.6    789.7
     1     1    21     2     2    15     0     3   -92.0   45.218   78.259   1052.5    824.2
     1     1    21     2     2    14     0     2   -93.0   45.109   77.955    976.9    861.6
     1     1    21     2     2    13     0     1   -94.0   44.986   77.647    887.2    875.4
     1     1    21     2     2    12     0     0   -95.0   44.898   77.313    814.6    881.1
     1     1    21     2     2    11     0     1   -96.0   44.849   76.944    753.2    890.0
     1     1    21     2     2    10     0     2   -97.0   44.818   76.548    709.4    894.1
     1     1    21     2     2     9     0     3   -98.0   44.793   76.124    692.4    894.5
     1     1    21     2     2     8     0     2   -99.0   44.775   75.692    687.3    892.3
     1     1    21     2     2     7     0     1  -100.0   44.761   75.283    673.2    893.0
     1     1    21     2     2     6     0     0  -101.0   44.746   74.901    658.8    895.7
     1     1    21     2     2     5     0     1  -102.0   44.740   74.543    646.2    899.6
     1     1    21     2     2     4     0     2  -103.0   44.748   74.207    624.1    905.4
     1     1    21     2     2     3     0     3  -104.0   44.773   73.894    586.0    910.9
     1     1    21     2     2     2     0     2  -105.0   44.820   73.582    539.7    914.6
     1     1    21     2     2     1     0     1  -106.0   44.888   73.250    497.4    916.0
     1     1    21     2     2     0     0     0  -107.0   44.970   72.895    463.1    918.5
     1     1    21     2     1    23     0     1  -108.0   45.056   72.548    441.4    928.4
     1     1    21     2     1    22     0     2  -109.0   45.138   72.228    426.2    934.4
     1     1    21     2     1    21     0     3  -110.0   45.219   71.925    407.9    938.3
     1     1    21     2     1    20     0     2  -111.0   45.296   71.630    392.9    939.6
     1     1    21     2     1    19     0     1  -112.0   45.370   71.338    387.8    938.9
     1     1    21     2     1    18     0     0  -113.0   45.448   71.050    387.1    938.0
     1     1    21     2     1    17     0     1  -114.0   45.531   70.771    387.2    938.1
     1     1    21     2     1    16     0     2  -115.0   45.618   70.505    387.7    938.5
     1     1    21     2     1    15     0     3  -116.0   45.707   70.256    387.9    938.5
     1     1    21     2     1    14     0     2  -117.0   45.797   70.021    388.4    938.4
     1     1    21     2     1    13     0     1  -118.0   45.887   69.802    393.6    937.6
     1     1    21     2     1    12     0     0  -119.0   45.984   69.605    407.3    935.7
     1     1    21     2     1    11     0     1  -120.0   46.080   69.413    420.6    933.5
