     5     1
    GDAS    21     2     1     0     0
    GDAS    21     2     8     0     0
    GDAS    21     2    15     0     0
    GDAS    21     2    22     0     0
    GDAS    21     3     1     0     0
     1 BACKWARD OMEGA   
    21     2    19    18   37.820  111.540  1000.0
     1 PRESSURE
     1     1    21     2    19    18     0     0     0.0   37.820  111.540   1000.0    775.2
     1     1    21     2    19    17     0     1    -1.0   38.134  111.088    918.2    772.9
     1     1    21     2    19    16     0     2    -2.0   38.401  110.653    701.6    823.2
     1     1    21     2    19    15     0     3    -3.0   38.660  110.160    555.5    831.3
     1     1    21     2    19    14     0     2    -4.0   38.921  109.575    504.3    826.9
     1     1    21     2    19    13     0     1    -5.0   39.168  108.946    543.5    812.7
     1     1    21     2    19    12     0     0    -6.0   39.404  108.299    607.2    798.7
     1     1    21     2    19    11     0     1    -7.0   39.593  107.667    627.0    799.7
     1     1    21     2    19    10     0     2    -8.0   39.711  107.063    597.1    801.4
     1     1    21     2    19     9     0     3    -9.0   39.783  106.508    603.4    810.7
     1     1    21     2    19     8     0     2   -10.0   39.852  106.000    680.0    810.9
     1     1    21     2    19     7     0     1   -11.0   39.956  105.505    707.4    794.8
     1     1    21     2    19     6     0     0   -12.0   40.124  104.961    692.9    784.1
     1     1    21     2    19     5     0     1   -13.0   40.324  104.360    628.9    790.9
     1     1    21     2    19     4     0     2   -14.0   40.492  103.740    518.5    811.2
     1     1    21     2    19     3     0     3   -15.0   40.636  103.097    499.7    813.3
     1     1    21     2    19     2     0     2   -16.0   40.792  102.445    568.4    810.4
     1     1    21     2    19     1     0     1   -17.0   40.944  101.853    580.9    822.9
     1     1    21     2    19     0     0     0   -18.0   41.099  101.314    575.0    838.4
     1     1    21     2    18    23     0     1   -19.0   41.288  100.794    585.8    839.9
     1     1    21     2    18    22     0     2   -20.0   41.525  100.240    558.3    839.0
     1     1    21     2    18    21     0     3   -21.0   41.786   99.615    553.1    840.0
     1     1    21     2    18    20     0     2   -22.0   42.032   98.965    825.7    808.0
     1     1    21     2    18    19     0     1   -23.0   42.213   98.466   1090.3    731.1
     1     1    21     2    18    18     0     0   -24.0   42.400   98.031   1075.4    735.3
     1     1    21     2    18    17     0     1   -25.0   42.592   97.561    952.7    756.8
     1     1    21     2    18    16     0     2   -26.0   42.756   97.012    903.9    768.3
     1     1    21     2    18    15     0     3   -27.0   42.866   96.495    877.1    779.3
     1     1    21     2    18    14     0     2   -28.0   42.883   96.086    823.4    799.7
     1     1    21     2    18    13     0     1   -29.0   42.869   95.754    809.0    791.3
     1     1    21     2    18    12     0     0   -30.0   42.877   95.510    858.6    770.5
     1     1    21     2    18    11     0     1   -31.0   42.906   95.312    910.2    746.2
     1     1    21     2    18    10     0     2   -32.0   42.939   95.147    914.0    733.5
     1     1    21     2    18     9     0     3   -33.0   42.979   95.034    883.1    726.1
     1     1    21     2    18     8     0     2   -34.0   43.020   94.942    873.8    731.4
     1     1    21     2    18     7     0     1   -35.0   43.060   94.833    919.0    732.4
     1     1    21     2    18     6     0     0   -36.0   43.103   94.688    989.1    731.7
     1     1    21     2    18     5     0     1   -37.0   43.162   94.512   1048.8    732.3
     1     1    21     2    18     4     0     2   -38.0   43.239   94.309   1080.2    738.9
     1     1    21     2    18     3     0     3   -39.0   43.326   94.079   1090.1    746.9
     1     1    21     2    18     2     0     2   -40.0   43.407   93.827   1100.9    759.2
     1     1    21     2    18     1     0     1   -41.0   43.468   93.559   1129.1    765.0
     1     1    21     2    18     0     0     0   -42.0   43.508   93.278   1172.2    763.8
     1     1    21     2    17    23     0     1   -43.0   43.529   92.988   1216.1    759.7
     1     1    21     2    17    22     0     2   -44.0   43.534   92.711   1246.9    758.3
     1     1    21     2    17    21     0     3   -45.0   43.529   92.465   1264.8    759.4
     1     1    21     2    17    20     0     2   -46.0   43.516   92.249   1276.0    762.5
     1     1    21     2    17    19     0     1   -47.0   43.501   92.056   1287.3    765.7
     1     1    21     2    17    18     0     0   -48.0   43.483   91.881   1304.0    770.5
     1     1    21     2    17    17     0     1   -49.0   43.456   91.714   1324.0    775.9
     1     1    21     2    17    16     0     2   -50.0   43.419   91.553   1345.9    781.9
     1     1    21     2    17    15     0     3   -51.0   43.370   91.402   1373.9    787.4
     1     1    21     2    17    14     0     2   -52.0   43.316   91.251   1399.8    791.2
     1     1    21     2    17    13     0     1   -53.0   43.265   91.097   1411.5    795.8
     1     1    21     2    17    12     0     0   -54.0   43.222   90.942   1406.2    799.9
     1     1    21     2    17    11     0     1   -55.0   43.187   90.803   1403.7    803.7
     1     1    21     2    17    10     0     2   -56.0   43.154   90.686   1426.1    802.7
     1     1    21     2    17     9     0     3   -57.0   43.124   90.588   1478.7    798.7
     1     1    21     2    17     8     0     2   -58.0   43.094   90.496   1536.3    791.1
     1     1    21     2    17     7     0     1   -59.0   43.063   90.405   1572.4    788.3
     1     1    21     2    17     6     0     0   -60.0   43.032   90.316   1585.9    787.5
     1     1    21     2    17     5     0     1   -61.0   43.000   90.229   1586.8    788.5
     1     1    21     2    17     4     0     2   -62.0   42.965   90.141   1584.8    786.3
     1     1    21     2    17     3     0     3   -63.0   42.926   90.049   1583.0    784.1
     1     1    21     2    17     2     0     2   -64.0   42.884   89.952   1582.7    783.8
     1     1    21     2    17     1     0     1   -65.0   42.839   89.852   1583.4    785.4
     1     1    21     2    17     0     0     0   -66.0   42.790   89.749   1583.2    786.9
     1     1    21     2    16    23     0     1   -67.0   42.740   89.641   1582.8    788.5
     1     1    21     2    16    22     0     2   -68.0   42.691   89.525   1583.0    790.0
     1     1    21     2    16    21     0     3   -69.0   42.640   89.403   1584.1    791.3
     1     1    21     2    16    20     0     2   -70.0   42.588   89.281   1586.0    792.2
     1     1    21     2    16    19     0     1   -71.0   42.533   89.161   1587.9    792.5
     1     1    21     2    16    18     0     0   -72.0   42.473   89.037   1589.4    792.3
     1     1    21     2    16    17     0     1   -73.0   42.411   88.898   1585.5    783.2
     1     1    21     2    16    16     0     2   -74.0   42.354   88.739   1580.1    769.7
     1     1    21     2    16    15     0     3   -75.0   42.303   88.559   1575.5    755.6
     1     1    21     2    16    14     0     2   -76.0   42.254   88.353   1574.8    740.0
     1     1    21     2    16    13     0     1   -77.0   42.203   88.115   1591.5    721.8
     1     1    21     2    16    12     0     0   -78.0   42.152   87.862   1641.7    707.7
     1     1    21     2    16    11     0     1   -79.0   42.113   87.628   1699.6    701.7
     1     1    21     2    16    10     0     2   -80.0   42.085   87.417   1740.3    703.3
     1     1    21     2    16     9     0     3   -81.0   42.057   87.208   1779.0    707.8
     1     1    21     2    16     8     0     2   -82.0   42.027   86.990   1832.7    713.6
     1     1    21     2    16     7     0     1   -83.0   42.008   86.780   1881.4    696.3
     1     1    21     2    16     6     0     0   -84.0   42.007   86.593   1933.3    677.3
     1     1    21     2    16     5     0     1   -85.0   42.018   86.438   1979.6    659.0
     1     1    21     2    16     4     0     2   -86.0   42.027   86.313   2014.8    645.6
     1     1    21     2    16     3     0     3   -87.0   42.031   86.210   2043.0    635.5
     1     1    21     2    16     2     0     2   -88.0   42.032   86.129   2068.4    627.3
     1     1    21     2    16     1     0     1   -89.0   42.036   86.072   2094.3    620.3
     1     1    21     2    16     0     0     0   -90.0   42.039   86.036   2120.8    614.8
     1     1    21     2    15    23     0     1   -91.0   42.043   86.015   2168.1    610.7
     1     1    21     2    15    22     0     2   -92.0   42.049   86.005   2257.6    602.0
     1     1    21     2    15    21     0     3   -93.0   42.058   86.010   2383.5    591.1
     1     1    21     2    15    20     0     2   -94.0   42.068   86.043   2511.2    580.1
     1     1    21     2    15    19     0     1   -95.0   42.076   86.109   2609.4    575.8
     1     1    21     2    15    18     0     0   -96.0   42.085   86.200   2678.3    575.7
     1     1    21     2    15    17     0     1   -97.0   42.098   86.309   2727.3    577.8
     1     1    21     2    15    16     0     2   -98.0   42.120   86.430   2763.2    579.7
     1     1    21     2    15    15     0     3   -99.0   42.147   86.564   2784.9    581.9
     1     1    21     2    15    14     0     2  -100.0   42.180   86.699   2803.0    584.2
     1     1    21     2    15    13     0     1  -101.0   42.217   86.826   2839.2    582.6
     1     1    21     2    15    12     0     0  -102.0   42.260   86.956   2905.8    576.8
     1     1    21     2    15    11     0     1  -103.0   42.305   87.080   2978.2    565.6
     1     1    21     2    15    10     0     2  -104.0   42.349   87.184   3036.0    558.4
     1     1    21     2    15     9     0     3  -105.0   42.388   87.269   3081.8    553.6
     1     1    21     2    15     8     0     2  -106.0   42.422   87.336   3117.9    551.0
     1     1    21     2    15     7     0     1  -107.0   42.447   87.387   3144.6    549.6
     1     1    21     2    15     6     0     0  -108.0   42.465   87.424   3159.3    549.4
     1     1    21     2    15     5     0     1  -109.0   42.479   87.447   3156.9    549.6
     1     1    21     2    15     4     0     2  -110.0   42.494   87.457   3133.4    550.8
     1     1    21     2    15     3     0     3  -111.0   42.508   87.454   3088.1    552.6
     1     1    21     2    15     2     0     2  -112.0   42.516   87.438   3037.9    555.6
     1     1    21     2    15     1     0     1  -113.0   42.512   87.403   3003.1    556.0
     1     1    21     2    15     0     0     0  -114.0   42.494   87.349   2988.0    554.8
     1     1    21     2    14    23     0     1  -115.0   42.461   87.276   2991.6    552.8
     1     1    21     2    14    22     0     2  -116.0   42.410   87.190   3009.5    552.7
     1     1    21     2    14    21     0     3  -117.0   42.341   87.090   3040.4    555.9
     1     1    21     2    14    20     0     2  -118.0   42.264   86.983   3080.9    562.2
     1     1    21     2    14    19     0     1  -119.0   42.190   86.878   3121.1    566.9
     1     1    21     2    14    18     0     0  -120.0   42.112   86.780   3158.4    571.4
