     5     1
    GDAS    21     2     1     0     0
    GDAS    21     2     8     0     0
    GDAS    21     2    15     0     0
    GDAS    21     2    22     0     0
    GDAS    21     3     1     0     0
     1 BACKWARD OMEGA   
    21     2    22    11   37.820  111.540  1000.0
     1 PRESSURE
     1     1    21     2    22    11     0     1     0.0   37.820  111.540   1000.0    779.5
     1     1    21     2    22    10     0     2    -1.0   37.741  111.404    975.9    782.2
     1     1    21     2    22     9     0     3    -2.0   37.673  111.319    938.5    785.9
     1     1    21     2    22     8     0     2    -3.0   37.612  111.265    909.1    790.2
     1     1    21     2    22     7     0     1    -4.0   37.554  111.217    910.6    789.5
     1     1    21     2    22     6     0     0    -5.0   37.506  111.170    948.3    785.1
     1     1    21     2    22     5     0     1    -6.0   37.496  111.126   1029.4    777.9
     1     1    21     2    22     4     0     2    -7.0   37.545  111.084   1159.6    767.3
     1     1    21     2    22     3     0     3    -8.0   37.663  111.028   1322.5    753.3
     1     1    21     2    22     2     0     2    -9.0   37.856  110.909   1433.4    741.5
     1     1    21     2    22     1     0     1   -10.0   38.110  110.724   1448.6    746.6
     1     1    21     2    22     0     0     0   -11.0   38.404  110.491   1440.1    749.9
     1     1    21     2    21    23     0     1   -12.0   38.705  110.215   1453.5    743.9
     1     1    21     2    21    22     0     2   -13.0   38.999  109.868   1472.2    730.1
     1     1    21     2    21    21     0     3   -14.0   39.283  109.456   1513.9    722.7
     1     1    21     2    21    20     0     2   -15.0   39.549  108.963   1605.9    705.6
     1     1    21     2    21    19     0     1   -16.0   39.789  108.416   1713.2    698.0
     1     1    21     2    21    18     0     0   -17.0   40.008  107.854   1790.1    698.3
     1     1    21     2    21    17     0     1   -18.0   40.208  107.297   1824.1    691.1
     1     1    21     2    21    16     0     2   -19.0   40.388  106.770   1838.3    691.4
     1     1    21     2    21    15     0     3   -20.0   40.565  106.271   1818.4    697.9
     1     1    21     2    21    14     0     2   -21.0   40.767  105.759   1821.5    696.7
     1     1    21     2    21    13     0     1   -22.0   41.019  105.164   1880.2    682.6
     1     1    21     2    21    12     0     0   -23.0   41.277  104.558   1918.0    683.2
     1     1    21     2    21    11     0     1   -24.0   41.504  103.995   1938.1    688.1
     1     1    21     2    21    10     0     2   -25.0   41.725  103.436   1993.4    687.6
     1     1    21     2    21     9     0     3   -26.0   41.982  102.821   2082.5    682.2
     1     1    21     2    21     8     0     2   -27.0   42.235  102.184   2081.7    677.1
     1     1    21     2    21     7     0     1   -28.0   42.454  101.557   1971.3    679.0
     1     1    21     2    21     6     0     0   -29.0   42.667  100.968   1801.8    688.6
     1     1    21     2    21     5     0     1   -30.0   42.908  100.396   1742.6    703.5
     1     1    21     2    21     4     0     2   -31.0   43.191   99.764   2056.8    686.5
     1     1    21     2    21     3     0     3   -32.0   43.470   98.991   2263.6    624.6
     1     1    21     2    21     2     0     2   -33.0   43.792   98.208   2300.7    634.9
     1     1    21     2    21     1     0     1   -34.0   44.138   97.370   2529.1    625.7
     1     1    21     2    21     0     0     0   -35.0   44.504   96.438   2936.8    594.0
     1     1    21     2    20    23     0     1   -36.0   44.823   95.337   2824.2    564.4
     1     1    21     2    20    22     0     2   -37.0   45.045   94.106   2899.7    574.7
     1     1    21     2    20    21     0     3   -38.0   45.247   92.828   3341.2    540.2
     1     1    21     2    20    20     0     2   -39.0   45.411   91.504   3772.4    524.0
     1     1    21     2    20    19     0     1   -40.0   45.517   90.147   4112.4    525.6
     1     1    21     2    20    18     0     0   -41.0   45.593   88.833   4345.7    532.7
     1     1    21     2    20    17     0     1   -42.0   45.614   87.556   4416.2    541.6
     1     1    21     2    20    16     0     2   -43.0   45.591   86.345   4424.5    553.7
     1     1    21     2    20    15     0     3   -44.0   45.520   85.225   4326.5    556.1
     1     1    21     2    20    14     0     2   -45.0   45.434   84.079   4335.1    538.7
     1     1    21     2    20    13     0     1   -46.0   45.369   82.774   4521.3    522.8
     1     1    21     2    20    12     0     0   -47.0   45.285   81.314   4549.2    482.2
     1     1    21     2    20    11     0     1   -48.0   45.064   79.493   4431.0    412.1
     1     1    21     2    20    10     0     2   -49.0   44.827   77.878   4710.5    523.2
     1     1    21     2    20     9     0     3   -50.0   44.603   76.428   4782.3    519.3
     1     1    21     2    20     8     0     2   -51.0   44.301   74.909   4751.2    508.0
     1     1    21     2    20     7     0     1   -52.0   43.939   73.408   4763.9    523.3
     1     1    21     2    20     6     0     0   -53.0   43.535   72.031   4696.1    521.9
     1     1    21     2    20     5     0     1   -54.0   43.088   70.675   4549.7    524.1
     1     1    21     2    20     4     0     2   -55.0   42.617   69.378   4289.7    545.1
     1     1    21     2    20     3     0     3   -56.0   42.180   68.235   4290.7    573.4
     1     1    21     2    20     2     0     2   -57.0   41.759   67.194   4223.5    582.9
     1     1    21     2    20     1     0     1   -58.0   41.343   66.182   4174.6    584.6
     1     1    21     2    20     0     0     0   -59.0   40.945   65.184   4144.1    592.0
     1     1    21     2    19    23     0     1   -60.0   40.573   64.248   4095.1    592.2
     1     1    21     2    19    22     0     2   -61.0   40.185   63.321   4128.6    595.1
     1     1    21     2    19    21     0     3   -62.0   39.787   62.432   4180.1    590.1
     1     1    21     2    19    20     0     2   -63.0   39.390   61.573   4216.5    588.7
     1     1    21     2    19    19     0     1   -64.0   39.001   60.713   4217.9    589.7
     1     1    21     2    19    18     0     0   -65.0   38.653   59.903   4191.3    592.7
     1     1    21     2    19    17     0     1   -66.0   38.304   59.117   4155.9    595.8
     1     1    21     2    19    16     0     2   -67.0   37.925   58.338   4026.9    562.8
     1     1    21     2    19    15     0     3   -68.0   37.536   57.504   3879.8    530.0
     1     1    21     2    19    14     0     2   -69.0   37.157   56.632   3705.9    555.4
     1     1    21     2    19    13     0     1   -70.0   36.815   55.761   3599.7    563.6
     1     1    21     2    19    12     0     0   -71.0   36.500   54.999   3510.0    597.5
     1     1    21     2    19    11     0     1   -72.0   36.178   54.275   3392.9    581.4
     1     1    21     2    19    10     0     2   -73.0   35.781   53.334   3699.7    526.3
     1     1    21     2    19     9     0     3   -74.0   35.377   52.321   3848.8    515.8
     1     1    21     2    19     8     0     2   -75.0   35.032   51.349   4002.1    547.3
     1     1    21     2    19     7     0     1   -76.0   34.691   50.379   4071.8    498.5
     1     1    21     2    19     6     0     0   -77.0   34.321   49.306   3977.0    479.7
     1     1    21     2    19     5     0     1   -78.0   33.947   48.202   3929.2    483.6
     1     1    21     2    19     4     0     2   -79.0   33.623   47.191   3955.2    519.2
     1     1    21     2    19     3     0     3   -80.0   33.388   46.295   4097.4    560.6
     1     1    21     2    19     2     0     2   -81.0   33.241   45.494   4250.9    585.9
     1     1    21     2    19     1     0     1   -82.0   33.129   44.719   4331.2    589.5
     1     1    21     2    19     0     0     0   -83.0   33.015   43.946   4384.3    585.7
     1     1    21     2    18    23     0     1   -84.0   32.890   43.168   4442.5    570.9
     1     1    21     2    18    22     0     2   -85.0   32.758   42.383   4463.4    557.9
     1     1    21     2    18    21     0     3   -86.0   32.628   41.603   4415.7    551.2
     1     1    21     2    18    20     0     2   -87.0   32.530   40.826   4345.6    544.8
     1     1    21     2    18    19     0     1   -88.0   32.458   40.038   4369.5    531.9
     1     1    21     2    18    18     0     0   -89.0   32.418   39.228   4433.1    521.5
     1     1    21     2    18    17     0     1   -90.0   32.424   38.412   4475.0    523.2
     1     1    21     2    18    16     0     2   -91.0   32.476   37.601   4493.5    524.4
     1     1    21     2    18    15     0     3   -92.0   32.569   36.823   4296.8    539.4
     1     1    21     2    18    14     0     2   -93.0   32.698   36.095   4079.0    556.8
     1     1    21     2    18    13     0     1   -94.0   32.850   35.408   4132.0    588.8
     1     1    21     2    18    12     0     0   -95.0   33.020   34.755   4295.1    592.2
     1     1    21     2    18    11     0     1   -96.0   33.221   34.140   4376.0    580.2
     1     1    21     2    18    10     0     2   -97.0   33.461   33.573   4410.2    582.5
     1     1    21     2    18     9     0     3   -98.0   33.741   33.034   4454.2    578.4
     1     1    21     2    18     8     0     2   -99.0   34.056   32.521   4487.9    573.0
     1     1    21     2    18     7     0     1  -100.0   34.413   32.035   4510.6    571.4
     1     1    21     2    18     6     0     0  -101.0   34.810   31.580   4523.6    571.2
     1     1    21     2    18     5     0     1  -102.0   35.240   31.161   4549.2    570.0
     1     1    21     2    18     4     0     2  -103.0   35.699   30.772   4623.6    565.2
     1     1    21     2    18     3     0     3  -104.0   36.181   30.395   4725.5    544.2
     1     1    21     2    18     2     0     2  -105.0   36.678   30.003   4677.5    482.0
     1     1    21     2    18     1     0     1  -106.0   37.190   29.600   4617.5    469.0
     1     1    21     2    18     0     0     0  -107.0   37.717   29.235   4601.3    512.1
     1     1    21     2    17    23     0     1  -108.0   38.280   28.935   4676.3    520.7
     1     1    21     2    17    22     0     2  -109.0   38.878   28.670   4777.1    489.7
     1     1    21     2    17    21     0     3  -110.0   39.484   28.439   4903.2    493.4
     1     1    21     2    17    20     0     2  -111.0   40.110   28.261   4980.0    508.3
     1     1    21     2    17    19     0     1  -112.0   40.763   28.113   5039.5    525.9
     1     1    21     2    17    18     0     0  -113.0   41.427   27.952   5085.3    524.1
     1     1    21     2    17    17     0     1  -114.0   42.106   27.769   5128.7    512.7
     1     1    21     2    17    16     0     2  -115.0   42.792   27.544   5166.9    507.3
     1     1    21     2    17    15     0     3  -116.0   43.467   27.263   5117.6    509.0
     1     1    21     2    17    14     0     2  -117.0   44.128   26.954   5058.4    523.5
     1     1    21     2    17    13     0     1  -118.0   44.783   26.617   5052.4    522.8
     1     1    21     2    17    12     0     0  -119.0   45.446   26.215   5125.7    500.7
     1     1    21     2    17    11     0     1  -120.0   46.154   25.744   5281.0    463.7
