     5     1
    GDAS    21     2     1     0     0
    GDAS    21     2     8     0     0
    GDAS    21     2    15     0     0
    GDAS    21     2    22     0     0
    GDAS    21     3     1     0     0
     1 BACKWARD OMEGA   
    21     2    17     6   37.820  111.540  1000.0
     1 PRESSURE
     1     1    21     2    17     6     0     0     0.0   37.820  111.540   1000.0    780.4
     1     1    21     2    17     5     0     1    -1.0   38.041  111.283    994.8    785.0
     1     1    21     2    17     4     0     2    -2.0   38.265  111.053    963.1    794.7
     1     1    21     2    17     3     0     3    -3.0   38.480  110.836    912.6    805.5
     1     1    21     2    17     2     0     2    -4.0   38.696  110.616    860.5    808.7
     1     1    21     2    17     1     0     1    -5.0   38.917  110.389    811.0    808.7
     1     1    21     2    17     0     0     0    -6.0   39.153  110.144    781.0    803.1
     1     1    21     2    16    23     0     1    -7.0   39.410  109.860    780.3    794.3
     1     1    21     2    16    22     0     2    -8.0   39.687  109.535    795.8    784.3
     1     1    21     2    16    21     0     3    -9.0   39.987  109.178    820.8    772.7
     1     1    21     2    16    20     0     2   -10.0   40.272  108.819    844.8    781.2
     1     1    21     2    16    19     0     1   -11.0   40.507  108.488    842.7    795.8
     1     1    21     2    16    18     0     0   -12.0   40.700  108.188    830.6    807.1
     1     1    21     2    16    17     0     1   -13.0   40.860  107.905    810.1    811.3
     1     1    21     2    16    16     0     2   -14.0   40.982  107.639    790.7    814.3
     1     1    21     2    16    15     0     3   -15.0   41.091  107.386    816.7    810.4
     1     1    21     2    16    14     0     2   -16.0   41.226  107.143    892.6    797.3
     1     1    21     2    16    13     0     1   -17.0   41.399  106.896    943.5    785.7
     1     1    21     2    16    12     0     0   -18.0   41.588  106.619    956.1    787.9
     1     1    21     2    16    11     0     1   -19.0   41.784  106.310   1024.2    794.6
     1     1    21     2    16    10     0     2   -20.0   42.011  105.990   1334.7    784.1
     1     1    21     2    16     9     0     3   -21.0   42.327  105.664   1649.9    708.3
     1     1    21     2    16     8     0     2   -22.0   42.682  105.310   1773.4    683.1
     1     1    21     2    16     7     0     1   -23.0   43.073  104.927   1865.1    663.5
     1     1    21     2    16     6     0     0   -24.0   43.469  104.513   1955.2    659.2
     1     1    21     2    16     5     0     1   -25.0   43.827  104.106   1984.2    666.9
     1     1    21     2    16     4     0     2   -26.0   44.160  103.731   1995.2    671.5
     1     1    21     2    16     3     0     3   -27.0   44.486  103.401   2024.5    670.9
     1     1    21     2    16     2     0     2   -28.0   44.818  103.125   2038.6    668.3
     1     1    21     2    16     1     0     1   -29.0   45.173  102.900   2012.5    666.9
     1     1    21     2    16     0     0     0   -30.0   45.599  102.692   1967.7    652.6
     1     1    21     2    15    23     0     1   -31.0   46.132  102.469   1968.9    630.5
     1     1    21     2    15    22     0     2   -32.0   46.707  102.195   2045.0    617.7
     1     1    21     2    15    21     0     3   -33.0   47.279  101.873   2157.9    607.1
     1     1    21     2    15    20     0     2   -34.0   47.876  101.523   2307.8    601.1
     1     1    21     2    15    19     0     1   -35.0   48.503  101.149   2483.8    593.8
     1     1    21     2    15    18     0     0   -36.0   49.171  100.740   2633.9    582.5
     1     1    21     2    15    17     0     1   -37.0   49.897  100.299   2573.7    577.4
     1     1    21     2    15    16     0     2   -38.0   50.669   99.770   2510.1    578.7
     1     1    21     2    15    15     0     3   -39.0   51.466   99.070   2732.3    541.7
     1     1    21     2    15    14     0     2   -40.0   52.229   98.331   2942.9    541.9
     1     1    21     2    15    13     0     1   -41.0   52.888   97.580   2857.1    583.0
     1     1    21     2    15    12     0     0   -42.0   53.481   96.770   2687.5    592.7
     1     1    21     2    15    11     0     1   -43.0   54.016   95.924   2636.7    597.4
     1     1    21     2    15    10     0     2   -44.0   54.454   95.074   2670.0    653.1
     1     1    21     2    15     9     0     3   -45.0   54.788   94.221   2590.1    672.3
     1     1    21     2    15     8     0     2   -46.0   55.059   93.364   2490.7    685.3
     1     1    21     2    15     7     0     1   -47.0   55.281   92.529   2447.3    699.8
     1     1    21     2    15     6     0     0   -48.0   55.462   91.711   2402.1    712.8
     1     1    21     2    15     5     0     1   -49.0   55.619   90.918   2385.0    727.4
     1     1    21     2    15     4     0     2   -50.0   55.758   90.160   2351.3    728.1
     1     1    21     2    15     3     0     3   -51.0   55.879   89.436   2309.4    732.4
     1     1    21     2    15     2     0     2   -52.0   55.987   88.727   2264.5    743.1
     1     1    21     2    15     1     0     1   -53.0   56.087   88.030   2230.2    752.3
     1     1    21     2    15     0     0     0   -54.0   56.184   87.343   2185.6    755.5
     1     1    21     2    14    23     0     1   -55.0   56.272   86.649   2126.0    762.6
     1     1    21     2    14    22     0     2   -56.0   56.350   85.951   2071.6    769.5
     1     1    21     2    14    21     0     3   -57.0   56.420   85.263   2035.3    776.3
     1     1    21     2    14    20     0     2   -58.0   56.489   84.589   2004.1    781.7
     1     1    21     2    14    19     0     1   -59.0   56.559   83.924   1966.9    789.5
     1     1    21     2    14    18     0     0   -60.0   56.642   83.276   1931.3    792.7
     1     1    21     2    14    17     0     1   -61.0   56.740   82.630   1904.5    794.7
     1     1    21     2    14    16     0     2   -62.0   56.848   81.974   1879.0    797.9
     1     1    21     2    14    15     0     3   -63.0   56.982   81.310   1862.1    797.4
     1     1    21     2    14    14     0     2   -64.0   57.136   80.601   1861.9    795.1
     1     1    21     2    14    13     0     1   -65.0   57.295   79.826   1871.6    795.4
     1     1    21     2    14    12     0     0   -66.0   57.467   79.011   1888.2    794.4
     1     1    21     2    14    11     0     1   -67.0   57.614   78.147   1884.5    791.0
     1     1    21     2    14    10     0     2   -68.0   57.721   77.206   1858.4    797.4
     1     1    21     2    14     9     0     3   -69.0   57.837   76.209   1842.8    800.2
     1     1    21     2    14     8     0     2   -70.0   57.929   75.161   1808.7    798.5
     1     1    21     2    14     7     0     1   -71.0   57.948   74.076   1773.5    807.7
     1     1    21     2    14     6     0     0   -72.0   57.957   72.941   1721.1    811.1
     1     1    21     2    14     5     0     1   -73.0   57.895   71.828   1616.3    823.4
     1     1    21     2    14     4     0     2   -74.0   57.742   70.747   1518.3    833.8
     1     1    21     2    14     3     0     3   -75.0   57.557   69.657   1468.5    839.9
     1     1    21     2    14     2     0     2   -76.0   57.325   68.628   1442.0    842.0
     1     1    21     2    14     1     0     1   -77.0   57.033   67.711   1360.1    851.7
     1     1    21     2    14     0     0     0   -78.0   56.715   66.826   1328.4    852.8
     1     1    21     2    13    23     0     1   -79.0   56.365   66.003   1259.3    862.8
     1     1    21     2    13    22     0     2   -80.0   55.982   65.277   1209.8    863.2
     1     1    21     2    13    21     0     3   -81.0   55.596   64.614   1166.9    869.0
     1     1    21     2    13    20     0     2   -82.0   55.190   64.005   1127.8    873.0
     1     1    21     2    13    19     0     1   -83.0   54.760   63.438   1109.9    873.9
     1     1    21     2    13    18     0     0   -84.0   54.312   62.908   1106.1    873.6
     1     1    21     2    13    17     0     1   -85.0   53.854   62.428   1100.6    869.8
     1     1    21     2    13    16     0     2   -86.0   53.395   62.012   1079.4    869.1
     1     1    21     2    13    15     0     3   -87.0   52.938   61.645   1058.1    871.7
     1     1    21     2    13    14     0     2   -88.0   52.486   61.337   1063.3    866.5
     1     1    21     2    13    13     0     1   -89.0   52.052   61.109   1074.9    858.6
     1     1    21     2    13    12     0     0   -90.0   51.633   60.952   1085.5    857.9
     1     1    21     2    13    11     0     1   -91.0   51.226   60.864   1107.4    855.7
     1     1    21     2    13    10     0     2   -92.0   50.841   60.840   1138.3    853.7
     1     1    21     2    13     9     0     3   -93.0   50.481   60.867   1169.9    852.4
     1     1    21     2    13     8     0     2   -94.0   50.153   60.935   1188.1    852.3
     1     1    21     2    13     7     0     1   -95.0   49.857   61.037   1195.0    855.0
     1     1    21     2    13     6     0     0   -96.0   49.594   61.180   1200.9    858.5
     1     1    21     2    13     5     0     1   -97.0   49.366   61.349   1208.9    861.6
     1     1    21     2    13     4     0     2   -98.0   49.169   61.529   1218.5    864.4
     1     1    21     2    13     3     0     3   -99.0   49.003   61.724   1225.2    867.0
     1     1    21     2    13     2     0     2  -100.0   48.867   61.928   1227.6    870.0
     1     1    21     2    13     1     0     1  -101.0   48.757   62.128   1234.3    870.3
     1     1    21     2    13     0     0     0  -102.0   48.673   62.314   1257.7    868.2
     1     1    21     2    12    23     0     1  -103.0   48.611   62.484   1292.8    863.5
     1     1    21     2    12    22     0     2  -104.0   48.562   62.640   1325.1    860.2
     1     1    21     2    12    21     0     3  -105.0   48.525   62.781   1350.2    858.0
     1     1    21     2    12    20     0     2  -106.0   48.504   62.908   1371.2    856.6
     1     1    21     2    12    19     0     1  -107.0   48.505   63.015   1390.0    854.3
     1     1    21     2    12    18     0     0  -108.0   48.526   63.101   1405.1    852.3
     1     1    21     2    12    17     0     1  -109.0   48.562   63.150   1425.1    850.5
     1     1    21     2    12    16     0     2  -110.0   48.611   63.146   1454.4    846.7
     1     1    21     2    12    15     0     3  -111.0   48.675   63.082   1489.1    842.0
     1     1    21     2    12    14     0     2  -112.0   48.732   62.970   1521.9    836.8
     1     1    21     2    12    13     0     1  -113.0   48.752   62.829   1548.4    833.9
     1     1    21     2    12    12     0     0  -114.0   48.742   62.663   1566.8    832.2
     1     1    21     2    12    11     0     1  -115.0   48.710   62.499   1581.4    832.0
     1     1    21     2    12    10     0     2  -116.0   48.655   62.353   1600.9    831.2
     1     1    21     2    12     9     0     3  -117.0   48.571   62.211   1631.0    828.9
     1     1    21     2    12     8     0     2  -118.0   48.484   62.076   1666.1    824.5
     1     1    21     2    12     7     0     1  -119.0   48.414   61.951   1693.8    820.6
     1     1    21     2    12     6     0     0  -120.0   48.357   61.842   1704.1    818.4
