     5     1
    GDAS    21     2     1     0     0
    GDAS    21     2     8     0     0
    GDAS    21     2    15     0     0
    GDAS    21     2    22     0     0
    GDAS    21     3     1     0     0
     1 BACKWARD OMEGA   
    21     2    14    11   37.820  111.540  1000.0
     1 PRESSURE
     1     1    21     2    14    11     0     1     0.0   37.820  111.540   1000.0    774.6
     1     1    21     2    14    10     0     2    -1.0   38.152  111.117   1304.5    738.2
     1     1    21     2    14     9     0     3    -2.0   38.453  110.735   1378.1    744.8
     1     1    21     2    14     8     0     2    -3.0   38.751  110.363   1407.6    744.8
     1     1    21     2    14     7     0     1    -4.0   39.065  109.929   1470.8    727.7
     1     1    21     2    14     6     0     0    -5.0   39.401  109.341   1569.9    707.1
     1     1    21     2    14     5     0     1    -6.0   39.723  108.657   1632.0    693.8
     1     1    21     2    14     4     0     2    -7.0   40.011  107.994   1653.5    708.2
     1     1    21     2    14     3     0     3    -8.0   40.273  107.363   1631.3    704.9
     1     1    21     2    14     2     0     2    -9.0   40.522  106.787   1579.7    710.6
     1     1    21     2    14     1     0     1   -10.0   40.781  106.267   1533.1    719.0
     1     1    21     2    14     0     0     0   -11.0   41.058  105.714   1551.7    711.0
     1     1    21     2    13    23     0     1   -12.0   41.317  105.122   1583.0    706.4
     1     1    21     2    13    22     0     2   -13.0   41.536  104.594   1591.5    713.8
     1     1    21     2    13    21     0     3   -14.0   41.723  104.136   1614.4    715.1
     1     1    21     2    13    20     0     2   -15.0   41.875  103.703   1615.7    713.4
     1     1    21     2    13    19     0     1   -16.0   41.999  103.287   1528.2    720.8
     1     1    21     2    13    18     0     0   -17.0   42.093  102.952   1335.6    741.3
     1     1    21     2    13    17     0     1   -18.0   42.182  102.680   1184.3    768.7
     1     1    21     2    13    16     0     2   -19.0   42.298  102.342   1137.6    766.8
     1     1    21     2    13    15     0     3   -20.0   42.436  101.918   1131.6    756.4
     1     1    21     2    13    14     0     2   -21.0   42.600  101.483   1129.1    748.3
     1     1    21     2    13    13     0     1   -22.0   42.777  101.093   1119.6    741.5
     1     1    21     2    13    12     0     0   -23.0   42.968  100.710   1140.9    737.3
     1     1    21     2    13    11     0     1   -24.0   43.169  100.263   1242.9    737.8
     1     1    21     2    13    10     0     2   -25.0   43.368   99.737   1384.4    724.1
     1     1    21     2    13     9     0     3   -26.0   43.580   99.167   1503.1    710.7
     1     1    21     2    13     8     0     2   -27.0   43.800   98.584   1592.9    693.8
     1     1    21     2    13     7     0     1   -28.0   43.990   98.047   1628.7    679.3
     1     1    21     2    13     6     0     0   -29.0   44.172   97.489   1635.7    687.4
     1     1    21     2    13     5     0     1   -30.0   44.396   96.833   1676.7    701.5
     1     1    21     2    13     4     0     2   -31.0   44.627   96.127   1716.2    700.8
     1     1    21     2    13     3     0     3   -32.0   44.865   95.365   1809.2    651.9
     1     1    21     2    13     2     0     2   -33.0   45.193   94.453   2217.7    587.1
     1     1    21     2    13     1     0     1   -34.0   45.575   93.507   2241.6    594.8
     1     1    21     2    13     0     0     0   -35.0   45.973   92.535   2419.2    590.4
     1     1    21     2    12    23     0     1   -36.0   46.353   91.514   2495.0    583.4
     1     1    21     2    12    22     0     2   -37.0   46.740   90.518   2450.7    583.8
     1     1    21     2    12    21     0     3   -38.0   47.100   89.618   2423.2    616.1
     1     1    21     2    12    20     0     2   -39.0   47.426   88.779   2405.3    633.2
     1     1    21     2    12    19     0     1   -40.0   47.760   87.938   2466.4    625.9
     1     1    21     2    12    18     0     0   -41.0   48.087   87.100   2629.1    645.0
     1     1    21     2    12    17     0     1   -42.0   48.405   86.289   2676.1    624.8
     1     1    21     2    12    16     0     2   -43.0   48.774   85.429   2780.8    576.6
     1     1    21     2    12    15     0     3   -44.0   49.226   84.502   3046.9    568.9
     1     1    21     2    12    14     0     2   -45.0   49.620   83.634   3164.2    604.1
     1     1    21     2    12    13     0     1   -46.0   49.970   82.809   3221.4    626.6
     1     1    21     2    12    12     0     0   -47.0   50.306   82.005   3272.7    637.7
     1     1    21     2    12    11     0     1   -48.0   50.619   81.233   3321.2    638.6
     1     1    21     2    12    10     0     2   -49.0   50.911   80.474   3356.8    640.7
     1     1    21     2    12     9     0     3   -50.0   51.194   79.709   3390.9    641.4
     1     1    21     2    12     8     0     2   -51.0   51.467   78.955   3430.0    640.0
     1     1    21     2    12     7     0     1   -52.0   51.735   78.219   3470.1    638.5
     1     1    21     2    12     6     0     0   -53.0   52.000   77.475   3496.9    638.0
     1     1    21     2    12     5     0     1   -54.0   52.262   76.736   3528.0    639.5
     1     1    21     2    12     4     0     2   -55.0   52.534   76.014   3578.7    631.9
     1     1    21     2    12     3     0     3   -56.0   52.820   75.303   3618.4    627.7
     1     1    21     2    12     2     0     2   -57.0   53.104   74.587   3640.2    628.4
     1     1    21     2    12     1     0     1   -58.0   53.376   73.862   3659.9    626.1
     1     1    21     2    12     0     0     0   -59.0   53.640   73.130   3681.3    624.8
     1     1    21     2    11    23     0     1   -60.0   53.905   72.383   3721.3    621.5
     1     1    21     2    11    22     0     2   -61.0   54.169   71.626   3781.5    614.9
     1     1    21     2    11    21     0     3   -62.0   54.410   70.880   3822.9    609.3
     1     1    21     2    11    20     0     2   -63.0   54.642   70.134   3865.2    603.2
     1     1    21     2    11    19     0     1   -64.0   54.870   69.378   3897.2    602.5
     1     1    21     2    11    18     0     0   -65.0   55.081   68.633   3902.3    602.5
     1     1    21     2    11    17     0     1   -66.0   55.280   67.895   3904.0    599.3
     1     1    21     2    11    16     0     2   -67.0   55.463   67.151   3912.4    598.0
     1     1    21     2    11    15     0     3   -68.0   55.623   66.420   3917.1    599.0
     1     1    21     2    11    14     0     2   -69.0   55.773   65.686   3921.6    600.6
     1     1    21     2    11    13     0     1   -70.0   55.921   64.911   3926.9    597.2
     1     1    21     2    11    12     0     0   -71.0   56.062   64.103   3925.5    600.4
     1     1    21     2    11    11     0     1   -72.0   56.185   63.292   3891.1    600.6
     1     1    21     2    11    10     0     2   -73.0   56.288   62.467   3872.1    600.5
     1     1    21     2    11     9     0     3   -74.0   56.358   61.614   3857.0    599.0
     1     1    21     2    11     8     0     2   -75.0   56.405   60.734   3834.8    592.8
     1     1    21     2    11     7     0     1   -76.0   56.462   59.848   3812.1    586.8
     1     1    21     2    11     6     0     0   -77.0   56.525   58.971   3819.5    586.2
     1     1    21     2    11     5     0     1   -78.0   56.580   58.102   3801.5    593.7
     1     1    21     2    11     4     0     2   -79.0   56.639   57.222   3779.7    599.8
     1     1    21     2    11     3     0     3   -80.0   56.720   56.304   3805.2    597.1
     1     1    21     2    11     2     0     2   -81.0   56.797   55.349   3814.0    597.7
     1     1    21     2    11     1     0     1   -82.0   56.847   54.380   3824.2    601.8
     1     1    21     2    11     0     0     0   -83.0   56.880   53.356   3862.5    599.6
     1     1    21     2    10    23     0     1   -84.0   56.894   52.317   3868.7    598.8
     1     1    21     2    10    22     0     2   -85.0   56.883   51.331   3881.1    600.8
     1     1    21     2    10    21     0     3   -86.0   56.855   50.322   3913.1    596.5
     1     1    21     2    10    20     0     2   -87.0   56.802   49.278   3948.5    591.4
     1     1    21     2    10    19     0     1   -88.0   56.735   48.233   3968.0    590.8
     1     1    21     2    10    18     0     0   -89.0   56.674   47.191   3991.8    591.1
     1     1    21     2    10    17     0     1   -90.0   56.612   46.182   4029.6    589.1
     1     1    21     2    10    16     0     2   -91.0   56.533   45.182   4060.5    582.4
     1     1    21     2    10    15     0     3   -92.0   56.451   44.141   4104.4    578.3
     1     1    21     2    10    14     0     2   -93.0   56.377   43.092   4164.5    576.8
     1     1    21     2    10    13     0     1   -94.0   56.308   42.041   4191.2    574.1
     1     1    21     2    10    12     0     0   -95.0   56.239   40.946   4190.1    570.0
     1     1    21     2    10    11     0     1   -96.0   56.146   39.809   4187.5    570.5
     1     1    21     2    10    10     0     2   -97.0   56.016   38.618   4223.9    567.7
     1     1    21     2    10     9     0     3   -98.0   55.862   37.403   4301.3    558.2
     1     1    21     2    10     8     0     2   -99.0   55.660   36.268   4345.2    552.0
     1     1    21     2    10     7     0     1  -100.0   55.408   35.162   4340.0    552.3
     1     1    21     2    10     6     0     0  -101.0   55.101   33.922   4297.0    555.0
     1     1    21     2    10     5     0     1  -102.0   54.711   32.552   4265.3    558.6
     1     1    21     2    10     4     0     2  -103.0   54.338   31.248   4311.5    556.3
     1     1    21     2    10     3     0     3  -104.0   53.908   29.804   4358.0    551.7
     1     1    21     2    10     2     0     2  -105.0   53.422   28.326   4398.1    552.2
     1     1    21     2    10     1     0     1  -106.0   53.061   26.922   4498.0    545.5
     1     1    21     2    10     0     0     0  -107.0   52.702   25.445   4583.7    539.7
     1     1    21     2     9    23     0     1  -108.0   52.388   24.225   4594.8    537.3
     1     1    21     2     9    22     0     2  -109.0   52.058   23.072   4555.4    543.2
     1     1    21     2     9    21     0     3  -110.0   51.672   21.842   4568.3    539.4
     1     1    21     2     9    20     0     2  -111.0   51.241   20.756   4505.4    541.0
     1     1    21     2     9    19     0     1  -112.0   50.912   19.632   4455.3    545.1
     1     1    21     2     9    18     0     0  -113.0   50.485   18.510   4452.1    544.8
     1     1    21     2     9    17     0     1  -114.0   50.027   17.472   4512.9    523.9
     1     1    21     2     9    16     0     2  -115.0   49.716   16.421   4538.4    527.6
     1     1    21     2     9    15     0     3  -116.0   49.341   15.401   4579.9    522.1
     1     1    21     2     9    14     0     2  -117.0   49.031   14.345   4675.1    499.3
     1     1    21     2     9    13     0     1  -118.0   48.851   13.301   4825.1    487.1
     1     1    21     2     9    12     0     0  -119.0   48.678   12.303   4849.4    495.5
     1     1    21     2     9    11     0     1  -120.0   48.623   11.384   4759.0    502.4
