     5     1
    GDAS    21     2     1     0     0
    GDAS    21     2     8     0     0
    GDAS    21     2    15     0     0
    GDAS    21     2    22     0     0
    GDAS    21     3     1     0     0
     1 BACKWARD OMEGA   
    21     2    21    21   37.820  111.540  1000.0
     1 PRESSURE
     1     1    21     2    21    21     0     3     0.0   37.820  111.540   1000.0    778.0
     1     1    21     2    21    20     0     2    -1.0   38.061  111.311   1061.0    776.2
     1     1    21     2    21    19     0     1    -2.0   38.284  111.094   1098.0    776.5
     1     1    21     2    21    18     0     0    -3.0   38.481  110.900   1097.7    782.5
     1     1    21     2    21    17     0     1    -4.0   38.675  110.723   1080.5    784.1
     1     1    21     2    21    16     0     2    -5.0   38.879  110.560   1057.5    783.6
     1     1    21     2    21    15     0     3    -6.0   39.095  110.391   1047.1    780.2
     1     1    21     2    21    14     0     2    -7.0   39.312  110.181   1058.5    769.3
     1     1    21     2    21    13     0     1    -8.0   39.534  109.909   1057.8    759.5
     1     1    21     2    21    12     0     0    -9.0   39.769  109.594   1014.4    756.3
     1     1    21     2    21    11     0     1   -10.0   39.980  109.254    974.4    757.3
     1     1    21     2    21    10     0     2   -11.0   40.151  108.915    997.9    759.8
     1     1    21     2    21     9     0     3   -12.0   40.297  108.593   1051.6    762.8
     1     1    21     2    21     8     0     2   -13.0   40.425  108.289   1066.6    767.1
     1     1    21     2    21     7     0     1   -14.0   40.551  108.011   1031.7    778.3
     1     1    21     2    21     6     0     0   -15.0   40.687  107.770    979.1    783.2
     1     1    21     2    21     5     0     1   -16.0   40.825  107.572    889.2    788.7
     1     1    21     2    21     4     0     2   -17.0   40.949  107.421    737.9    805.4
     1     1    21     2    21     3     0     3   -18.0   41.045  107.289    590.9    823.7
     1     1    21     2    21     2     0     2   -19.0   41.128  107.135    508.4    833.0
     1     1    21     2    21     1     0     1   -20.0   41.227  106.937    496.4    829.8
     1     1    21     2    21     0     0     0   -21.0   41.363  106.696    493.2    824.0
     1     1    21     2    20    23     0     1   -22.0   41.508  106.414    442.0    829.0
     1     1    21     2    20    22     0     2   -23.0   41.609  106.089    368.8    844.1
     1     1    21     2    20    21     0     3   -24.0   41.686  105.710    346.3    850.4
     1     1    21     2    20    20     0     2   -25.0   41.820  105.256    408.8    838.5
     1     1    21     2    20    19     0     1   -26.0   42.004  104.792    455.2    825.6
     1     1    21     2    20    18     0     0   -27.0   42.189  104.352    457.3    819.8
     1     1    21     2    20    17     0     1   -28.0   42.392  103.934    456.9    818.2
     1     1    21     2    20    16     0     2   -29.0   42.642  103.504    423.3    814.2
     1     1    21     2    20    15     0     3   -30.0   42.914  103.099    361.5    825.6
     1     1    21     2    20    14     0     2   -31.0   43.167  102.664    409.9    819.7
     1     1    21     2    20    13     0     1   -32.0   43.429  102.075    627.4    790.8
     1     1    21     2    20    12     0     0   -33.0   43.693  101.453    824.8    772.5
     1     1    21     2    20    11     0     1   -34.0   43.930  100.802    950.2    776.8
     1     1    21     2    20    10     0     2   -35.0   44.147  100.168    797.7    754.6
     1     1    21     2    20     9     0     3   -36.0   44.307   99.609    604.5    797.1
     1     1    21     2    20     8     0     2   -37.0   44.534   99.047    749.0    764.9
     1     1    21     2    20     7     0     1   -38.0   44.861   98.421   1020.1    675.4
     1     1    21     2    20     6     0     0   -39.0   45.255   97.743   1140.8    662.6
     1     1    21     2    20     5     0     1   -40.0   45.637   97.033   1005.4    701.3
     1     1    21     2    20     4     0     2   -41.0   45.860   96.429    713.6    756.7
     1     1    21     2    20     3     0     3   -42.0   45.939   96.078    474.2    804.4
     1     1    21     2    20     2     0     2   -43.0   45.960   95.905    327.5    820.6
     1     1    21     2    20     1     0     1   -44.0   45.955   95.827    241.3    828.6
     1     1    21     2    20     0     0     0   -45.0   45.936   95.793    194.9    831.8
     1     1    21     2    19    23     0     1   -46.0   45.908   95.791    168.3    833.1
     1     1    21     2    19    22     0     2   -47.0   45.873   95.822    150.8    834.0
     1     1    21     2    19    21     0     3   -48.0   45.827   95.884    140.4    835.0
     1     1    21     2    19    20     0     2   -49.0   45.772   95.961    136.5    836.2
     1     1    21     2    19    19     0     1   -50.0   45.719   96.027    133.6    836.2
     1     1    21     2    19    18     0     0   -51.0   45.674   96.075    128.6    835.5
     1     1    21     2    19    17     0     1   -52.0   45.632   96.107    119.0    835.6
     1     1    21     2    19    16     0     2   -53.0   45.587   96.129    103.4    837.3
     1     1    21     2    19    15     0     3   -54.0   45.539   96.145     85.3    839.7
     1     1    21     2    19    14     0     2   -55.0   45.494   96.165     68.0    842.0
     1     1    21     2    19    13     0     1   -56.0   45.457   96.200     53.0    843.6
     1     1    21     2    19    12     0     0   -57.0   45.428   96.251     40.2    843.6
     1     1    21     2    19    11     0     1   -58.0   45.407   96.308     31.0    843.3
     1     1    21     2    19    10     0     2   -59.0   45.393   96.364     26.0    842.3
     1     1    21     2    19     9     0     3   -60.0   45.383   96.416     23.6    841.1
     1     1    21     2    19     8     0     2   -61.0   45.376   96.457     31.3    840.3
     1     1    21     2    19     7     0     1   -62.0   45.369   96.480     61.6    837.9
     1     1    21     2    19     6     0     0   -63.0   45.363   96.483    108.3    832.6
     1     1    21     2    19     5     0     1   -64.0   45.357   96.471    155.4    827.8
     1     1    21     2    19     4     0     2   -65.0   45.354   96.445    197.1    825.4
     1     1    21     2    19     3     0     3   -66.0   45.353   96.407    238.3    823.8
     1     1    21     2    19     2     0     2   -67.0   45.358   96.354    282.2    821.0
     1     1    21     2    19     1     0     1   -68.0   45.369   96.286    327.2    818.4
     1     1    21     2    19     0     0     0   -69.0   45.385   96.205    367.2    817.0
     1     1    21     2    18    23     0     1   -70.0   45.404   96.121    395.6    817.1
     1     1    21     2    18    22     0     2   -71.0   45.425   96.037    412.0    818.7
     1     1    21     2    18    21     0     3   -72.0   45.444   95.949    425.3    816.8
     1     1    21     2    18    20     0     2   -73.0   45.460   95.846    457.9    810.1
     1     1    21     2    18    19     0     1   -74.0   45.469   95.715    521.6    797.6
     1     1    21     2    18    18     0     0   -75.0   45.477   95.552    617.0    781.4
     1     1    21     2    18    17     0     1   -76.0   45.490   95.346    740.8    760.3
     1     1    21     2    18    16     0     2   -77.0   45.522   95.098    899.3    738.8
     1     1    21     2    18    15     0     3   -78.0   45.602   94.813   1077.7    718.9
     1     1    21     2    18    14     0     2   -79.0   45.741   94.488   1181.4    697.1
     1     1    21     2    18    13     0     1   -80.0   45.932   94.101   1204.4    667.4
     1     1    21     2    18    12     0     0   -81.0   46.156   93.637   1265.4    667.9
     1     1    21     2    18    11     0     1   -82.0   46.345   93.124   1398.4    666.6
     1     1    21     2    18    10     0     2   -83.0   46.507   92.570   1565.3    652.8
     1     1    21     2    18     9     0     3   -84.0   46.681   91.908   1703.7    618.8
     1     1    21     2    18     8     0     2   -85.0   46.846   91.214   1793.9    606.6
     1     1    21     2    18     7     0     1   -86.0   46.991   90.587   1867.9    621.1
     1     1    21     2    18     6     0     0   -87.0   47.128   90.003   2001.6    635.5
     1     1    21     2    18     5     0     1   -88.0   47.250   89.427   2140.4    644.0
     1     1    21     2    18     4     0     2   -89.0   47.330   88.873   2174.8    667.9
     1     1    21     2    18     3     0     3   -90.0   47.389   88.362   2191.8    681.3
     1     1    21     2    18     2     0     2   -91.0   47.452   87.882   2257.5    681.6
     1     1    21     2    18     1     0     1   -92.0   47.515   87.431   2329.5    683.3
     1     1    21     2    18     0     0     0   -93.0   47.574   87.030   2403.5    692.3
     1     1    21     2    17    23     0     1   -94.0   47.631   86.628   2451.6    678.5
     1     1    21     2    17    22     0     2   -95.0   47.683   86.180   2459.1    670.3
     1     1    21     2    17    21     0     3   -96.0   47.721   85.711   2432.5    677.3
     1     1    21     2    17    20     0     2   -97.0   47.745   85.238   2439.1    686.3
     1     1    21     2    17    19     0     1   -98.0   47.759   84.749   2478.6    684.4
     1     1    21     2    17    18     0     0   -99.0   47.768   84.254   2462.5    688.4
     1     1    21     2    17    17     0     1  -100.0   47.760   83.768   2390.4    702.3
     1     1    21     2    17    16     0     2  -101.0   47.722   83.284   2328.0    711.5
     1     1    21     2    17    15     0     3  -102.0   47.652   82.789   2281.5    711.5
     1     1    21     2    17    14     0     2  -103.0   47.564   82.286   2221.0    710.0
     1     1    21     2    17    13     0     1  -104.0   47.463   81.795   2148.0    719.0
     1     1    21     2    17    12     0     0  -105.0   47.345   81.340   2074.3    731.7
     1     1    21     2    17    11     0     1  -106.0   47.217   80.947   2008.1    747.4
     1     1    21     2    17    10     0     2  -107.0   47.087   80.609   1969.3    759.2
     1     1    21     2    17     9     0     3  -108.0   46.958   80.292   1960.6    762.9
     1     1    21     2    17     8     0     2  -109.0   46.830   79.983   1957.7    763.9
     1     1    21     2    17     7     0     1  -110.0   46.701   79.688   1953.8    764.4
     1     1    21     2    17     6     0     0  -111.0   46.563   79.411   1952.2    765.1
     1     1    21     2    17     5     0     1  -112.0   46.419   79.142   1948.4    765.5
     1     1    21     2    17     4     0     2  -113.0   46.273   78.879   1938.0    767.2
     1     1    21     2    17     3     0     3  -114.0   46.132   78.631   1928.8    770.0
     1     1    21     2    17     2     0     2  -115.0   45.992   78.400   1927.0    771.8
     1     1    21     2    17     1     0     1  -116.0   45.851   78.188   1924.4    768.0
     1     1    21     2    17     0     0     0  -117.0   45.710   77.999   1928.6    770.6
     1     1    21     2    16    23     0     1  -118.0   45.573   77.826   1930.3    769.4
     1     1    21     2    16    22     0     2  -119.0   45.442   77.657   1933.7    768.1
     1     1    21     2    16    21     0     3  -120.0   45.313   77.489   1934.7    767.4
