     5     1
    GDAS    21     2     1     0     0
    GDAS    21     2     8     0     0
    GDAS    21     2    15     0     0
    GDAS    21     2    22     0     0
    GDAS    21     3     1     0     0
     1 BACKWARD OMEGA   
    21     2    19    21   37.820  111.540  1000.0
     1 PRESSURE
     1     1    21     2    19    21     0     3     0.0   37.820  111.540   1000.0    774.4
     1     1    21     2    19    20     0     2    -1.0   38.076  111.130   1123.2    753.3
     1     1    21     2    19    19     0     1    -2.0   38.327  110.737   1004.7    781.6
     1     1    21     2    19    18     0     0    -3.0   38.585  110.309    872.7    802.7
     1     1    21     2    19    17     0     1    -4.0   38.870  109.811    839.6    793.3
     1     1    21     2    19    16     0     2    -5.0   39.179  109.246    827.0    782.0
     1     1    21     2    19    15     0     3    -6.0   39.475  108.647    814.8    780.1
     1     1    21     2    19    14     0     2    -7.0   39.742  108.022    807.2    786.9
     1     1    21     2    19    13     0     1    -8.0   39.949  107.370    803.3    783.8
     1     1    21     2    19    12     0     0    -9.0   40.106  106.748    868.2    782.7
     1     1    21     2    19    11     0     1   -10.0   40.259  106.175    933.6    782.8
     1     1    21     2    19    10     0     2   -11.0   40.426  105.613    952.4    775.5
     1     1    21     2    19     9     0     3   -12.0   40.651  105.016   1049.5    760.9
     1     1    21     2    19     8     0     2   -13.0   40.920  104.388   1127.1    743.4
     1     1    21     2    19     7     0     1   -14.0   41.147  103.708   1079.7    758.4
     1     1    21     2    19     6     0     0   -15.0   41.345  102.996   1081.9    763.7
     1     1    21     2    19     5     0     1   -16.0   41.530  102.299   1146.0    769.4
     1     1    21     2    19     4     0     2   -17.0   41.674  101.655   1183.5    779.7
     1     1    21     2    19     3     0     3   -18.0   41.815  101.071   1202.7    784.3
     1     1    21     2    19     2     0     2   -19.0   41.992  100.529   1189.8    787.4
     1     1    21     2    19     1     0     1   -20.0   42.211  100.010   1140.7    784.0
     1     1    21     2    19     0     0     0   -21.0   42.437   99.502   1098.2    770.5
     1     1    21     2    18    23     0     1   -22.0   42.659   99.002   1004.3    759.1
     1     1    21     2    18    22     0     2   -23.0   42.904   98.472    850.3    773.5
     1     1    21     2    18    21     0     3   -24.0   43.100   97.926    746.4    786.7
     1     1    21     2    18    20     0     2   -25.0   43.229   97.321    720.8    793.2
     1     1    21     2    18    19     0     1   -26.0   43.302   96.668    741.0    801.7
     1     1    21     2    18    18     0     0   -27.0   43.305   96.095    748.2    816.6
     1     1    21     2    18    17     0     1   -28.0   43.278   95.668    730.9    808.0
     1     1    21     2    18    16     0     2   -29.0   43.269   95.360    720.3    795.3
     1     1    21     2    18    15     0     3   -30.0   43.281   95.132    734.8    784.7
     1     1    21     2    18    14     0     2   -31.0   43.316   94.943    781.4    779.2
     1     1    21     2    18    13     0     1   -32.0   43.381   94.752    850.5    778.9
     1     1    21     2    18    12     0     0   -33.0   43.471   94.525    914.7    781.0
     1     1    21     2    18    11     0     1   -34.0   43.577   94.246    971.6    784.4
     1     1    21     2    18    10     0     2   -35.0   43.681   93.894   1048.0    783.0
     1     1    21     2    18     9     0     3   -36.0   43.763   93.485   1109.0    765.5
     1     1    21     2    18     8     0     2   -37.0   43.811   93.105   1081.9    750.8
     1     1    21     2    18     7     0     1   -38.0   43.833   92.773   1022.5    754.6
     1     1    21     2    18     6     0     0   -39.0   43.854   92.455    991.7    752.3
     1     1    21     2    18     5     0     1   -40.0   43.890   92.151    969.6    745.6
     1     1    21     2    18     4     0     2   -41.0   43.948   91.869    953.9    745.2
     1     1    21     2    18     3     0     3   -42.0   44.017   91.617    961.8    754.0
     1     1    21     2    18     2     0     2   -43.0   44.086   91.393    982.4    763.5
     1     1    21     2    18     1     0     1   -44.0   44.148   91.192    990.0    771.9
     1     1    21     2    18     0     0     0   -45.0   44.206   91.009    976.1    779.9
     1     1    21     2    17    23     0     1   -46.0   44.250   90.856    962.2    787.7
     1     1    21     2    17    22     0     2   -47.0   44.278   90.739    970.3    789.9
     1     1    21     2    17    21     0     3   -48.0   44.294   90.653    997.2    789.7
     1     1    21     2    17    20     0     2   -49.0   44.304   90.584   1036.2    787.8
     1     1    21     2    17    19     0     1   -50.0   44.309   90.522   1081.3    785.8
     1     1    21     2    17    18     0     0   -51.0   44.308   90.466   1132.7    783.2
     1     1    21     2    17    17     0     1   -52.0   44.309   90.411   1188.1    779.6
     1     1    21     2    17    16     0     2   -53.0   44.317   90.352   1244.4    776.3
     1     1    21     2    17    15     0     3   -54.0   44.333   90.287   1301.4    773.1
     1     1    21     2    17    14     0     2   -55.0   44.354   90.211   1348.4    769.9
     1     1    21     2    17    13     0     1   -56.0   44.376   90.122   1375.6    770.2
     1     1    21     2    17    12     0     0   -57.0   44.398   90.025   1385.1    772.7
     1     1    21     2    17    11     0     1   -58.0   44.419   89.936   1393.4    774.8
     1     1    21     2    17    10     0     2   -59.0   44.442   89.861   1414.9    773.2
     1     1    21     2    17     9     0     3   -60.0   44.467   89.796   1445.5    770.8
     1     1    21     2    17     8     0     2   -61.0   44.497   89.732   1483.7    768.1
     1     1    21     2    17     7     0     1   -62.0   44.531   89.660   1530.1    764.9
     1     1    21     2    17     6     0     0   -63.0   44.571   89.581   1585.7    761.1
     1     1    21     2    17     5     0     1   -64.0   44.614   89.489   1642.4    756.5
     1     1    21     2    17     4     0     2   -65.0   44.659   89.384   1690.2    754.1
     1     1    21     2    17     3     0     3   -66.0   44.705   89.266   1726.9    753.3
     1     1    21     2    17     2     0     2   -67.0   44.755   89.133   1754.6    754.4
     1     1    21     2    17     1     0     1   -68.0   44.813   88.984   1776.6    756.2
     1     1    21     2    17     0     0     0   -69.0   44.875   88.818   1791.3    756.1
     1     1    21     2    16    23     0     1   -70.0   44.926   88.635   1798.4    756.9
     1     1    21     2    16    22     0     2   -71.0   44.954   88.440   1798.6    758.8
     1     1    21     2    16    21     0     3   -72.0   44.959   88.243   1797.7    760.3
     1     1    21     2    16    20     0     2   -73.0   44.944   88.051   1796.9    760.6
     1     1    21     2    16    19     0     1   -74.0   44.914   87.870   1797.2    762.2
     1     1    21     2    16    18     0     0   -75.0   44.877   87.703   1794.9    763.9
     1     1    21     2    16    17     0     1   -76.0   44.829   87.553   1795.9    765.9
     1     1    21     2    16    16     0     2   -77.0   44.768   87.419   1814.0    765.2
     1     1    21     2    16    15     0     3   -78.0   44.694   87.301   1857.1    761.4
     1     1    21     2    16    14     0     2   -79.0   44.613   87.208   1907.0    753.8
     1     1    21     2    16    13     0     1   -80.0   44.529   87.144   1944.6    749.0
     1     1    21     2    16    12     0     0   -81.0   44.441   87.108   1973.8    744.4
     1     1    21     2    16    11     0     1   -82.0   44.356   87.092   2003.0    739.9
     1     1    21     2    16    10     0     2   -83.0   44.283   87.084   2037.2    734.3
     1     1    21     2    16     9     0     3   -84.0   44.220   87.080   2074.8    728.9
     1     1    21     2    16     8     0     2   -85.0   44.162   87.079   2108.7    723.7
     1     1    21     2    16     7     0     1   -86.0   44.105   87.082   2130.0    720.0
     1     1    21     2    16     6     0     0   -87.0   44.047   87.094   2136.6    717.5
     1     1    21     2    16     5     0     1   -88.0   43.991   87.110   2147.1    714.5
     1     1    21     2    16     4     0     2   -89.0   43.940   87.123   2176.9    701.4
     1     1    21     2    16     3     0     3   -90.0   43.898   87.127   2232.4    687.8
     1     1    21     2    16     2     0     2   -91.0   43.866   87.123   2289.0    674.4
     1     1    21     2    16     1     0     1   -92.0   43.838   87.113   2329.8    665.5
     1     1    21     2    16     0     0     0   -93.0   43.814   87.099   2357.6    658.0
     1     1    21     2    15    23     0     1   -94.0   43.793   87.083   2380.8    652.4
     1     1    21     2    15    22     0     2   -95.0   43.779   87.063   2407.2    646.9
     1     1    21     2    15    21     0     3   -96.0   43.769   87.042   2437.7    641.9
     1     1    21     2    15    20     0     2   -97.0   43.766   87.020   2474.6    638.0
     1     1    21     2    15    19     0     1   -98.0   43.772   86.998   2519.4    635.4
     1     1    21     2    15    18     0     0   -99.0   43.787   86.977   2570.8    634.1
     1     1    21     2    15    17     0     1  -100.0   43.809   86.957   2620.3    633.6
     1     1    21     2    15    16     0     2  -101.0   43.836   86.939   2661.1    635.7
     1     1    21     2    15    15     0     3  -102.0   43.868   86.920   2695.7    639.4
     1     1    21     2    15    14     0     2  -103.0   43.901   86.897   2730.6    643.5
     1     1    21     2    15    13     0     1  -104.0   43.930   86.870   2770.6    645.2
     1     1    21     2    15    12     0     0  -105.0   43.952   86.840   2813.3    645.3
     1     1    21     2    15    11     0     1  -106.0   43.972   86.823   2847.2    644.8
     1     1    21     2    15    10     0     2  -107.0   43.993   86.829   2859.8    648.2
     1     1    21     2    15     9     0     3  -108.0   44.018   86.855   2846.6    652.1
     1     1    21     2    15     8     0     2  -109.0   44.047   86.891   2831.0    657.5
     1     1    21     2    15     7     0     1  -110.0   44.079   86.928   2834.7    659.4
     1     1    21     2    15     6     0     0  -111.0   44.115   86.969   2854.0    660.1
     1     1    21     2    15     5     0     1  -112.0   44.156   87.014   2868.2    658.8
     1     1    21     2    15     4     0     2  -113.0   44.202   87.058   2861.6    659.4
     1     1    21     2    15     3     0     3  -114.0   44.252   87.098   2841.6    661.4
     1     1    21     2    15     2     0     2  -115.0   44.301   87.134   2819.0    664.4
     1     1    21     2    15     1     0     1  -116.0   44.347   87.167   2802.9    666.2
     1     1    21     2    15     0     0     0  -117.0   44.389   87.198   2794.0    667.3
     1     1    21     2    14    23     0     1  -118.0   44.425   87.217   2790.8    668.0
     1     1    21     2    14    22     0     2  -119.0   44.449   87.220   2789.8    668.7
     1     1    21     2    14    21     0     3  -120.0   44.462   87.210   2790.4    669.3
