     5     1
    GDAS    21     2     1     0     0
    GDAS    21     2     8     0     0
    GDAS    21     2    15     0     0
    GDAS    21     2    22     0     0
    GDAS    21     3     1     0     0
     1 BACKWARD OMEGA   
    21     2    14    21   44.970  -93.230   500.0
     1 PRESSURE
     1     1    21     2    14    21     0     3     0.0   44.970  -93.230    500.0    935.3
     1     1    21     2    14    20     0     2    -1.0   45.153  -93.372    504.4    933.8
     1     1    21     2    14    19     0     1    -2.0   45.345  -93.486    510.4    931.1
     1     1    21     2    14    18     0     0    -3.0   45.547  -93.569    522.5    927.5
     1     1    21     2    14    17     0     1    -4.0   45.762  -93.634    541.1    921.2
     1     1    21     2    14    16     0     2    -5.0   45.993  -93.692    559.8    914.2
     1     1    21     2    14    15     0     3    -6.0   46.248  -93.743    574.7    910.9
     1     1    21     2    14    14     0     2    -7.0   46.522  -93.809    595.6    908.3
     1     1    21     2    14    13     0     1    -8.0   46.798  -93.885    629.2    903.0
     1     1    21     2    14    12     0     0    -9.0   47.071  -93.957    666.4    896.7
     1     1    21     2    14    11     0     1   -10.0   47.342  -94.043    693.3    891.7
     1     1    21     2    14    10     0     2   -11.0   47.611  -94.171    703.2    890.8
     1     1    21     2    14     9     0     3   -12.0   47.873  -94.333    700.6    893.0
     1     1    21     2    14     8     0     2   -13.0   48.124  -94.503    681.1    896.8
     1     1    21     2    14     7     0     1   -14.0   48.365  -94.658    640.4    904.1
     1     1    21     2    14     6     0     0   -15.0   48.603  -94.795    591.7    912.1
     1     1    21     2    14     5     0     1   -16.0   48.853  -94.908    543.6    918.4
     1     1    21     2    14     4     0     2   -17.0   49.138  -94.999    487.5    924.5
     1     1    21     2    14     3     0     3   -18.0   49.458  -95.083    428.6    934.6
     1     1    21     2    14     2     0     2   -19.0   49.771  -95.159    382.8    940.9
     1     1    21     2    14     1     0     1   -20.0   50.055  -95.228    339.4    945.3
     1     1    21     2    14     0     0     0   -21.0   50.316  -95.302    290.2    952.8
     1     1    21     2    13    23     0     1   -22.0   50.547  -95.387    246.1    960.6
     1     1    21     2    13    22     0     2   -23.0   50.747  -95.460    211.1    965.4
     1     1    21     2    13    21     0     3   -24.0   50.929  -95.493    181.4    969.8
     1     1    21     2    13    20     0     2   -25.0   51.098  -95.486    158.7    973.6
     1     1    21     2    13    19     0     1   -26.0   51.254  -95.451    143.5    975.7
     1     1    21     2    13    18     0     0   -27.0   51.398  -95.391    133.9    976.5
     1     1    21     2    13    17     0     1   -28.0   51.534  -95.308    128.8    976.5
     1     1    21     2    13    16     0     2   -29.0   51.666  -95.204    127.0    975.8
     1     1    21     2    13    15     0     3   -30.0   51.796  -95.073    126.6    974.8
     1     1    21     2    13    14     0     2   -31.0   51.924  -94.909    126.5    974.1
     1     1    21     2    13    13     0     1   -32.0   52.043  -94.717    126.5    974.5
     1     1    21     2    13    12     0     0   -33.0   52.152  -94.516    126.5    975.5
     1     1    21     2    13    11     0     1   -34.0   52.246  -94.325    126.6    976.7
     1     1    21     2    13    10     0     2   -35.0   52.324  -94.150    126.6    977.8
     1     1    21     2    13     9     0     3   -36.0   52.386  -93.986    126.6    978.6
     1     1    21     2    13     8     0     2   -37.0   52.436  -93.826    126.6    978.2
     1     1    21     2    13     7     0     1   -38.0   52.476  -93.663    126.6    977.9
     1     1    21     2    13     6     0     0   -39.0   52.504  -93.496    126.6    977.4
     1     1    21     2    13     5     0     1   -40.0   52.531  -93.320    127.6    977.1
     1     1    21     2    13     4     0     2   -41.0   52.566  -93.130    131.6    976.6
     1     1    21     2    13     3     0     3   -42.0   52.610  -92.927    140.2    976.1
     1     1    21     2    13     2     0     2   -43.0   52.654  -92.743    151.9    974.6
     1     1    21     2    13     1     0     1   -44.0   52.692  -92.598    165.0    973.4
     1     1    21     2    13     0     0     0   -45.0   52.725  -92.485    182.6    971.6
     1     1    21     2    12    23     0     1   -46.0   52.749  -92.396    206.3    968.8
     1     1    21     2    12    22     0     2   -47.0   52.763  -92.323    235.7    965.1
     1     1    21     2    12    21     0     3   -48.0   52.767  -92.268    268.8    960.9
     1     1    21     2    12    20     0     2   -49.0   52.758  -92.230    300.9    955.5
     1     1    21     2    12    19     0     1   -50.0   52.731  -92.207    327.1    951.3
     1     1    21     2    12    18     0     0   -51.0   52.685  -92.199    347.0    947.8
     1     1    21     2    12    17     0     1   -52.0   52.624  -92.208    363.4    944.9
     1     1    21     2    12    16     0     2   -53.0   52.553  -92.236    379.6    941.4
     1     1    21     2    12    15     0     3   -54.0   52.470  -92.286    396.2    937.8
     1     1    21     2    12    14     0     2   -55.0   52.377  -92.342    413.7    933.7
     1     1    21     2    12    13     0     1   -56.0   52.272  -92.394    432.9    929.2
     1     1    21     2    12    12     0     0   -57.0   52.154  -92.453    454.9    924.0
     1     1    21     2    12    11     0     1   -58.0   52.029  -92.529    479.4    918.3
     1     1    21     2    12    10     0     2   -59.0   51.903  -92.621    505.3    914.2
     1     1    21     2    12     9     0     3   -60.0   51.780  -92.725    531.1    910.8
     1     1    21     2    12     8     0     2   -61.0   51.663  -92.843    553.7    907.6
     1     1    21     2    12     7     0     1   -62.0   51.554  -92.982    569.4    905.4
     1     1    21     2    12     6     0     0   -63.0   51.456  -93.141    578.0    905.0
     1     1    21     2    12     5     0     1   -64.0   51.372  -93.323    584.4    905.1
     1     1    21     2    12     4     0     2   -65.0   51.295  -93.532    592.2    904.6
     1     1    21     2    12     3     0     3   -66.0   51.221  -93.769    603.1    903.5
     1     1    21     2    12     2     0     2   -67.0   51.146  -94.037    617.6    901.9
     1     1    21     2    12     1     0     1   -68.0   51.074  -94.339    634.8    901.3
     1     1    21     2    12     0     0     0   -69.0   51.005  -94.682    653.0    901.1
     1     1    21     2    11    23     0     1   -70.0   50.932  -95.054    666.7    901.7
     1     1    21     2    11    22     0     2   -71.0   50.859  -95.431    667.2    904.4
     1     1    21     2    11    21     0     3   -72.0   50.792  -95.808    664.1    910.0
     1     1    21     2    11    20     0     2   -73.0   50.738  -96.187    671.0    912.2
     1     1    21     2    11    19     0     1   -74.0   50.712  -96.568    688.8    913.1
     1     1    21     2    11    18     0     0   -75.0   50.729  -96.961    719.6    912.4
     1     1    21     2    11    17     0     1   -76.0   50.791  -97.369    750.8    903.8
     1     1    21     2    11    16     0     2   -77.0   50.891  -97.790    778.0    898.0
     1     1    21     2    11    15     0     3   -78.0   51.031  -98.231    814.7    892.5
     1     1    21     2    11    14     0     2   -79.0   51.185  -98.638    850.7    886.8
     1     1    21     2    11    13     0     1   -80.0   51.341  -99.004    881.1    883.0
     1     1    21     2    11    12     0     0   -81.0   51.514  -99.362    905.9    876.0
     1     1    21     2    11    11     0     1   -82.0   51.702  -99.733    920.6    873.6
     1     1    21     2    11    10     0     2   -83.0   51.908 -100.124    926.3    871.4
     1     1    21     2    11     9     0     3   -84.0   52.127 -100.520    927.3    863.1
     1     1    21     2    11     8     0     2   -85.0   52.339 -100.879    930.8    858.3
     1     1    21     2    11     7     0     1   -86.0   52.540 -101.199    927.8    861.3
     1     1    21     2    11     6     0     0   -87.0   52.742 -101.500    907.0    868.3
     1     1    21     2    11     5     0     1   -88.0   52.950 -101.784    858.7    876.7
     1     1    21     2    11     4     0     2   -89.0   53.157 -102.023    789.7    887.0
     1     1    21     2    11     3     0     3   -90.0   53.361 -102.199    732.8    896.5
     1     1    21     2    11     2     0     2   -91.0   53.564 -102.337    715.1    899.4
     1     1    21     2    11     1     0     1   -92.0   53.763 -102.466    731.6    898.9
     1     1    21     2    11     0     0     0   -93.0   53.958 -102.603    772.3    896.3
     1     1    21     2    10    23     0     1   -94.0   54.135 -102.740    808.8    888.8
     1     1    21     2    10    22     0     2   -95.0   54.290 -102.862    825.2    885.8
     1     1    21     2    10    21     0     3   -96.0   54.430 -102.981    828.3    884.7
     1     1    21     2    10    20     0     2   -97.0   54.565 -103.098    828.3    882.6
     1     1    21     2    10    19     0     1   -98.0   54.700 -103.212    831.1    879.1
     1     1    21     2    10    18     0     0   -99.0   54.832 -103.333    834.5    876.0
     1     1    21     2    10    17     0     1  -100.0   54.959 -103.461    838.2    873.4
     1     1    21     2    10    16     0     2  -101.0   55.086 -103.582    840.6    871.4
     1     1    21     2    10    15     0     3  -102.0   55.215 -103.682    839.5    870.2
     1     1    21     2    10    14     0     2  -103.0   55.347 -103.766    839.3    869.4
     1     1    21     2    10    13     0     1  -104.0   55.482 -103.848    846.0    867.3
     1     1    21     2    10    12     0     0  -105.0   55.616 -103.939    860.9    864.1
     1     1    21     2    10    11     0     1  -106.0   55.751 -104.046    874.4    860.5
     1     1    21     2    10    10     0     2  -107.0   55.893 -104.175    875.8    860.0
     1     1    21     2    10     9     0     3  -108.0   56.046 -104.325    869.7    860.8
     1     1    21     2    10     8     0     2  -109.0   56.212 -104.459    859.2    860.0
     1     1    21     2    10     7     0     1  -110.0   56.387 -104.560    836.4    859.6
     1     1    21     2    10     6     0     0  -111.0   56.564 -104.650    792.2    861.3
     1     1    21     2    10     5     0     1  -112.0   56.753 -104.742    733.9    866.4
     1     1    21     2    10     4     0     2  -113.0   56.969 -104.843    670.9    870.0
     1     1    21     2    10     3     0     3  -114.0   57.216 -104.942    609.9    876.4
     1     1    21     2    10     2     0     2  -115.0   57.468 -105.014    545.2    881.5
     1     1    21     2    10     1     0     1  -116.0   57.707 -105.086    449.6    892.0
     1     1    21     2    10     0     0     0  -117.0   57.953 -105.214    302.7    910.5
     1     1    21     2     9    23     0     1  -118.0   58.180 -105.353    185.6    942.3
     1     1    21     2     9    22     0     2  -119.0   58.378 -105.451    125.4    952.4
     1     1    21     2     9    21     0     3  -120.0   58.557 -105.541     95.6    959.3
