     5     1
    GDAS    21     2     1     0     0
    GDAS    21     2     8     0     0
    GDAS    21     2    15     0     0
    GDAS    21     2    22     0     0
    GDAS    21     3     1     0     0
     1 BACKWARD OMEGA   
    21     2    28    17   37.820  111.540  1000.0
     1 PRESSURE
     1     1    21     2    28    17     0     1     0.0   37.820  111.540   1000.0    777.6
     1     1    21     2    28    16     0     2    -1.0   38.025  111.723    970.1    770.5
     1     1    21     2    28    15     0     3    -2.0   38.206  111.917    840.8    773.9
     1     1    21     2    28    14     0     2    -3.0   38.365  112.119    680.8    788.0
     1     1    21     2    28    13     0     1    -4.0   38.506  112.320    566.5    801.6
     1     1    21     2    28    12     0     0    -5.0   38.641  112.513    484.7    809.4
     1     1    21     2    28    11     0     1    -6.0   38.758  112.669    388.1    820.1
     1     1    21     2    28    10     0     2    -7.0   38.846  112.771    271.2    835.5
     1     1    21     2    28     9     0     3    -8.0   38.908  112.830    171.4    849.8
     1     1    21     2    28     8     0     2    -9.0   38.960  112.868    107.2    858.2
     1     1    21     2    28     7     0     1   -10.0   39.021  112.896     71.5    862.4
     1     1    21     2    28     6     0     0   -11.0   39.095  112.930     51.2    865.4
     1     1    21     2    28     5     0     1   -12.0   39.172  112.964     40.1    867.4
     1     1    21     2    28     4     0     2   -13.0   39.245  112.987     34.2    868.7
     1     1    21     2    28     3     0     3   -14.0   39.316  113.003     31.6    869.2
     1     1    21     2    28     2     0     2   -15.0   39.380  113.011     29.2    869.3
     1     1    21     2    28     1     0     1   -16.0   39.427  113.009     26.1    869.6
     1     1    21     2    28     0     0     0   -17.0   39.453  112.994     23.7    869.3
     1     1    21     2    27    23     0     1   -18.0   39.461  112.978     21.9    868.3
     1     1    21     2    27    22     0     2   -19.0   39.452  112.974     20.9    867.8
     1     1    21     2    27    21     0     3   -20.0   39.428  112.982     20.4    867.9
     1     1    21     2    27    20     0     2   -21.0   39.392  112.992     21.0    868.9
     1     1    21     2    27    19     0     1   -22.0   39.348  112.990     22.6    869.3
     1     1    21     2    27    18     0     0   -23.0   39.297  112.978     25.1    869.0
     1     1    21     2    27    17     0     1   -24.0   39.236  112.968     29.7    868.3
     1     1    21     2    27    16     0     2   -25.0   39.159  112.972     39.6    868.0
     1     1    21     2    27    15     0     3   -26.0   39.063  112.994     59.8    868.3
     1     1    21     2    27    14     0     2   -27.0   38.960  113.034     98.1    866.5
     1     1    21     2    27    13     0     1   -28.0   38.859  113.086    145.1    863.9
     1     1    21     2    27    12     0     0   -29.0   38.750  113.145    180.7    862.5
     1     1    21     2    27    11     0     1   -30.0   38.620  113.205    184.0    865.0
     1     1    21     2    27    10     0     2   -31.0   38.463  113.265    131.0    874.6
     1     1    21     2    27     9     0     3   -32.0   38.294  113.321     60.9    891.7
     1     1    21     2    27     8     0     2   -33.0   38.123  113.379     18.0    903.9
     1     1    21     2    27     7     0     1   -34.0   37.963  113.448      0.0    913.2
     1     1    21     2    27     6     0     0   -35.0   37.821  113.531      0.0    920.8
     1     1    21     2    27     5     0     1   -36.0   37.699  113.611      0.0    926.7
     1     1    21     2    27     4     0     2   -37.0   37.593  113.679      0.0    931.5
     1     1    21     2    27     3     0     3   -38.0   37.502  113.729      0.0    935.0
     1     1    21     2    27     2     0     2   -39.0   37.427  113.766      0.0    936.7
     1     1    21     2    27     1     0     1   -40.0   37.372  113.795      0.0    937.7
     1     1    21     2    27     0     0     0   -41.0   37.337  113.817      0.0    938.2
     1     1    21     2    26    23     0     1   -42.0   37.312  113.832      0.0    939.0
     1     1    21     2    26    22     0     2   -43.0   37.287  113.840      0.0    939.3
     1     1    21     2    26    21     0     3   -44.0   37.261  113.841      0.0    939.1
     1     1    21     2    26    20     0     2   -45.0   37.238  113.835      0.0    939.6
     1     1    21     2    26    19     0     1   -46.0   37.223  113.819      0.5    939.5
     1     1    21     2    26    18     0     0   -47.0   37.216  113.796      2.2    939.0
     1     1    21     2    26    17     0     1   -48.0   37.213  113.773      3.8    937.8
     1     1    21     2    26    16     0     2   -49.0   37.213  113.756      4.3    937.1
     1     1    21     2    26    15     0     3   -50.0   37.214  113.746      3.6    936.9
     1     1    21     2    26    14     0     2   -51.0   37.213  113.743      2.8    936.4
     1     1    21     2    26    13     0     1   -52.0   37.205  113.747      2.6    936.4
     1     1    21     2    26    12     0     0   -53.0   37.191  113.758      3.1    936.8
     1     1    21     2    26    11     0     1   -54.0   37.171  113.792      1.8    938.1
     1     1    21     2    26    10     0     2   -55.0   37.150  113.864      0.0    941.5
     1     1    21     2    26     9     0     3   -56.0   37.133  113.982      0.0    947.5
     1     1    21     2    26     8     0     2   -57.0   37.128  114.118      0.0    956.9
     1     1    21     2    26     7     0     1   -58.0   37.140  114.242      0.0    966.0
     1     1    21     2    26     6     0     0   -59.0   37.170  114.358      0.0    974.6
     1     1    21     2    26     5     0     1   -60.0   37.217  114.465      0.0    983.9
     1     1    21     2    26     4     0     2   -61.0   37.279  114.561      0.0    992.2
     1     1    21     2    26     3     0     3   -62.0   37.357  114.644      0.0    999.7
     1     1    21     2    26     2     0     2   -63.0   37.434  114.714      0.0   1004.1
     1     1    21     2    26     1     0     1   -64.0   37.497  114.772      0.0   1007.5
     1     1    21     2    26     0     0     0   -65.0   37.544  114.822      0.0   1010.1
     1     1    21     2    25    23     0     1   -66.0   37.580  114.867      0.0   1012.5
     1     1    21     2    25    22     0     2   -67.0   37.607  114.913      0.0   1014.8
     1     1    21     2    25    21     0     3   -68.0   37.627  114.960      0.4   1017.2
     1     1    21     2    25    20     0     2   -69.0   37.642  115.010      0.9   1019.8
     1     1    21     2    25    19     0     1   -70.0   37.655  115.066      0.6   1019.9
     1     1    21     2    25    18     0     0   -71.0   37.666  115.125      0.0   1020.1
     1     1    21     2    25    17     0     1   -72.0   37.679  115.197      0.0   1020.8
     1     1    21     2    25    16     0     2   -73.0   37.696  115.287      0.0   1021.5
     1     1    21     2    25    15     0     3   -74.0   37.717  115.396      0.0   1022.1
     1     1    21     2    25    14     0     2   -75.0   37.739  115.513      0.2   1022.1
     1     1    21     2    25    13     0     1   -76.0   37.760  115.628      0.1   1022.0
     1     1    21     2    25    12     0     0   -77.0   37.779  115.747      0.0   1022.1
     1     1    21     2    25    11     0     1   -78.0   37.797  115.871      0.0   1021.4
     1     1    21     2    25    10     0     2   -79.0   37.815  115.995      0.0   1020.6
     1     1    21     2    25     9     0     3   -80.0   37.835  116.116      0.0   1019.9
     1     1    21     2    25     8     0     2   -81.0   37.867  116.238      0.0   1020.2
     1     1    21     2    25     7     0     1   -82.0   37.918  116.363      0.0   1020.6
     1     1    21     2    25     6     0     0   -83.0   37.987  116.489      0.0   1021.1
     1     1    21     2    25     5     0     1   -84.0   38.064  116.619      0.0   1022.2
     1     1    21     2    25     4     0     2   -85.0   38.134  116.753      0.0   1023.0
     1     1    21     2    25     3     0     3   -86.0   38.197  116.888      0.0   1023.7
     1     1    21     2    25     2     0     2   -87.0   38.247  117.015      0.0   1023.6
     1     1    21     2    25     1     0     1   -88.0   38.284  117.126      0.0   1023.3
     1     1    21     2    25     0     0     0   -89.0   38.312  117.222      0.0   1022.9
     1     1    21     2    24    23     0     1   -90.0   38.323  117.304      0.0   1022.9
     1     1    21     2    24    22     0     2   -91.0   38.309  117.370      0.0   1022.9
     1     1    21     2    24    21     0     3   -92.0   38.271  117.419      0.1   1022.8
     1     1    21     2    24    20     0     2   -93.0   38.219  117.457      0.0   1022.7
     1     1    21     2    24    19     0     1   -94.0   38.169  117.497      0.0   1022.5
     1     1    21     2    24    18     0     0   -95.0   38.121  117.543      0.0   1022.3
     1     1    21     2    24    17     0     1   -96.0   38.071  117.600      0.0   1022.4
     1     1    21     2    24    16     0     2   -97.0   38.012  117.671      0.0   1022.5
     1     1    21     2    24    15     0     3   -98.0   37.941  117.754      0.0   1022.7
     1     1    21     2    24    14     0     2   -99.0   37.874  117.852      0.0   1022.4
     1     1    21     2    24    13     0     1  -100.0   37.827  117.966      0.0   1022.2
     1     1    21     2    24    12     0     0  -101.0   37.802  118.098      0.0   1022.1
     1     1    21     2    24    11     0     1  -102.0   37.781  118.234      0.0   1022.2
     1     1    21     2    24    10     0     2  -103.0   37.744  118.361      0.0   1022.2
     1     1    21     2    24     9     0     3  -104.0   37.686  118.476      0.0   1022.2
     1     1    21     2    24     8     0     2  -105.0   37.615  118.581      0.0   1022.2
     1     1    21     2    24     7     0     1  -106.0   37.537  118.679      0.0   1022.3
     1     1    21     2    24     6     0     0  -107.0   37.453  118.767      0.1   1022.4
     1     1    21     2    24     5     0     1  -108.0   37.365  118.842      0.5   1023.9
     1     1    21     2    24     4     0     2  -109.0   37.277  118.903      0.8   1025.5
     1     1    21     2    24     3     0     3  -110.0   37.193  118.954      0.8   1027.1
     1     1    21     2    24     2     0     2  -111.0   37.106  118.999      0.9   1027.4
     1     1    21     2    24     1     0     1  -112.0   37.009  119.039      1.6   1026.5
     1     1    21     2    24     0     0     0  -113.0   36.908  119.080      2.5   1023.8
     1     1    21     2    23    23     0     1  -114.0   36.827  119.133      2.8   1021.4
     1     1    21     2    23    22     0     2  -115.0   36.775  119.200      2.1   1019.7
     1     1    21     2    23    21     0     3  -116.0   36.748  119.278      0.9   1018.4
     1     1    21     2    23    20     0     2  -117.0   36.734  119.366      0.4   1017.2
     1     1    21     2    23    19     0     1  -118.0   36.722  119.464      1.3   1016.2
     1     1    21     2    23    18     0     0  -119.0   36.712  119.570      4.1   1015.4
     1     1    21     2    23    17     0     1  -120.0   36.703  119.677      8.3   1014.5
