     5     1
    GDAS    21     2     1     0     0
    GDAS    21     2     8     0     0
    GDAS    21     2    15     0     0
    GDAS    21     2    22     0     0
    GDAS    21     3     1     0     0
     1 BACKWARD OMEGA   
    21     2    16    11   37.820  111.540  1000.0
     1 PRESSURE
     1     1    21     2    16    11     0     1     0.0   37.820  111.540   1000.0    777.6
     1     1    21     2    16    10     0     2    -1.0   38.119  111.187    987.4    786.6
     1     1    21     2    16     9     0     3    -2.0   38.386  110.899    959.3    793.1
     1     1    21     2    16     8     0     2    -3.0   38.631  110.652    894.4    801.4
     1     1    21     2    16     7     0     1    -4.0   38.869  110.418    828.0    804.6
     1     1    21     2    16     6     0     0    -5.0   39.105  110.188    771.4    801.6
     1     1    21     2    16     5     0     1    -6.0   39.357  109.952    745.0    797.8
     1     1    21     2    16     4     0     2    -7.0   39.655  109.703    752.9    789.0
     1     1    21     2    16     3     0     3    -8.0   40.021  109.438    769.8    778.2
     1     1    21     2    16     2     0     2    -9.0   40.427  109.182    781.8    787.6
     1     1    21     2    16     1     0     1   -10.0   40.814  108.980    748.1    807.3
     1     1    21     2    16     0     0     0   -11.0   41.176  108.828    666.3    819.4
     1     1    21     2    15    23     0     1   -12.0   41.525  108.664    587.3    816.8
     1     1    21     2    15    22     0     2   -13.0   41.861  108.469    535.5    810.7
     1     1    21     2    15    21     0     3   -14.0   42.171  108.282    504.0    819.1
     1     1    21     2    15    20     0     2   -15.0   42.455  108.140    486.4    835.9
     1     1    21     2    15    19     0     1   -16.0   42.725  108.038    484.6    850.4
     1     1    21     2    15    18     0     0   -17.0   42.990  107.948    515.1    858.8
     1     1    21     2    15    17     0     1   -18.0   43.287  107.888    564.1    846.5
     1     1    21     2    15    16     0     2   -19.0   43.678  107.847    538.9    838.0
     1     1    21     2    15    15     0     3   -20.0   44.184  107.777    432.6    846.5
     1     1    21     2    15    14     0     2   -21.0   44.674  107.673    428.9    856.7
     1     1    21     2    15    13     0     1   -22.0   45.174  107.531    557.8    830.4
     1     1    21     2    15    12     0     0   -23.0   45.776  107.327    741.6    785.8
     1     1    21     2    15    11     0     1   -24.0   46.492  106.966    892.3    754.3
     1     1    21     2    15    10     0     2   -25.0   47.193  106.503    968.2    754.1
     1     1    21     2    15     9     0     3   -26.0   47.827  106.072   1000.4    756.9
     1     1    21     2    15     8     0     2   -27.0   48.361  105.740   1039.7    775.7
     1     1    21     2    15     7     0     1   -28.0   48.796  105.495   1093.3    787.7
     1     1    21     2    15     6     0     0   -29.0   49.186  105.294   1129.1    787.6
     1     1    21     2    15     5     0     1   -30.0   49.588  105.081   1102.7    781.5
     1     1    21     2    15     4     0     2   -31.0   50.045  104.771   1049.3    773.6
     1     1    21     2    15     3     0     3   -32.0   50.581  104.353   1232.3    745.3
     1     1    21     2    15     2     0     2   -33.0   51.284  103.756   1533.2    694.4
     1     1    21     2    15     1     0     1   -34.0   52.006  102.998   1700.4    701.9
     1     1    21     2    15     0     0     0   -35.0   52.669  102.171   1639.4    722.8
     1     1    21     2    14    23     0     1   -36.0   53.219  101.328   1511.1    732.6
     1     1    21     2    14    22     0     2   -37.0   53.702  100.444   1398.5    757.8
     1     1    21     2    14    21     0     3   -38.0   54.109   99.605   1285.5    785.8
     1     1    21     2    14    20     0     2   -39.0   54.436   98.746   1155.6    787.6
     1     1    21     2    14    19     0     1   -40.0   54.703   97.833   1079.5    787.9
     1     1    21     2    14    18     0     0   -41.0   54.914   96.860   1038.4    811.9
     1     1    21     2    14    17     0     1   -42.0   55.067   96.012    865.7    849.3
     1     1    21     2    14    16     0     2   -43.0   55.198   95.427    641.6    884.0
     1     1    21     2    14    15     0     3   -44.0   55.314   94.939    469.7    909.6
     1     1    21     2    14    14     0     2   -45.0   55.407   94.498    356.9    923.9
     1     1    21     2    14    13     0     1   -46.0   55.456   94.068    297.9    925.5
     1     1    21     2    14    12     0     0   -47.0   55.474   93.610    255.3    931.0
     1     1    21     2    14    11     0     1   -48.0   55.462   93.160    230.1    938.2
     1     1    21     2    14    10     0     2   -49.0   55.411   92.738    230.7    935.8
     1     1    21     2    14     9     0     3   -50.0   55.307   92.334    250.1    930.0
     1     1    21     2    14     8     0     2   -51.0   55.151   91.940    275.8    927.4
     1     1    21     2    14     7     0     1   -52.0   54.971   91.593    305.8    932.0
     1     1    21     2    14     6     0     0   -53.0   54.790   91.288    342.0    932.4
     1     1    21     2    14     5     0     1   -54.0   54.616   91.011    386.5    928.3
     1     1    21     2    14     4     0     2   -55.0   54.460   90.700    437.8    908.2
     1     1    21     2    14     3     0     3   -56.0   54.342   90.271    491.9    882.2
     1     1    21     2    14     2     0     2   -57.0   54.257   89.665    552.5    854.6
     1     1    21     2    14     1     0     1   -58.0   54.152   88.886    646.0    835.5
     1     1    21     2    14     0     0     0   -59.0   53.998   88.239    650.6    878.8
     1     1    21     2    13    23     0     1   -60.0   53.828   87.860    575.9    907.5
     1     1    21     2    13    22     0     2   -61.0   53.667   87.572    511.3    919.1
     1     1    21     2    13    21     0     3   -62.0   53.517   87.289    458.5    928.9
     1     1    21     2    13    20     0     2   -63.0   53.369   87.024    408.8    941.2
     1     1    21     2    13    19     0     1   -64.0   53.229   86.793    374.0    946.6
     1     1    21     2    13    18     0     0   -65.0   53.107   86.591    359.3    948.7
     1     1    21     2    13    17     0     1   -66.0   53.002   86.418    354.4    950.5
     1     1    21     2    13    16     0     2   -67.0   52.909   86.279    352.8    950.6
     1     1    21     2    13    15     0     3   -68.0   52.828   86.173    355.6    950.0
     1     1    21     2    13    14     0     2   -69.0   52.760   86.086    360.6    948.8
     1     1    21     2    13    13     0     1   -70.0   52.710   86.008    364.5    948.1
     1     1    21     2    13    12     0     0   -71.0   52.677   85.938    366.9    947.2
     1     1    21     2    13    11     0     1   -72.0   52.648   85.864    373.2    946.1
     1     1    21     2    13    10     0     2   -73.0   52.612   85.772    388.0    943.1
     1     1    21     2    13     9     0     3   -74.0   52.569   85.661    410.6    939.1
     1     1    21     2    13     8     0     2   -75.0   52.515   85.535    437.0    934.1
     1     1    21     2    13     7     0     1   -76.0   52.450   85.408    464.9    928.9
     1     1    21     2    13     6     0     0   -77.0   52.376   85.278    497.0    923.0
     1     1    21     2    13     5     0     1   -78.0   52.299   85.146    531.5    916.0
     1     1    21     2    13     4     0     2   -79.0   52.227   85.010    565.5    909.6
     1     1    21     2    13     3     0     3   -80.0   52.158   84.871    598.7    905.9
     1     1    21     2    13     2     0     2   -81.0   52.090   84.720    626.9    902.9
     1     1    21     2    13     1     0     1   -82.0   52.022   84.544    643.4    901.2
     1     1    21     2    13     0     0     0   -83.0   51.959   84.347    640.7    899.1
     1     1    21     2    12    23     0     1   -84.0   51.901   84.150    630.4    898.5
     1     1    21     2    12    22     0     2   -85.0   51.849   83.956    624.9    895.5
     1     1    21     2    12    21     0     3   -86.0   51.800   83.768    624.4    893.2
     1     1    21     2    12    20     0     2   -87.0   51.751   83.578    631.4    890.5
     1     1    21     2    12    19     0     1   -88.0   51.699   83.377    650.3    887.4
     1     1    21     2    12    18     0     0   -89.0   51.641   83.165    687.3    882.7
     1     1    21     2    12    17     0     1   -90.0   51.568   82.941    734.2    875.9
     1     1    21     2    12    16     0     2   -91.0   51.483   82.715    770.3    873.2
     1     1    21     2    12    15     0     3   -92.0   51.391   82.502    787.9    875.2
     1     1    21     2    12    14     0     2   -93.0   51.295   82.309    793.8    880.2
     1     1    21     2    12    13     0     1   -94.0   51.199   82.135    792.7    886.4
     1     1    21     2    12    12     0     0   -95.0   51.107   81.979    784.5    893.4
     1     1    21     2    12    11     0     1   -96.0   51.016   81.849    772.0    894.9
     1     1    21     2    12    10     0     2   -97.0   50.923   81.748    763.0    895.9
     1     1    21     2    12     9     0     3   -98.0   50.828   81.664    759.3    896.1
     1     1    21     2    12     8     0     2   -99.0   50.727   81.581    764.5    895.8
     1     1    21     2    12     7     0     1  -100.0   50.620   81.488    781.6    893.6
     1     1    21     2    12     6     0     0  -101.0   50.509   81.387    810.1    890.3
     1     1    21     2    12     5     0     1  -102.0   50.406   81.292    841.1    885.6
     1     1    21     2    12     4     0     2  -103.0   50.319   81.211    863.4    882.9
     1     1    21     2    12     3     0     3  -104.0   50.245   81.142    874.2    881.3
     1     1    21     2    12     2     0     2  -105.0   50.181   81.084    884.3    881.5
     1     1    21     2    12     1     0     1  -106.0   50.121   81.028    906.8    878.8
     1     1    21     2    12     0     0     0  -107.0   50.064   80.969    943.5    874.3
     1     1    21     2    11    23     0     1  -108.0   50.010   80.899    986.7    867.9
     1     1    21     2    11    22     0     2  -109.0   49.959   80.816   1024.3    862.1
     1     1    21     2    11    21     0     3  -110.0   49.912   80.719   1054.6    857.5
     1     1    21     2    11    20     0     2  -111.0   49.876   80.613   1083.8    853.8
     1     1    21     2    11    19     0     1  -112.0   49.861   80.497   1117.4    849.6
     1     1    21     2    11    18     0     0  -113.0   49.871   80.372   1155.8    845.7
     1     1    21     2    11    17     0     1  -114.0   49.909   80.224   1196.1    841.8
     1     1    21     2    11    16     0     2  -115.0   49.976   80.038   1240.2    839.2
     1     1    21     2    11    15     0     3  -116.0   50.067   79.811   1291.6    836.1
     1     1    21     2    11    14     0     2  -117.0   50.166   79.538   1331.6    832.5
     1     1    21     2    11    13     0     1  -118.0   50.259   79.223   1349.5    833.0
     1     1    21     2    11    12     0     0  -119.0   50.350   78.870   1347.8    833.4
     1     1    21     2    11    11     0     1  -120.0   50.433   78.499   1338.6    833.1
