     5     1
    GDAS    21     2     1     0     0
    GDAS    21     2     8     0     0
    GDAS    21     2    15     0     0
    GDAS    21     2    22     0     0
    GDAS    21     3     1     0     0
     1 BACKWARD OMEGA   
    21     2    25    15   44.970  -93.230   500.0
     1 PRESSURE
     1     1    21     2    25    15     0     3     0.0   44.970  -93.230    500.0    930.5
     1     1    21     2    25    14     0     2    -1.0   45.041  -93.493    521.8    927.3
     1     1    21     2    25    13     0     1    -2.0   45.143  -93.747    537.5    923.8
     1     1    21     2    25    12     0     0    -3.0   45.283  -93.985    550.7    920.0
     1     1    21     2    25    11     0     1    -4.0   45.452  -94.244    573.0    914.6
     1     1    21     2    25    10     0     2    -5.0   45.639  -94.553    609.7    906.7
     1     1    21     2    25     9     0     3    -6.0   45.862  -94.885    658.2    898.3
     1     1    21     2    25     8     0     2    -7.0   46.107  -95.241    716.1    890.8
     1     1    21     2    25     7     0     1    -8.0   46.355  -95.613    770.5    884.4
     1     1    21     2    25     6     0     0    -9.0   46.627  -95.969    806.2    880.4
     1     1    21     2    25     5     0     1   -10.0   46.912  -96.324    822.8    881.3
     1     1    21     2    25     4     0     2   -11.0   47.201  -96.695    831.6    886.3
     1     1    21     2    25     3     0     3   -12.0   47.519  -97.081    840.6    887.9
     1     1    21     2    25     2     0     2   -13.0   47.847  -97.515    865.9    877.0
     1     1    21     2    25     1     0     1   -14.0   48.167  -97.999    928.3    860.5
     1     1    21     2    25     0     0     0   -15.0   48.494  -98.488    998.5    850.1
     1     1    21     2    24    23     0     1   -16.0   48.816  -98.963   1051.4    841.9
     1     1    21     2    24    22     0     2   -17.0   49.129  -99.420   1133.3    829.7
     1     1    21     2    24    21     0     3   -18.0   49.441  -99.865   1244.4    810.2
     1     1    21     2    24    20     0     2   -19.0   49.750 -100.297   1331.5    804.9
     1     1    21     2    24    19     0     1   -20.0   50.065 -100.688   1402.5    803.1
     1     1    21     2    24    18     0     0   -21.0   50.382 -101.061   1449.4    789.7
     1     1    21     2    24    17     0     1   -22.0   50.691 -101.452   1460.6    785.0
     1     1    21     2    24    16     0     2   -23.0   51.008 -101.846   1447.7    788.1
     1     1    21     2    24    15     0     3   -24.0   51.334 -102.215   1423.4    793.6
     1     1    21     2    24    14     0     2   -25.0   51.639 -102.599   1408.4    792.2
     1     1    21     2    24    13     0     1   -26.0   51.924 -103.001   1411.4    787.6
     1     1    21     2    24    12     0     0   -27.0   52.211 -103.384   1435.4    788.1
     1     1    21     2    24    11     0     1   -28.0   52.482 -103.759   1446.5    790.9
     1     1    21     2    24    10     0     2   -29.0   52.723 -104.128   1438.9    798.3
     1     1    21     2    24     9     0     3   -30.0   52.964 -104.474   1443.9    800.1
     1     1    21     2    24     8     0     2   -31.0   53.205 -104.793   1457.7    792.3
     1     1    21     2    24     7     0     1   -32.0   53.427 -105.085   1467.7    786.7
     1     1    21     2    24     6     0     0   -33.0   53.640 -105.364   1493.5    783.2
     1     1    21     2    24     5     0     1   -34.0   53.860 -105.661   1541.4    776.8
     1     1    21     2    24     4     0     2   -35.0   54.098 -105.978   1615.5    771.5
     1     1    21     2    24     3     0     3   -36.0   54.348 -106.310   1673.2    763.8
     1     1    21     2    24     2     0     2   -37.0   54.590 -106.661   1665.7    764.9
     1     1    21     2    24     1     0     1   -38.0   54.821 -107.018   1628.5    771.9
     1     1    21     2    24     0     0     0   -39.0   55.053 -107.377   1622.7    775.7
     1     1    21     2    23    23     0     1   -40.0   55.287 -107.774   1633.5    770.4
     1     1    21     2    23    22     0     2   -41.0   55.504 -108.206   1624.4    770.0
     1     1    21     2    23    21     0     3   -42.0   55.699 -108.636   1609.1    772.2
     1     1    21     2    23    20     0     2   -43.0   55.893 -109.057   1588.3    777.2
     1     1    21     2    23    19     0     1   -44.0   56.104 -109.485   1549.1    776.9
     1     1    21     2    23    18     0     0   -45.0   56.325 -109.928   1496.3    776.6
     1     1    21     2    23    17     0     1   -46.0   56.538 -110.376   1468.4    781.7
     1     1    21     2    23    16     0     2   -47.0   56.743 -110.842   1485.2    781.2
     1     1    21     2    23    15     0     3   -48.0   56.945 -111.333   1528.4    780.6
     1     1    21     2    23    14     0     2   -49.0   57.152 -111.863   1563.9    777.8
     1     1    21     2    23    13     0     1   -50.0   57.364 -112.416   1549.5    771.1
     1     1    21     2    23    12     0     0   -51.0   57.578 -112.973   1510.8    769.1
     1     1    21     2    23    11     0     1   -52.0   57.790 -113.534   1496.5    779.7
     1     1    21     2    23    10     0     2   -53.0   58.001 -114.113   1488.8    793.0
     1     1    21     2    23     9     0     3   -54.0   58.220 -114.729   1453.0    787.0
     1     1    21     2    23     8     0     2   -55.0   58.444 -115.390   1406.8    775.3
     1     1    21     2    23     7     0     1   -56.0   58.662 -116.100   1386.5    769.1
     1     1    21     2    23     6     0     0   -57.0   58.863 -116.807   1427.7    786.6
     1     1    21     2    23     5     0     1   -58.0   59.053 -117.486   1473.3    787.8
     1     1    21     2    23     4     0     2   -59.0   59.247 -118.155   1477.0    782.8
     1     1    21     2    23     3     0     3   -60.0   59.448 -118.812   1452.6    782.2
     1     1    21     2    23     2     0     2   -61.0   59.643 -119.476   1411.3    783.5
     1     1    21     2    23     1     0     1   -62.0   59.832 -120.154   1340.4    789.1
     1     1    21     2    23     0     0     0   -63.0   60.035 -120.844   1249.2    790.4
     1     1    21     2    22    23     0     1   -64.0   60.236 -121.614   1169.8    805.7
     1     1    21     2    22    22     0     2   -65.0   60.396 -122.509   1122.3    822.8
     1     1    21     2    22    21     0     3   -66.0   60.516 -123.451   1186.3    813.0
     1     1    21     2    22    20     0     2   -67.0   60.655 -124.452   1395.7    748.9
     1     1    21     2    22    19     0     1   -68.0   60.800 -125.483   1456.0    722.6
     1     1    21     2    22    18     0     0   -69.0   60.931 -126.554   1484.6    711.8
     1     1    21     2    22    17     0     1   -70.0   61.061 -127.702   1732.9    677.3
     1     1    21     2    22    16     0     2   -71.0   61.192 -128.866   1930.2    648.4
     1     1    21     2    22    15     0     3   -72.0   61.328 -130.008   1768.8    672.5
     1     1    21     2    22    14     0     2   -73.0   61.444 -131.176   1773.3    683.9
     1     1    21     2    22    13     0     1   -74.0   61.528 -132.353   1693.3    697.6
     1     1    21     2    22    12     0     0   -75.0   61.553 -133.599   1620.3    687.6
     1     1    21     2    22    11     0     1   -76.0   61.492 -134.788   1488.5    718.2
     1     1    21     2    22    10     0     2   -77.0   61.335 -135.835   1359.4    737.6
     1     1    21     2    22     9     0     3   -78.0   61.123 -136.906   1534.1    706.5
     1     1    21     2    22     8     0     2   -79.0   60.931 -137.960   1808.7    674.0
     1     1    21     2    22     7     0     1   -80.0   60.741 -139.072   2159.4    587.0
     1     1    21     2    22     6     0     0   -81.0   60.518 -140.197   2995.6    534.7
     1     1    21     2    22     5     0     1   -82.0   60.277 -141.273   3297.9    581.2
     1     1    21     2    22     4     0     2   -83.0   60.049 -142.126   3195.5    630.7
     1     1    21     2    22     3     0     3   -84.0   59.831 -142.822   3072.3    660.6
     1     1    21     2    22     2     0     2   -85.0   59.626 -143.518   2864.6    684.6
     1     1    21     2    22     1     0     1   -86.0   59.420 -144.275   2657.7    703.3
     1     1    21     2    22     0     0     0   -87.0   59.206 -145.066   2451.4    721.9
     1     1    21     2    21    23     0     1   -88.0   59.013 -145.903   2263.8    740.2
     1     1    21     2    21    22     0     2   -89.0   58.833 -146.790   2129.0    753.6
     1     1    21     2    21    21     0     3   -90.0   58.624 -147.710   2073.8    759.2
     1     1    21     2    21    20     0     2   -91.0   58.410 -148.661   2105.4    755.0
     1     1    21     2    21    19     0     1   -92.0   58.203 -149.596   2186.9    745.8
     1     1    21     2    21    18     0     0   -93.0   57.976 -150.452   2272.7    735.7
     1     1    21     2    21    17     0     1   -94.0   57.771 -151.250   2292.3    734.6
     1     1    21     2    21    16     0     2   -95.0   57.638 -152.066   2276.4    736.0
     1     1    21     2    21    15     0     3   -96.0   57.552 -152.915   2338.0    724.7
     1     1    21     2    21    14     0     2   -97.0   57.473 -153.809   2461.3    710.6
     1     1    21     2    21    13     0     1   -98.0   57.380 -154.702   2516.3    704.6
     1     1    21     2    21    12     0     0   -99.0   57.293 -155.529   2463.8    713.3
     1     1    21     2    21    11     0     1  -100.0   57.227 -156.333   2420.6    711.1
     1     1    21     2    21    10     0     2  -101.0   57.166 -157.156   2398.8    698.1
     1     1    21     2    21     9     0     3  -102.0   57.122 -158.022   2371.0    703.2
     1     1    21     2    21     8     0     2  -103.0   57.091 -158.876   2370.4    724.0
     1     1    21     2    21     7     0     1  -104.0   57.047 -159.666   2394.5    724.2
     1     1    21     2    21     6     0     0  -105.0   56.993 -160.428   2432.7    720.1
     1     1    21     2    21     5     0     1  -106.0   56.945 -161.176   2467.4    716.7
     1     1    21     2    21     4     0     2  -107.0   56.907 -161.894   2498.9    713.6
     1     1    21     2    21     3     0     3  -108.0   56.884 -162.593   2542.6    710.6
     1     1    21     2    21     2     0     2  -109.0   56.881 -163.290   2602.0    703.9
     1     1    21     2    21     1     0     1  -110.0   56.891 -163.988   2650.8    698.0
     1     1    21     2    21     0     0     0  -111.0   56.912 -164.685   2678.2    695.9
     1     1    21     2    20    23     0     1  -112.0   56.937 -165.385   2703.0    694.8
     1     1    21     2    20    22     0     2  -113.0   56.956 -166.090   2743.0    691.1
     1     1    21     2    20    21     0     3  -114.0   56.975 -166.789   2817.3    685.6
     1     1    21     2    20    20     0     2  -115.0   56.997 -167.477   2923.8    673.7
     1     1    21     2    20    19     0     1  -116.0   57.026 -168.152   3019.9    663.5
     1     1    21     2    20    18     0     0  -117.0   57.068 -168.834   3092.4    657.4
     1     1    21     2    20    17     0     1  -118.0   57.121 -169.532   3159.8    652.7
     1     1    21     2    20    16     0     2  -119.0   57.177 -170.223   3235.1    646.1
     1     1    21     2    20    15     0     3  -120.0   57.226 -170.899   3335.6    638.7
