     5     1
    GDAS    21     2     1     0     0
    GDAS    21     2     8     0     0
    GDAS    21     2    15     0     0
    GDAS    21     2    22     0     0
    GDAS    21     3     1     0     0
     1 BACKWARD OMEGA   
    21     2    25     6   44.970  -93.230   500.0
     1 PRESSURE
     1     1    21     2    25     6     0     0     0.0   44.970  -93.230    500.0    929.3
     1     1    21     2    25     5     0     1    -1.0   45.169  -93.601    525.3    923.2
     1     1    21     2    25     4     0     2    -2.0   45.347  -93.992    531.8    919.6
     1     1    21     2    25     3     0     3    -3.0   45.517  -94.428    532.0    916.5
     1     1    21     2    25     2     0     2    -4.0   45.682  -94.896    543.4    912.3
     1     1    21     2    25     1     0     1    -5.0   45.838  -95.356    557.0    909.3
     1     1    21     2    25     0     0     0    -6.0   45.961  -95.807    551.8    911.5
     1     1    21     2    24    23     0     1    -7.0   46.055  -96.239    536.2    915.6
     1     1    21     2    24    22     0     2    -8.0   46.127  -96.637    527.4    917.2
     1     1    21     2    24    21     0     3    -9.0   46.153  -97.005    528.6    917.2
     1     1    21     2    24    20     0     2   -10.0   46.153  -97.344    522.1    913.2
     1     1    21     2    24    19     0     1   -11.0   46.158  -97.647    508.8    914.3
     1     1    21     2    24    18     0     0   -12.0   46.171  -97.934    521.3    912.3
     1     1    21     2    24    17     0     1   -13.0   46.210  -98.213    550.8    901.0
     1     1    21     2    24    16     0     2   -14.0   46.275  -98.470    572.2    892.9
     1     1    21     2    24    15     0     3   -15.0   46.353  -98.704    583.7    887.2
     1     1    21     2    24    14     0     2   -16.0   46.445  -98.932    596.6    882.7
     1     1    21     2    24    13     0     1   -17.0   46.560  -99.162    617.0    879.2
     1     1    21     2    24    12     0     0   -18.0   46.692  -99.385    633.2    877.0
     1     1    21     2    24    11     0     1   -19.0   46.829  -99.599    625.4    877.0
     1     1    21     2    24    10     0     2   -20.0   46.959  -99.806    573.1    882.6
     1     1    21     2    24     9     0     3   -21.0   47.073 -100.012    481.2    894.4
     1     1    21     2    24     8     0     2   -22.0   47.177 -100.188    415.5    907.4
     1     1    21     2    24     7     0     1   -23.0   47.287 -100.303    404.2    905.5
     1     1    21     2    24     6     0     0   -24.0   47.400 -100.355    420.3    902.8
     1     1    21     2    24     5     0     1   -25.0   47.543 -100.357    438.9    898.9
     1     1    21     2    24     4     0     2   -26.0   47.734 -100.317    441.8    900.0
     1     1    21     2    24     3     0     3   -27.0   47.957 -100.235    443.0    902.8
     1     1    21     2    24     2     0     2   -28.0   48.198 -100.128    453.9    897.6
     1     1    21     2    24     1     0     1   -29.0   48.452 -100.018    482.6    888.7
     1     1    21     2    24     0     0     0   -30.0   48.712  -99.923    541.8    876.8
     1     1    21     2    23    23     0     1   -31.0   48.942  -99.835    651.9    863.0
     1     1    21     2    23    22     0     2   -32.0   49.132  -99.732    800.6    846.8
     1     1    21     2    23    21     0     3   -33.0   49.296  -99.625    952.1    832.6
     1     1    21     2    23    20     0     2   -34.0   49.445  -99.546   1056.2    822.2
     1     1    21     2    23    19     0     1   -35.0   49.579  -99.511   1092.5    821.9
     1     1    21     2    23    18     0     0   -36.0   49.688  -99.514   1079.8    825.8
     1     1    21     2    23    17     0     1   -37.0   49.780  -99.562   1052.9    832.0
     1     1    21     2    23    16     0     2   -38.0   49.862  -99.665   1032.0    833.6
     1     1    21     2    23    15     0     3   -39.0   49.927  -99.800   1011.6    834.4
     1     1    21     2    23    14     0     2   -40.0   49.987  -99.950    987.0    835.4
     1     1    21     2    23    13     0     1   -41.0   50.063 -100.114    962.8    838.8
     1     1    21     2    23    12     0     0   -42.0   50.155 -100.304    954.6    839.4
     1     1    21     2    23    11     0     1   -43.0   50.274 -100.516    959.1    837.4
     1     1    21     2    23    10     0     2   -44.0   50.439 -100.748    961.1    834.0
     1     1    21     2    23     9     0     3   -45.0   50.642 -101.004    951.6    829.8
     1     1    21     2    23     8     0     2   -46.0   50.888 -101.325    962.4    829.4
     1     1    21     2    23     7     0     1   -47.0   51.181 -101.717   1051.9    824.8
     1     1    21     2    23     6     0     0   -48.0   51.521 -102.167   1195.9    808.0
     1     1    21     2    23     5     0     1   -49.0   51.864 -102.688   1339.4    787.8
     1     1    21     2    23     4     0     2   -50.0   52.213 -103.242   1503.0    772.9
     1     1    21     2    23     3     0     3   -51.0   52.620 -103.831   1654.7    760.5
     1     1    21     2    23     2     0     2   -52.0   53.046 -104.471   1691.7    758.8
     1     1    21     2    23     1     0     1   -53.0   53.491 -105.190   1717.9    756.9
     1     1    21     2    23     0     0     0   -54.0   53.984 -106.044   1716.9    749.6
     1     1    21     2    22    23     0     1   -55.0   54.436 -106.962   1676.7    758.3
     1     1    21     2    22    22     0     2   -56.0   54.870 -107.932   1705.4    757.5
     1     1    21     2    22    21     0     3   -57.0   55.290 -108.973   1740.3    743.4
     1     1    21     2    22    20     0     2   -58.0   55.667 -110.103   1759.9    741.3
     1     1    21     2    22    19     0     1   -59.0   56.020 -111.212   1670.0    746.0
     1     1    21     2    22    18     0     0   -60.0   56.364 -112.350   1704.2    746.0
     1     1    21     2    22    17     0     1   -61.0   56.632 -113.535   1608.3    757.4
     1     1    21     2    22    16     0     2   -62.0   56.931 -114.671   1628.6    754.0
     1     1    21     2    22    15     0     3   -63.0   57.241 -115.790   1678.9    745.7
     1     1    21     2    22    14     0     2   -64.0   57.498 -116.891   1725.3    751.4
     1     1    21     2    22    13     0     1   -65.0   57.819 -117.974   1672.8    760.9
     1     1    21     2    22    12     0     0   -66.0   58.149 -119.186   1611.6    748.9
     1     1    21     2    22    11     0     1   -67.0   58.456 -120.415   1507.8    765.4
     1     1    21     2    22    10     0     2   -68.0   58.795 -121.771   1429.4    775.3
     1     1    21     2    22     9     0     3   -69.0   59.100 -123.419   1365.9    778.3
     1     1    21     2    22     8     0     2   -70.0   59.408 -125.186   1483.3    720.7
     1     1    21     2    22     7     0     1   -71.0   59.623 -126.902   1454.0    725.3
     1     1    21     2    22     6     0     0   -72.0   59.717 -128.723   1398.3    738.2
     1     1    21     2    22     5     0     1   -73.0   59.772 -130.520   1530.5    695.2
     1     1    21     2    22     4     0     2   -74.0   59.766 -132.170   1491.8    720.3
     1     1    21     2    22     3     0     3   -75.0   59.572 -133.708   1510.4    711.2
     1     1    21     2    22     2     0     2   -76.0   59.359 -135.021   1638.1    710.0
     1     1    21     2    22     1     0     1   -77.0   59.114 -135.747   1280.0    768.8
     1     1    21     2    22     0     0     0   -78.0   58.937 -136.038    950.9    817.2
     1     1    21     2    21    23     0     1   -79.0   58.796 -136.283    703.4    842.0
     1     1    21     2    21    22     0     2   -80.0   58.686 -136.632    519.9    868.6
     1     1    21     2    21    21     0     3   -81.0   58.629 -137.129    483.3    884.3
     1     1    21     2    21    20     0     2   -82.0   58.605 -137.765    114.9    902.2
     1     1    21     2    21    19     0     1   -83.0   58.604 -138.380      0.0    967.9
     1     1    21     2    21    18     0     0   -84.0   58.652 -139.189      0.0    984.3
     1     1    21     2    21    17     0     1   -85.0   58.687 -140.140      0.0    981.1
     1     1    21     2    21    16     0     2   -86.0   58.736 -141.217      0.2    979.4
     1     1    21     2    21    15     0     3   -87.0   58.858 -142.356      1.0    976.8
     1     1    21     2    21    14     0     2   -88.0   58.970 -143.406      1.2    976.4
     1     1    21     2    21    13     0     1   -89.0   59.093 -144.310      0.2    976.8
     1     1    21     2    21    12     0     0   -90.0   59.228 -145.112      0.0    975.9
     1     1    21     2    21    11     0     1   -91.0   59.358 -145.811      0.4    974.9
     1     1    21     2    21    10     0     2   -92.0   59.508 -146.336      2.3    974.1
     1     1    21     2    21     9     0     3   -93.0   59.685 -146.718      5.0    973.4
     1     1    21     2    21     8     0     2   -94.0   59.877 -147.025      9.0    972.8
     1     1    21     2    21     7     0     1   -95.0   60.078 -147.262     20.8    968.4
     1     1    21     2    21     6     0     0   -96.0   60.307 -147.399     84.3    956.7
     1     1    21     2    21     5     0     1   -97.0   60.542 -147.428    265.5    928.2
     1     1    21     2    21     4     0     2   -98.0   60.744 -147.376    480.7    893.4
     1     1    21     2    21     3     0     3   -99.0   60.895 -147.319    695.3    869.7
     1     1    21     2    21     2     0     2  -100.0   60.978 -147.273    923.5    843.6
     1     1    21     2    21     1     0     1  -101.0   60.989 -147.198   1130.2    820.3
     1     1    21     2    21     0     0     0  -102.0   60.936 -147.059   1276.5    807.6
     1     1    21     2    20    23     0     1  -103.0   60.818 -146.817   1325.7    798.1
     1     1    21     2    20    22     0     2  -104.0   60.672 -146.472   1292.2    794.9
     1     1    21     2    20    21     0     3  -105.0   60.542 -146.059   1190.9    800.0
     1     1    21     2    20    20     0     2  -106.0   60.436 -145.560   1017.1    825.0
     1     1    21     2    20    19     0     1  -107.0   60.345 -144.931    769.7    861.3
     1     1    21     2    20    18     0     0  -108.0   60.267 -144.220    539.2    898.2
     1     1    21     2    20    17     0     1  -109.0   60.176 -143.485    364.3    925.9
     1     1    21     2    20    16     0     2  -110.0   60.081 -142.749    307.0    946.2
     1     1    21     2    20    15     0     3  -111.0   60.032 -142.078    576.3    921.2
     1     1    21     2    20    14     0     2  -112.0   59.962 -141.564    857.5    836.5
     1     1    21     2    20    13     0     1  -113.0   59.848 -141.256    891.3    841.2
     1     1    21     2    20    12     0     0  -114.0   59.705 -141.124    797.1    868.4
     1     1    21     2    20    11     0     1  -115.0   59.572 -141.044    731.7    888.7
     1     1    21     2    20    10     0     2  -116.0   59.459 -140.993    709.3    894.1
     1     1    21     2    20     9     0     3  -117.0   59.357 -141.008    709.7    897.1
     1     1    21     2    20     8     0     2  -118.0   59.257 -141.113    713.2    899.3
     1     1    21     2    20     7     0     1  -119.0   59.153 -141.321    716.2    901.9
     1     1    21     2    20     6     0     0  -120.0   59.047 -141.619    704.9    905.4
