     5     1
    GDAS    21     2     1     0     0
    GDAS    21     2     8     0     0
    GDAS    21     2    15     0     0
    GDAS    21     2    22     0     0
    GDAS    21     3     1     0     0
     1 BACKWARD OMEGA   
    21     2    17    23   37.820  111.540  1000.0
     1 PRESSURE
     1     1    21     2    17    23     0     1     0.0   37.820  111.540   1000.0    781.8
     1     1    21     2    17    22     0     2    -1.0   37.994  111.252   1032.2    782.9
     1     1    21     2    17    21     0     3    -2.0   38.129  110.992   1025.7    789.0
     1     1    21     2    17    20     0     2    -3.0   38.239  110.751    994.4    796.3
     1     1    21     2    17    19     0     1    -4.0   38.352  110.515    966.4    798.4
     1     1    21     2    17    18     0     0    -5.0   38.461  110.285    938.0    799.0
     1     1    21     2    17    17     0     1    -6.0   38.570  110.057    915.8    798.4
     1     1    21     2    17    16     0     2    -7.0   38.687  109.824    902.6    795.0
     1     1    21     2    17    15     0     3    -8.0   38.814  109.584    891.5    792.0
     1     1    21     2    17    14     0     2    -9.0   38.947  109.338    877.4    789.1
     1     1    21     2    17    13     0     1   -10.0   39.084  109.085    863.3    787.1
     1     1    21     2    17    12     0     0   -11.0   39.227  108.822    855.6    783.7
     1     1    21     2    17    11     0     1   -12.0   39.384  108.550    862.6    782.0
     1     1    21     2    17    10     0     2   -13.0   39.546  108.268    873.7    780.8
     1     1    21     2    17     9     0     3   -14.0   39.691  107.979    858.7    785.7
     1     1    21     2    17     8     0     2   -15.0   39.820  107.680    830.0    790.5
     1     1    21     2    17     7     0     1   -16.0   39.944  107.360    813.5    786.9
     1     1    21     2    17     6     0     0   -17.0   40.052  107.014    787.1    781.9
     1     1    21     2    17     5     0     1   -18.0   40.150  106.680    773.1    798.9
     1     1    21     2    17     4     0     2   -19.0   40.261  106.392    775.9    803.5
     1     1    21     2    17     3     0     3   -20.0   40.382  106.140    748.0    807.7
     1     1    21     2    17     2     0     2   -21.0   40.513  105.904    701.8    810.8
     1     1    21     2    17     1     0     1   -22.0   40.668  105.657    668.5    806.5
     1     1    21     2    17     0     0     0   -23.0   40.855  105.383    658.5    802.4
     1     1    21     2    16    23     0     1   -24.0   41.055  105.084    676.3    800.9
     1     1    21     2    16    22     0     2   -25.0   41.240  104.769    694.4    800.5
     1     1    21     2    16    21     0     3   -26.0   41.399  104.436    682.8    805.2
     1     1    21     2    16    20     0     2   -27.0   41.532  104.094    670.0    813.1
     1     1    21     2    16    19     0     1   -28.0   41.652  103.752    678.4    812.8
     1     1    21     2    16    18     0     0   -29.0   41.759  103.408    690.1    810.8
     1     1    21     2    16    17     0     1   -30.0   41.856  103.068    681.6    812.1
     1     1    21     2    16    16     0     2   -31.0   41.941  102.753    660.6    822.9
     1     1    21     2    16    15     0     3   -32.0   42.013  102.464    648.4    831.9
     1     1    21     2    16    14     0     2   -33.0   42.082  102.187    653.0    832.5
     1     1    21     2    16    13     0     1   -34.0   42.158  101.918    678.6    827.9
     1     1    21     2    16    12     0     0   -35.0   42.241  101.659    725.8    818.7
     1     1    21     2    16    11     0     1   -36.0   42.327  101.409    786.2    808.1
     1     1    21     2    16    10     0     2   -37.0   42.416  101.172    860.8    797.6
     1     1    21     2    16     9     0     3   -38.0   42.520  100.943    967.1    783.0
     1     1    21     2    16     8     0     2   -39.0   42.647  100.705   1093.1    763.8
     1     1    21     2    16     7     0     1   -40.0   42.785  100.458   1208.4    747.7
     1     1    21     2    16     6     0     0   -41.0   42.923  100.210   1307.2    735.5
     1     1    21     2    16     5     0     1   -42.0   43.057   99.967   1408.0    728.8
     1     1    21     2    16     4     0     2   -43.0   43.190   99.737   1514.1    718.5
     1     1    21     2    16     3     0     3   -44.0   43.317   99.536   1603.1    709.8
     1     1    21     2    16     2     0     2   -45.0   43.441   99.359   1663.0    703.8
     1     1    21     2    16     1     0     1   -46.0   43.561   99.191   1700.0    700.7
     1     1    21     2    16     0     0     0   -47.0   43.676   99.027   1734.1    697.2
     1     1    21     2    15    23     0     1   -48.0   43.789   98.873   1761.8    691.4
     1     1    21     2    15    22     0     2   -49.0   43.899   98.740   1756.6    688.1
     1     1    21     2    15    21     0     3   -50.0   44.000   98.635   1690.7    690.7
     1     1    21     2    15    20     0     2   -51.0   44.107   98.558   1551.6    694.7
     1     1    21     2    15    19     0     1   -52.0   44.249   98.508   1399.0    701.4
     1     1    21     2    15    18     0     0   -53.0   44.443   98.480   1336.1    697.0
     1     1    21     2    15    17     0     1   -54.0   44.688   98.453   1425.4    671.8
     1     1    21     2    15    16     0     2   -55.0   44.969   98.392   1625.5    627.6
     1     1    21     2    15    15     0     3   -56.0   45.264   98.283   1783.0    610.6
     1     1    21     2    15    14     0     2   -57.0   45.578   98.155   1848.1    623.5
     1     1    21     2    15    13     0     1   -58.0   45.915   98.002   1852.3    643.7
     1     1    21     2    15    12     0     0   -59.0   46.300   97.815   1856.3    632.0
     1     1    21     2    15    11     0     1   -60.0   46.755   97.574   2010.7    593.2
     1     1    21     2    15    10     0     2   -61.0   47.266   97.272   2218.0    560.6
     1     1    21     2    15     9     0     3   -62.0   47.788   96.956   2314.7    553.7
     1     1    21     2    15     8     0     2   -63.0   48.299   96.629   2351.9    573.4
     1     1    21     2    15     7     0     1   -64.0   48.803   96.262   2399.6    586.8
     1     1    21     2    15     6     0     0   -65.0   49.304   95.869   2473.4    591.9
     1     1    21     2    15     5     0     1   -66.0   49.821   95.460   2564.7    606.5
     1     1    21     2    15     4     0     2   -67.0   50.369   95.044   2575.2    627.0
     1     1    21     2    15     3     0     3   -68.0   50.957   94.609   2438.2    630.6
     1     1    21     2    15     2     0     2   -69.0   51.580   94.103   2368.8    641.3
     1     1    21     2    15     1     0     1   -70.0   52.204   93.502   2362.3    650.8
     1     1    21     2    15     0     0     0   -71.0   52.787   92.820   2232.3    680.9
     1     1    21     2    14    23     0     1   -72.0   53.245   92.117   2035.4    733.2
     1     1    21     2    14    22     0     2   -73.0   53.606   91.407   1874.5    754.9
     1     1    21     2    14    21     0     3   -74.0   53.961   90.657   1776.0    758.8
     1     1    21     2    14    20     0     2   -75.0   54.360   89.882   1755.4    740.0
     1     1    21     2    14    19     0     1   -76.0   54.737   89.055   1706.4    739.1
     1     1    21     2    14    18     0     0   -77.0   55.052   88.202   1650.1    764.7
     1     1    21     2    14    17     0     1   -78.0   55.282   87.376   1626.3    800.0
     1     1    21     2    14    16     0     2   -79.0   55.436   86.620   1578.5    817.3
     1     1    21     2    14    15     0     3   -80.0   55.576   85.901   1507.8    825.7
     1     1    21     2    14    14     0     2   -81.0   55.715   85.196   1450.4    836.3
     1     1    21     2    14    13     0     1   -82.0   55.852   84.492   1403.9    844.6
     1     1    21     2    14    12     0     0   -83.0   55.984   83.790   1352.4    853.0
     1     1    21     2    14    11     0     1   -84.0   56.123   83.064   1304.8    855.3
     1     1    21     2    14    10     0     2   -85.0   56.272   82.304   1279.6    857.4
     1     1    21     2    14     9     0     3   -86.0   56.414   81.530   1266.4    857.9
     1     1    21     2    14     8     0     2   -87.0   56.538   80.747   1244.3    858.5
     1     1    21     2    14     7     0     1   -88.0   56.641   79.966   1220.1    861.3
     1     1    21     2    14     6     0     0   -89.0   56.728   79.198   1208.2    862.4
     1     1    21     2    14     5     0     1   -90.0   56.800   78.443   1195.6    863.2
     1     1    21     2    14     4     0     2   -91.0   56.861   77.703   1170.8    866.3
     1     1    21     2    14     3     0     3   -92.0   56.918   76.995   1148.5    869.4
     1     1    21     2    14     2     0     2   -93.0   56.974   76.305   1132.0    870.2
     1     1    21     2    14     1     0     1   -94.0   57.023   75.616   1116.3    874.0
     1     1    21     2    14     0     0     0   -95.0   57.065   74.942   1093.7    879.8
     1     1    21     2    13    23     0     1   -96.0   57.095   74.271   1071.9    883.8
     1     1    21     2    13    22     0     2   -97.0   57.108   73.603   1060.8    884.5
     1     1    21     2    13    21     0     3   -98.0   57.106   72.956   1055.2    885.0
     1     1    21     2    13    20     0     2   -99.0   57.097   72.336   1046.3    885.1
     1     1    21     2    13    19     0     1  -100.0   57.079   71.735   1028.9    887.4
     1     1    21     2    13    18     0     0  -101.0   57.047   71.157   1012.8    889.9
     1     1    21     2    13    17     0     1  -102.0   57.018   70.603   1011.7    890.7
     1     1    21     2    13    16     0     2  -103.0   57.011   70.055   1023.5    888.2
     1     1    21     2    13    15     0     3  -104.0   57.022   69.504   1029.3    886.2
     1     1    21     2    13    14     0     2  -105.0   57.041   68.938   1033.2    887.2
     1     1    21     2    13    13     0     1  -106.0   57.061   68.345   1042.0    885.5
     1     1    21     2    13    12     0     0  -107.0   57.082   67.719   1043.8    885.1
     1     1    21     2    13    11     0     1  -108.0   57.094   67.073   1046.0    886.0
     1     1    21     2    13    10     0     2  -109.0   57.090   66.420   1051.4    883.7
     1     1    21     2    13     9     0     3  -110.0   57.071   65.758   1050.8    883.1
     1     1    21     2    13     8     0     2  -111.0   57.034   65.090   1053.7    883.8
     1     1    21     2    13     7     0     1  -112.0   56.986   64.414   1070.7    881.7
     1     1    21     2    13     6     0     0  -113.0   56.936   63.722   1082.5    876.3
     1     1    21     2    13     5     0     1  -114.0   56.873   63.032   1084.3    872.4
     1     1    21     2    13     4     0     2  -115.0   56.799   62.351   1085.3    871.1
     1     1    21     2    13     3     0     3  -116.0   56.727   61.649   1080.7    867.9
     1     1    21     2    13     2     0     2  -117.0   56.644   60.920   1080.6    859.9
     1     1    21     2    13     1     0     1  -118.0   56.542   60.156   1108.9    849.3
     1     1    21     2    13     0     0     0  -119.0   56.418   59.339   1165.7    837.5
     1     1    21     2    12    23     0     1  -120.0   56.255   58.553   1198.3    837.7
