     5     1
    GDAS    21     2     1     0     0
    GDAS    21     2     8     0     0
    GDAS    21     2    15     0     0
    GDAS    21     2    22     0     0
    GDAS    21     3     1     0     0
     1 BACKWARD OMEGA   
    21     2    14    15   37.820  111.540  1000.0
     1 PRESSURE
     1     1    21     2    14    15     0     3     0.0   37.820  111.540   1000.0    776.1
     1     1    21     2    14    14     0     2    -1.0   38.240  111.166   1239.5    758.8
     1     1    21     2    14    13     0     1    -2.0   38.633  110.813   1361.2    745.6
     1     1    21     2    14    12     0     0    -3.0   39.013  110.476   1388.0    747.1
     1     1    21     2    14    11     0     1    -4.0   39.407  110.083   1433.0    730.0
     1     1    21     2    14    10     0     2    -5.0   39.811  109.580   1533.1    708.3
     1     1    21     2    14     9     0     3    -6.0   40.221  108.989   1648.5    693.6
     1     1    21     2    14     8     0     2    -7.0   40.594  108.432   1726.1    705.3
     1     1    21     2    14     7     0     1    -8.0   40.915  107.952   1752.7    714.9
     1     1    21     2    14     6     0     0    -9.0   41.208  107.504   1697.4    707.3
     1     1    21     2    14     5     0     1   -10.0   41.467  107.130   1536.7    724.5
     1     1    21     2    14     4     0     2   -11.0   41.732  106.855   1443.4    743.3
     1     1    21     2    14     3     0     3   -12.0   42.025  106.646   1474.1    743.5
     1     1    21     2    14     2     0     2   -13.0   42.329  106.402   1563.8    728.2
     1     1    21     2    14     1     0     1   -14.0   42.624  106.100   1658.9    711.6
     1     1    21     2    14     0     0     0   -15.0   42.905  105.747   1711.0    688.1
     1     1    21     2    13    23     0     1   -16.0   43.177  105.304   1701.7    674.4
     1     1    21     2    13    22     0     2   -17.0   43.436  104.815   1701.1    676.3
     1     1    21     2    13    21     0     3   -18.0   43.671  104.382   1741.8    679.4
     1     1    21     2    13    20     0     2   -19.0   43.908  104.015   1808.7    679.8
     1     1    21     2    13    19     0     1   -20.0   44.174  103.635   1869.5    672.1
     1     1    21     2    13    18     0     0   -21.0   44.436  103.222   1875.8    669.5
     1     1    21     2    13    17     0     1   -22.0   44.676  102.819   1824.1    677.8
     1     1    21     2    13    16     0     2   -23.0   44.908  102.407   1749.8    686.2
     1     1    21     2    13    15     0     3   -24.0   45.142  101.952   1689.8    677.7
     1     1    21     2    13    14     0     2   -25.0   45.392  101.480   1690.5    665.4
     1     1    21     2    13    13     0     1   -26.0   45.668  101.022   1758.0    648.4
     1     1    21     2    13    12     0     0   -27.0   45.956  100.547   1847.5    633.2
     1     1    21     2    13    11     0     1   -28.0   46.275  100.008   1923.3    611.7
     1     1    21     2    13    10     0     2   -29.0   46.666   99.381   2010.3    589.8
     1     1    21     2    13     9     0     3   -30.0   47.115   98.649   2135.3    563.2
     1     1    21     2    13     8     0     2   -31.0   47.601   97.769   2407.2    526.4
     1     1    21     2    13     7     0     1   -32.0   48.107   96.885   2647.1    524.7
     1     1    21     2    13     6     0     0   -33.0   48.581   96.101   2752.1    547.2
     1     1    21     2    13     5     0     1   -34.0   49.021   95.404   2819.3    565.9
     1     1    21     2    13     4     0     2   -35.0   49.425   94.764   2886.3    585.3
     1     1    21     2    13     3     0     3   -36.0   49.813   94.148   2928.5    599.7
     1     1    21     2    13     2     0     2   -37.0   50.187   93.542   2946.7    601.7
     1     1    21     2    13     1     0     1   -38.0   50.560   92.925   2905.9    577.9
     1     1    21     2    13     0     0     0   -39.0   50.982   92.230   2876.2    550.2
     1     1    21     2    12    23     0     1   -40.0   51.430   91.477   2985.1    556.8
     1     1    21     2    12    22     0     2   -41.0   51.854   90.713   3065.8    544.0
     1     1    21     2    12    21     0     3   -42.0   52.273   89.906   3181.3    563.0
     1     1    21     2    12    20     0     2   -43.0   52.632   89.152   3222.8    577.4
     1     1    21     2    12    19     0     1   -44.0   52.939   88.480   3274.5    594.4
     1     1    21     2    12    18     0     0   -45.0   53.191   87.860   3301.0    611.2
     1     1    21     2    12    17     0     1   -46.0   53.398   87.284   3316.6    627.6
     1     1    21     2    12    16     0     2   -47.0   53.573   86.749   3324.3    631.5
     1     1    21     2    12    15     0     3   -48.0   53.743   86.233   3317.7    625.8
     1     1    21     2    12    14     0     2   -49.0   53.912   85.736   3321.2    624.2
     1     1    21     2    12    13     0     1   -50.0   54.062   85.260   3339.8    629.5
     1     1    21     2    12    12     0     0   -51.0   54.187   84.781   3351.5    633.9
     1     1    21     2    12    11     0     1   -52.0   54.284   84.293   3354.8    636.2
     1     1    21     2    12    10     0     2   -53.0   54.346   83.802   3361.2    637.5
     1     1    21     2    12     9     0     3   -54.0   54.385   83.288   3383.3    637.1
     1     1    21     2    12     8     0     2   -55.0   54.423   82.762   3407.1    634.0
     1     1    21     2    12     7     0     1   -56.0   54.458   82.257   3411.3    633.9
     1     1    21     2    12     6     0     0   -57.0   54.486   81.770   3404.6    635.9
     1     1    21     2    12     5     0     1   -58.0   54.512   81.293   3401.9    638.4
     1     1    21     2    12     4     0     2   -59.0   54.544   80.821   3405.1    638.4
     1     1    21     2    12     3     0     3   -60.0   54.581   80.353   3405.8    638.0
     1     1    21     2    12     2     0     2   -61.0   54.623   79.880   3406.5    638.7
     1     1    21     2    12     1     0     1   -62.0   54.668   79.388   3416.1    640.2
     1     1    21     2    12     0     0     0   -63.0   54.719   78.870   3438.6    640.3
     1     1    21     2    11    23     0     1   -64.0   54.780   78.349   3457.5    638.2
     1     1    21     2    11    22     0     2   -65.0   54.835   77.861   3463.3    638.6
     1     1    21     2    11    21     0     3   -66.0   54.877   77.397   3463.9    638.8
     1     1    21     2    11    20     0     2   -67.0   54.921   76.937   3465.0    638.8
     1     1    21     2    11    19     0     1   -68.0   54.980   76.482   3471.0    638.5
     1     1    21     2    11    18     0     0   -69.0   55.049   76.035   3489.2    637.1
     1     1    21     2    11    17     0     1   -70.0   55.138   75.584   3512.6    633.7
     1     1    21     2    11    16     0     2   -71.0   55.248   75.120   3527.8    631.3
     1     1    21     2    11    15     0     3   -72.0   55.374   74.642   3543.1    630.3
     1     1    21     2    11    14     0     2   -73.0   55.504   74.159   3563.5    629.0
     1     1    21     2    11    13     0     1   -74.0   55.625   73.675   3579.5    627.4
     1     1    21     2    11    12     0     0   -75.0   55.730   73.185   3584.8    626.7
     1     1    21     2    11    11     0     1   -76.0   55.828   72.694   3585.0    626.9
     1     1    21     2    11    10     0     2   -77.0   55.923   72.209   3580.2    626.6
     1     1    21     2    11     9     0     3   -78.0   56.014   71.730   3564.3    626.3
     1     1    21     2    11     8     0     2   -79.0   56.116   71.258   3555.7    626.0
     1     1    21     2    11     7     0     1   -80.0   56.235   70.787   3564.3    623.4
     1     1    21     2    11     6     0     0   -81.0   56.354   70.318   3574.9    622.4
     1     1    21     2    11     5     0     1   -82.0   56.470   69.848   3578.5    622.2
     1     1    21     2    11     4     0     2   -83.0   56.587   69.387   3576.2    623.0
     1     1    21     2    11     3     0     3   -84.0   56.702   68.942   3574.4    623.7
     1     1    21     2    11     2     0     2   -85.0   56.818   68.505   3578.5    623.9
     1     1    21     2    11     1     0     1   -86.0   56.940   68.058   3587.0    623.2
     1     1    21     2    11     0     0     0   -87.0   57.062   67.611   3610.3    622.8
     1     1    21     2    10    23     0     1   -88.0   57.175   67.169   3647.1    619.0
     1     1    21     2    10    22     0     2   -89.0   57.278   66.743   3670.2    616.1
     1     1    21     2    10    21     0     3   -90.0   57.377   66.343   3670.3    615.5
     1     1    21     2    10    20     0     2   -91.0   57.485   65.951   3667.1    615.8
     1     1    21     2    10    19     0     1   -92.0   57.613   65.549   3681.6    614.3
     1     1    21     2    10    18     0     0   -93.0   57.761   65.137   3713.0    611.2
     1     1    21     2    10    17     0     1   -94.0   57.922   64.701   3748.7    606.7
     1     1    21     2    10    16     0     2   -95.0   58.084   64.237   3775.6    603.9
     1     1    21     2    10    15     0     3   -96.0   58.235   63.754   3800.8    601.9
     1     1    21     2    10    14     0     2   -97.0   58.385   63.246   3826.9    597.7
     1     1    21     2    10    13     0     1   -98.0   58.543   62.722   3846.2    594.3
     1     1    21     2    10    12     0     0   -99.0   58.706   62.202   3855.1    593.9
     1     1    21     2    10    11     0     1  -100.0   58.883   61.679   3862.4    593.6
     1     1    21     2    10    10     0     2  -101.0   59.084   61.138   3881.6    589.4
     1     1    21     2    10     9     0     3  -102.0   59.307   60.600   3903.4    584.0
     1     1    21     2    10     8     0     2  -103.0   59.549   60.072   3920.3    578.8
     1     1    21     2    10     7     0     1  -104.0   59.810   59.521   3928.4    564.2
     1     1    21     2    10     6     0     0  -105.0   60.101   58.906   3963.3    546.6
     1     1    21     2    10     5     0     1  -106.0   60.404   58.321   4043.9    550.4
     1     1    21     2    10     4     0     2  -107.0   60.695   57.830   4079.9    556.9
     1     1    21     2    10     3     0     3  -108.0   60.971   57.401   4065.5    560.5
     1     1    21     2    10     2     0     2  -109.0   61.241   57.034   4025.6    567.8
     1     1    21     2    10     1     0     1  -110.0   61.518   56.735   3983.5    573.6
     1     1    21     2    10     0     0     0  -111.0   61.803   56.496   3945.8    577.3
     1     1    21     2     9    23     0     1  -112.0   62.085   56.307   3910.5    581.0
     1     1    21     2     9    22     0     2  -113.0   62.361   56.150   3879.5    583.1
     1     1    21     2     9    21     0     3  -114.0   62.634   56.007   3850.7    584.8
     1     1    21     2     9    20     0     2  -115.0   62.900   55.893   3818.4    586.4
     1     1    21     2     9    19     0     1  -116.0   63.157   55.846   3789.7    588.8
     1     1    21     2     9    18     0     0  -117.0   63.407   55.868   3772.6    590.1
     1     1    21     2     9    17     0     1  -118.0   63.659   55.990   3754.1    590.6
     1     1    21     2     9    16     0     2  -119.0   63.924   56.261   3716.4    594.1
     1     1    21     2     9    15     0     3  -120.0   64.205   56.679   3678.5    601.3
