     5     1
    GDAS    21     2     1     0     0
    GDAS    21     2     8     0     0
    GDAS    21     2    15     0     0
    GDAS    21     2    22     0     0
    GDAS    21     3     1     0     0
     1 BACKWARD OMEGA   
    21     2    18    17   37.820  111.540  1000.0
     1 PRESSURE
     1     1    21     2    18    17     0     1     0.0   37.820  111.540   1000.0    779.3
     1     1    21     2    18    16     0     2    -1.0   38.018  111.064    954.7    791.0
     1     1    21     2    18    15     0     3    -2.0   38.150  110.660    883.6    804.1
     1     1    21     2    18    14     0     2    -3.0   38.246  110.271    820.2    812.7
     1     1    21     2    18    13     0     1    -4.0   38.343  109.883    796.9    812.1
     1     1    21     2    18    12     0     0    -5.0   38.445  109.487    788.7    804.0
     1     1    21     2    18    11     0     1    -6.0   38.538  109.079    771.2    801.4
     1     1    21     2    18    10     0     2    -7.0   38.619  108.666    778.8    796.2
     1     1    21     2    18     9     0     3    -8.0   38.683  108.248    827.3    783.9
     1     1    21     2    18     8     0     2    -9.0   38.742  107.833    868.5    774.9
     1     1    21     2    18     7     0     1   -10.0   38.802  107.442    871.6    783.2
     1     1    21     2    18     6     0     0   -11.0   38.853  107.084    910.6    794.5
     1     1    21     2    18     5     0     1   -12.0   38.912  106.733   1014.2    763.3
     1     1    21     2    18     4     0     2   -13.0   38.986  106.378   1175.9    718.8
     1     1    21     2    18     3     0     3   -14.0   39.073  106.010   1417.8    671.4
     1     1    21     2    18     2     0     2   -15.0   39.173  105.635   1676.3    669.0
     1     1    21     2    18     1     0     1   -16.0   39.275  105.273   1818.5    677.0
     1     1    21     2    18     0     0     0   -17.0   39.374  104.937   1855.8    684.8
     1     1    21     2    17    23     0     1   -18.0   39.464  104.608   1829.7    689.9
     1     1    21     2    17    22     0     2   -19.0   39.544  104.274   1766.6    695.2
     1     1    21     2    17    21     0     3   -20.0   39.618  103.953   1650.4    706.3
     1     1    21     2    17    20     0     2   -21.0   39.696  103.632   1533.5    716.6
     1     1    21     2    17    19     0     1   -22.0   39.780  103.304   1474.3    715.6
     1     1    21     2    17    18     0     0   -23.0   39.862  102.976   1457.8    711.4
     1     1    21     2    17    17     0     1   -24.0   39.947  102.648   1460.5    715.7
     1     1    21     2    17    16     0     2   -25.0   40.036  102.317   1454.6    724.7
     1     1    21     2    17    15     0     3   -26.0   40.116  101.993   1450.7    734.7
     1     1    21     2    17    14     0     2   -27.0   40.199  101.661   1435.9    736.0
     1     1    21     2    17    13     0     1   -28.0   40.286  101.310   1420.7    742.2
     1     1    21     2    17    12     0     0   -29.0   40.356  100.961   1447.8    743.8
     1     1    21     2    17    11     0     1   -30.0   40.425  100.602   1511.1    732.8
     1     1    21     2    17    10     0     2   -31.0   40.503  100.219   1600.9    722.0
     1     1    21     2    17     9     0     3   -32.0   40.572   99.816   1711.1    707.5
     1     1    21     2    17     8     0     2   -33.0   40.631   99.397   1810.7    692.4
     1     1    21     2    17     7     0     1   -34.0   40.689   98.969   1898.9    679.3
     1     1    21     2    17     6     0     0   -35.0   40.734   98.553   1975.8    666.5
     1     1    21     2    17     5     0     1   -36.0   40.763   98.182   1995.2    659.9
     1     1    21     2    17     4     0     2   -37.0   40.785   97.852   1947.5    660.3
     1     1    21     2    17     3     0     3   -38.0   40.804   97.543   1882.0    660.6
     1     1    21     2    17     2     0     2   -39.0   40.818   97.229   1865.3    655.2
     1     1    21     2    17     1     0     1   -40.0   40.821   96.898   1906.5    644.5
     1     1    21     2    17     0     0     0   -41.0   40.808   96.554   1964.6    640.8
     1     1    21     2    16    23     0     1   -42.0   40.789   96.212   2018.7    640.3
     1     1    21     2    16    22     0     2   -43.0   40.767   95.884   2073.9    637.6
     1     1    21     2    16    21     0     3   -44.0   40.738   95.578   2130.4    633.5
     1     1    21     2    16    20     0     2   -45.0   40.707   95.298   2191.8    629.3
     1     1    21     2    16    19     0     1   -46.0   40.679   95.046   2259.9    625.3
     1     1    21     2    16    18     0     0   -47.0   40.652   94.824   2339.7    625.3
     1     1    21     2    16    17     0     1   -48.0   40.626   94.620   2413.1    626.0
     1     1    21     2    16    16     0     2   -49.0   40.604   94.425   2465.0    628.6
     1     1    21     2    16    15     0     3   -50.0   40.588   94.241   2487.6    633.1
     1     1    21     2    16    14     0     2   -51.0   40.574   94.061   2472.5    640.3
     1     1    21     2    16    13     0     1   -52.0   40.558   93.877   2422.7    647.8
     1     1    21     2    16    12     0     0   -53.0   40.543   93.688   2365.5    654.0
     1     1    21     2    16    11     0     1   -54.0   40.526   93.492   2330.3    658.7
     1     1    21     2    16    10     0     2   -55.0   40.505   93.287   2325.7    659.2
     1     1    21     2    16     9     0     3   -56.0   40.476   93.076   2338.2    658.5
     1     1    21     2    16     8     0     2   -57.0   40.444   92.864   2360.2    659.3
     1     1    21     2    16     7     0     1   -58.0   40.418   92.657   2386.6    660.1
     1     1    21     2    16     6     0     0   -59.0   40.394   92.456   2413.9    660.7
     1     1    21     2    16     5     0     1   -60.0   40.373   92.256   2427.8    660.9
     1     1    21     2    16     4     0     2   -61.0   40.354   92.051   2414.7    664.5
     1     1    21     2    16     3     0     3   -62.0   40.342   91.847   2380.4    672.1
     1     1    21     2    16     2     0     2   -63.0   40.333   91.658   2344.4    681.2
     1     1    21     2    16     1     0     1   -64.0   40.325   91.485   2323.0    687.0
     1     1    21     2    16     0     0     0   -65.0   40.320   91.323   2314.8    691.3
     1     1    21     2    15    23     0     1   -66.0   40.315   91.169   2307.7    694.7
     1     1    21     2    15    22     0     2   -67.0   40.310   91.028   2286.1    699.7
     1     1    21     2    15    21     0     3   -68.0   40.301   90.903   2243.3    703.6
     1     1    21     2    15    20     0     2   -69.0   40.291   90.797   2198.5    708.4
     1     1    21     2    15    19     0     1   -70.0   40.282   90.708   2168.6    710.6
     1     1    21     2    15    18     0     0   -71.0   40.275   90.637   2154.5    711.5
     1     1    21     2    15    17     0     1   -72.0   40.272   90.576   2153.5    710.8
     1     1    21     2    15    16     0     2   -73.0   40.275   90.524   2161.7    709.5
     1     1    21     2    15    15     0     3   -74.0   40.285   90.481   2176.8    707.5
     1     1    21     2    15    14     0     2   -75.0   40.303   90.438   2189.4    704.9
     1     1    21     2    15    13     0     1   -76.0   40.326   90.389   2192.1    703.8
     1     1    21     2    15    12     0     0   -77.0   40.355   90.334   2186.8    703.2
     1     1    21     2    15    11     0     1   -78.0   40.383   90.276   2194.0    703.0
     1     1    21     2    15    10     0     2   -79.0   40.402   90.207   2230.0    698.2
     1     1    21     2    15     9     0     3   -80.0   40.409   90.121   2287.1    691.3
     1     1    21     2    15     8     0     2   -81.0   40.407   90.023   2340.4    683.9
     1     1    21     2    15     7     0     1   -82.0   40.404   89.926   2376.9    681.2
     1     1    21     2    15     6     0     0   -83.0   40.400   89.832   2402.7    679.5
     1     1    21     2    15     5     0     1   -84.0   40.397   89.744   2404.6    678.0
     1     1    21     2    15     4     0     2   -85.0   40.396   89.662   2372.7    681.1
     1     1    21     2    15     3     0     3   -86.0   40.401   89.590   2317.0    686.2
     1     1    21     2    15     2     0     2   -87.0   40.413   89.528   2261.0    692.4
     1     1    21     2    15     1     0     1   -88.0   40.430   89.471   2217.2    695.2
     1     1    21     2    15     0     0     0   -89.0   40.452   89.422   2177.4    697.7
     1     1    21     2    14    23     0     1   -90.0   40.470   89.385   2129.1    700.5
     1     1    21     2    14    22     0     2   -91.0   40.475   89.366   2063.5    706.1
     1     1    21     2    14    21     0     3   -92.0   40.470   89.366   1979.9    713.5
     1     1    21     2    14    20     0     2   -93.0   40.467   89.395   1906.5    723.2
     1     1    21     2    14    19     0     1   -94.0   40.471   89.454   1872.6    726.4
     1     1    21     2    14    18     0     0   -95.0   40.479   89.538   1879.9    725.7
     1     1    21     2    14    17     0     1   -96.0   40.489   89.642   1909.1    721.0
     1     1    21     2    14    16     0     2   -97.0   40.505   89.763   1940.6    718.0
     1     1    21     2    14    15     0     3   -98.0   40.531   89.900   1974.1    714.3
     1     1    21     2    14    14     0     2   -99.0   40.570   90.056   1998.7    710.8
     1     1    21     2    14    13     0     1  -100.0   40.622   90.233   2005.6    711.8
     1     1    21     2    14    12     0     0  -101.0   40.696   90.428   1993.8    715.0
     1     1    21     2    14    11     0     1  -102.0   40.806   90.621   1979.8    720.4
     1     1    21     2    14    10     0     2  -103.0   40.959   90.789   1982.5    723.4
     1     1    21     2    14     9     0     3  -104.0   41.152   90.919   2023.1    720.5
     1     1    21     2    14     8     0     2  -105.0   41.355   91.009   2129.9    705.7
     1     1    21     2    14     7     0     1  -106.0   41.561   91.075   2267.3    683.1
     1     1    21     2    14     6     0     0  -107.0   41.779   91.137   2373.0    665.3
     1     1    21     2    14     5     0     1  -108.0   42.016   91.206   2428.4    656.7
     1     1    21     2    14     4     0     2  -109.0   42.275   91.266   2479.4    669.7
     1     1    21     2    14     3     0     3  -110.0   42.553   91.303   2505.7    682.8
     1     1    21     2    14     2     0     2  -111.0   42.842   91.308   2520.8    699.8
     1     1    21     2    14     1     0     1  -112.0   43.137   91.287   2530.6    697.2
     1     1    21     2    14     0     0     0  -113.0   43.457   91.239   2537.5    671.7
     1     1    21     2    13    23     0     1  -114.0   43.810   91.143   2548.8    646.3
     1     1    21     2    13    22     0     2  -115.0   44.191   91.005   2571.5    634.3
     1     1    21     2    13    21     0     3  -116.0   44.570   90.852   2626.3    625.9
     1     1    21     2    13    20     0     2  -117.0   44.929   90.691   2694.5    616.0
     1     1    21     2    13    19     0     1  -118.0   45.278   90.533   2756.3    615.1
     1     1    21     2    13    18     0     0  -119.0   45.620   90.389   2806.3    616.5
     1     1    21     2    13    17     0     1  -120.0   45.957   90.224   2860.0    616.9
