     5     1
    GDAS    21     2     1     0     0
    GDAS    21     2     8     0     0
    GDAS    21     2    15     0     0
    GDAS    21     2    22     0     0
    GDAS    21     3     1     0     0
     1 BACKWARD OMEGA   
    21     2    13    23   37.820  111.540  1000.0
     1 PRESSURE
     1     1    21     2    13    23     0     1     0.0   37.820  111.540   1000.0    774.0
     1     1    21     2    13    22     0     2    -1.0   37.927  111.154    871.1    788.5
     1     1    21     2    13    21     0     3    -2.0   37.954  110.825    695.2    814.4
     1     1    21     2    13    20     0     2    -3.0   37.928  110.551    554.6    836.3
     1     1    21     2    13    19     0     1    -4.0   37.886  110.304    470.1    844.1
     1     1    21     2    13    18     0     0    -5.0   37.821  110.044    409.3    852.1
     1     1    21     2    13    17     0     1    -6.0   37.737  109.786    371.0    853.9
     1     1    21     2    13    16     0     2    -7.0   37.643  109.559    353.7    850.3
     1     1    21     2    13    15     0     3    -8.0   37.544  109.366    341.3    846.0
     1     1    21     2    13    14     0     2    -9.0   37.450  109.195    330.2    842.6
     1     1    21     2    13    13     0     1   -10.0   37.368  109.035    324.5    837.9
     1     1    21     2    13    12     0     0   -11.0   37.292  108.887    324.1    834.0
     1     1    21     2    13    11     0     1   -12.0   37.221  108.744    327.8    829.8
     1     1    21     2    13    10     0     2   -13.0   37.152  108.595    332.3    825.6
     1     1    21     2    13     9     0     3   -14.0   37.080  108.443    335.2    821.8
     1     1    21     2    13     8     0     2   -15.0   37.005  108.301    325.4    819.2
     1     1    21     2    13     7     0     1   -16.0   36.927  108.183    295.7    823.0
     1     1    21     2    13     6     0     0   -17.0   36.848  108.087    251.2    829.6
     1     1    21     2    13     5     0     1   -18.0   36.783  108.019    211.8    836.5
     1     1    21     2    13     4     0     2   -19.0   36.749  107.982    187.6    839.8
     1     1    21     2    13     3     0     3   -20.0   36.743  107.974    174.1    841.8
     1     1    21     2    13     2     0     2   -21.0   36.767  107.983    168.7    841.4
     1     1    21     2    13     1     0     1   -22.0   36.821  107.994    169.5    839.7
     1     1    21     2    13     0     0     0   -23.0   36.906  108.011    173.3    836.9
     1     1    21     2    12    23     0     1   -24.0   37.011  108.027    172.0    834.0
     1     1    21     2    12    22     0     2   -25.0   37.127  108.032    163.8    836.7
     1     1    21     2    12    21     0     3   -26.0   37.253  108.028    152.4    839.6
     1     1    21     2    12    20     0     2   -27.0   37.383  108.016    146.0    843.0
     1     1    21     2    12    19     0     1   -28.0   37.514  107.987    150.7    844.2
     1     1    21     2    12    18     0     0   -29.0   37.650  107.941    164.9    844.2
     1     1    21     2    12    17     0     1   -30.0   37.794  107.883    176.5    843.2
     1     1    21     2    12    16     0     2   -31.0   37.947  107.822    178.3    844.5
     1     1    21     2    12    15     0     3   -32.0   38.115  107.760    173.7    845.4
     1     1    21     2    12    14     0     2   -33.0   38.275  107.692    169.3    846.5
     1     1    21     2    12    13     0     1   -34.0   38.408  107.613    167.4    847.4
     1     1    21     2    12    12     0     0   -35.0   38.519  107.518    166.0    849.0
     1     1    21     2    12    11     0     1   -36.0   38.611  107.425    164.0    850.7
     1     1    21     2    12    10     0     2   -37.0   38.673  107.359    159.7    852.1
     1     1    21     2    12     9     0     3   -38.0   38.697  107.321    149.8    853.3
     1     1    21     2    12     8     0     2   -39.0   38.686  107.301    136.5    855.3
     1     1    21     2    12     7     0     1   -40.0   38.645  107.286    121.9    856.2
     1     1    21     2    12     6     0     0   -41.0   38.571  107.269    104.6    856.5
     1     1    21     2    12     5     0     1   -42.0   38.475  107.272     90.2    857.1
     1     1    21     2    12     4     0     2   -43.0   38.369  107.340     89.6    855.3
     1     1    21     2    12     3     0     3   -44.0   38.254  107.496    105.3    851.9
     1     1    21     2    12     2     0     2   -45.0   38.140  107.710    122.7    848.2
     1     1    21     2    12     1     0     1   -46.0   38.038  107.945    129.7    848.4
     1     1    21     2    12     0     0     0   -47.0   37.953  108.180    129.4    852.3
     1     1    21     2    11    23     0     1   -48.0   37.888  108.351    127.1    854.8
     1     1    21     2    11    22     0     2   -49.0   37.841  108.439    124.9    855.9
     1     1    21     2    11    21     0     3   -50.0   37.806  108.465    124.6    855.8
     1     1    21     2    11    20     0     2   -51.0   37.772  108.439    124.8    854.8
     1     1    21     2    11    19     0     1   -52.0   37.727  108.370    123.7    853.2
     1     1    21     2    11    18     0     0   -53.0   37.671  108.265    121.9    851.1
     1     1    21     2    11    17     0     1   -54.0   37.609  108.142    124.5    848.5
     1     1    21     2    11    16     0     2   -55.0   37.546  108.013    136.1    844.6
     1     1    21     2    11    15     0     3   -56.0   37.488  107.883    155.9    840.5
     1     1    21     2    11    14     0     2   -57.0   37.439  107.768    176.8    836.0
     1     1    21     2    11    13     0     1   -58.0   37.400  107.668    192.2    833.1
     1     1    21     2    11    12     0     0   -59.0   37.373  107.576    202.0    831.0
     1     1    21     2    11    11     0     1   -60.0   37.366  107.481    210.1    829.8
     1     1    21     2    11    10     0     2   -61.0   37.388  107.376    219.1    828.3
     1     1    21     2    11     9     0     3   -62.0   37.438  107.257    226.0    827.1
     1     1    21     2    11     8     0     2   -63.0   37.498  107.106    224.7    826.7
     1     1    21     2    11     7     0     1   -64.0   37.553  106.908    210.5    829.7
     1     1    21     2    11     6     0     0   -65.0   37.614  106.661    188.6    838.2
     1     1    21     2    11     5     0     1   -66.0   37.693  106.379    162.9    849.4
     1     1    21     2    11     4     0     2   -67.0   37.796  106.061    132.8    863.7
     1     1    21     2    11     3     0     3   -68.0   37.912  105.712    108.8    866.8
     1     1    21     2    11     2     0     2   -69.0   38.025  105.387     95.7    863.1
     1     1    21     2    11     1     0     1   -70.0   38.133  105.098     85.3    857.3
     1     1    21     2    11     0     0     0   -71.0   38.227  104.841     72.7    856.2
     1     1    21     2    10    23     0     1   -72.0   38.315  104.603     60.6    856.6
     1     1    21     2    10    22     0     2   -73.0   38.414  104.375     49.7    857.0
     1     1    21     2    10    21     0     3   -74.0   38.526  104.157     36.8    858.3
     1     1    21     2    10    20     0     2   -75.0   38.633  103.928     28.0    859.7
     1     1    21     2    10    19     0     1   -76.0   38.748  103.660     34.5    858.2
     1     1    21     2    10    18     0     0   -77.0   38.933  103.312     97.1    853.3
     1     1    21     2    10    17     0     1   -78.0   39.216  102.834    235.3    830.6
     1     1    21     2    10    16     0     2   -79.0   39.515  102.243    333.2    820.8
     1     1    21     2    10    15     0     3   -80.0   39.800  101.636    393.5    821.2
     1     1    21     2    10    14     0     2   -81.0   40.063  101.128    445.7    823.5
     1     1    21     2    10    13     0     1   -82.0   40.285  100.657    483.9    820.7
     1     1    21     2    10    12     0     0   -83.0   40.541  100.156    565.2    815.4
     1     1    21     2    10    11     0     1   -84.0   40.815   99.677    598.0    797.3
     1     1    21     2    10    10     0     2   -85.0   41.026   99.159    561.8    794.6
     1     1    21     2    10     9     0     3   -86.0   41.153   98.553    590.8    794.8
     1     1    21     2    10     8     0     2   -87.0   41.222   97.903    694.3    768.0
     1     1    21     2    10     7     0     1   -88.0   41.214   97.187    798.3    746.0
     1     1    21     2    10     6     0     0   -89.0   41.125   96.382    958.5    723.1
     1     1    21     2    10     5     0     1   -90.0   41.038   95.679    956.4    731.1
     1     1    21     2    10     4     0     2   -91.0   40.961   95.064    926.9    732.6
     1     1    21     2    10     3     0     3   -92.0   40.873   94.521    874.3    753.9
     1     1    21     2    10     2     0     2   -93.0   40.792   94.048    764.7    785.5
     1     1    21     2    10     1     0     1   -94.0   40.710   93.633    683.9    803.9
     1     1    21     2    10     0     0     0   -95.0   40.610   93.232    679.4    803.4
     1     1    21     2     9    23     0     1   -96.0   40.498   92.840    706.4    803.4
     1     1    21     2     9    22     0     2   -97.0   40.390   92.476    720.7    807.8
     1     1    21     2     9    21     0     3   -98.0   40.293   92.146    718.8    815.0
     1     1    21     2     9    20     0     2   -99.0   40.210   91.831    720.2    822.7
     1     1    21     2     9    19     0     1  -100.0   40.143   91.516    728.2    831.2
     1     1    21     2     9    18     0     0  -101.0   40.082   91.201    770.5    838.7
     1     1    21     2     9    17     0     1  -102.0   40.021   90.870    840.0    833.7
     1     1    21     2     9    16     0     2  -103.0   39.960   90.525    873.2    819.4
     1     1    21     2     9    15     0     3  -104.0   39.895   90.176    860.4    808.9
     1     1    21     2     9    14     0     2  -105.0   39.820   89.843    830.1    802.3
     1     1    21     2     9    13     0     1  -106.0   39.741   89.544    815.9    798.4
     1     1    21     2     9    12     0     0  -107.0   39.666   89.267    844.8    794.6
     1     1    21     2     9    11     0     1  -108.0   39.606   89.011    909.5    788.6
     1     1    21     2     9    10     0     2  -109.0   39.559   88.776    959.2    784.1
     1     1    21     2     9     9     0     3  -110.0   39.515   88.563    984.5    787.7
     1     1    21     2     9     8     0     2  -111.0   39.469   88.365   1010.4    792.4
     1     1    21     2     9     7     0     1  -112.0   39.420   88.175   1040.3    796.1
     1     1    21     2     9     6     0     0  -113.0   39.372   87.998   1058.7    801.8
     1     1    21     2     9     5     0     1  -114.0   39.338   87.840   1058.3    800.6
     1     1    21     2     9     4     0     2  -115.0   39.333   87.704   1045.3    800.2
     1     1    21     2     9     3     0     3  -116.0   39.359   87.586   1014.2    801.8
     1     1    21     2     9     2     0     2  -117.0   39.391   87.479    977.2    806.3
     1     1    21     2     9     1     0     1  -118.0   39.405   87.378    948.7    808.4
     1     1    21     2     9     0     0     0  -119.0   39.399   87.284    927.4    809.7
     1     1    21     2     8    23     0     1  -120.0   39.387   87.196    912.3    810.7
