     5     1
    GDAS    21     2     1     0     0
    GDAS    21     2     8     0     0
    GDAS    21     2    15     0     0
    GDAS    21     2    22     0     0
    GDAS    21     3     1     0     0
     1 BACKWARD OMEGA   
    21     2     8    11   37.820  111.540  1000.0
     1 PRESSURE
     1     1    21     2     8    11     0     1     0.0   37.820  111.540   1000.0    780.3
     1     1    21     2     8    10     0     2    -1.0   37.718  111.371    937.6    786.4
     1     1    21     2     8     9     0     3    -2.0   37.595  111.227    854.9    793.7
     1     1    21     2     8     8     0     2    -3.0   37.454  111.110    762.5    801.5
     1     1    21     2     8     7     0     1    -4.0   37.299  111.010    671.0    806.7
     1     1    21     2     8     6     0     0    -5.0   37.130  110.922    593.2    813.9
     1     1    21     2     8     5     0     1    -6.0   36.966  110.841    536.1    819.1
     1     1    21     2     8     4     0     2    -7.0   36.827  110.777    496.0    826.2
     1     1    21     2     8     3     0     3    -8.0   36.710  110.741    476.7    830.3
     1     1    21     2     8     2     0     2    -9.0   36.611  110.722    472.6    830.5
     1     1    21     2     8     1     0     1   -10.0   36.525  110.711    476.2    830.3
     1     1    21     2     8     0     0     0   -11.0   36.449  110.703    486.6    829.3
     1     1    21     2     7    23     0     1   -12.0   36.377  110.693    496.7    827.6
     1     1    21     2     7    22     0     2   -13.0   36.302  110.681    499.1    827.3
     1     1    21     2     7    21     0     3   -14.0   36.225  110.668    493.5    827.9
     1     1    21     2     7    20     0     2   -15.0   36.154  110.659    485.1    829.8
     1     1    21     2     7    19     0     1   -16.0   36.097  110.653    479.0    830.7
     1     1    21     2     7    18     0     0   -17.0   36.054  110.648    475.0    831.4
     1     1    21     2     7    17     0     1   -18.0   36.023  110.647    471.5    831.7
     1     1    21     2     7    16     0     2   -19.0   36.004  110.651    467.5    832.3
     1     1    21     2     7    15     0     3   -20.0   35.999  110.662    464.1    832.8
     1     1    21     2     7    14     0     2   -21.0   36.014  110.677    462.8    832.5
     1     1    21     2     7    13     0     1   -22.0   36.059  110.697    468.0    831.5
     1     1    21     2     7    12     0     0   -23.0   36.135  110.723    482.9    829.4
     1     1    21     2     7    11     0     1   -24.0   36.236  110.745    519.3    825.9
     1     1    21     2     7    10     0     2   -25.0   36.356  110.754    588.2    818.6
     1     1    21     2     7     9     0     3   -26.0   36.503  110.739    691.6    807.4
     1     1    21     2     7     8     0     2   -27.0   36.672  110.687    800.6    795.2
     1     1    21     2     7     7     0     1   -28.0   36.859  110.597    893.4    788.2
     1     1    21     2     7     6     0     0   -29.0   37.053  110.476    975.5    784.8
     1     1    21     2     7     5     0     1   -30.0   37.246  110.344   1045.8    783.4
     1     1    21     2     7     4     0     2   -31.0   37.436  110.210   1094.7    782.9
     1     1    21     2     7     3     0     3   -32.0   37.628  110.058   1113.2    784.3
     1     1    21     2     7     2     0     2   -33.0   37.828  109.884   1123.9    784.9
     1     1    21     2     7     1     0     1   -34.0   38.038  109.668   1185.5    777.2
     1     1    21     2     7     0     0     0   -35.0   38.244  109.388   1288.5    757.0
     1     1    21     2     6    23     0     1   -36.0   38.425  109.048   1369.5    740.3
     1     1    21     2     6    22     0     2   -37.0   38.588  108.657   1418.6    730.0
     1     1    21     2     6    21     0     3   -38.0   38.751  108.211   1470.4    718.3
     1     1    21     2     6    20     0     2   -39.0   38.909  107.716   1535.2    713.8
     1     1    21     2     6    19     0     1   -40.0   39.046  107.225   1594.7    718.5
     1     1    21     2     6    18     0     0   -41.0   39.174  106.750   1623.8    702.6
     1     1    21     2     6    17     0     1   -42.0   39.339  106.255   1643.7    680.1
     1     1    21     2     6    16     0     2   -43.0   39.541  105.762   1648.2    687.6
     1     1    21     2     6    15     0     3   -44.0   39.753  105.295   1610.1    702.3
     1     1    21     2     6    14     0     2   -45.0   39.985  104.803   1587.7    701.8
     1     1    21     2     6    13     0     1   -46.0   40.221  104.300   1583.9    704.5
     1     1    21     2     6    12     0     0   -47.0   40.447  103.821   1572.9    709.2
     1     1    21     2     6    11     0     1   -48.0   40.676  103.305   1589.7    703.1
     1     1    21     2     6    10     0     2   -49.0   40.905  102.723   1632.5    701.1
     1     1    21     2     6     9     0     3   -50.0   41.109  102.151   1653.0    714.3
     1     1    21     2     6     8     0     2   -51.0   41.274  101.656   1650.7    726.7
     1     1    21     2     6     7     0     1   -52.0   41.415  101.227   1656.2    732.6
     1     1    21     2     6     6     0     0   -53.0   41.546  100.821   1669.4    733.6
     1     1    21     2     6     5     0     1   -54.0   41.685  100.402   1687.8    732.3
     1     1    21     2     6     4     0     2   -55.0   41.853   99.943   1737.0    730.6
     1     1    21     2     6     3     0     3   -56.0   42.060   99.440   1824.4    706.6
     1     1    21     2     6     2     0     2   -57.0   42.276   98.938   1822.8    678.9
     1     1    21     2     6     1     0     1   -58.0   42.505   98.459   1766.6    682.8
     1     1    21     2     6     0     0     0   -59.0   42.775   97.929   1679.9    685.2
     1     1    21     2     5    23     0     1   -60.0   43.070   97.331   1533.7    700.9
     1     1    21     2     5    22     0     2   -61.0   43.316   96.773   1419.9    732.6
     1     1    21     2     5    21     0     3   -62.0   43.513   96.236   1375.1    750.6
     1     1    21     2     5    20     0     2   -63.0   43.690   95.647   1387.3    759.4
     1     1    21     2     5    19     0     1   -64.0   43.883   94.961   1424.9    780.5
     1     1    21     2     5    18     0     0   -65.0   44.036   94.246   1366.8    774.7
     1     1    21     2     5    17     0     1   -66.0   44.144   93.592   1151.8    753.1
     1     1    21     2     5    16     0     2   -67.0   44.278   93.038    853.8    754.0
     1     1    21     2     5    15     0     3   -68.0   44.408   92.575    683.8    782.0
     1     1    21     2     5    14     0     2   -69.0   44.545   92.148    654.6    784.2
     1     1    21     2     5    13     0     1   -70.0   44.685   91.763    693.7    784.4
     1     1    21     2     5    12     0     0   -71.0   44.815   91.393    747.9    781.0
     1     1    21     2     5    11     0     1   -72.0   44.940   90.984    820.2    770.6
     1     1    21     2     5    10     0     2   -73.0   45.067   90.554    902.2    779.1
     1     1    21     2     5     9     0     3   -74.0   45.196   90.176    952.3    791.6
     1     1    21     2     5     8     0     2   -75.0   45.307   89.855    969.0    802.8
     1     1    21     2     5     7     0     1   -76.0   45.391   89.582    965.3    812.5
     1     1    21     2     5     6     0     0   -77.0   45.452   89.348    956.8    820.3
     1     1    21     2     5     5     0     1   -78.0   45.497   89.145    948.8    826.9
     1     1    21     2     5     4     0     2   -79.0   45.534   88.953    943.8    831.4
     1     1    21     2     5     3     0     3   -80.0   45.567   88.752    940.5    833.2
     1     1    21     2     5     2     0     2   -81.0   45.602   88.534    935.8    835.0
     1     1    21     2     5     1     0     1   -82.0   45.640   88.305    926.1    838.2
     1     1    21     2     5     0     0     0   -83.0   45.683   88.063    912.7    842.0
     1     1    21     2     4    23     0     1   -84.0   45.725   87.824    904.5    848.1
     1     1    21     2     4    22     0     2   -85.0   45.758   87.601    906.1    852.5
     1     1    21     2     4    21     0     3   -86.0   45.779   87.387    913.5    856.1
     1     1    21     2     4    20     0     2   -87.0   45.794   87.174    921.5    859.3
     1     1    21     2     4    19     0     1   -88.0   45.807   86.959    928.2    863.0
     1     1    21     2     4    18     0     0   -89.0   45.821   86.746    936.3    865.1
     1     1    21     2     4    17     0     1   -90.0   45.834   86.536    943.9    866.9
     1     1    21     2     4    16     0     2   -91.0   45.843   86.331    945.9    869.5
     1     1    21     2     4    15     0     3   -92.0   45.846   86.138    940.2    872.9
     1     1    21     2     4    14     0     2   -93.0   45.848   85.951    934.5    874.7
     1     1    21     2     4    13     0     1   -94.0   45.855   85.740    932.0    867.4
     1     1    21     2     4    12     0     0   -95.0   45.868   85.477    924.4    858.2
     1     1    21     2     4    11     0     1   -96.0   45.886   85.173    903.3    849.2
     1     1    21     2     4    10     0     2   -97.0   45.907   84.835    873.6    836.5
     1     1    21     2     4     9     0     3   -98.0   45.939   84.460    857.5    815.3
     1     1    21     2     4     8     0     2   -99.0   45.994   84.032    884.8    782.0
     1     1    21     2     4     7     0     1  -100.0   46.062   83.550    950.2    759.7
     1     1    21     2     4     6     0     0  -101.0   46.110   83.055    981.8    745.7
     1     1    21     2     4     5     0     1  -102.0   46.125   82.658    996.2    787.3
     1     1    21     2     4     4     0     2  -103.0   46.114   82.388    991.1    819.0
     1     1    21     2     4     3     0     3  -104.0   46.081   82.213    951.9    844.0
     1     1    21     2     4     2     0     2  -105.0   46.019   82.117    896.6    866.2
     1     1    21     2     4     1     0     1  -106.0   45.931   82.073    849.4    876.2
     1     1    21     2     4     0     0     0  -107.0   45.830   82.049    815.3    879.3
     1     1    21     2     3    23     0     1  -108.0   45.719   82.035    793.0    879.4
     1     1    21     2     3    22     0     2  -109.0   45.601   82.020    779.8    877.8
     1     1    21     2     3    21     0     3  -110.0   45.483   81.997    774.3    874.7
     1     1    21     2     3    20     0     2  -111.0   45.379   81.956    770.0    866.9
     1     1    21     2     3    19     0     1  -112.0   45.297   81.898    761.7    858.7
     1     1    21     2     3    18     0     0  -113.0   45.230   81.831    745.3    850.8
     1     1    21     2     3    17     0     1  -114.0   45.180   81.757    727.5    843.9
     1     1    21     2     3    16     0     2  -115.0   45.148   81.673    719.0    835.1
     1     1    21     2     3    15     0     3  -116.0   45.129   81.582    724.8    824.5
     1     1    21     2     3    14     0     2  -117.0   45.118   81.492    711.4    812.2
     1     1    21     2     3    13     0     1  -118.0   45.111   81.426    643.0    811.4
     1     1    21     2     3    12     0     0  -119.0   45.104   81.399    520.9    820.9
     1     1    21     2     3    11     0     1  -120.0   45.097   81.401    425.6    838.2
