     5     1
    GDAS    21     2     1     0     0
    GDAS    21     2     8     0     0
    GDAS    21     2    15     0     0
    GDAS    21     2    22     0     0
    GDAS    21     3     1     0     0
     1 BACKWARD OMEGA   
    21     2    17    18   37.820  111.540  1000.0
     1 PRESSURE
     1     1    21     2    17    18     0     0     0.0   37.820  111.540   1000.0    782.1
     1     1    21     2    17    17     0     1    -1.0   38.004  111.272   1056.6    781.4
     1     1    21     2    17    16     0     2    -2.0   38.170  111.035   1080.7    783.6
     1     1    21     2    17    15     0     3    -3.0   38.314  110.813   1072.3    789.1
     1     1    21     2    17    14     0     2    -4.0   38.453  110.595   1055.8    789.8
     1     1    21     2    17    13     0     1    -5.0   38.590  110.381   1029.1    789.3
     1     1    21     2    17    12     0     0    -6.0   38.726  110.175    988.0    788.7
     1     1    21     2    17    11     0     1    -7.0   38.859  109.975    933.6    788.2
     1     1    21     2    17    10     0     2    -8.0   38.995  109.775    875.8    790.8
     1     1    21     2    17     9     0     3    -9.0   39.145  109.566    845.1    792.3
     1     1    21     2    17     8     0     2   -10.0   39.314  109.333    857.4    785.6
     1     1    21     2    17     7     0     1   -11.0   39.501  109.073    896.7    775.0
     1     1    21     2    17     6     0     0   -12.0   39.701  108.798    942.9    767.3
     1     1    21     2    17     5     0     1   -13.0   39.901  108.522    982.7    767.2
     1     1    21     2    17     4     0     2   -14.0   40.095  108.261   1012.3    772.9
     1     1    21     2    17     3     0     3   -15.0   40.288  108.022   1025.6    780.9
     1     1    21     2    17     2     0     2   -16.0   40.484  107.780   1028.6    781.9
     1     1    21     2    17     1     0     1   -17.0   40.687  107.521   1028.0    781.3
     1     1    21     2    17     0     0     0   -18.0   40.895  107.269   1003.0    783.3
     1     1    21     2    16    23     0     1   -19.0   41.086  107.038    943.2    788.8
     1     1    21     2    16    22     0     2   -20.0   41.243  106.800    876.9    795.4
     1     1    21     2    16    21     0     3   -21.0   41.377  106.519    832.4    799.9
     1     1    21     2    16    20     0     2   -22.0   41.502  106.204    814.0    804.1
     1     1    21     2    16    19     0     1   -23.0   41.623  105.877    808.0    807.1
     1     1    21     2    16    18     0     0   -24.0   41.740  105.551    787.2    807.5
     1     1    21     2    16    17     0     1   -25.0   41.855  105.234    747.1    810.2
     1     1    21     2    16    16     0     2   -26.0   41.970  104.930    706.9    813.9
     1     1    21     2    16    15     0     3   -27.0   42.081  104.642    691.9    814.6
     1     1    21     2    16    14     0     2   -28.0   42.197  104.361    711.7    807.7
     1     1    21     2    16    13     0     1   -29.0   42.323  104.068    748.5    798.9
     1     1    21     2    16    12     0     0   -30.0   42.450  103.762    777.1    793.2
     1     1    21     2    16    11     0     1   -31.0   42.570  103.461    788.0    792.1
     1     1    21     2    16    10     0     2   -32.0   42.665  103.183    776.0    793.7
     1     1    21     2    16     9     0     3   -33.0   42.711  102.928    732.6    798.1
     1     1    21     2    16     8     0     2   -34.0   42.736  102.689    693.5    800.2
     1     1    21     2    16     7     0     1   -35.0   42.782  102.455    699.3    791.9
     1     1    21     2    16     6     0     0   -36.0   42.832  102.233    736.8    779.1
     1     1    21     2    16     5     0     1   -37.0   42.893  102.033    779.6    763.7
     1     1    21     2    16     4     0     2   -38.0   42.994  101.853    807.6    754.4
     1     1    21     2    16     3     0     3   -39.0   43.130  101.685    808.1    761.4
     1     1    21     2    16     2     0     2   -40.0   43.261  101.520    817.8    773.1
     1     1    21     2    16     1     0     1   -41.0   43.385  101.349    878.7    772.1
     1     1    21     2    16     0     0     0   -42.0   43.487  101.175    962.7    767.6
     1     1    21     2    15    23     0     1   -43.0   43.562  101.017   1014.9    761.2
     1     1    21     2    15    22     0     2   -44.0   43.633  100.890   1004.9    766.6
     1     1    21     2    15    21     0     3   -45.0   43.714  100.791    962.6    774.4
     1     1    21     2    15    20     0     2   -46.0   43.808  100.711    919.8    783.6
     1     1    21     2    15    19     0     1   -47.0   43.917  100.653    887.9    789.4
     1     1    21     2    15    18     0     0   -48.0   44.037  100.617    852.8    792.8
     1     1    21     2    15    17     0     1   -49.0   44.189  100.575    787.7    788.8
     1     1    21     2    15    16     0     2   -50.0   44.400  100.480    688.6    785.5
     1     1    21     2    15    15     0     3   -51.0   44.675  100.326    580.7    775.4
     1     1    21     2    15    14     0     2   -52.0   45.041  100.108    512.9    751.4
     1     1    21     2    15    13     0     1   -53.0   45.457   99.881    550.0    755.3
     1     1    21     2    15    12     0     0   -54.0   45.859   99.688    625.3    758.7
     1     1    21     2    15    11     0     1   -55.0   46.252   99.503    719.6    738.2
     1     1    21     2    15    10     0     2   -56.0   46.683   99.297    872.9    700.7
     1     1    21     2    15     9     0     3   -57.0   47.213   99.053   1032.6    666.4
     1     1    21     2    15     8     0     2   -58.0   47.786   98.707   1048.1    646.1
     1     1    21     2    15     7     0     1   -59.0   48.325   98.276   1016.2    660.3
     1     1    21     2    15     6     0     0   -60.0   48.874   97.821   1080.2    679.4
     1     1    21     2    15     5     0     1   -61.0   49.493   97.345   1296.5    664.6
     1     1    21     2    15     4     0     2   -62.0   50.182   96.842   1747.8    635.3
     1     1    21     2    15     3     0     3   -63.0   50.901   96.313   2062.6    621.8
     1     1    21     2    15     2     0     2   -64.0   51.601   95.715   2023.0    651.5
     1     1    21     2    15     1     0     1   -65.0   52.328   95.004   2144.5    660.3
     1     1    21     2    15     0     0     0   -66.0   53.052   94.172   2449.4    648.1
     1     1    21     2    14    23     0     1   -67.0   53.707   93.319   2594.8    675.4
     1     1    21     2    14    22     0     2   -68.0   54.243   92.464   2444.4    708.5
     1     1    21     2    14    21     0     3   -69.0   54.760   91.555   2378.1    713.0
     1     1    21     2    14    20     0     2   -70.0   55.261   90.613   2342.7    722.2
     1     1    21     2    14    19     0     1   -71.0   55.723   89.655   2286.4    728.6
     1     1    21     2    14    18     0     0   -72.0   56.142   88.688   2253.1    744.4
     1     1    21     2    14    17     0     1   -73.0   56.532   87.745   2225.7    752.5
     1     1    21     2    14    16     0     2   -74.0   56.917   86.789   2186.1    758.6
     1     1    21     2    14    15     0     3   -75.0   57.291   85.817   2147.9    762.8
     1     1    21     2    14    14     0     2   -76.0   57.661   84.819   2133.2    764.6
     1     1    21     2    14    13     0     1   -77.0   58.019   83.774   2117.0    770.6
     1     1    21     2    14    12     0     0   -78.0   58.344   82.719   2089.3    773.5
     1     1    21     2    14    11     0     1   -79.0   58.643   81.672   2078.4    776.1
     1     1    21     2    14    10     0     2   -80.0   58.915   80.603   2084.5    777.6
     1     1    21     2    14     9     0     3   -81.0   59.172   79.465   2085.3    772.9
     1     1    21     2    14     8     0     2   -82.0   59.407   78.353   2086.9    773.0
     1     1    21     2    14     7     0     1   -83.0   59.624   77.226   2092.2    770.3
     1     1    21     2    14     6     0     0   -84.0   59.826   76.092   2083.8    770.8
     1     1    21     2    14     5     0     1   -85.0   60.000   74.942   2077.5    771.3
     1     1    21     2    14     4     0     2   -86.0   60.137   73.784   2078.6    771.9
     1     1    21     2    14     3     0     3   -87.0   60.253   72.650   2081.9    772.5
     1     1    21     2    14     2     0     2   -88.0   60.344   71.528   2092.7    771.5
     1     1    21     2    14     1     0     1   -89.0   60.410   70.407   2089.8    772.7
     1     1    21     2    14     0     0     0   -90.0   60.462   69.290   2096.2    775.0
     1     1    21     2    13    23     0     1   -91.0   60.490   68.201   2080.8    778.4
     1     1    21     2    13    22     0     2   -92.0   60.476   67.124   2065.3    779.9
     1     1    21     2    13    21     0     3   -93.0   60.417   66.025   2055.6    777.3
     1     1    21     2    13    20     0     2   -94.0   60.326   64.892   2017.7    775.0
     1     1    21     2    13    19     0     1   -95.0   60.215   63.792   1965.0    780.9
     1     1    21     2    13    18     0     0   -96.0   60.063   62.739   1897.5    787.5
     1     1    21     2    13    17     0     1   -97.0   59.876   61.735   1808.2    797.3
     1     1    21     2    13    16     0     2   -98.0   59.678   60.813   1743.4    799.4
     1     1    21     2    13    15     0     3   -99.0   59.471   59.918   1659.3    796.3
     1     1    21     2    13    14     0     2  -100.0   59.244   58.980   1548.6    781.4
     1     1    21     2    13    13     0     1  -101.0   58.971   58.066   1454.0    807.1
     1     1    21     2    13    12     0     0  -102.0   58.664   57.244   1385.0    829.7
     1     1    21     2    13    11     0     1  -103.0   58.357   56.485   1355.4    835.7
     1     1    21     2    13    10     0     2  -104.0   58.030   55.791   1315.9    841.7
     1     1    21     2    13     9     0     3  -105.0   57.651   55.115   1236.1    846.0
     1     1    21     2    13     8     0     2  -106.0   57.256   54.484   1155.3    858.6
     1     1    21     2    13     7     0     1  -107.0   56.884   53.930   1117.5    867.8
     1     1    21     2    13     6     0     0  -108.0   56.517   53.422   1108.1    868.8
     1     1    21     2    13     5     0     1  -109.0   56.155   52.937   1106.1    871.5
     1     1    21     2    13     4     0     2  -110.0   55.786   52.480   1120.6    866.7
     1     1    21     2    13     3     0     3  -111.0   55.385   52.019   1157.2    857.2
     1     1    21     2    13     2     0     2  -112.0   54.978   51.550   1171.1    852.2
     1     1    21     2    13     1     0     1  -113.0   54.582   51.138   1150.0    860.3
     1     1    21     2    13     0     0     0  -114.0   54.171   50.783   1104.9    866.3
     1     1    21     2    12    23     0     1  -115.0   53.750   50.453   1042.8    878.2
     1     1    21     2    12    22     0     2  -116.0   53.335   50.169    983.8    887.5
     1     1    21     2    12    21     0     3  -117.0   52.906   49.931    936.9    894.6
     1     1    21     2    12    20     0     2  -118.0   52.468   49.730    890.7    900.2
     1     1    21     2    12    19     0     1  -119.0   52.041   49.585    836.8    908.6
     1     1    21     2    12    18     0     0  -120.0   51.626   49.524    796.0    913.4
