     5     1
    GDAS    21     2     1     0     0
    GDAS    21     2     8     0     0
    GDAS    21     2    15     0     0
    GDAS    21     2    22     0     0
    GDAS    21     3     1     0     0
     1 BACKWARD OMEGA   
    21     2     7    18   44.970  -93.230   500.0
     1 PRESSURE
     1     1    21     2     7    18     0     0     0.0   44.970  -93.230    500.0    925.1
     1     1    21     2     7    17     0     1    -1.0   45.102  -93.429    523.1    921.5
     1     1    21     2     7    16     0     2    -2.0   45.280  -93.651    548.6    914.9
     1     1    21     2     7    15     0     3    -3.0   45.507  -93.896    574.4    907.6
     1     1    21     2     7    14     0     2    -4.0   45.771  -94.158    607.9    898.6
     1     1    21     2     7    13     0     1    -5.0   46.060  -94.436    652.2    888.8
     1     1    21     2     7    12     0     0    -6.0   46.371  -94.733    698.4    879.6
     1     1    21     2     7    11     0     1    -7.0   46.708  -95.061    743.7    871.4
     1     1    21     2     7    10     0     2    -8.0   47.061  -95.428    796.7    866.5
     1     1    21     2     7     9     0     3    -9.0   47.412  -95.824    844.4    865.3
     1     1    21     2     7     8     0     2   -10.0   47.753  -96.218    869.5    867.3
     1     1    21     2     7     7     0     1   -11.0   48.087  -96.592    880.4    871.2
     1     1    21     2     7     6     0     0   -12.0   48.430  -96.943    896.4    872.8
     1     1    21     2     7     5     0     1   -13.0   48.781  -97.278    918.5    866.4
     1     1    21     2     7     4     0     2   -14.0   49.131  -97.594    937.5    863.1
     1     1    21     2     7     3     0     3   -15.0   49.494  -97.889    957.1    862.2
     1     1    21     2     7     2     0     2   -16.0   49.866  -98.176    987.3    858.8
     1     1    21     2     7     1     0     1   -17.0   50.235  -98.453   1019.8    853.3
     1     1    21     2     7     0     0     0   -18.0   50.609  -98.713   1046.4    850.4
     1     1    21     2     6    23     0     1   -19.0   51.000  -98.973   1067.8    850.1
     1     1    21     2     6    22     0     2   -20.0   51.400  -99.240   1093.1    846.3
     1     1    21     2     6    21     0     3   -21.0   51.808  -99.506   1130.4    842.1
     1     1    21     2     6    20     0     2   -22.0   52.225  -99.767   1169.7    838.5
     1     1    21     2     6    19     0     1   -23.0   52.642 -100.026   1203.7    833.4
     1     1    21     2     6    18     0     0   -24.0   53.061 -100.283   1232.2    830.0
     1     1    21     2     6    17     0     1   -25.0   53.478 -100.543   1254.2    827.6
     1     1    21     2     6    16     0     2   -26.0   53.893 -100.813   1269.6    825.8
     1     1    21     2     6    15     0     3   -27.0   54.313 -101.095   1282.2    822.7
     1     1    21     2     6    14     0     2   -28.0   54.733 -101.385   1302.2    817.7
     1     1    21     2     6    13     0     1   -29.0   55.143 -101.672   1324.8    812.1
     1     1    21     2     6    12     0     0   -30.0   55.536 -101.949   1326.3    810.2
     1     1    21     2     6    11     0     1   -31.0   55.909 -102.219   1309.5    814.3
     1     1    21     2     6    10     0     2   -32.0   56.276 -102.491   1309.3    816.7
     1     1    21     2     6     9     0     3   -33.0   56.646 -102.767   1331.9    813.0
     1     1    21     2     6     8     0     2   -34.0   57.007 -103.037   1357.1    808.6
     1     1    21     2     6     7     0     1   -35.0   57.356 -103.290   1373.5    802.9
     1     1    21     2     6     6     0     0   -36.0   57.699 -103.521   1379.4    799.5
     1     1    21     2     6     5     0     1   -37.0   58.047 -103.732   1374.9    799.5
     1     1    21     2     6     4     0     2   -38.0   58.404 -103.944   1371.8    800.9
     1     1    21     2     6     3     0     3   -39.0   58.773 -104.183   1379.5    800.8
     1     1    21     2     6     2     0     2   -40.0   59.145 -104.468   1399.5    800.5
     1     1    21     2     6     1     0     1   -41.0   59.511 -104.800   1422.0    797.1
     1     1    21     2     6     0     0     0   -42.0   59.874 -105.164   1436.7    792.1
     1     1    21     2     5    23     0     1   -43.0   60.231 -105.556   1450.2    788.4
     1     1    21     2     5    22     0     2   -44.0   60.581 -105.968   1468.9    785.7
     1     1    21     2     5    21     0     3   -45.0   60.930 -106.374   1485.9    783.8
     1     1    21     2     5    20     0     2   -46.0   61.275 -106.764   1502.2    780.5
     1     1    21     2     5    19     0     1   -47.0   61.618 -107.152   1514.1    779.1
     1     1    21     2     5    18     0     0   -48.0   61.967 -107.546   1518.1    780.9
     1     1    21     2     5    17     0     1   -49.0   62.322 -107.951   1527.2    781.5
     1     1    21     2     5    16     0     2   -50.0   62.678 -108.364   1556.8    780.2
     1     1    21     2     5    15     0     3   -51.0   63.042 -108.778   1605.9    778.1
     1     1    21     2     5    14     0     2   -52.0   63.415 -109.200   1650.3    770.6
     1     1    21     2     5    13     0     1   -53.0   63.793 -109.632   1675.5    765.6
     1     1    21     2     5    12     0     0   -54.0   64.179 -110.074   1706.7    760.3
     1     1    21     2     5    11     0     1   -55.0   64.570 -110.527   1745.6    751.6
     1     1    21     2     5    10     0     2   -56.0   64.964 -110.983   1762.8    746.5
     1     1    21     2     5     9     0     3   -57.0   65.362 -111.442   1762.8    747.0
     1     1    21     2     5     8     0     2   -58.0   65.763 -111.914   1762.8    744.3
     1     1    21     2     5     7     0     1   -59.0   66.160 -112.400   1770.4    743.2
     1     1    21     2     5     6     0     0   -60.0   66.544 -112.886   1778.8    747.6
     1     1    21     2     5     5     0     1   -61.0   66.918 -113.343   1780.5    749.2
     1     1    21     2     5     4     0     2   -62.0   67.291 -113.739   1788.5    760.8
     1     1    21     2     5     3     0     3   -63.0   67.662 -114.061   1799.7    777.2
     1     1    21     2     5     2     0     2   -64.0   68.033 -114.359   1819.5    793.5
     1     1    21     2     5     1     0     1   -65.0   68.414 -114.654   1835.4    789.8
     1     1    21     2     5     0     0     0   -66.0   68.809 -114.907   1833.2    788.6
     1     1    21     2     4    23     0     1   -67.0   69.201 -115.123   1812.4    786.5
     1     1    21     2     4    22     0     2   -68.0   69.576 -115.304   1800.8    779.0
     1     1    21     2     4    21     0     3   -69.0   69.945 -115.429   1819.4    767.9
     1     1    21     2     4    20     0     2   -70.0   70.319 -115.453   1851.4    756.8
     1     1    21     2     4    19     0     1   -71.0   70.701 -115.332   1875.3    750.2
     1     1    21     2     4    18     0     0   -72.0   71.091 -115.041   1917.9    744.8
     1     1    21     2     4    17     0     1   -73.0   71.479 -114.621   1979.6    740.8
     1     1    21     2     4    16     0     2   -74.0   71.853 -114.087   2015.8    742.4
     1     1    21     2     4    15     0     3   -75.0   72.217 -113.393   2028.2    748.2
     1     1    21     2     4    14     0     2   -76.0   72.566 -112.575   2038.8    752.9
     1     1    21     2     4    13     0     1   -77.0   72.897 -111.654   2085.8    756.7
     1     1    21     2     4    12     0     0   -78.0   73.207 -110.604   2143.0    754.4
     1     1    21     2     4    11     0     1   -79.0   73.489 -109.509   2198.7    748.3
     1     1    21     2     4    10     0     2   -80.0   73.748 -108.330   2234.9    744.0
     1     1    21     2     4     9     0     3   -81.0   73.992 -106.951   2267.1    741.6
     1     1    21     2     4     8     0     2   -82.0   74.204 -105.446   2276.6    741.2
     1     1    21     2     4     7     0     1   -83.0   74.372 -103.907   2316.6    736.2
     1     1    21     2     4     6     0     0   -84.0   74.500 -102.356   2361.3    730.9
     1     1    21     2     4     5     0     1   -85.0   74.585 -100.798   2397.1    727.8
     1     1    21     2     4     4     0     2   -86.0   74.624  -99.258   2412.1    726.5
     1     1    21     2     4     3     0     3   -87.0   74.615  -97.722   2415.7    724.4
     1     1    21     2     4     2     0     2   -88.0   74.558  -96.197   2437.8    720.3
     1     1    21     2     4     1     0     1   -89.0   74.472  -94.753   2473.5    705.6
     1     1    21     2     4     0     0     0   -90.0   74.359  -93.392   2484.8    705.8
     1     1    21     2     3    23     0     1   -91.0   74.195  -92.092   2546.2    704.4
     1     1    21     2     3    22     0     2   -92.0   73.979  -90.953   2577.8    701.1
     1     1    21     2     3    21     0     3   -93.0   73.725  -90.101   2569.1    711.0
     1     1    21     2     3    20     0     2   -94.0   73.447  -89.452   2545.9    707.3
     1     1    21     2     3    19     0     1   -95.0   73.152  -88.888   2526.5    696.8
     1     1    21     2     3    18     0     0   -96.0   72.846  -88.431   2511.9    690.6
     1     1    21     2     3    17     0     1   -97.0   72.549  -88.145   2485.7    693.6
     1     1    21     2     3    16     0     2   -98.0   72.265  -88.010   2449.0    699.6
     1     1    21     2     3    15     0     3   -99.0   71.984  -87.971   2405.5    706.3
     1     1    21     2     3    14     0     2  -100.0   71.721  -88.037   2369.9    717.2
     1     1    21     2     3    13     0     1  -101.0   71.486  -88.227   2347.2    724.5
     1     1    21     2     3    12     0     0  -102.0   71.274  -88.528   2332.7    730.8
     1     1    21     2     3    11     0     1  -103.0   71.081  -88.927   2323.5    736.1
     1     1    21     2     3    10     0     2  -104.0   70.913  -89.414   2305.1    739.1
     1     1    21     2     3     9     0     3  -105.0   70.769  -89.986   2262.1    743.4
     1     1    21     2     3     8     0     2  -106.0   70.641  -90.629   2213.7    750.8
     1     1    21     2     3     7     0     1  -107.0   70.527  -91.331   2183.1    754.0
     1     1    21     2     3     6     0     0  -108.0   70.427  -92.086   2160.6    754.6
     1     1    21     2     3     5     0     1  -109.0   70.349  -92.892   2127.8    750.8
     1     1    21     2     3     4     0     2  -110.0   70.304  -93.755   2106.9    738.5
     1     1    21     2     3     3     0     3  -111.0   70.283  -94.665   2114.4    737.7
     1     1    21     2     3     2     0     2  -112.0   70.287  -95.568   2081.2    749.2
     1     1    21     2     3     1     0     1  -113.0   70.317  -96.503   2061.7    760.6
     1     1    21     2     3     0     0     0  -114.0   70.372  -97.486   2048.4    768.7
     1     1    21     2     2    23     0     1  -115.0   70.438  -98.523   2031.5    770.9
     1     1    21     2     2    22     0     2  -116.0   70.514  -99.587   2013.6    773.2
     1     1    21     2     2    21     0     3  -117.0   70.603 -100.658   1993.5    776.0
     1     1    21     2     2    20     0     2  -118.0   70.702 -101.706   1979.8    777.4
     1     1    21     2     2    19     0     1  -119.0   70.813 -102.678   1969.7    778.3
     1     1    21     2     2    18     0     0  -120.0   70.930 -103.561   1961.7    778.7
