     5     1
    GDAS    21     2     1     0     0
    GDAS    21     2     8     0     0
    GDAS    21     2    15     0     0
    GDAS    21     2    22     0     0
    GDAS    21     3     1     0     0
     1 BACKWARD OMEGA   
    21     2    17    15   44.970  -93.230   500.0
     1 PRESSURE
     1     1    21     2    17    15     0     3     0.0   44.970  -93.230    500.0    926.9
     1     1    21     2    17    14     0     2    -1.0   44.724  -93.211    482.8    927.4
     1     1    21     2    17    13     0     1    -2.0   44.494  -93.210    481.0    923.1
     1     1    21     2    17    12     0     0    -3.0   44.277  -93.222    476.9    919.7
     1     1    21     2    17    11     0     1    -4.0   44.064  -93.247    468.8    919.3
     1     1    21     2    17    10     0     2    -5.0   43.844  -93.287    467.1    920.3
     1     1    21     2    17     9     0     3    -6.0   43.626  -93.334    476.9    920.3
     1     1    21     2    17     8     0     2    -7.0   43.407  -93.372    484.3    918.3
     1     1    21     2    17     7     0     1    -8.0   43.182  -93.395    467.6    920.4
     1     1    21     2    17     6     0     0    -9.0   42.951  -93.402    421.0    927.2
     1     1    21     2    17     5     0     1   -10.0   42.745  -93.392    381.4    936.8
     1     1    21     2    17     4     0     2   -11.0   42.579  -93.354    370.3    937.4
     1     1    21     2    17     3     0     3   -12.0   42.449  -93.285    375.2    936.8
     1     1    21     2    17     2     0     2   -13.0   42.347  -93.211    390.5    935.5
     1     1    21     2    17     1     0     1   -14.0   42.265  -93.156    410.8    933.7
     1     1    21     2    17     0     0     0   -15.0   42.203  -93.117    433.1    931.4
     1     1    21     2    16    23     0     1   -16.0   42.155  -93.090    451.4    928.6
     1     1    21     2    16    22     0     2   -17.0   42.119  -93.072    461.0    927.5
     1     1    21     2    16    21     0     3   -18.0   42.096  -93.064    461.3    927.4
     1     1    21     2    16    20     0     2   -19.0   42.082  -93.051    458.1    928.8
     1     1    21     2    16    19     0     1   -20.0   42.070  -93.016    456.8    929.3
     1     1    21     2    16    18     0     0   -21.0   42.060  -92.960    456.4    929.6
     1     1    21     2    16    17     0     1   -22.0   42.067  -92.882    461.1    929.2
     1     1    21     2    16    16     0     2   -23.0   42.101  -92.780    474.2    926.8
     1     1    21     2    16    15     0     3   -24.0   42.158  -92.649    493.5    923.4
     1     1    21     2    16    14     0     2   -25.0   42.219  -92.492    506.7    919.7
     1     1    21     2    16    13     0     1   -26.0   42.273  -92.310    503.4    919.3
     1     1    21     2    16    12     0     0   -27.0   42.326  -92.090    484.9    920.9
     1     1    21     2    16    11     0     1   -28.0   42.402  -91.833    467.9    924.8
     1     1    21     2    16    10     0     2   -29.0   42.525  -91.540    467.8    925.2
     1     1    21     2    16     9     0     3   -30.0   42.689  -91.209    491.2    923.7
     1     1    21     2    16     8     0     2   -31.0   42.876  -90.840    541.2    917.6
     1     1    21     2    16     7     0     1   -32.0   43.072  -90.437    606.7    906.0
     1     1    21     2    16     6     0     0   -33.0   43.265  -90.017    660.8    896.0
     1     1    21     2    16     5     0     1   -34.0   43.479  -89.591    692.4    897.6
     1     1    21     2    16     4     0     2   -35.0   43.738  -89.157    714.0    902.1
     1     1    21     2    16     3     0     3   -36.0   44.022  -88.718    756.9    900.4
     1     1    21     2    16     2     0     2   -37.0   44.293  -88.257    822.0    887.7
     1     1    21     2    16     1     0     1   -38.0   44.557  -87.801    854.1    884.5
     1     1    21     2    16     0     0     0   -39.0   44.846  -87.425    824.3    895.3
     1     1    21     2    15    23     0     1   -40.0   45.157  -87.156    798.6    907.1
     1     1    21     2    15    22     0     2   -41.0   45.451  -86.965    820.1    902.1
     1     1    21     2    15    21     0     3   -42.0   45.715  -86.855    833.2    895.4
     1     1    21     2    15    20     0     2   -43.0   45.951  -86.816    825.2    897.5
     1     1    21     2    15    19     0     1   -44.0   46.166  -86.826    808.9    900.5
     1     1    21     2    15    18     0     0   -45.0   46.361  -86.881    785.3    906.4
     1     1    21     2    15    17     0     1   -46.0   46.555  -86.970    772.6    911.1
     1     1    21     2    15    16     0     2   -47.0   46.773  -87.099    765.1    910.5
     1     1    21     2    15    15     0     3   -48.0   47.012  -87.290    735.2    913.5
     1     1    21     2    15    14     0     2   -49.0   47.249  -87.515    713.4    920.1
     1     1    21     2    15    13     0     1   -50.0   47.476  -87.745    719.5    917.2
     1     1    21     2    15    12     0     0   -51.0   47.704  -87.987    730.8    915.1
     1     1    21     2    15    11     0     1   -52.0   47.936  -88.228    739.4    914.3
     1     1    21     2    15    10     0     2   -53.0   48.165  -88.452    754.5    908.7
     1     1    21     2    15     9     0     3   -54.0   48.388  -88.662    776.9    898.2
     1     1    21     2    15     8     0     2   -55.0   48.615  -88.856    797.7    888.1
     1     1    21     2    15     7     0     1   -56.0   48.858  -89.038    819.2    877.6
     1     1    21     2    15     6     0     0   -57.0   49.105  -89.215    848.6    870.4
     1     1    21     2    15     5     0     1   -58.0   49.342  -89.382    886.3    865.6
     1     1    21     2    15     4     0     2   -59.0   49.566  -89.534    923.5    859.8
     1     1    21     2    15     3     0     3   -60.0   49.776  -89.663    953.2    855.1
     1     1    21     2    15     2     0     2   -61.0   49.981  -89.782    972.2    851.0
     1     1    21     2    15     1     0     1   -62.0   50.186  -89.910    979.4    849.1
     1     1    21     2    15     0     0     0   -63.0   50.392  -90.048    972.8    850.0
     1     1    21     2    14    23     0     1   -64.0   50.585  -90.183    962.8    854.5
     1     1    21     2    14    22     0     2   -65.0   50.758  -90.298    959.8    856.1
     1     1    21     2    14    21     0     3   -66.0   50.915  -90.393    964.5    856.5
     1     1    21     2    14    20     0     2   -67.0   51.066  -90.456    968.8    855.7
     1     1    21     2    14    19     0     1   -68.0   51.219  -90.481    965.5    856.8
     1     1    21     2    14    18     0     0   -69.0   51.373  -90.471    956.0    858.8
     1     1    21     2    14    17     0     1   -70.0   51.529  -90.435    944.9    861.2
     1     1    21     2    14    16     0     2   -71.0   51.685  -90.376    937.0    863.2
     1     1    21     2    14    15     0     3   -72.0   51.842  -90.296    934.0    864.8
     1     1    21     2    14    14     0     2   -73.0   51.994  -90.199    931.7    865.8
     1     1    21     2    14    13     0     1   -74.0   52.138  -90.099    922.4    868.4
     1     1    21     2    14    12     0     0   -75.0   52.275  -90.003    904.7    872.2
     1     1    21     2    14    11     0     1   -76.0   52.400  -89.906    887.8    876.9
     1     1    21     2    14    10     0     2   -77.0   52.502  -89.795    879.0    879.1
     1     1    21     2    14     9     0     3   -78.0   52.581  -89.669    876.4    880.3
     1     1    21     2    14     8     0     2   -79.0   52.644  -89.526    873.9    880.5
     1     1    21     2    14     7     0     1   -80.0   52.699  -89.367    865.4    882.1
     1     1    21     2    14     6     0     0   -81.0   52.747  -89.192    850.4    884.2
     1     1    21     2    14     5     0     1   -82.0   52.785  -88.997    828.7    887.3
     1     1    21     2    14     4     0     2   -83.0   52.811  -88.787    800.7    892.3
     1     1    21     2    14     3     0     3   -84.0   52.827  -88.565    766.0    898.1
     1     1    21     2    14     2     0     2   -85.0   52.838  -88.335    730.9    905.0
     1     1    21     2    14     1     0     1   -86.0   52.851  -88.101    705.0    910.4
     1     1    21     2    14     0     0     0   -87.0   52.867  -87.863    691.8    913.3
     1     1    21     2    13    23     0     1   -88.0   52.880  -87.629    685.8    913.8
     1     1    21     2    13    22     0     2   -89.0   52.892  -87.404    681.0    915.0
     1     1    21     2    13    21     0     3   -90.0   52.905  -87.194    677.9    916.0
     1     1    21     2    13    20     0     2   -91.0   52.919  -86.998    669.5    916.8
     1     1    21     2    13    19     0     1   -92.0   52.940  -86.819    650.9    921.4
     1     1    21     2    13    18     0     0   -93.0   52.971  -86.658    625.5    926.8
     1     1    21     2    13    17     0     1   -94.0   53.020  -86.516    604.2    932.2
     1     1    21     2    13    16     0     2   -95.0   53.089  -86.389    594.6    935.3
     1     1    21     2    13    15     0     3   -96.0   53.175  -86.275    592.1    937.4
     1     1    21     2    13    14     0     2   -97.0   53.278  -86.186    592.2    938.6
     1     1    21     2    13    13     0     1   -98.0   53.399  -86.133    592.3    939.9
     1     1    21     2    13    12     0     0   -99.0   53.536  -86.115    592.6    941.1
     1     1    21     2    13    11     0     1  -100.0   53.684  -86.144    594.3    942.9
     1     1    21     2    13    10     0     2  -101.0   53.837  -86.232    597.4    944.1
     1     1    21     2    13     9     0     3  -102.0   53.995  -86.382    599.1    945.9
     1     1    21     2    13     8     0     2  -103.0   54.141  -86.572    605.6    945.3
     1     1    21     2    13     7     0     1  -104.0   54.263  -86.777    619.0    941.7
     1     1    21     2    13     6     0     0  -105.0   54.364  -86.992    629.6    938.4
     1     1    21     2    13     5     0     1  -106.0   54.447  -87.205    637.8    937.1
     1     1    21     2    13     4     0     2  -107.0   54.516  -87.406    649.0    935.5
     1     1    21     2    13     3     0     3  -108.0   54.573  -87.597    664.2    933.7
     1     1    21     2    13     2     0     2  -109.0   54.626  -87.779    681.0    931.5
     1     1    21     2    13     1     0     1  -110.0   54.681  -87.951    697.8    930.1
     1     1    21     2    13     0     0     0  -111.0   54.737  -88.112    717.6    928.3
     1     1    21     2    12    23     0     1  -112.0   54.786  -88.273    740.8    925.6
     1     1    21     2    12    22     0     2  -113.0   54.820  -88.451    762.8    922.7
     1     1    21     2    12    21     0     3  -114.0   54.838  -88.647    777.1    920.7
     1     1    21     2    12    20     0     2  -115.0   54.839  -88.840    781.7    920.1
     1     1    21     2    12    19     0     1  -116.0   54.822  -89.015    778.4    920.2
     1     1    21     2    12    18     0     0  -117.0   54.789  -89.170    769.9    921.0
     1     1    21     2    12    17     0     1  -118.0   54.748  -89.309    766.1    921.6
     1     1    21     2    12    16     0     2  -119.0   54.704  -89.435    771.7    919.8
     1     1    21     2    12    15     0     3  -120.0   54.660  -89.547    784.0    917.2
