     5     1
    GDAS    21     2     1     0     0
    GDAS    21     2     8     0     0
    GDAS    21     2    15     0     0
    GDAS    21     2    22     0     0
    GDAS    21     3     1     0     0
     1 BACKWARD OMEGA   
    21     2    12    23   37.820  111.540  1000.0
     1 PRESSURE
     1     1    21     2    12    23     0     1     0.0   37.820  111.540   1000.0    778.4
     1     1    21     2    12    22     0     2    -1.0   37.847  111.321    927.7    787.7
     1     1    21     2    12    21     0     3    -2.0   37.870  111.125    849.2    798.6
     1     1    21     2    12    20     0     2    -3.0   37.881  110.944    763.2    809.6
     1     1    21     2    12    19     0     1    -4.0   37.877  110.774    673.2    820.8
     1     1    21     2    12    18     0     0    -5.0   37.853  110.606    585.2    831.4
     1     1    21     2    12    17     0     1    -6.0   37.800  110.464    505.8    840.7
     1     1    21     2    12    16     0     2    -7.0   37.713  110.377    449.3    847.5
     1     1    21     2    12    15     0     3    -8.0   37.595  110.342    428.2    849.8
     1     1    21     2    12    14     0     2    -9.0   37.475  110.343    439.2    846.4
     1     1    21     2    12    13     0     1   -10.0   37.378  110.362    461.6    841.6
     1     1    21     2    12    12     0     0   -11.0   37.302  110.396    481.0    837.1
     1     1    21     2    12    11     0     1   -12.0   37.231  110.434    491.0    833.8
     1     1    21     2    12    10     0     2   -13.0   37.152  110.466    489.7    831.6
     1     1    21     2    12     9     0     3   -14.0   37.064  110.493    474.9    830.7
     1     1    21     2    12     8     0     2   -15.0   36.974  110.529    459.7    831.8
     1     1    21     2    12     7     0     1   -16.0   36.886  110.580    457.3    830.2
     1     1    21     2    12     6     0     0   -17.0   36.799  110.647    469.9    826.9
     1     1    21     2    12     5     0     1   -18.0   36.729  110.717    483.6    822.3
     1     1    21     2    12     4     0     2   -19.0   36.694  110.775    481.5    821.4
     1     1    21     2    12     3     0     3   -20.0   36.693  110.821    463.8    822.4
     1     1    21     2    12     2     0     2   -21.0   36.725  110.850    454.0    824.6
     1     1    21     2    12     1     0     1   -22.0   36.794  110.858    479.1    821.5
     1     1    21     2    12     0     0     0   -23.0   36.902  110.835    547.6    815.0
     1     1    21     2    11    23     0     1   -24.0   37.036  110.756    634.4    806.3
     1     1    21     2    11    22     0     2   -25.0   37.162  110.628    696.5    805.2
     1     1    21     2    11    21     0     3   -26.0   37.270  110.467    729.5    807.7
     1     1    21     2    11    20     0     2   -27.0   37.354  110.298    738.5    812.0
     1     1    21     2    11    19     0     1   -28.0   37.413  110.132    728.1    817.2
     1     1    21     2    11    18     0     0   -29.0   37.446  109.961    701.2    822.2
     1     1    21     2    11    17     0     1   -30.0   37.480  109.787    681.5    822.6
     1     1    21     2    11    16     0     2   -31.0   37.541  109.611    683.1    818.5
     1     1    21     2    11    15     0     3   -32.0   37.620  109.424    697.0    813.5
     1     1    21     2    11    14     0     2   -33.0   37.700  109.223    707.5    808.1
     1     1    21     2    11    13     0     1   -34.0   37.766  109.002    705.1    805.3
     1     1    21     2    11    12     0     0   -35.0   37.829  108.769    694.5    803.6
     1     1    21     2    11    11     0     1   -36.0   37.903  108.543    691.5    802.2
     1     1    21     2    11    10     0     2   -37.0   37.982  108.327    715.6    797.8
     1     1    21     2    11     9     0     3   -38.0   38.044  108.118    782.2    787.8
     1     1    21     2    11     8     0     2   -39.0   38.110  107.895    880.0    773.6
     1     1    21     2    11     7     0     1   -40.0   38.197  107.637    977.1    762.6
     1     1    21     2    11     6     0     0   -41.0   38.276  107.350   1062.8    755.9
     1     1    21     2    11     5     0     1   -42.0   38.334  107.070   1131.6    751.1
     1     1    21     2    11     4     0     2   -43.0   38.405  106.806   1177.2    745.5
     1     1    21     2    11     3     0     3   -44.0   38.524  106.529   1210.2    734.4
     1     1    21     2    11     2     0     2   -45.0   38.723  106.187   1305.5    706.6
     1     1    21     2    11     1     0     1   -46.0   39.014  105.659   1673.7    673.6
     1     1    21     2    11     0     0     0   -47.0   39.315  104.948   1979.1    653.9
     1     1    21     2    10    23     0     1   -48.0   39.615  104.166   1837.0    670.6
     1     1    21     2    10    22     0     2   -49.0   39.915  103.302   1608.9    702.1
     1     1    21     2    10    21     0     3   -50.0   40.169  102.341   1917.9    675.1
     1     1    21     2    10    20     0     2   -51.0   40.394  101.400   2118.6    672.0
     1     1    21     2    10    19     0     1   -52.0   40.599  100.502   2144.4    671.0
     1     1    21     2    10    18     0     0   -53.0   40.786   99.665   2068.3    673.7
     1     1    21     2    10    17     0     1   -54.0   41.003   98.820   2301.4    638.2
     1     1    21     2    10    16     0     2   -55.0   41.231   97.844   2553.9    608.8
     1     1    21     2    10    15     0     3   -56.0   41.515   96.812   2805.7    570.6
     1     1    21     2    10    14     0     2   -57.0   41.775   95.759   3158.6    536.8
     1     1    21     2    10    13     0     1   -58.0   41.994   94.671   3417.0    564.2
     1     1    21     2    10    12     0     0   -59.0   42.328   93.666   3429.6    575.8
     1     1    21     2    10    11     0     1   -60.0   42.688   92.713   3644.5    583.3
     1     1    21     2    10    10     0     2   -61.0   42.994   91.760   3548.8    615.4
     1     1    21     2    10     9     0     3   -62.0   43.313   90.749   3439.8    609.3
     1     1    21     2    10     8     0     2   -63.0   43.655   89.595   3803.9    573.7
     1     1    21     2    10     7     0     1   -64.0   43.942   88.388   3926.2    531.1
     1     1    21     2    10     6     0     0   -65.0   44.217   87.200   3668.9    590.9
     1     1    21     2    10     5     0     1   -66.0   44.451   85.963   3706.4    574.2
     1     1    21     2    10     4     0     2   -67.0   44.670   84.613   3697.1    555.6
     1     1    21     2    10     3     0     3   -68.0   44.897   83.393   3962.3    575.4
     1     1    21     2    10     2     0     2   -69.0   45.120   82.064   4557.3    520.9
     1     1    21     2    10     1     0     1   -70.0   45.550   80.303   4817.5    439.4
     1     1    21     2    10     0     0     0   -71.0   46.122   78.622   5191.2    490.1
     1     1    21     2     9    23     0     1   -72.0   46.699   77.052   5205.6    481.6
     1     1    21     2     9    22     0     2   -73.0   47.224   75.594   5318.6    471.9
     1     1    21     2     9    21     0     3   -74.0   47.862   74.041   5447.5    448.9
     1     1    21     2     9    20     0     2   -75.0   48.599   72.388   5636.2    436.6
     1     1    21     2     9    19     0     1   -76.0   49.232   70.795   5730.1    439.7
     1     1    21     2     9    18     0     0   -77.0   49.915   69.157   5840.2    440.8
     1     1    21     2     9    17     0     1   -78.0   50.636   67.351   5885.3    438.3
     1     1    21     2     9    16     0     2   -79.0   51.329   65.575   5890.8    442.7
     1     1    21     2     9    15     0     3   -80.0   52.024   63.812   5773.1    450.2
     1     1    21     2     9    14     0     2   -81.0   52.760   61.970   5760.5    449.3
     1     1    21     2     9    13     0     1   -82.0   53.552   59.943   5824.3    433.0
     1     1    21     2     9    12     0     0   -83.0   54.351   57.910   5568.9    443.0
     1     1    21     2     9    11     0     1   -84.0   55.158   55.815   5726.5    453.4
     1     1    21     2     9    10     0     2   -85.0   55.893   53.712   5806.3    451.6
     1     1    21     2     9     9     0     3   -86.0   56.584   51.561   5830.5    448.0
     1     1    21     2     9     8     0     2   -87.0   57.254   49.350   5928.5    438.9
     1     1    21     2     9     7     0     1   -88.0   57.882   47.114   6075.6    430.9
     1     1    21     2     9     6     0     0   -89.0   58.484   44.798   6248.8    419.1
     1     1    21     2     9     5     0     1   -90.0   59.034   42.434   6445.8    406.7
     1     1    21     2     9     4     0     2   -91.0   59.502   40.085   6582.0    399.4
     1     1    21     2     9     3     0     3   -92.0   59.877   37.798   6720.0    391.6
     1     1    21     2     9     2     0     2   -93.0   60.148   35.614   6823.6    383.5
     1     1    21     2     9     1     0     1   -94.0   60.376   33.576   6975.1    383.3
     1     1    21     2     9     0     0     0   -95.0   60.568   31.729   7065.5    381.4
     1     1    21     2     8    23     0     1   -96.0   60.694   30.029   7097.9    380.0
     1     1    21     2     8    22     0     2   -97.0   60.780   28.494   7109.8    378.0
     1     1    21     2     8    21     0     3   -98.0   60.847   27.118   7108.0    376.1
     1     1    21     2     8    20     0     2   -99.0   60.890   25.912   7111.0    376.1
     1     1    21     2     8    19     0     1  -100.0   60.910   24.839   7132.9    371.8
     1     1    21     2     8    18     0     0  -101.0   60.901   23.882   7166.7    370.4
     1     1    21     2     8    17     0     1  -102.0   60.876   23.047   7191.8    372.4
     1     1    21     2     8    16     0     2  -103.0   60.846   22.320   7208.6    374.8
     1     1    21     2     8    15     0     3  -104.0   60.805   21.694   7183.8    376.6
     1     1    21     2     8    14     0     2  -105.0   60.759   21.158   7123.9    381.1
     1     1    21     2     8    13     0     1  -106.0   60.718   20.694   7064.4    385.6
     1     1    21     2     8    12     0     0  -107.0   60.682   20.297   7014.2    388.4
     1     1    21     2     8    11     0     1  -108.0   60.641   19.960   6964.9    391.2
     1     1    21     2     8    10     0     2  -109.0   60.585   19.672   6916.8    394.6
     1     1    21     2     8     9     0     3  -110.0   60.509   19.420   6872.8    397.3
     1     1    21     2     8     8     0     2  -111.0   60.425   19.222   6824.1    400.0
     1     1    21     2     8     7     0     1  -112.0   60.351   19.094   6765.4    403.7
     1     1    21     2     8     6     0     0  -113.0   60.285   19.035   6698.5    408.0
     1     1    21     2     8     5     0     1  -114.0   60.239   19.016   6640.1    412.5
     1     1    21     2     8     4     0     2  -115.0   60.225   19.013   6599.6    415.0
     1     1    21     2     8     3     0     3  -116.0   60.244   19.020   6573.9    416.6
     1     1    21     2     8     2     0     2  -117.0   60.290   19.042   6555.7    417.4
     1     1    21     2     8     1     0     1  -118.0   60.362   19.085   6541.1    418.5
     1     1    21     2     8     0     0     0  -119.0   60.461   19.144   6536.8    419.0
     1     1    21     2     7    23     0     1  -120.0   60.592   19.219   6546.7    418.3
