     5     1
    GDAS    21     2     1     0     0
    GDAS    21     2     8     0     0
    GDAS    21     2    15     0     0
    GDAS    21     2    22     0     0
    GDAS    21     3     1     0     0
     1 BACKWARD OMEGA   
    21     2    13    21   37.820  111.540  1000.0
     1 PRESSURE
     1     1    21     2    13    21     0     3     0.0   37.820  111.540   1000.0    774.2
     1     1    21     2    13    20     0     2    -1.0   37.841  111.162    834.6    792.6
     1     1    21     2    13    19     0     1    -2.0   37.796  110.850    669.7    817.3
     1     1    21     2    13    18     0     0    -3.0   37.708  110.590    549.3    831.7
     1     1    21     2    13    17     0     1    -4.0   37.613  110.355    468.4    841.8
     1     1    21     2    13    16     0     2    -5.0   37.517  110.145    413.4    851.1
     1     1    21     2    13    15     0     3    -6.0   37.406  109.970    381.2    857.0
     1     1    21     2    13    14     0     2    -7.0   37.304  109.819    365.6    854.1
     1     1    21     2    13    13     0     1    -8.0   37.228  109.674    358.0    850.4
     1     1    21     2    13    12     0     0    -9.0   37.171  109.538    355.6    846.4
     1     1    21     2    13    11     0     1   -10.0   37.120  109.409    356.8    841.5
     1     1    21     2    13    10     0     2   -11.0   37.069  109.286    359.1    836.4
     1     1    21     2    13     9     0     3   -12.0   37.014  109.163    360.3    831.2
     1     1    21     2    13     8     0     2   -13.0   36.955  109.053    358.3    828.4
     1     1    21     2    13     7     0     1   -14.0   36.896  108.969    354.2    828.5
     1     1    21     2    13     6     0     0   -15.0   36.838  108.912    354.2    829.7
     1     1    21     2    13     5     0     1   -16.0   36.808  108.877    373.7    829.7
     1     1    21     2    13     4     0     2   -17.0   36.834  108.865    421.5    825.0
     1     1    21     2    13     3     0     3   -18.0   36.920  108.886    491.8    816.2
     1     1    21     2    13     2     0     2   -19.0   37.054  108.935    544.6    807.2
     1     1    21     2    13     1     0     1   -20.0   37.209  108.980    548.4    810.2
     1     1    21     2    13     0     0     0   -21.0   37.386  109.009    499.3    818.4
     1     1    21     2    12    23     0     1   -22.0   37.581  109.016    419.1    833.4
     1     1    21     2    12    22     0     2   -23.0   37.785  109.005    322.6    846.0
     1     1    21     2    12    21     0     3   -24.0   37.978  108.983    208.6    862.2
     1     1    21     2    12    20     0     2   -25.0   38.130  108.938    131.5    873.0
     1     1    21     2    12    19     0     1   -26.0   38.267  108.862     94.4    871.2
     1     1    21     2    12    18     0     0   -27.0   38.406  108.759     77.2    868.7
     1     1    21     2    12    17     0     1   -28.0   38.544  108.643     70.1    865.2
     1     1    21     2    12    16     0     2   -29.0   38.676  108.531     67.1    861.9
     1     1    21     2    12    15     0     3   -30.0   38.806  108.424     65.6    858.9
     1     1    21     2    12    14     0     2   -31.0   38.919  108.320     63.9    856.2
     1     1    21     2    12    13     0     1   -32.0   38.994  108.214     61.1    854.4
     1     1    21     2    12    12     0     0   -33.0   39.022  108.103     58.5    853.5
     1     1    21     2    12    11     0     1   -34.0   39.000  108.021     57.4    851.9
     1     1    21     2    12    10     0     2   -35.0   38.933  108.002     57.7    851.3
     1     1    21     2    12     9     0     3   -36.0   38.833  108.040     58.5    851.7
     1     1    21     2    12     8     0     2   -37.0   38.728  108.108     58.2    853.3
     1     1    21     2    12     7     0     1   -38.0   38.622  108.190     55.6    855.6
     1     1    21     2    12     6     0     0   -39.0   38.506  108.283     50.9    858.8
     1     1    21     2    12     5     0     1   -40.0   38.389  108.392     47.4    862.7
     1     1    21     2    12     4     0     2   -41.0   38.287  108.519     47.2    866.6
     1     1    21     2    12     3     0     3   -42.0   38.202  108.659     49.3    870.9
     1     1    21     2    12     2     0     2   -43.0   38.136  108.794     51.4    873.7
     1     1    21     2    12     1     0     1   -44.0   38.089  108.912     52.2    875.9
     1     1    21     2    12     0     0     0   -45.0   38.061  109.013     52.4    877.4
     1     1    21     2    11    23     0     1   -46.0   38.048  109.091     52.5    878.7
     1     1    21     2    11    22     0     2   -47.0   38.045  109.135     52.8    879.3
     1     1    21     2    11    21     0     3   -48.0   38.050  109.147     53.3    879.2
     1     1    21     2    11    20     0     2   -49.0   38.057  109.121     53.1    878.6
     1     1    21     2    11    19     0     1   -50.0   38.055  109.049     51.0    877.8
     1     1    21     2    11    18     0     0   -51.0   38.043  108.928     47.3    876.1
     1     1    21     2    11    17     0     1   -52.0   38.019  108.787     44.4    874.9
     1     1    21     2    11    16     0     2   -53.0   37.985  108.653     44.4    872.8
     1     1    21     2    11    15     0     3   -54.0   37.940  108.519     48.1    869.5
     1     1    21     2    11    14     0     2   -55.0   37.892  108.382     54.4    864.6
     1     1    21     2    11    13     0     1   -56.0   37.844  108.245     61.2    859.8
     1     1    21     2    11    12     0     0   -57.0   37.797  108.112     66.3    855.6
     1     1    21     2    11    11     0     1   -58.0   37.762  107.987     69.5    852.7
     1     1    21     2    11    10     0     2   -59.0   37.748  107.869     70.6    851.3
     1     1    21     2    11     9     0     3   -60.0   37.756  107.753     67.0    850.8
     1     1    21     2    11     8     0     2   -61.0   37.777  107.618     58.5    851.3
     1     1    21     2    11     7     0     1   -62.0   37.796  107.445     44.9    851.7
     1     1    21     2    11     6     0     0   -63.0   37.804  107.231     27.9    851.7
     1     1    21     2    11     5     0     1   -64.0   37.793  107.005     15.0    853.0
     1     1    21     2    11     4     0     2   -65.0   37.784  106.782      4.6    859.5
     1     1    21     2    11     3     0     3   -66.0   37.795  106.545      0.0    866.1
     1     1    21     2    11     2     0     2   -67.0   37.829  106.282      0.0    872.9
     1     1    21     2    11     1     0     1   -68.0   37.890  105.984      0.0    881.9
     1     1    21     2    11     0     0     0   -69.0   37.963  105.673      0.0    877.1
     1     1    21     2    10    23     0     1   -70.0   38.048  105.374      0.0    869.3
     1     1    21     2    10    22     0     2   -71.0   38.167  105.082      0.0    863.7
     1     1    21     2    10    21     0     3   -72.0   38.313  104.809      0.0    862.5
     1     1    21     2    10    20     0     2   -73.0   38.440  104.555      0.0    861.3
     1     1    21     2    10    19     0     1   -74.0   38.526  104.300      0.0    860.5
     1     1    21     2    10    18     0     0   -75.0   38.597  104.015      0.0    859.7
     1     1    21     2    10    17     0     1   -76.0   38.677  103.726      2.2    858.4
     1     1    21     2    10    16     0     2   -77.0   38.764  103.463      9.6    856.9
     1     1    21     2    10    15     0     3   -78.0   38.843  103.207     34.2    853.2
     1     1    21     2    10    14     0     2   -79.0   38.955  102.909    115.7    843.2
     1     1    21     2    10    13     0     1   -80.0   39.120  102.567    208.6    830.8
     1     1    21     2    10    12     0     0   -81.0   39.254  102.239    268.9    824.8
     1     1    21     2    10    11     0     1   -82.0   39.354  101.931    309.2    821.7
     1     1    21     2    10    10     0     2   -83.0   39.454  101.615    345.8    807.1
     1     1    21     2    10     9     0     3   -84.0   39.556  101.300    377.9    797.1
     1     1    21     2    10     8     0     2   -85.0   39.643  100.972    401.3    792.9
     1     1    21     2    10     7     0     1   -86.0   39.711  100.624    443.5    795.4
     1     1    21     2    10     6     0     0   -87.0   39.774  100.255    543.9    789.7
     1     1    21     2    10     5     0     1   -88.0   39.842   99.888    680.4    773.2
     1     1    21     2    10     4     0     2   -89.0   39.918   99.538    779.3    766.1
     1     1    21     2    10     3     0     3   -90.0   40.014   99.157    837.2    778.5
     1     1    21     2    10     2     0     2   -91.0   40.129   98.759    862.1    768.7
     1     1    21     2    10     1     0     1   -92.0   40.236   98.410    860.6    756.9
     1     1    21     2    10     0     0     0   -93.0   40.340   98.110    835.1    753.0
     1     1    21     2     9    23     0     1   -94.0   40.420   97.840    823.0    750.6
     1     1    21     2     9    22     0     2   -95.0   40.454   97.592    833.8    740.8
     1     1    21     2     9    21     0     3   -96.0   40.449   97.369    836.7    731.3
     1     1    21     2     9    20     0     2   -97.0   40.422   97.170    824.4    726.5
     1     1    21     2     9    19     0     1   -98.0   40.380   96.994    805.9    722.4
     1     1    21     2     9    18     0     0   -99.0   40.328   96.846    790.2    725.1
     1     1    21     2     9    17     0     1  -100.0   40.277   96.718    783.2    726.7
     1     1    21     2     9    16     0     2  -101.0   40.232   96.600    788.3    727.0
     1     1    21     2     9    15     0     3  -102.0   40.192   96.492    806.5    726.2
     1     1    21     2     9    14     0     2  -103.0   40.161   96.394    819.4    723.7
     1     1    21     2     9    13     0     1  -104.0   40.145   96.305    807.8    725.2
     1     1    21     2     9    12     0     0  -105.0   40.145   96.228    774.5    729.1
     1     1    21     2     9    11     0     1  -106.0   40.148   96.158    710.5    734.3
     1     1    21     2     9    10     0     2  -107.0   40.148   96.102    603.9    744.6
     1     1    21     2     9     9     0     3  -108.0   40.159   96.064    446.4    758.8
     1     1    21     2     9     8     0     2  -109.0   40.181   96.043    273.9    780.6
     1     1    21     2     9     7     0     1  -110.0   40.210   96.037    119.8    795.5
     1     1    21     2     9     6     0     0  -111.0   40.249   96.050     17.2    809.3
     1     1    21     2     9     5     0     1  -112.0   40.263   96.072      0.0    809.6
     1     1    21     2     9     4     0     2  -113.0   40.225   96.080     17.2    808.8
     1     1    21     2     9     3     0     3  -114.0   40.115   96.054    203.9    796.2
     1     1    21     2     9     2     0     2  -115.0   40.017   95.962    343.0    762.5
     1     1    21     2     9     1     0     1  -116.0   39.950   95.864    398.0    754.6
     1     1    21     2     9     0     0     0  -117.0   39.901   95.787    404.3    752.8
     1     1    21     2     8    23     0     1  -118.0   39.846   95.727    410.6    750.8
     1     1    21     2     8    22     0     2  -119.0   39.781   95.669    422.1    741.7
     1     1    21     2     8    21     0     3  -120.0   39.707   95.614    436.1    731.1
