     5     1
    GDAS    21     2     1     0     0
    GDAS    21     2     8     0     0
    GDAS    21     2    15     0     0
    GDAS    21     2    22     0     0
    GDAS    21     3     1     0     0
     1 BACKWARD OMEGA   
    21     2    26    15   37.820  111.540  1000.0
     1 PRESSURE
     1     1    21     2    26    15     0     3     0.0   37.820  111.540   1000.0    777.0
     1     1    21     2    26    14     0     2    -1.0   37.429  111.622    921.3    788.6
     1     1    21     2    26    13     0     1    -2.0   37.137  111.704    915.8    793.0
     1     1    21     2    26    12     0     0    -3.0   36.890  111.782    991.7    788.3
     1     1    21     2    26    11     0     1    -4.0   36.647  111.886   1101.6    776.1
     1     1    21     2    26    10     0     2    -5.0   36.406  112.043   1231.5    766.1
     1     1    21     2    26     9     0     3    -6.0   36.159  112.243   1352.1    754.3
     1     1    21     2    26     8     0     2    -7.0   35.914  112.477   1437.7    755.1
     1     1    21     2    26     7     0     1    -8.0   35.707  112.727   1501.2    771.5
     1     1    21     2    26     6     0     0    -9.0   35.557  112.983   1577.6    785.2
     1     1    21     2    26     5     0     1   -10.0   35.433  113.257   1638.5    792.3
     1     1    21     2    26     4     0     2   -11.0   35.330  113.562   1644.2    807.4
     1     1    21     2    26     3     0     3   -12.0   35.255  113.889   1628.8    820.5
     1     1    21     2    26     2     0     2   -13.0   35.210  114.226   1612.9    826.9
     1     1    21     2    26     1     0     1   -14.0   35.197  114.568   1590.5    830.6
     1     1    21     2    26     0     0     0   -15.0   35.228  114.918   1552.3    836.8
     1     1    21     2    25    23     0     1   -16.0   35.300  115.260   1512.1    845.6
     1     1    21     2    25    22     0     2   -17.0   35.397  115.585   1462.4    851.0
     1     1    21     2    25    21     0     3   -18.0   35.517  115.892   1362.7    861.1
     1     1    21     2    25    20     0     2   -19.0   35.658  116.171   1253.3    879.0
     1     1    21     2    25    19     0     1   -20.0   35.810  116.434   1195.5    883.2
     1     1    21     2    25    18     0     0   -21.0   35.973  116.686   1168.8    881.1
     1     1    21     2    25    17     0     1   -22.0   36.136  116.934   1141.8    881.7
     1     1    21     2    25    16     0     2   -23.0   36.297  117.185   1114.1    882.8
     1     1    21     2    25    15     0     3   -24.0   36.463  117.438   1103.8    882.7
     1     1    21     2    25    14     0     2   -25.0   36.629  117.686   1107.3    882.0
     1     1    21     2    25    13     0     1   -26.0   36.792  117.927   1115.9    884.2
     1     1    21     2    25    12     0     0   -27.0   36.954  118.164   1141.8    889.3
     1     1    21     2    25    11     0     1   -28.0   37.104  118.379   1192.0    885.1
     1     1    21     2    25    10     0     2   -29.0   37.227  118.572   1253.7    876.9
     1     1    21     2    25     9     0     3   -30.0   37.322  118.756   1313.9    869.6
     1     1    21     2    25     8     0     2   -31.0   37.405  118.936   1361.3    863.4
     1     1    21     2    25     7     0     1   -32.0   37.489  119.107   1391.2    859.2
     1     1    21     2    25     6     0     0   -33.0   37.572  119.268   1405.8    856.2
     1     1    21     2    25     5     0     1   -34.0   37.644  119.422   1414.0    856.3
     1     1    21     2    25     4     0     2   -35.0   37.697  119.573   1424.8    855.3
     1     1    21     2    25     3     0     3   -36.0   37.730  119.726   1439.4    854.0
     1     1    21     2    25     2     0     2   -37.0   37.754  119.883   1461.2    851.5
     1     1    21     2    25     1     0     1   -38.0   37.781  120.048   1494.9    848.0
     1     1    21     2    25     0     0     0   -39.0   37.813  120.216   1548.2    843.1
     1     1    21     2    24    23     0     1   -40.0   37.833  120.358   1605.2    834.9
     1     1    21     2    24    22     0     2   -41.0   37.830  120.461   1638.6    830.8
     1     1    21     2    24    21     0     3   -42.0   37.805  120.533   1641.4    829.8
     1     1    21     2    24    20     0     2   -43.0   37.774  120.587   1624.7    832.5
     1     1    21     2    24    19     0     1   -44.0   37.751  120.631   1604.7    834.7
     1     1    21     2    24    18     0     0   -45.0   37.737  120.662   1586.9    836.7
     1     1    21     2    24    17     0     1   -46.0   37.729  120.690   1575.3    838.0
     1     1    21     2    24    16     0     2   -47.0   37.724  120.720   1571.7    838.3
     1     1    21     2    24    15     0     3   -48.0   37.721  120.753   1572.9    838.0
     1     1    21     2    24    14     0     2   -49.0   37.719  120.770   1572.3    837.4
     1     1    21     2    24    13     0     1   -50.0   37.717  120.755   1566.0    838.0
     1     1    21     2    24    12     0     0   -51.0   37.712  120.710   1554.9    839.0
     1     1    21     2    24    11     0     1   -52.0   37.708  120.646   1549.7    840.5
     1     1    21     2    24    10     0     2   -53.0   37.712  120.574   1560.9    839.2
     1     1    21     2    24     9     0     3   -54.0   37.723  120.495   1589.4    836.3
     1     1    21     2    24     8     0     2   -55.0   37.739  120.402   1622.7    831.6
     1     1    21     2    24     7     0     1   -56.0   37.749  120.287   1643.9    829.2
     1     1    21     2    24     6     0     0   -57.0   37.752  120.151   1646.6    828.5
     1     1    21     2    24     5     0     1   -58.0   37.748  120.005   1654.3    830.9
     1     1    21     2    24     4     0     2   -59.0   37.739  119.860   1703.2    827.8
     1     1    21     2    24     3     0     3   -60.0   37.733  119.708   1811.5    818.3
     1     1    21     2    24     2     0     2   -61.0   37.745  119.544   1950.1    800.7
     1     1    21     2    24     1     0     1   -62.0   37.780  119.368   2057.9    789.0
     1     1    21     2    24     0     0     0   -63.0   37.833  119.179   2104.8    783.5
     1     1    21     2    23    23     0     1   -64.0   37.895  118.967   2124.5    786.6
     1     1    21     2    23    22     0     2   -65.0   37.957  118.722   2163.7    783.1
     1     1    21     2    23    21     0     3   -66.0   38.026  118.448   2234.6    776.9
     1     1    21     2    23    20     0     2   -67.0   38.107  118.163   2308.7    765.9
     1     1    21     2    23    19     0     1   -68.0   38.197  117.874   2350.7    761.8
     1     1    21     2    23    18     0     0   -69.0   38.290  117.560   2365.7    760.6
     1     1    21     2    23    17     0     1   -70.0   38.369  117.240   2378.1    761.6
     1     1    21     2    23    16     0     2   -71.0   38.423  116.948   2397.2    758.9
     1     1    21     2    23    15     0     3   -72.0   38.453  116.694   2407.9    757.7
     1     1    21     2    23    14     0     2   -73.0   38.478  116.451   2413.6    757.6
     1     1    21     2    23    13     0     1   -74.0   38.523  116.197   2416.6    756.9
     1     1    21     2    23    12     0     0   -75.0   38.594  115.940   2417.4    755.7
     1     1    21     2    23    11     0     1   -76.0   38.679  115.660   2436.8    749.4
     1     1    21     2    23    10     0     2   -77.0   38.780  115.334   2484.6    734.1
     1     1    21     2    23     9     0     3   -78.0   38.913  114.980   2517.9    715.0
     1     1    21     2    23     8     0     2   -79.0   39.047  114.579   2442.9    691.0
     1     1    21     2    23     7     0     1   -80.0   39.146  114.139   2215.9    686.6
     1     1    21     2    23     6     0     0   -81.0   39.229  113.731   1943.9    705.1
     1     1    21     2    23     5     0     1   -82.0   39.282  113.358   1756.9    718.3
     1     1    21     2    23     4     0     2   -83.0   39.306  112.978   1657.2    711.9
     1     1    21     2    23     3     0     3   -84.0   39.289  112.570   1591.1    702.6
     1     1    21     2    23     2     0     2   -85.0   39.238  112.112   1521.0    687.5
     1     1    21     2    23     1     0     1   -86.0   39.168  111.662   1404.8    710.7
     1     1    21     2    23     0     0     0   -87.0   39.063  111.290   1186.0    754.2
     1     1    21     2    22    23     0     1   -88.0   38.898  111.036    950.1    805.3
     1     1    21     2    22    22     0     2   -89.0   38.697  110.861    772.5    819.7
     1     1    21     2    22    21     0     3   -90.0   38.475  110.729    630.8    829.3
     1     1    21     2    22    20     0     2   -91.0   38.243  110.649    493.7    841.3
     1     1    21     2    22    19     0     1   -92.0   38.029  110.631    359.7    856.0
     1     1    21     2    22    18     0     0   -93.0   37.859  110.651    276.1    866.4
     1     1    21     2    22    17     0     1   -94.0   37.726  110.681    250.3    865.7
     1     1    21     2    22    16     0     2   -95.0   37.621  110.714    265.2    860.7
     1     1    21     2    22    15     0     3   -96.0   37.538  110.746    296.2    854.5
     1     1    21     2    22    14     0     2   -97.0   37.463  110.768    324.2    848.2
     1     1    21     2    22    13     0     1   -98.0   37.384  110.774    337.9    844.6
     1     1    21     2    22    12     0     0   -99.0   37.306  110.767    335.1    843.0
     1     1    21     2    22    11     0     1  -100.0   37.238  110.753    310.8    844.1
     1     1    21     2    22    10     0     2  -101.0   37.183  110.735    257.9    849.0
     1     1    21     2    22     9     0     3  -102.0   37.141  110.708    170.9    857.8
     1     1    21     2    22     8     0     2  -103.0   37.109  110.678     96.5    872.0
     1     1    21     2    22     7     0     1  -104.0   37.081  110.657     55.2    876.5
     1     1    21     2    22     6     0     0  -105.0   37.056  110.643     35.7    877.3
     1     1    21     2    22     5     0     1  -106.0   37.046  110.641     26.0    878.8
     1     1    21     2    22     4     0     2  -107.0   37.065  110.653     22.3    879.8
     1     1    21     2    22     3     0     3  -108.0   37.108  110.678     23.2    880.4
     1     1    21     2    22     2     0     2  -109.0   37.164  110.701     29.0    878.8
     1     1    21     2    22     1     0     1  -110.0   37.228  110.709     39.2    877.6
     1     1    21     2    22     0     0     0  -111.0   37.304  110.706     53.0    876.9
     1     1    21     2    21    23     0     1  -112.0   37.393  110.700     66.5    875.8
     1     1    21     2    21    22     0     2  -113.0   37.491  110.697     76.7    875.9
     1     1    21     2    21    21     0     3  -114.0   37.602  110.694     86.8    876.2
     1     1    21     2    21    20     0     2  -115.0   37.714  110.688     96.7    876.5
     1     1    21     2    21    19     0     1  -116.0   37.817  110.672    103.7    877.3
     1     1    21     2    21    18     0     0  -117.0   37.909  110.642    109.0    878.2
     1     1    21     2    21    17     0     1  -118.0   37.996  110.607    114.8    879.0
     1     1    21     2    21    16     0     2  -119.0   38.089  110.575    120.5    878.4
     1     1    21     2    21    15     0     3  -120.0   38.192  110.540    123.8    878.0
