     5     1
    GDAS    21     2     1     0     0
    GDAS    21     2     8     0     0
    GDAS    21     2    15     0     0
    GDAS    21     2    22     0     0
    GDAS    21     3     1     0     0
     1 BACKWARD OMEGA   
    21     2    15    15   44.970  -93.230   500.0
     1 PRESSURE
     1     1    21     2    15    15     0     3     0.0   44.970  -93.230    500.0    933.3
     1     1    21     2    15    14     0     2    -1.0   45.087  -93.174    517.4    931.1
     1     1    21     2    15    13     0     1    -2.0   45.203  -93.146    539.2    927.2
     1     1    21     2    15    12     0     0    -3.0   45.322  -93.155    560.1    923.2
     1     1    21     2    15    11     0     1    -4.0   45.440  -93.199    581.0    920.0
     1     1    21     2    15    10     0     2    -5.0   45.551  -93.274    608.9    915.5
     1     1    21     2    15     9     0     3    -6.0   45.650  -93.380    648.3    909.5
     1     1    21     2    15     8     0     2    -7.0   45.745  -93.498    692.3    900.9
     1     1    21     2    15     7     0     1    -8.0   45.834  -93.610    731.8    894.7
     1     1    21     2    15     6     0     0    -9.0   45.913  -93.716    771.7    888.6
     1     1    21     2    15     5     0     1   -10.0   45.996  -93.807    815.5    881.6
     1     1    21     2    15     4     0     2   -11.0   46.104  -93.874    854.7    875.2
     1     1    21     2    15     3     0     3   -12.0   46.237  -93.924    876.5    871.7
     1     1    21     2    15     2     0     2   -13.0   46.393  -93.987    892.9    870.7
     1     1    21     2    15     1     0     1   -14.0   46.569  -94.092    917.3    867.0
     1     1    21     2    15     0     0     0   -15.0   46.760  -94.229    951.8    861.8
     1     1    21     2    14    23     0     1   -16.0   46.955  -94.394    990.4    854.6
     1     1    21     2    14    22     0     2   -17.0   47.146  -94.595   1027.3    850.0
     1     1    21     2    14    21     0     3   -18.0   47.329  -94.828   1061.7    846.9
     1     1    21     2    14    20     0     2   -19.0   47.508  -95.074   1092.6    846.2
     1     1    21     2    14    19     0     1   -20.0   47.688  -95.324   1120.4    846.5
     1     1    21     2    14    18     0     0   -21.0   47.866  -95.585   1148.5    846.3
     1     1    21     2    14    17     0     1   -22.0   48.040  -95.845   1176.6    843.8
     1     1    21     2    14    16     0     2   -23.0   48.215  -96.089   1196.4    841.4
     1     1    21     2    14    15     0     3   -24.0   48.391  -96.317   1203.9    842.0
     1     1    21     2    14    14     0     2   -25.0   48.572  -96.542   1204.0    844.1
     1     1    21     2    14    13     0     1   -26.0   48.759  -96.781   1206.3    845.8
     1     1    21     2    14    12     0     0   -27.0   48.946  -97.053   1220.5    845.7
     1     1    21     2    14    11     0     1   -28.0   49.135  -97.324   1242.9    840.9
     1     1    21     2    14    10     0     2   -29.0   49.322  -97.559   1259.8    837.8
     1     1    21     2    14     9     0     3   -30.0   49.498  -97.769   1266.0    836.8
     1     1    21     2    14     8     0     2   -31.0   49.662  -97.957   1273.7    836.9
     1     1    21     2    14     7     0     1   -32.0   49.825  -98.117   1295.2    833.9
     1     1    21     2    14     6     0     0   -33.0   49.994  -98.260   1328.3    829.9
     1     1    21     2    14     5     0     1   -34.0   50.178  -98.378   1361.9    824.6
     1     1    21     2    14     4     0     2   -35.0   50.377  -98.466   1387.1    821.8
     1     1    21     2    14     3     0     3   -36.0   50.585  -98.542   1404.7    820.4
     1     1    21     2    14     2     0     2   -37.0   50.788  -98.614   1417.1    819.4
     1     1    21     2    14     1     0     1   -38.0   50.976  -98.678   1424.8    818.9
     1     1    21     2    14     0     0     0   -39.0   51.148  -98.732   1427.4    818.8
     1     1    21     2    13    23     0     1   -40.0   51.306  -98.767   1427.8    819.2
     1     1    21     2    13    22     0     2   -41.0   51.448  -98.781   1428.1    819.3
     1     1    21     2    13    21     0     3   -42.0   51.573  -98.778   1428.4    819.4
     1     1    21     2    13    20     0     2   -43.0   51.686  -98.756   1428.8    819.7
     1     1    21     2    13    19     0     1   -44.0   51.793  -98.710   1429.1    820.2
     1     1    21     2    13    18     0     0   -45.0   51.896  -98.641   1429.5    821.0
     1     1    21     2    13    17     0     1   -46.0   51.995  -98.549   1430.0    821.8
     1     1    21     2    13    16     0     2   -47.0   52.092  -98.433   1430.2    822.8
     1     1    21     2    13    15     0     3   -48.0   52.183  -98.295   1429.8    823.9
     1     1    21     2    13    14     0     2   -49.0   52.263  -98.152   1430.0    824.8
     1     1    21     2    13    13     0     1   -50.0   52.327  -98.014   1431.0    825.1
     1     1    21     2    13    12     0     0   -51.0   52.373  -97.877   1430.3    825.1
     1     1    21     2    13    11     0     1   -52.0   52.401  -97.735   1426.8    825.5
     1     1    21     2    13    10     0     2   -53.0   52.408  -97.583   1421.2    826.4
     1     1    21     2    13     9     0     3   -54.0   52.395  -97.425   1415.8    827.3
     1     1    21     2    13     8     0     2   -55.0   52.362  -97.260   1413.3    827.6
     1     1    21     2    13     7     0     1   -56.0   52.305  -97.086   1413.0    827.3
     1     1    21     2    13     6     0     0   -57.0   52.224  -96.903   1412.4    826.4
     1     1    21     2    13     5     0     1   -58.0   52.124  -96.714   1410.9    825.0
     1     1    21     2    13     4     0     2   -59.0   52.016  -96.521   1409.6    823.5
     1     1    21     2    13     3     0     3   -60.0   51.900  -96.326   1408.4    822.0
     1     1    21     2    13     2     0     2   -61.0   51.780  -96.146   1410.4    820.5
     1     1    21     2    13     1     0     1   -62.0   51.649  -95.994   1417.5    818.3
     1     1    21     2    13     0     0     0   -63.0   51.508  -95.867   1426.3    815.8
     1     1    21     2    12    23     0     1   -64.0   51.350  -95.765   1433.6    813.9
     1     1    21     2    12    22     0     2   -65.0   51.167  -95.688   1438.3    812.6
     1     1    21     2    12    21     0     3   -66.0   50.962  -95.639   1439.1    811.7
     1     1    21     2    12    20     0     2   -67.0   50.744  -95.623   1429.9    812.1
     1     1    21     2    12    19     0     1   -68.0   50.523  -95.634   1411.6    814.7
     1     1    21     2    12    18     0     0   -69.0   50.300  -95.668   1393.3    817.5
     1     1    21     2    12    17     0     1   -70.0   50.090  -95.728   1383.6    819.5
     1     1    21     2    12    16     0     2   -71.0   49.906  -95.814   1386.9    819.1
     1     1    21     2    12    15     0     3   -72.0   49.743  -95.925   1398.1    816.8
     1     1    21     2    12    14     0     2   -73.0   49.595  -96.087   1400.6    814.9
     1     1    21     2    12    13     0     1   -74.0   49.462  -96.319   1390.4    817.7
     1     1    21     2    12    12     0     0   -75.0   49.342  -96.612   1382.2    820.7
     1     1    21     2    12    11     0     1   -76.0   49.234  -96.959   1387.1    822.6
     1     1    21     2    12    10     0     2   -77.0   49.149  -97.348   1389.1    817.9
     1     1    21     2    12     9     0     3   -78.0   49.097  -97.771   1363.8    816.9
     1     1    21     2    12     8     0     2   -79.0   49.078  -98.220   1329.1    818.5
     1     1    21     2    12     7     0     1   -80.0   49.081  -98.689   1321.9    814.6
     1     1    21     2    12     6     0     0   -81.0   49.097  -99.192   1353.3    802.1
     1     1    21     2    12     5     0     1   -82.0   49.139  -99.703   1389.6    785.3
     1     1    21     2    12     4     0     2   -83.0   49.214 -100.198   1407.6    782.2
     1     1    21     2    12     3     0     3   -84.0   49.319 -100.674   1406.0    791.4
     1     1    21     2    12     2     0     2   -85.0   49.450 -101.144   1386.8    797.7
     1     1    21     2    12     1     0     1   -86.0   49.609 -101.622   1376.1    792.8
     1     1    21     2    12     0     0     0   -87.0   49.794 -102.106   1401.0    781.4
     1     1    21     2    11    23     0     1   -88.0   49.992 -102.601   1440.3    771.6
     1     1    21     2    11    22     0     2   -89.0   50.194 -103.112   1459.2    771.3
     1     1    21     2    11    21     0     3   -90.0   50.401 -103.639   1464.0    776.1
     1     1    21     2    11    20     0     2   -91.0   50.618 -104.162   1466.8    778.4
     1     1    21     2    11    19     0     1   -92.0   50.839 -104.670   1469.2    781.4
     1     1    21     2    11    18     0     0   -93.0   51.059 -105.165   1470.0    783.6
     1     1    21     2    11    17     0     1   -94.0   51.287 -105.614   1471.4    781.9
     1     1    21     2    11    16     0     2   -95.0   51.527 -106.000   1473.9    780.9
     1     1    21     2    11    15     0     3   -96.0   51.776 -106.347   1473.3    782.9
     1     1    21     2    11    14     0     2   -97.0   52.027 -106.675   1474.5    784.8
     1     1    21     2    11    13     0     1   -98.0   52.272 -106.974   1475.4    782.3
     1     1    21     2    11    12     0     0   -99.0   52.512 -107.241   1472.8    779.0
     1     1    21     2    11    11     0     1  -100.0   52.760 -107.491   1466.6    778.0
     1     1    21     2    11    10     0     2  -101.0   53.020 -107.738   1457.4    779.7
     1     1    21     2    11     9     0     3  -102.0   53.292 -107.976   1453.4    782.9
     1     1    21     2    11     8     0     2  -103.0   53.569 -108.185   1457.9    784.8
     1     1    21     2    11     7     0     1  -104.0   53.848 -108.371   1471.7    785.0
     1     1    21     2    11     6     0     0  -105.0   54.127 -108.539   1493.3    782.1
     1     1    21     2    11     5     0     1  -106.0   54.402 -108.652   1511.0    776.9
     1     1    21     2    11     4     0     2  -107.0   54.666 -108.701   1520.8    773.7
     1     1    21     2    11     3     0     3  -108.0   54.917 -108.721   1530.1    770.4
     1     1    21     2    11     2     0     2  -109.0   55.163 -108.731   1541.9    771.0
     1     1    21     2    11     1     0     1  -110.0   55.405 -108.733   1555.1    774.5
     1     1    21     2    11     0     0     0  -111.0   55.639 -108.732   1572.8    777.3
     1     1    21     2    10    23     0     1  -112.0   55.868 -108.711   1589.5    778.9
     1     1    21     2    10    22     0     2  -113.0   56.095 -108.647   1593.8    779.7
     1     1    21     2    10    21     0     3  -114.0   56.318 -108.533   1586.8    779.1
     1     1    21     2    10    20     0     2  -115.0   56.535 -108.368   1582.0    778.4
     1     1    21     2    10    19     0     1  -116.0   56.743 -108.152   1584.0    776.1
     1     1    21     2    10    18     0     0  -117.0   56.938 -107.888   1585.5    773.7
     1     1    21     2    10    17     0     1  -118.0   57.122 -107.584   1583.9    771.3
     1     1    21     2    10    16     0     2  -119.0   57.305 -107.258   1583.0    769.7
     1     1    21     2    10    15     0     3  -120.0   57.485 -106.929   1583.2    769.7
