     5     1
    GDAS    21     2     1     0     0
    GDAS    21     2     8     0     0
    GDAS    21     2    15     0     0
    GDAS    21     2    22     0     0
    GDAS    21     3     1     0     0
     1 BACKWARD OMEGA   
    21     2    27     6   44.970  -93.230   500.0
     1 PRESSURE
     1     1    21     2    27     6     0     0     0.0   44.970  -93.230    500.0    913.5
     1     1    21     2    27     5     0     1    -1.0   44.886  -93.692    506.0    912.7
     1     1    21     2    27     4     0     2    -2.0   44.758  -94.147    510.3    911.0
     1     1    21     2    27     3     0     3    -3.0   44.596  -94.608    525.1    906.3
     1     1    21     2    27     2     0     2    -4.0   44.442  -95.078    577.3    895.7
     1     1    21     2    27     1     0     1    -5.0   44.312  -95.532    671.5    879.8
     1     1    21     2    27     0     0     0    -6.0   44.199  -95.947    798.0    858.2
     1     1    21     2    26    23     0     1    -7.0   44.088  -96.337    919.5    838.8
     1     1    21     2    26    22     0     2    -8.0   43.965  -96.716   1001.9    828.7
     1     1    21     2    26    21     0     3    -9.0   43.854  -97.095   1024.9    827.5
     1     1    21     2    26    20     0     2   -10.0   43.739  -97.469    979.3    837.7
     1     1    21     2    26    19     0     1   -11.0   43.604  -97.840    896.5    852.2
     1     1    21     2    26    18     0     0   -12.0   43.467  -98.211    829.7    860.2
     1     1    21     2    26    17     0     1   -13.0   43.339  -98.611    793.7    856.2
     1     1    21     2    26    16     0     2   -14.0   43.254  -99.058    785.5    852.0
     1     1    21     2    26    15     0     3   -15.0   43.232  -99.507    804.7    844.1
     1     1    21     2    26    14     0     2   -16.0   43.244  -99.925    818.6    836.3
     1     1    21     2    26    13     0     1   -17.0   43.269 -100.340    789.4    832.0
     1     1    21     2    26    12     0     0   -18.0   43.321 -100.740    744.9    834.1
     1     1    21     2    26    11     0     1   -19.0   43.397 -101.157    711.4    832.4
     1     1    21     2    26    10     0     2   -20.0   43.500 -101.645    694.4    831.8
     1     1    21     2    26     9     0     3   -21.0   43.667 -102.143    707.7    829.4
     1     1    21     2    26     8     0     2   -22.0   43.858 -102.586    683.4    825.2
     1     1    21     2    26     7     0     1   -23.0   44.054 -102.978    553.5    834.8
     1     1    21     2    26     6     0     0   -24.0   44.234 -103.352    436.3    833.9
     1     1    21     2    26     5     0     1   -25.0   44.323 -103.809    394.8    806.1
     1     1    21     2    26     4     0     2   -26.0   44.298 -104.350    393.7    797.5
     1     1    21     2    26     3     0     3   -27.0   44.250 -104.975    505.5    810.4
     1     1    21     2    26     2     0     2   -28.0   44.224 -105.632    606.4    782.7
     1     1    21     2    26     1     0     1   -29.0   44.103 -106.310    818.3    766.1
     1     1    21     2    26     0     0     0   -30.0   44.039 -107.161   1911.7    606.2
     1     1    21     2    25    23     0     1   -31.0   43.970 -107.932   2682.4    594.7
     1     1    21     2    25    22     0     2   -32.0   43.958 -108.601   2610.3    574.5
     1     1    21     2    25    21     0     3   -33.0   43.960 -109.279   2437.2    554.0
     1     1    21     2    25    20     0     2   -34.0   43.983 -110.013   2477.1    522.3
     1     1    21     2    25    19     0     1   -35.0   44.033 -110.782   2678.0    537.2
     1     1    21     2    25    18     0     0   -36.0   44.098 -111.511   2662.3    572.6
     1     1    21     2    25    17     0     1   -37.0   44.147 -112.141   2615.8    592.6
     1     1    21     2    25    16     0     2   -38.0   44.239 -112.754   2572.2    576.4
     1     1    21     2    25    15     0     3   -39.0   44.413 -113.397   2528.2    566.6
     1     1    21     2    25    14     0     2   -40.0   44.602 -114.042   2462.7    570.5
     1     1    21     2    25    13     0     1   -41.0   44.778 -114.685   2427.3    576.1
     1     1    21     2    25    12     0     0   -42.0   44.950 -115.343   2444.7    582.0
     1     1    21     2    25    11     0     1   -43.0   45.102 -115.973   2481.1    593.1
     1     1    21     2    25    10     0     2   -44.0   45.206 -116.508   2521.3    617.7
     1     1    21     2    25     9     0     3   -45.0   45.265 -116.930   2524.0    635.7
     1     1    21     2    25     8     0     2   -46.0   45.330 -117.254   2514.7    643.4
     1     1    21     2    25     7     0     1   -47.0   45.439 -117.502   2531.9    642.4
     1     1    21     2    25     6     0     0   -48.0   45.591 -117.679   2565.9    640.2
     1     1    21     2    25     5     0     1   -49.0   45.787 -117.818   2627.4    636.5
     1     1    21     2    25     4     0     2   -50.0   46.034 -117.954   2755.7    628.0
     1     1    21     2    25     3     0     3   -51.0   46.323 -118.097   2966.5    629.2
     1     1    21     2    25     2     0     2   -52.0   46.633 -118.261   3156.8    631.1
     1     1    21     2    25     1     0     1   -53.0   46.950 -118.439   3283.6    636.7
     1     1    21     2    25     0     0     0   -54.0   47.287 -118.617   3355.6    628.9
     1     1    21     2    24    23     0     1   -55.0   47.649 -118.799   3449.1    617.7
     1     1    21     2    24    22     0     2   -56.0   48.055 -118.986   3647.0    597.4
     1     1    21     2    24    21     0     3   -57.0   48.550 -119.184   3860.1    549.2
     1     1    21     2    24    20     0     2   -58.0   49.139 -119.430   3976.5    506.5
     1     1    21     2    24    19     0     1   -59.0   49.797 -119.731   4158.3    494.6
     1     1    21     2    24    18     0     0   -60.0   50.488 -120.071   4397.4    486.9
     1     1    21     2    24    17     0     1   -61.0   51.195 -120.458   4544.4    481.5
     1     1    21     2    24    16     0     2   -62.0   51.918 -120.922   4638.4    477.0
     1     1    21     2    24    15     0     3   -63.0   52.651 -121.493   4764.7    467.6
     1     1    21     2    24    14     0     2   -64.0   53.359 -122.149   4910.6    476.5
     1     1    21     2    24    13     0     1   -65.0   54.036 -122.910   5087.4    479.1
     1     1    21     2    24    12     0     0   -66.0   54.703 -123.825   5228.7    452.2
     1     1    21     2    24    11     0     1   -67.0   55.403 -124.864   5338.0    436.2
     1     1    21     2    24    10     0     2   -68.0   56.095 -126.014   5248.6    422.6
     1     1    21     2    24     9     0     3   -69.0   56.755 -127.225   5294.8    417.1
     1     1    21     2    24     8     0     2   -70.0   57.382 -128.529   5396.5    409.4
     1     1    21     2    24     7     0     1   -71.0   57.943 -129.894   5345.9    433.2
     1     1    21     2    24     6     0     0   -72.0   58.437 -131.350   5343.4    432.3
     1     1    21     2    24     5     0     1   -73.0   58.900 -132.803   5382.0    440.3
     1     1    21     2    24     4     0     2   -74.0   59.314 -134.380   5282.7    433.6
     1     1    21     2    24     3     0     3   -75.0   59.688 -136.048   5180.7    435.4
     1     1    21     2    24     2     0     2   -76.0   60.029 -137.594   4917.8    461.3
     1     1    21     2    24     1     0     1   -77.0   60.323 -139.335   4981.6    432.2
     1     1    21     2    24     0     0     0   -78.0   60.548 -141.502   5297.4    439.3
     1     1    21     2    23    23     0     1   -79.0   60.634 -143.514   5302.5    460.1
     1     1    21     2    23    22     0     2   -80.0   60.640 -145.336   5101.2    488.3
     1     1    21     2    23    21     0     3   -81.0   60.540 -147.029   5170.8    508.3
     1     1    21     2    23    20     0     2   -82.0   60.386 -148.645   5083.0    492.1
     1     1    21     2    23    19     0     1   -83.0   60.175 -150.238   4822.8    484.2
     1     1    21     2    23    18     0     0   -84.0   59.919 -151.781   4817.0    536.1
     1     1    21     2    23    17     0     1   -85.0   59.620 -153.180   4859.0    511.1
     1     1    21     2    23    16     0     2   -86.0   59.282 -154.560   4927.3    503.2
     1     1    21     2    23    15     0     3   -87.0   58.884 -155.957   4994.7    508.9
     1     1    21     2    23    14     0     2   -88.0   58.443 -157.192   4962.9    533.3
     1     1    21     2    23    13     0     1   -89.0   57.951 -158.347   4973.0    531.2
     1     1    21     2    23    12     0     0   -90.0   57.391 -159.468   4936.5    536.5
     1     1    21     2    23    11     0     1   -91.0   56.787 -160.520   4968.7    526.0
     1     1    21     2    23    10     0     2   -92.0   56.169 -161.506   4825.5    542.1
     1     1    21     2    23     9     0     3   -93.0   55.498 -162.456   4596.1    559.1
     1     1    21     2    23     8     0     2   -94.0   54.798 -163.369   4398.2    571.9
     1     1    21     2    23     7     0     1   -95.0   54.088 -164.241   4329.1    579.7
     1     1    21     2    23     6     0     0   -96.0   53.336 -165.046   4222.6    590.6
     1     1    21     2    23     5     0     1   -97.0   52.548 -165.818   4188.3    592.2
     1     1    21     2    23     4     0     2   -98.0   51.765 -166.547   4158.6    595.0
     1     1    21     2    23     3     0     3   -99.0   50.960 -167.189   4151.0    596.1
     1     1    21     2    23     2     0     2  -100.0   50.151 -167.783   4153.3    596.3
     1     1    21     2    23     1     0     1  -101.0   49.376 -168.385   4155.5    596.7
     1     1    21     2    23     0     0     0  -102.0   48.619 -168.932   4123.5    598.9
     1     1    21     2    22    23     0     1  -103.0   47.874 -169.481   4045.0    606.6
     1     1    21     2    22    22     0     2  -104.0   47.167 -170.050   4012.7    613.6
     1     1    21     2    22    21     0     3  -105.0   46.499 -170.620   3990.9    609.3
     1     1    21     2    22    20     0     2  -106.0   45.857 -171.180   3916.0    616.2
     1     1    21     2    22    19     0     1  -107.0   45.239 -171.725   3817.6    626.8
     1     1    21     2    22    18     0     0  -108.0   44.641 -172.276   3735.7    635.2
     1     1    21     2    22    17     0     1  -109.0   44.074 -172.825   3705.3    639.5
     1     1    21     2    22    16     0     2  -110.0   43.531 -173.351   3642.2    636.8
     1     1    21     2    22    15     0     3  -111.0   43.003 -173.865   3525.3    652.9
     1     1    21     2    22    14     0     2  -112.0   42.498 -174.370   3433.7    662.3
     1     1    21     2    22    13     0     1  -113.0   42.020 -174.857   3372.3    667.9
     1     1    21     2    22    12     0     0  -114.0   41.562 -175.314   3355.0    671.5
     1     1    21     2    22    11     0     1  -115.0   41.139 -175.739   3392.1    668.1
     1     1    21     2    22    10     0     2  -116.0   40.750 -176.134   3442.9    661.2
     1     1    21     2    22     9     0     3  -117.0   40.387 -176.494   3453.7    658.5
     1     1    21     2    22     8     0     2  -118.0   40.057 -176.831   3420.7    663.0
     1     1    21     2    22     7     0     1  -119.0   39.756 -177.174   3373.3    668.4
     1     1    21     2    22     6     0     0  -120.0   39.485 -177.523   3320.7    672.9
