     5     1
    GDAS    21     2     1     0     0
    GDAS    21     2     8     0     0
    GDAS    21     2    15     0     0
    GDAS    21     2    22     0     0
    GDAS    21     3     1     0     0
     1 BACKWARD OMEGA   
    21     2    26    11   37.820  111.540  1000.0
     1 PRESSURE
     1     1    21     2    26    11     0     1     0.0   37.820  111.540   1000.0    776.4
     1     1    21     2    26    10     0     2    -1.0   37.520  111.708    947.0    784.4
     1     1    21     2    26     9     0     3    -2.0   37.295  111.831    913.1    787.3
     1     1    21     2    26     8     0     2    -3.0   37.132  111.923    864.1    795.8
     1     1    21     2    26     7     0     1    -4.0   37.015  112.005    807.1    807.2
     1     1    21     2    26     6     0     0    -5.0   36.916  112.108    779.4    813.4
     1     1    21     2    26     5     0     1    -6.0   36.805  112.255    779.1    811.7
     1     1    21     2    26     4     0     2    -7.0   36.677  112.439    789.4    812.4
     1     1    21     2    26     3     0     3    -8.0   36.540  112.662    805.7    812.8
     1     1    21     2    26     2     0     2    -9.0   36.410  112.906    806.9    814.0
     1     1    21     2    26     1     0     1   -10.0   36.316  113.142    787.8    826.9
     1     1    21     2    26     0     0     0   -11.0   36.271  113.356    764.0    844.4
     1     1    21     2    25    23     0     1   -12.0   36.281  113.548    748.6    858.6
     1     1    21     2    25    22     0     2   -13.0   36.340  113.717    743.5    867.8
     1     1    21     2    25    21     0     3   -14.0   36.431  113.866    742.1    873.8
     1     1    21     2    25    20     0     2   -15.0   36.548  114.004    740.3    878.1
     1     1    21     2    25    19     0     1   -16.0   36.682  114.141    742.4    882.5
     1     1    21     2    25    18     0     0   -17.0   36.827  114.278    752.8    886.3
     1     1    21     2    25    17     0     1   -18.0   36.973  114.404    748.7    890.2
     1     1    21     2    25    16     0     2   -19.0   37.103  114.515    712.3    903.8
     1     1    21     2    25    15     0     3   -20.0   37.214  114.625    653.7    920.9
     1     1    21     2    25    14     0     2   -21.0   37.306  114.748    594.0    937.8
     1     1    21     2    25    13     0     1   -22.0   37.388  114.885    548.3    952.3
     1     1    21     2    25    12     0     0   -23.0   37.465  115.037    519.0    963.3
     1     1    21     2    25    11     0     1   -24.0   37.533  115.197    501.3    964.3
     1     1    21     2    25    10     0     2   -25.0   37.592  115.358    489.7    965.0
     1     1    21     2    25     9     0     3   -26.0   37.642  115.512    482.0    965.5
     1     1    21     2    25     8     0     2   -27.0   37.695  115.657    478.3    966.1
     1     1    21     2    25     7     0     1   -28.0   37.760  115.791    479.5    965.9
     1     1    21     2    25     6     0     0   -29.0   37.835  115.914    486.5    965.1
     1     1    21     2    25     5     0     1   -30.0   37.913  116.037    489.0    963.9
     1     1    21     2    25     4     0     2   -31.0   37.991  116.171    480.8    965.9
     1     1    21     2    25     3     0     3   -32.0   38.069  116.316    470.2    968.2
     1     1    21     2    25     2     0     2   -33.0   38.131  116.465    461.8    969.2
     1     1    21     2    25     1     0     1   -34.0   38.164  116.608    455.4    969.5
     1     1    21     2    25     0     0     0   -35.0   38.172  116.741    449.3    969.9
     1     1    21     2    24    23     0     1   -36.0   38.150  116.852    451.6    970.4
     1     1    21     2    24    22     0     2   -37.0   38.091  116.929    473.7    967.5
     1     1    21     2    24    21     0     3   -38.0   37.991  116.967    520.6    961.7
     1     1    21     2    24    20     0     2   -39.0   37.881  117.006    544.4    952.9
     1     1    21     2    24    19     0     1   -40.0   37.783  117.068    508.4    958.5
     1     1    21     2    24    18     0     0   -41.0   37.693  117.132    439.4    968.6
     1     1    21     2    24    17     0     1   -42.0   37.598  117.201    380.2    979.3
     1     1    21     2    24    16     0     2   -43.0   37.489  117.289    358.5    981.6
     1     1    21     2    24    15     0     3   -44.0   37.359  117.392    376.0    979.8
     1     1    21     2    24    14     0     2   -45.0   37.221  117.518    420.9    972.3
     1     1    21     2    24    13     0     1   -46.0   37.084  117.687    465.4    965.2
     1     1    21     2    24    12     0     0   -47.0   36.938  117.907    491.6    957.3
     1     1    21     2    24    11     0     1   -48.0   36.788  118.155    525.2    950.7
     1     1    21     2    24    10     0     2   -49.0   36.649  118.392    557.6    941.0
     1     1    21     2    24     9     0     3   -50.0   36.530  118.599    567.4    938.5
     1     1    21     2    24     8     0     2   -51.0   36.419  118.790    561.9    940.4
     1     1    21     2    24     7     0     1   -52.0   36.301  118.985    555.6    942.9
     1     1    21     2    24     6     0     0   -53.0   36.175  119.189    552.2    941.6
     1     1    21     2    24     5     0     1   -54.0   36.075  119.396    538.1    942.7
     1     1    21     2    24     4     0     2   -55.0   36.030  119.586    515.5    948.7
     1     1    21     2    24     3     0     3   -56.0   36.029  119.756    512.4    953.0
     1     1    21     2    24     2     0     2   -57.0   36.053  119.913    542.0    950.3
     1     1    21     2    24     1     0     1   -58.0   36.091  120.067    606.4    943.8
     1     1    21     2    24     0     0     0   -59.0   36.134  120.212    698.4    932.6
     1     1    21     2    23    23     0     1   -60.0   36.172  120.325    778.0    920.6
     1     1    21     2    23    22     0     2   -61.0   36.211  120.421    817.1    917.0
     1     1    21     2    23    21     0     3   -62.0   36.256  120.518    822.2    917.1
     1     1    21     2    23    20     0     2   -63.0   36.312  120.626    828.2    919.8
     1     1    21     2    23    19     0     1   -64.0   36.381  120.734    861.6    915.5
     1     1    21     2    23    18     0     0   -65.0   36.462  120.822    916.9    908.0
     1     1    21     2    23    17     0     1   -66.0   36.550  120.871    978.1    898.7
     1     1    21     2    23    16     0     2   -67.0   36.645  120.884   1038.6    891.5
     1     1    21     2    23    15     0     3   -68.0   36.746  120.862   1106.9    883.2
     1     1    21     2    23    14     0     2   -69.0   36.852  120.802   1169.4    872.4
     1     1    21     2    23    13     0     1   -70.0   36.965  120.724   1207.5    865.9
     1     1    21     2    23    12     0     0   -71.0   37.087  120.649   1225.0    864.9
     1     1    21     2    23    11     0     1   -72.0   37.198  120.593   1250.9    867.0
     1     1    21     2    23    10     0     2   -73.0   37.283  120.531   1301.0    862.1
     1     1    21     2    23     9     0     3   -74.0   37.345  120.446   1358.7    856.1
     1     1    21     2    23     8     0     2   -75.0   37.392  120.331   1409.8    850.6
     1     1    21     2    23     7     0     1   -76.0   37.434  120.196   1461.8    846.9
     1     1    21     2    23     6     0     0   -77.0   37.468  120.033   1532.8    840.5
     1     1    21     2    23     5     0     1   -78.0   37.496  119.841   1581.3    832.5
     1     1    21     2    23     4     0     2   -79.0   37.524  119.672   1579.6    835.8
     1     1    21     2    23     3     0     3   -80.0   37.558  119.549   1532.8    842.9
     1     1    21     2    23     2     0     2   -81.0   37.602  119.485   1486.3    853.9
     1     1    21     2    23     1     0     1   -82.0   37.656  119.435   1487.0    854.8
     1     1    21     2    23     0     0     0   -83.0   37.722  119.368   1541.9    849.9
     1     1    21     2    22    23     0     1   -84.0   37.804  119.250   1613.1    838.7
     1     1    21     2    22    22     0     2   -85.0   37.911  119.105   1658.8    833.9
     1     1    21     2    22    21     0     3   -86.0   38.043  118.953   1670.4    832.5
     1     1    21     2    22    20     0     2   -87.0   38.200  118.804   1669.6    834.8
     1     1    21     2    22    19     0     1   -88.0   38.380  118.641   1664.7    834.3
     1     1    21     2    22    18     0     0   -89.0   38.577  118.471   1636.3    836.2
     1     1    21     2    22    17     0     1   -90.0   38.781  118.331   1604.6    843.2
     1     1    21     2    22    16     0     2   -91.0   38.989  118.216   1613.6    843.4
     1     1    21     2    22    15     0     3   -92.0   39.204  118.088   1652.0    835.4
     1     1    21     2    22    14     0     2   -93.0   39.420  117.926   1672.8    828.3
     1     1    21     2    22    13     0     1   -94.0   39.612  117.753   1664.2    829.5
     1     1    21     2    22    12     0     0   -95.0   39.774  117.601   1653.8    831.2
     1     1    21     2    22    11     0     1   -96.0   39.922  117.467   1608.9    831.7
     1     1    21     2    22    10     0     2   -97.0   40.063  117.356   1474.7    843.8
     1     1    21     2    22     9     0     3   -98.0   40.205  117.253   1330.3    858.7
     1     1    21     2    22     8     0     2   -99.0   40.341  117.137   1296.8    861.4
     1     1    21     2    22     7     0     1  -100.0   40.473  116.972   1371.6    837.5
     1     1    21     2    22     6     0     0  -101.0   40.614  116.733   1431.7    802.1
     1     1    21     2    22     5     0     1  -102.0   40.814  116.385   1412.9    775.2
     1     1    21     2    22     4     0     2  -103.0   41.143  115.874   1397.3    743.9
     1     1    21     2    22     3     0     3  -104.0   41.558  115.252   1433.9    721.0
     1     1    21     2    22     2     0     2  -105.0   41.988  114.600   1492.8    705.2
     1     1    21     2    22     1     0     1  -106.0   42.402  113.946   1558.8    710.2
     1     1    21     2    22     0     0     0  -107.0   42.771  113.360   1603.1    725.6
     1     1    21     2    21    23     0     1  -108.0   43.107  112.849   1633.2    734.7
     1     1    21     2    21    22     0     2  -109.0   43.439  112.362   1669.9    727.6
     1     1    21     2    21    21     0     3  -110.0   43.802  111.873   1745.4    718.1
     1     1    21     2    21    20     0     2  -111.0   44.198  111.373   1832.0    705.4
     1     1    21     2    21    19     0     1  -112.0   44.608  110.870   1895.4    703.9
     1     1    21     2    21    18     0     0  -113.0   45.036  110.370   1946.5    703.6
     1     1    21     2    21    17     0     1  -114.0   45.477  109.848   2004.9    697.2
     1     1    21     2    21    16     0     2  -115.0   45.922  109.275   2017.1    680.0
     1     1    21     2    21    15     0     3  -116.0   46.380  108.660   1979.6    675.9
     1     1    21     2    21    14     0     2  -117.0   46.826  107.965   1981.6    667.5
     1     1    21     2    21    13     0     1  -118.0   47.255  107.181   2058.0    651.4
     1     1    21     2    21    12     0     0  -119.0   47.689  106.344   2200.0    642.4
     1     1    21     2    21    11     0     1  -120.0   48.079  105.531   2285.9    651.4
