     5     1
    GDAS    21     2     1     0     0
    GDAS    21     2     8     0     0
    GDAS    21     2    15     0     0
    GDAS    21     2    22     0     0
    GDAS    21     3     1     0     0
     1 BACKWARD OMEGA   
    21     2    21    18   44.970  -93.230   500.0
     1 PRESSURE
     1     1    21     2    21    18     0     0     0.0   44.970  -93.230    500.0    919.8
     1     1    21     2    21    17     0     1    -1.0   44.776  -93.024    548.5    914.8
     1     1    21     2    21    16     0     2    -2.0   44.548  -92.877    615.4    901.9
     1     1    21     2    21    15     0     3    -3.0   44.298  -92.799    631.8    893.3
     1     1    21     2    21    14     0     2    -4.0   44.025  -92.773    570.4    898.6
     1     1    21     2    21    13     0     1    -5.0   43.723  -92.771    489.8    914.6
     1     1    21     2    21    12     0     0    -6.0   43.386  -92.821    422.7    923.8
     1     1    21     2    21    11     0     1    -7.0   43.022  -92.889    364.7    933.6
     1     1    21     2    21    10     0     2    -8.0   42.653  -92.894    322.4    941.4
     1     1    21     2    21     9     0     3    -9.0   42.289  -92.844    278.7    948.1
     1     1    21     2    21     8     0     2   -10.0   41.957  -92.766    233.9    957.9
     1     1    21     2    21     7     0     1   -11.0   41.661  -92.673    203.4    963.2
     1     1    21     2    21     6     0     0   -12.0   41.378  -92.579    183.2    966.5
     1     1    21     2    21     5     0     1   -13.0   41.104  -92.497    169.0    970.4
     1     1    21     2    21     4     0     2   -14.0   40.846  -92.428    163.8    972.0
     1     1    21     2    21     3     0     3   -15.0   40.606  -92.367    164.1    972.1
     1     1    21     2    21     2     0     2   -16.0   40.365  -92.319    163.6    972.4
     1     1    21     2    21     1     0     1   -17.0   40.106  -92.300    165.1    973.4
     1     1    21     2    21     0     0     0   -18.0   39.826  -92.326    176.4    971.8
     1     1    21     2    20    23     0     1   -19.0   39.538  -92.369    190.7    968.6
     1     1    21     2    20    22     0     2   -20.0   39.263  -92.410    208.9    967.3
     1     1    21     2    20    21     0     3   -21.0   39.002  -92.473    243.6    964.6
     1     1    21     2    20    20     0     2   -22.0   38.759  -92.549    279.6    957.8
     1     1    21     2    20    19     0     1   -23.0   38.540  -92.611    295.8    955.7
     1     1    21     2    20    18     0     0   -24.0   38.342  -92.654    293.9    955.8
     1     1    21     2    20    17     0     1   -25.0   38.159  -92.705    290.4    957.6
     1     1    21     2    20    16     0     2   -26.0   37.984  -92.797    303.6    955.2
     1     1    21     2    20    15     0     3   -27.0   37.812  -92.929    329.4    948.5
     1     1    21     2    20    14     0     2   -28.0   37.646  -93.124    348.9    943.0
     1     1    21     2    20    13     0     1   -29.0   37.484  -93.394    351.4    941.5
     1     1    21     2    20    12     0     0   -30.0   37.315  -93.740    345.4    940.8
     1     1    21     2    20    11     0     1   -31.0   37.124  -94.131    341.9    939.5
     1     1    21     2    20    10     0     2   -32.0   36.902  -94.511    339.3    941.9
     1     1    21     2    20     9     0     3   -33.0   36.655  -94.840    323.6    948.0
     1     1    21     2    20     8     0     2   -34.0   36.395  -95.107    294.8    956.3
     1     1    21     2    20     7     0     1   -35.0   36.137  -95.322    266.1    963.4
     1     1    21     2    20     6     0     0   -36.0   35.886  -95.493    251.5    968.1
     1     1    21     2    20     5     0     1   -37.0   35.636  -95.624    253.7    969.3
     1     1    21     2    20     4     0     2   -38.0   35.378  -95.724    267.8    968.3
     1     1    21     2    20     3     0     3   -39.0   35.107  -95.803    287.9    965.9
     1     1    21     2    20     2     0     2   -40.0   34.854  -95.857    312.3    964.3
     1     1    21     2    20     1     0     1   -41.0   34.648  -95.885    338.9    962.6
     1     1    21     2    20     0     0     0   -42.0   34.485  -95.893    364.1    960.9
     1     1    21     2    19    23     0     1   -43.0   34.346  -95.905    390.4    959.6
     1     1    21     2    19    22     0     2   -44.0   34.216  -95.938    423.8    957.3
     1     1    21     2    19    21     0     3   -45.0   34.094  -95.994    465.9    953.0
     1     1    21     2    19    20     0     2   -46.0   33.990  -96.068    512.3    948.0
     1     1    21     2    19    19     0     1   -47.0   33.917  -96.145    560.9    942.8
     1     1    21     2    19    18     0     0   -48.0   33.870  -96.223    614.2    937.4
     1     1    21     2    19    17     0     1   -49.0   33.842  -96.291    663.1    929.6
     1     1    21     2    19    16     0     2   -50.0   33.828  -96.341    697.4    925.1
     1     1    21     2    19    15     0     3   -51.0   33.830  -96.374    718.5    922.3
     1     1    21     2    19    14     0     2   -52.0   33.856  -96.398    738.0    920.9
     1     1    21     2    19    13     0     1   -53.0   33.915  -96.421    771.1    916.6
     1     1    21     2    19    12     0     0   -54.0   34.004  -96.448    823.4    910.4
     1     1    21     2    19    11     0     1   -55.0   34.115  -96.492    890.7    900.4
     1     1    21     2    19    10     0     2   -56.0   34.238  -96.560    960.3    890.0
     1     1    21     2    19     9     0     3   -57.0   34.371  -96.651   1028.8    879.8
     1     1    21     2    19     8     0     2   -58.0   34.509  -96.759   1083.8    870.0
     1     1    21     2    19     7     0     1   -59.0   34.642  -96.871   1119.6    864.1
     1     1    21     2    19     6     0     0   -60.0   34.764  -96.984   1147.9    859.0
     1     1    21     2    19     5     0     1   -61.0   34.875  -97.084   1178.2    854.0
     1     1    21     2    19     4     0     2   -62.0   34.985  -97.157   1214.0    848.3
     1     1    21     2    19     3     0     3   -63.0   35.100  -97.198   1254.1    844.0
     1     1    21     2    19     2     0     2   -64.0   35.225  -97.199   1308.6    839.8
     1     1    21     2    19     1     0     1   -65.0   35.364  -97.159   1387.4    831.8
     1     1    21     2    19     0     0     0   -66.0   35.523  -97.087   1487.0    822.2
     1     1    21     2    18    23     0     1   -67.0   35.718  -97.014   1577.9    810.5
     1     1    21     2    18    22     0     2   -68.0   35.955  -96.960   1633.0    806.3
     1     1    21     2    18    21     0     3   -69.0   36.232  -96.927   1665.8    802.5
     1     1    21     2    18    20     0     2   -70.0   36.532  -96.921   1712.4    798.1
     1     1    21     2    18    19     0     1   -71.0   36.839  -96.954   1768.2    788.1
     1     1    21     2    18    18     0     0   -72.0   37.160  -97.022   1793.2    782.2
     1     1    21     2    18    17     0     1   -73.0   37.485  -97.119   1810.2    780.6
     1     1    21     2    18    16     0     2   -74.0   37.801  -97.246   1832.4    772.7
     1     1    21     2    18    15     0     3   -75.0   38.111  -97.395   1829.1    770.1
     1     1    21     2    18    14     0     2   -76.0   38.426  -97.566   1813.7    772.7
     1     1    21     2    18    13     0     1   -77.0   38.750  -97.770   1816.5    771.3
     1     1    21     2    18    12     0     0   -78.0   39.066  -98.006   1857.9    764.9
     1     1    21     2    18    11     0     1   -79.0   39.359  -98.266   1929.2    753.2
     1     1    21     2    18    10     0     2   -80.0   39.627  -98.543   2012.7    742.3
     1     1    21     2    18     9     0     3   -81.0   39.887  -98.829   2124.6    728.2
     1     1    21     2    18     8     0     2   -82.0   40.151  -99.108   2251.4    708.9
     1     1    21     2    18     7     0     1   -83.0   40.410  -99.374   2354.1    692.9
     1     1    21     2    18     6     0     0   -84.0   40.661  -99.630   2410.6    682.5
     1     1    21     2    18     5     0     1   -85.0   40.918  -99.890   2427.1    677.5
     1     1    21     2    18     4     0     2   -86.0   41.190 -100.164   2435.7    674.5
     1     1    21     2    18     3     0     3   -87.0   41.475 -100.446   2458.7    668.3
     1     1    21     2    18     2     0     2   -88.0   41.766 -100.747   2495.7    658.6
     1     1    21     2    18     1     0     1   -89.0   42.055 -101.078   2542.3    647.6
     1     1    21     2    18     0     0     0   -90.0   42.346 -101.430   2607.7    638.3
     1     1    21     2    17    23     0     1   -91.0   42.632 -101.788   2674.7    628.1
     1     1    21     2    17    22     0     2   -92.0   42.902 -102.133   2734.2    624.0
     1     1    21     2    17    21     0     3   -93.0   43.159 -102.453   2796.5    623.6
     1     1    21     2    17    20     0     2   -94.0   43.408 -102.764   2839.9    621.7
     1     1    21     2    17    19     0     1   -95.0   43.655 -103.078   2839.8    617.8
     1     1    21     2    17    18     0     0   -96.0   43.903 -103.394   2776.6    600.1
     1     1    21     2    17    17     0     1   -97.0   44.154 -103.721   2702.8    588.2
     1     1    21     2    17    16     0     2   -98.0   44.412 -104.071   2670.1    592.5
     1     1    21     2    17    15     0     3   -99.0   44.695 -104.433   2693.3    610.0
     1     1    21     2    17    14     0     2  -100.0   44.992 -104.800   2716.9    615.3
     1     1    21     2    17    13     0     1  -101.0   45.286 -105.175   2742.6    617.4
     1     1    21     2    17    12     0     0  -102.0   45.580 -105.554   2797.3    620.1
     1     1    21     2    17    11     0     1  -103.0   45.869 -105.941   2852.1    622.2
     1     1    21     2    17    10     0     2  -104.0   46.149 -106.339   2859.2    619.4
     1     1    21     2    17     9     0     3  -105.0   46.431 -106.737   2827.1    617.3
     1     1    21     2    17     8     0     2  -106.0   46.715 -107.133   2793.3    620.9
     1     1    21     2    17     7     0     1  -107.0   46.985 -107.524   2803.4    627.3
     1     1    21     2    17     6     0     0  -108.0   47.243 -107.905   2851.7    627.7
     1     1    21     2    17     5     0     1  -109.0   47.511 -108.285   2882.3    617.2
     1     1    21     2    17     4     0     2  -110.0   47.801 -108.676   2854.6    612.4
     1     1    21     2    17     3     0     3  -111.0   48.108 -109.062   2756.9    621.0
     1     1    21     2    17     2     0     2  -112.0   48.422 -109.438   2673.8    638.0
     1     1    21     2    17     1     0     1  -113.0   48.740 -109.822   2657.8    641.6
     1     1    21     2    17     0     0     0  -114.0   49.077 -110.220   2675.6    638.2
     1     1    21     2    16    23     0     1  -115.0   49.413 -110.614   2712.3    633.3
     1     1    21     2    16    22     0     2  -116.0   49.734 -111.006   2758.9    631.9
     1     1    21     2    16    21     0     3  -117.0   50.052 -111.419   2792.9    633.4
     1     1    21     2    16    20     0     2  -118.0   50.362 -111.834   2800.4    635.3
     1     1    21     2    16    19     0     1  -119.0   50.661 -112.216   2797.7    633.7
     1     1    21     2    16    18     0     0  -120.0   50.952 -112.585   2792.6    629.7
