     5     1
    GDAS    21     2     1     0     0
    GDAS    21     2     8     0     0
    GDAS    21     2    15     0     0
    GDAS    21     2    22     0     0
    GDAS    21     3     1     0     0
     1 BACKWARD OMEGA   
    21     2     2     6   37.820  111.540  1000.0
     1 PRESSURE
     1     1    21     2     2     6     0     0     0.0   37.820  111.540   1000.0    776.2
     1     1    21     2     2     5     0     1    -1.0   37.967  111.117   1004.9    782.6
     1     1    21     2     2     4     0     2    -2.0   38.109  110.757    991.6    791.2
     1     1    21     2     2     3     0     3    -3.0   38.243  110.415    974.5    794.6
     1     1    21     2     2     2     0     2    -4.0   38.389  110.061    972.0    792.5
     1     1    21     2     2     1     0     1    -5.0   38.560  109.680    981.3    783.3
     1     1    21     2     2     0     0     0    -6.0   38.756  109.272    991.7    775.5
     1     1    21     2     1    23     0     1    -7.0   38.965  108.826   1001.8    766.8
     1     1    21     2     1    22     0     2    -8.0   39.174  108.344   1009.8    760.4
     1     1    21     2     1    21     0     3    -9.0   39.373  107.850   1028.1    762.4
     1     1    21     2     1    20     0     2   -10.0   39.548  107.351   1077.6    762.2
     1     1    21     2     1    19     0     1   -11.0   39.709  106.837   1171.3    749.4
     1     1    21     2     1    18     0     0   -12.0   39.863  106.336   1278.4    744.8
     1     1    21     2     1    17     0     1   -13.0   40.005  105.890   1340.6    753.0
     1     1    21     2     1    16     0     2   -14.0   40.152  105.479   1358.4    737.2
     1     1    21     2     1    15     0     3   -15.0   40.341  105.064   1404.9    719.3
     1     1    21     2     1    14     0     2   -16.0   40.545  104.658   1446.6    715.3
     1     1    21     2     1    13     0     1   -17.0   40.738  104.281   1466.3    720.7
     1     1    21     2     1    12     0     0   -18.0   40.939  103.941   1510.2    721.2
     1     1    21     2     1    11     0     1   -19.0   41.168  103.595   1571.2    711.2
     1     1    21     2     1    10     0     2   -20.0   41.428  103.208   1637.4    707.9
     1     1    21     2     1     9     0     3   -21.0   41.725  102.794   1722.0    708.8
     1     1    21     2     1     8     0     2   -22.0   42.036  102.386   1812.3    711.9
     1     1    21     2     1     7     0     1   -23.0   42.353  101.984   1902.7    691.1
     1     1    21     2     1     6     0     0   -24.0   42.687  101.562   1990.8    662.6
     1     1    21     2     1     5     0     1   -25.0   43.043  101.129   2020.1    645.2
     1     1    21     2     1     4     0     2   -26.0   43.401  100.703   2042.3    663.2
     1     1    21     2     1     3     0     3   -27.0   43.753  100.292   2046.3    670.1
     1     1    21     2     1     2     0     2   -28.0   44.119   99.891   2055.5    667.2
     1     1    21     2     1     1     0     1   -29.0   44.567   99.500   2083.0    627.6
     1     1    21     2     1     0     0     0   -30.0   45.120   99.110   2066.1    600.2
