     5     1
    GDAS    21     2     1     0     0
    GDAS    21     2     8     0     0
    GDAS    21     2    15     0     0
    GDAS    21     2    22     0     0
    GDAS    21     3     1     0     0
     1 BACKWARD OMEGA   
    21     2    25    21   44.970  -93.230   500.0
     1 PRESSURE
     1     1    21     2    25    21     0     3     0.0   44.970  -93.230    500.0    928.4
     1     1    21     2    25    20     0     2    -1.0   44.900  -93.624    525.8    925.7
     1     1    21     2    25    19     0     1    -2.0   44.839  -94.008    543.5    924.5
     1     1    21     2    25    18     0     0    -3.0   44.792  -94.379    555.3    921.3
     1     1    21     2    25    17     0     1    -4.0   44.770  -94.750    574.3    916.5
     1     1    21     2    25    16     0     2    -5.0   44.772  -95.136    600.8    910.4
     1     1    21     2    25    15     0     3    -6.0   44.789  -95.535    615.3    906.4
     1     1    21     2    25    14     0     2    -7.0   44.821  -95.921    612.3    907.1
     1     1    21     2    25    13     0     1    -8.0   44.860  -96.292    630.2    901.9
     1     1    21     2    25    12     0     0    -9.0   44.897  -96.676    697.1    884.3
     1     1    21     2    25    11     0     1   -10.0   44.950  -97.066    779.1    864.3
     1     1    21     2    25    10     0     2   -11.0   45.041  -97.417    832.1    864.6
     1     1    21     2    25     9     0     3   -12.0   45.172  -97.716    845.0    872.0
     1     1    21     2    25     8     0     2   -13.0   45.341  -97.997    848.4    877.9
     1     1    21     2    25     7     0     1   -14.0   45.546  -98.278    864.0    873.1
     1     1    21     2    25     6     0     0   -15.0   45.780  -98.535    895.5    863.1
     1     1    21     2    25     5     0     1   -16.0   46.031  -98.786    945.2    851.5
     1     1    21     2    25     4     0     2   -17.0   46.302  -99.072   1022.1    839.8
     1     1    21     2    25     3     0     3   -18.0   46.597  -99.373   1094.9    831.4
     1     1    21     2    25     2     0     2   -19.0   46.900  -99.683   1117.9    828.2
     1     1    21     2    25     1     0     1   -20.0   47.205 -100.012   1101.2    834.4
     1     1    21     2    25     0     0     0   -21.0   47.537 -100.338   1112.1    836.5
     1     1    21     2    24    23     0     1   -22.0   47.888 -100.655   1166.0    827.9
     1     1    21     2    24    22     0     2   -23.0   48.241 -100.966   1222.9    819.5
     1     1    21     2    24    21     0     3   -24.0   48.611 -101.277   1275.1    814.0
     1     1    21     2    24    20     0     2   -25.0   48.996 -101.589   1327.0    808.8
     1     1    21     2    24    19     0     1   -26.0   49.393 -101.910   1385.7    797.0
     1     1    21     2    24    18     0     0   -27.0   49.809 -102.265   1470.7    780.8
     1     1    21     2    24    17     0     1   -28.0   50.230 -102.653   1540.9    768.6
     1     1    21     2    24    16     0     2   -29.0   50.648 -103.053   1554.4    769.1
     1     1    21     2    24    15     0     3   -30.0   51.053 -103.466   1538.9    775.9
     1     1    21     2    24    14     0     2   -31.0   51.430 -103.896   1526.3    778.9
     1     1    21     2    24    13     0     1   -32.0   51.789 -104.325   1518.0    782.4
     1     1    21     2    24    12     0     0   -33.0   52.142 -104.749   1502.5    784.6
     1     1    21     2    24    11     0     1   -34.0   52.472 -105.171   1486.7    789.5
     1     1    21     2    24    10     0     2   -35.0   52.779 -105.584   1488.5    791.5
     1     1    21     2    24     9     0     3   -36.0   53.073 -105.978   1512.5    790.0
     1     1    21     2    24     8     0     2   -37.0   53.351 -106.355   1540.0    779.9
     1     1    21     2    24     7     0     1   -38.0   53.621 -106.720   1563.4    774.9
     1     1    21     2    24     6     0     0   -39.0   53.895 -107.104   1585.5    772.6
     1     1    21     2    24     5     0     1   -40.0   54.172 -107.512   1617.0    772.1
     1     1    21     2    24     4     0     2   -41.0   54.447 -107.924   1651.4    768.4
     1     1    21     2    24     3     0     3   -42.0   54.709 -108.345   1655.5    763.4
     1     1    21     2    24     2     0     2   -43.0   54.965 -108.781   1621.6    758.5
     1     1    21     2    24     1     0     1   -44.0   55.219 -109.209   1582.0    764.4
     1     1    21     2    24     0     0     0   -45.0   55.466 -109.621   1539.1    770.0
     1     1    21     2    23    23     0     1   -46.0   55.691 -110.033   1477.1    776.8
     1     1    21     2    23    22     0     2   -47.0   55.898 -110.454   1425.3    784.7
     1     1    21     2    23    21     0     3   -48.0   56.092 -110.894   1416.8    785.0
     1     1    21     2    23    20     0     2   -49.0   56.279 -111.344   1414.0    780.9
     1     1    21     2    23    19     0     1   -50.0   56.462 -111.773   1377.3    787.6
     1     1    21     2    23    18     0     0   -51.0   56.635 -112.189   1309.6    796.6
     1     1    21     2    23    17     0     1   -52.0   56.794 -112.610   1208.7    807.1
     1     1    21     2    23    16     0     2   -53.0   56.941 -113.040   1084.6    817.7
     1     1    21     2    23    15     0     3   -54.0   57.081 -113.458   1003.1    830.0
     1     1    21     2    23    14     0     2   -55.0   57.214 -113.880    975.0    829.0
     1     1    21     2    23    13     0     1   -56.0   57.326 -114.308    951.7    835.4
     1     1    21     2    23    12     0     0   -57.0   57.417 -114.722    939.8    841.4
     1     1    21     2    23    11     0     1   -58.0   57.511 -115.121    932.2    841.2
     1     1    21     2    23    10     0     2   -59.0   57.627 -115.514    909.3    839.5
     1     1    21     2    23     9     0     3   -60.0   57.765 -115.919    867.2    840.5
     1     1    21     2    23     8     0     2   -61.0   57.913 -116.331    819.8    854.3
     1     1    21     2    23     7     0     1   -62.0   58.060 -116.743    782.4    864.9
     1     1    21     2    23     6     0     0   -63.0   58.208 -117.158    757.3    869.5
     1     1    21     2    23     5     0     1   -64.0   58.351 -117.586    742.7    869.1
     1     1    21     2    23     4     0     2   -65.0   58.481 -118.029    736.2    869.3
     1     1    21     2    23     3     0     3   -66.0   58.595 -118.499    734.1    864.9
     1     1    21     2    23     2     0     2   -67.0   58.703 -119.010    734.7    862.1
     1     1    21     2    23     1     0     1   -68.0   58.810 -119.578    751.9    861.8
     1     1    21     2    23     0     0     0   -69.0   58.938 -120.258    808.9    852.1
     1     1    21     2    22    23     0     1   -70.0   59.103 -121.077    839.3    832.1
     1     1    21     2    22    22     0     2   -71.0   59.259 -121.963    838.4    845.7
     1     1    21     2    22    21     0     3   -72.0   59.385 -122.900    806.1    850.9
     1     1    21     2    22    20     0     2   -73.0   59.474 -123.866    835.1    839.1
     1     1    21     2    22    19     0     1   -74.0   59.557 -124.960   1097.6    777.1
     1     1    21     2    22    18     0     0   -75.0   59.656 -126.166   1231.5    732.5
     1     1    21     2    22    17     0     1   -76.0   59.709 -127.399   1171.2    766.7
     1     1    21     2    22    16     0     2   -77.0   59.694 -128.624   1107.0    768.1
     1     1    21     2    22    15     0     3   -78.0   59.606 -129.857   1106.0    757.8
     1     1    21     2    22    14     0     2   -79.0   59.546 -131.148   1285.0    714.8
     1     1    21     2    22    13     0     1   -80.0   59.375 -132.338   1271.3    750.9
     1     1    21     2    22    12     0     0   -81.0   59.136 -133.364   1423.5    724.9
     1     1    21     2    22    11     0     1   -82.0   58.860 -134.438   1789.8    682.8
     1     1    21     2    22    10     0     2   -83.0   58.567 -135.301   1636.0    767.0
     1     1    21     2    22     9     0     3   -84.0   58.296 -136.053   1521.7    776.0
     1     1    21     2    22     8     0     2   -85.0   58.076 -136.788   1341.1    823.4
     1     1    21     2    22     7     0     1   -86.0   57.870 -137.460   1060.7    878.6
     1     1    21     2    22     6     0     0   -87.0   57.685 -138.154    908.7    903.1
     1     1    21     2    22     5     0     1   -88.0   57.518 -138.920    899.7    892.2
     1     1    21     2    22     4     0     2   -89.0   57.347 -139.686    872.9    892.9
     1     1    21     2    22     3     0     3   -90.0   57.174 -140.502    759.6    907.6
     1     1    21     2    22     2     0     2   -91.0   57.011 -141.428    695.0    914.4
     1     1    21     2    22     1     0     1   -92.0   56.846 -142.358    665.0    917.0
     1     1    21     2    22     0     0     0   -93.0   56.675 -143.275    644.0    919.0
     1     1    21     2    21    23     0     1   -94.0   56.491 -144.246    630.0    920.3
     1     1    21     2    21    22     0     2   -95.0   56.274 -145.256    611.8    922.2
     1     1    21     2    21    21     0     3   -96.0   56.061 -146.336    597.5    924.2
     1     1    21     2    21    20     0     2   -97.0   55.846 -147.431    608.7    921.5
     1     1    21     2    21    19     0     1   -98.0   55.618 -148.442    604.8    921.4
     1     1    21     2    21    18     0     0   -99.0   55.398 -149.419    594.4    922.0
     1     1    21     2    21    17     0     1  -100.0   55.194 -150.420    583.4    923.4
     1     1    21     2    21    16     0     2  -101.0   54.991 -151.392    563.3    925.0
     1     1    21     2    21    15     0     3  -102.0   54.824 -152.379    553.4    925.3
     1     1    21     2    21    14     0     2  -103.0   54.660 -153.348    522.4    929.7
     1     1    21     2    21    13     0     1  -104.0   54.483 -154.294    501.8    931.8
     1     1    21     2    21    12     0     0  -105.0   54.310 -155.230    480.5    934.4
     1     1    21     2    21    11     0     1  -106.0   54.145 -156.167    477.9    934.5
     1     1    21     2    21    10     0     2  -107.0   53.957 -157.052    480.8    934.2
     1     1    21     2    21     9     0     3  -108.0   53.782 -157.995    522.4    930.7
     1     1    21     2    21     8     0     2  -109.0   53.608 -158.950    544.8    924.6
     1     1    21     2    21     7     0     1  -110.0   53.423 -159.806    518.1    929.0
     1     1    21     2    21     6     0     0  -111.0   53.253 -160.642    488.5    932.0
     1     1    21     2    21     5     0     1  -112.0   53.074 -161.459    476.1    933.7
     1     1    21     2    21     4     0     2  -113.0   52.901 -162.281    465.2    934.3
     1     1    21     2    21     3     0     3  -114.0   52.775 -163.206    491.3    931.1
     1     1    21     2    21     2     0     2  -115.0   52.642 -164.100    496.9    929.1
     1     1    21     2    21     1     0     1  -116.0   52.482 -164.894    483.3    930.9
     1     1    21     2    21     0     0     0  -117.0   52.345 -165.702    493.1    930.5
     1     1    21     2    20    23     0     1  -118.0   52.215 -166.525    517.8    926.3
     1     1    21     2    20    22     0     2  -119.0   52.080 -167.358    563.6    920.8
     1     1    21     2    20    21     0     3  -120.0   51.947 -168.226    589.7    917.5
