     5     1
    GDAS    21     2     1     0     0
    GDAS    21     2     8     0     0
    GDAS    21     2    15     0     0
    GDAS    21     2    22     0     0
    GDAS    21     3     1     0     0
     1 BACKWARD OMEGA   
    21     2     3     6   37.820  111.540  1000.0
     1 PRESSURE
     1     1    21     2     3     6     0     0     0.0   37.820  111.540   1000.0    777.1
     1     1    21     2     3     5     0     1    -1.0   38.200  111.277   1204.0    759.9
     1     1    21     2     3     4     0     2    -2.0   38.613  111.046   1321.1    755.3
     1     1    21     2     3     3     0     3    -3.0   39.011  110.848   1351.4    760.3
     1     1    21     2     3     2     0     2    -4.0   39.423  110.626   1361.6    746.9
     1     1    21     2     3     1     0     1    -5.0   39.907  110.321   1404.3    728.6
     1     1    21     2     3     0     0     0    -6.0   40.473  109.934   1453.1    711.6
     1     1    21     2     2    23     0     1    -7.0   41.004  109.536   1363.9    723.9
     1     1    21     2     2    22     0     2    -8.0   41.451  109.169   1189.2    755.3
     1     1    21     2     2    21     0     3    -9.0   41.917  108.749   1134.6    745.6
     1     1    21     2     2    20     0     2   -10.0   42.372  108.332   1165.9    754.2
     1     1    21     2     2    19     0     1   -11.0   42.770  107.988   1152.4    773.4
     1     1    21     2     2    18     0     0   -12.0   43.163  107.693   1094.8    785.5
     1     1    21     2     2    17     0     1   -13.0   43.578  107.387   1154.5    771.0
     1     1    21     2     2    16     0     2   -14.0   44.025  107.003   1439.7    725.5
     1     1    21     2     2    15     0     3   -15.0   44.510  106.491   1718.1    677.0
     1     1    21     2     2    14     0     2   -16.0   44.981  105.973   1756.1    691.2
     1     1    21     2     2    13     0     1   -17.0   45.444  105.450   1754.7    688.0
     1     1    21     2     2    12     0     0   -18.0   45.893  104.902   1813.5    681.4
     1     1    21     2     2    11     0     1   -19.0   46.326  104.292   1913.5    657.9
     1     1    21     2     2    10     0     2   -20.0   46.742  103.643   1975.4    636.7
     1     1    21     2     2     9     0     3   -21.0   47.130  103.005   1918.3    634.4
     1     1    21     2     2     8     0     2   -22.0   47.516  102.415   1847.0    648.1
     1     1    21     2     2     7     0     1   -23.0   47.932  101.829   1892.7    640.2
     1     1    21     2     2     6     0     0   -24.0   48.370  101.219   1919.9    625.1
     1     1    21     2     2     5     0     1   -25.0   48.824  100.621   1914.2    632.2
     1     1    21     2     2     4     0     2   -26.0   49.301  100.036   1902.5    630.9
     1     1    21     2     2     3     0     3   -27.0   49.796   99.434   1872.8    626.5
     1     1    21     2     2     2     0     2   -28.0   50.301   98.760   1939.3    616.9
     1     1    21     2     2     1     0     1   -29.0   50.796   98.024   2011.6    601.7
     1     1    21     2     2     0     0     0   -30.0   51.240   97.315   1955.7    644.6
     1     1    21     2     1    23     0     1   -31.0   51.618   96.659   1842.4    673.6
     1     1    21     2     1    22     0     2   -32.0   51.955   96.057   1790.6    664.9
     1     1    21     2     1    21     0     3   -33.0   52.271   95.450   1797.2    669.7
     1     1    21     2     1    20     0     2   -34.0   52.550   94.830   1775.9    688.5
     1     1    21     2     1    19     0     1   -35.0   52.788   94.232   1747.5    704.8
     1     1    21     2     1    18     0     0   -36.0   52.986   93.671   1733.1    717.1
     1     1    21     2     1    17     0     1   -37.0   53.143   93.181   1703.0    741.2
     1     1    21     2     1    16     0     2   -38.0   53.264   92.776   1629.6    762.2
     1     1    21     2     1    15     0     3   -39.0   53.366   92.437   1546.5    777.2
     1     1    21     2     1    14     0     2   -40.0   53.452   92.139   1473.6    789.4
     1     1    21     2     1    13     0     1   -41.0   53.518   91.865   1408.1    798.0
     1     1    21     2     1    12     0     0   -42.0   53.565   91.615   1343.0    804.8
     1     1    21     2     1    11     0     1   -43.0   53.591   91.388   1294.6    811.0
     1     1    21     2     1    10     0     2   -44.0   53.598   91.178   1281.9    811.4
     1     1    21     2     1     9     0     3   -45.0   53.593   90.977   1309.2    807.2
     1     1    21     2     1     8     0     2   -46.0   53.596   90.788   1363.3    796.5
     1     1    21     2     1     7     0     1   -47.0   53.618   90.616   1428.3    786.6
     1     1    21     2     1     6     0     0   -48.0   53.663   90.467   1502.0    775.6
     1     1    21     2     1     5     0     1   -49.0   53.738   90.335   1573.9    763.0
     1     1    21     2     1     4     0     2   -50.0   53.853   90.213   1635.2    751.1
     1     1    21     2     1     3     0     3   -51.0   54.015   90.102   1685.7    739.2
     1     1    21     2     1     2     0     2   -52.0   54.206   89.989   1734.7    738.0
     1     1    21     2     1     1     0     1   -53.0   54.407   89.865   1780.8    738.8
     1     1    21     2     1     0     0     0   -54.0   54.618   89.731   1827.7    739.3
