     5     1
    GDAS    21     2     1     0     0
    GDAS    21     2     8     0     0
    GDAS    21     2    15     0     0
    GDAS    21     2    22     0     0
    GDAS    21     3     1     0     0
     1 BACKWARD OMEGA   
    21     2    26    18   44.970  -93.230   500.0
     1 PRESSURE
     1     1    21     2    26    18     0     0     0.0   44.970  -93.230    500.0    917.1
     1     1    21     2    26    17     0     1    -1.0   44.353  -93.540    511.4    916.1
     1     1    21     2    26    16     0     2    -2.0   43.711  -93.855    542.0    911.2
     1     1    21     2    26    15     0     3    -3.0   43.069  -94.149    562.1    907.1
     1     1    21     2    26    14     0     2    -4.0   42.469  -94.394    579.8    903.9
     1     1    21     2    26    13     0     1    -5.0   41.932  -94.573    620.7    902.7
     1     1    21     2    26    12     0     0    -6.0   41.445  -94.685    678.9    893.6
     1     1    21     2    26    11     0     1    -7.0   41.017  -94.731    700.9    892.3
     1     1    21     2    26    10     0     2    -8.0   40.652  -94.730    703.3    898.7
     1     1    21     2    26     9     0     3    -9.0   40.338  -94.697    714.9    900.9
     1     1    21     2    26     8     0     2   -10.0   40.071  -94.637    737.7    901.1
     1     1    21     2    26     7     0     1   -11.0   39.844  -94.561    758.6    898.9
     1     1    21     2    26     6     0     0   -12.0   39.651  -94.475    761.0    898.7
     1     1    21     2    26     5     0     1   -13.0   39.483  -94.379    745.9    901.7
     1     1    21     2    26     4     0     2   -14.0   39.342  -94.271    729.4    904.9
     1     1    21     2    26     3     0     3   -15.0   39.230  -94.148    725.0    906.5
     1     1    21     2    26     2     0     2   -16.0   39.139  -94.020    744.1    905.3
     1     1    21     2    26     1     0     1   -17.0   39.057  -93.893    791.5    901.0
     1     1    21     2    26     0     0     0   -18.0   38.996  -93.766    859.7    894.3
     1     1    21     2    25    23     0     1   -19.0   38.983  -93.663    918.2    886.3
     1     1    21     2    25    22     0     2   -20.0   39.027  -93.610    954.1    884.3
     1     1    21     2    25    21     0     3   -21.0   39.110  -93.614    983.8    881.7
     1     1    21     2    25    20     0     2   -22.0   39.203  -93.645   1005.2    878.9
     1     1    21     2    25    19     0     1   -23.0   39.293  -93.663   1018.9    877.7
     1     1    21     2    25    18     0     0   -24.0   39.384  -93.669   1026.5    877.2
     1     1    21     2    25    17     0     1   -25.0   39.487  -93.677   1036.8    876.6
     1     1    21     2    25    16     0     2   -26.0   39.610  -93.709   1061.5    873.6
     1     1    21     2    25    15     0     3   -27.0   39.748  -93.772   1111.9    868.5
     1     1    21     2    25    14     0     2   -28.0   39.898  -93.872   1202.6    858.6
     1     1    21     2    25    13     0     1   -29.0   40.061  -94.013   1329.5    843.0
     1     1    21     2    25    12     0     0   -30.0   40.228  -94.187   1439.5    826.3
     1     1    21     2    25    11     0     1   -31.0   40.396  -94.380   1510.1    818.8
     1     1    21     2    25    10     0     2   -32.0   40.570  -94.580   1571.0    812.4
     1     1    21     2    25     9     0     3   -33.0   40.759  -94.775   1636.4    804.1
     1     1    21     2    25     8     0     2   -34.0   40.970  -94.976   1688.1    795.7
     1     1    21     2    25     7     0     1   -35.0   41.209  -95.204   1710.4    792.5
     1     1    21     2    25     6     0     0   -36.0   41.468  -95.461   1686.5    791.9
     1     1    21     2    25     5     0     1   -37.0   41.713  -95.749   1615.6    801.9
     1     1    21     2    25     4     0     2   -38.0   41.937  -96.071   1564.3    811.0
     1     1    21     2    25     3     0     3   -39.0   42.172  -96.438   1585.1    805.5
     1     1    21     2    25     2     0     2   -40.0   42.397  -96.835   1622.3    790.2
     1     1    21     2    25     1     0     1   -41.0   42.584  -97.234   1666.6    788.6
     1     1    21     2    25     0     0     0   -42.0   42.751  -97.665   1830.7    775.1
     1     1    21     2    24    23     0     1   -43.0   42.902  -98.155   2036.6    737.3
     1     1    21     2    24    22     0     2   -44.0   43.023  -98.659   2073.1    723.9
     1     1    21     2    24    21     0     3   -45.0   43.117  -99.151   2000.3    733.8
     1     1    21     2    24    20     0     2   -46.0   43.208  -99.608   1924.2    740.4
     1     1    21     2    24    19     0     1   -47.0   43.309 -100.015   1828.7    743.1
     1     1    21     2    24    18     0     0   -48.0   43.408 -100.397   1706.1    755.4
     1     1    21     2    24    17     0     1   -49.0   43.517 -100.786   1627.0    760.5
     1     1    21     2    24    16     0     2   -50.0   43.670 -101.183   1600.8    760.0
     1     1    21     2    24    15     0     3   -51.0   43.868 -101.589   1581.1    757.5
     1     1    21     2    24    14     0     2   -52.0   44.074 -102.008   1555.1    761.4
     1     1    21     2    24    13     0     1   -53.0   44.284 -102.435   1496.0    756.9
     1     1    21     2    24    12     0     0   -54.0   44.491 -102.863   1304.9    767.3
     1     1    21     2    24    11     0     1   -55.0   44.684 -103.307   1115.9    792.1
     1     1    21     2    24    10     0     2   -56.0   44.852 -103.808   1105.3    784.4
     1     1    21     2    24     9     0     3   -57.0   44.997 -104.367   1207.0    768.1
     1     1    21     2    24     8     0     2   -58.0   45.147 -104.919   1339.8    748.7
     1     1    21     2    24     7     0     1   -59.0   45.315 -105.426   1436.3    735.8
     1     1    21     2    24     6     0     0   -60.0   45.486 -105.900   1377.2    743.4
     1     1    21     2    24     5     0     1   -61.0   45.683 -106.387   1288.5    768.7
     1     1    21     2    24     4     0     2   -62.0   45.928 -106.920   1287.2    761.6
     1     1    21     2    24     3     0     3   -63.0   46.206 -107.459   1244.2    762.3
     1     1    21     2    24     2     0     2   -64.0   46.486 -107.990   1131.7    786.3
     1     1    21     2    24     1     0     1   -65.0   46.747 -108.600   1148.0    779.1
     1     1    21     2    24     0     0     0   -66.0   46.995 -109.388   1567.1    722.6
     1     1    21     2    23    23     0     1   -67.0   47.231 -110.128   1835.2    674.8
     1     1    21     2    23    22     0     2   -68.0   47.439 -110.817   1663.9    683.8
     1     1    21     2    23    21     0     3   -69.0   47.634 -111.533   1405.3    729.2
     1     1    21     2    23    20     0     2   -70.0   47.823 -112.319   1206.2    736.3
     1     1    21     2    23    19     0     1   -71.0   47.981 -113.121   1473.5    665.3
     1     1    21     2    23    18     0     0   -72.0   48.110 -113.822   1472.3    691.5
     1     1    21     2    23    17     0     1   -73.0   48.127 -114.427    859.8    772.3
     1     1    21     2    23    16     0     2   -74.0   48.077 -114.911    507.2    843.5
     1     1    21     2    23    15     0     3   -75.0   48.016 -115.451    398.7    838.4
     1     1    21     2    23    14     0     2   -76.0   47.945 -115.907    375.4    841.9
     1     1    21     2    23    13     0     1   -77.0   47.866 -116.346    376.6    851.9
     1     1    21     2    23    12     0     0   -78.0   47.790 -116.855    392.0    867.6
     1     1    21     2    23    11     0     1   -79.0   47.747 -117.473    381.3    877.7
     1     1    21     2    23    10     0     2   -80.0   47.764 -118.143    309.6    893.7
     1     1    21     2    23     9     0     3   -81.0   47.793 -118.724    193.9    917.5
     1     1    21     2    23     8     0     2   -82.0   47.807 -119.113    135.1    934.3
     1     1    21     2    23     7     0     1   -83.0   47.814 -119.426    146.1    926.6
     1     1    21     2    23     6     0     0   -84.0   47.817 -119.737    279.7    908.1
     1     1    21     2    23     5     0     1   -85.0   47.838 -120.088    611.2    865.7
     1     1    21     2    23     4     0     2   -86.0   47.947 -120.648   1109.5    767.6
     1     1    21     2    23     3     0     3   -87.0   48.110 -121.567   1535.9    755.3
     1     1    21     2    23     2     0     2   -88.0   48.194 -122.275   1259.7    849.8
     1     1    21     2    23     1     0     1   -89.0   48.237 -122.903   1347.8    865.9
     1     1    21     2    23     0     0     0   -90.0   48.251 -123.583   1565.2    775.2
     1     1    21     2    22    23     0     1   -91.0   48.255 -124.310   1445.8    797.0
     1     1    21     2    22    22     0     2   -92.0   48.319 -125.050   1324.4    857.1
     1     1    21     2    22    21     0     3   -93.0   48.423 -125.779   1281.9    868.6
     1     1    21     2    22    20     0     2   -94.0   48.529 -126.496   1235.4    875.6
     1     1    21     2    22    19     0     1   -95.0   48.613 -127.195   1185.1    883.6
     1     1    21     2    22    18     0     0   -96.0   48.652 -127.889   1103.2    887.4
     1     1    21     2    22    17     0     1   -97.0   48.676 -128.570   1027.1    904.7
     1     1    21     2    22    16     0     2   -98.0   48.700 -129.239   1030.0    903.7
     1     1    21     2    22    15     0     3   -99.0   48.698 -129.890   1033.2    894.2
     1     1    21     2    22    14     0     2  -100.0   48.692 -130.541   1013.1    903.3
     1     1    21     2    22    13     0     1  -101.0   48.699 -131.226   1014.7    901.9
     1     1    21     2    22    12     0     0  -102.0   48.695 -131.940   1012.4    901.2
     1     1    21     2    22    11     0     1  -103.0   48.678 -132.681    999.5    903.2
     1     1    21     2    22    10     0     2  -104.0   48.657 -133.435    978.3    905.6
     1     1    21     2    22     9     0     3  -105.0   48.615 -134.163    953.3    909.4
     1     1    21     2    22     8     0     2  -106.0   48.570 -134.884    947.2    911.2
     1     1    21     2    22     7     0     1  -107.0   48.533 -135.603    945.2    908.1
     1     1    21     2    22     6     0     0  -108.0   48.501 -136.303    937.2    911.2
     1     1    21     2    22     5     0     1  -109.0   48.475 -137.024    936.3    910.1
     1     1    21     2    22     4     0     2  -110.0   48.457 -137.773    954.5    909.7
     1     1    21     2    22     3     0     3  -111.0   48.431 -138.544   1006.5    901.1
     1     1    21     2    22     2     0     2  -112.0   48.393 -139.348   1049.2    895.1
     1     1    21     2    22     1     0     1  -113.0   48.359 -140.178   1067.4    893.0
     1     1    21     2    22     0     0     0  -114.0   48.331 -141.040   1098.3    889.4
     1     1    21     2    21    23     0     1  -115.0   48.295 -141.905   1116.1    886.5
     1     1    21     2    21    22     0     2  -116.0   48.241 -142.769   1149.0    884.1
     1     1    21     2    21    21     0     3  -117.0   48.166 -143.663   1208.0    875.9
     1     1    21     2    21    20     0     2  -118.0   48.091 -144.543   1240.9    872.2
     1     1    21     2    21    19     0     1  -119.0   48.008 -145.419   1259.4    868.3
     1     1    21     2    21    18     0     0  -120.0   47.914 -146.280   1235.6    871.3
