     5     1
    GDAS    21     2     1     0     0
    GDAS    21     2     8     0     0
    GDAS    21     2    15     0     0
    GDAS    21     2    22     0     0
    GDAS    21     3     1     0     0
     1 BACKWARD OMEGA   
    21     2    22    18   44.970  -93.230   500.0
     1 PRESSURE
     1     1    21     2    22    18     0     0     0.0   44.970  -93.230    500.0    908.0
     1     1    21     2    22    17     0     1    -1.0   44.891  -93.756    490.8    909.5
     1     1    21     2    22    16     0     2    -2.0   44.867  -94.335    476.3    908.7
     1     1    21     2    22    15     0     3    -3.0   44.910  -94.957    436.9    907.2
     1     1    21     2    22    14     0     2    -4.0   44.981  -95.609    398.0    917.0
     1     1    21     2    22    13     0     1    -5.0   45.067  -96.308    398.4    908.1
     1     1    21     2    22    12     0     0    -6.0   45.170  -97.053    410.3    890.7
     1     1    21     2    22    11     0     1    -7.0   45.264  -97.791    346.0    909.5
     1     1    21     2    22    10     0     2    -8.0   45.286  -98.462    294.7    925.3
     1     1    21     2    22     9     0     3    -9.0   45.336  -99.249    399.3    904.6
     1     1    21     2    22     8     0     2   -10.0   45.500 -100.096    439.9    881.4
     1     1    21     2    22     7     0     1   -11.0   45.667 -100.936    430.7    881.3
     1     1    21     2    22     6     0     0   -12.0   45.891 -101.842    475.3    869.5
     1     1    21     2    22     5     0     1   -13.0   46.146 -102.816    559.4    850.7
     1     1    21     2    22     4     0     2   -14.0   46.441 -103.939    676.7    830.4
     1     1    21     2    22     3     0     3   -15.0   46.763 -105.155    740.1    830.8
     1     1    21     2    22     2     0     2   -16.0   47.013 -106.385    676.2    833.2
     1     1    21     2    22     1     0     1   -17.0   47.227 -107.644    743.2    825.4
     1     1    21     2    22     0     0     0   -18.0   47.415 -108.929    864.2    792.9
     1     1    21     2    21    23     0     1   -19.0   47.593 -110.239    797.1    789.2
     1     1    21     2    21    22     0     2   -20.0   47.604 -111.356    597.1    796.8
     1     1    21     2    21    21     0     3   -21.0   47.583 -112.389    298.5    830.5
     1     1    21     2    21    20     0     2   -22.0   47.526 -113.273    387.4    790.4
     1     1    21     2    21    19     0     1   -23.0   47.425 -113.848    273.9    823.8
     1     1    21     2    21    18     0     0   -24.0   47.336 -114.118     83.1    857.9
     1     1    21     2    21    17     0     1   -25.0   47.261 -114.295      0.0    854.4
     1     1    21     2    21    16     0     2   -26.0   47.192 -114.428      0.0    850.2
     1     1    21     2    21    15     0     3   -27.0   47.123 -114.536      0.0    845.9
     1     1    21     2    21    14     0     2   -28.0   47.056 -114.642      0.0    841.3
     1     1    21     2    21    13     0     1   -29.0   46.992 -114.772      0.0    836.5
     1     1    21     2    21    12     0     0   -30.0   46.932 -114.926      0.0    834.0
     1     1    21     2    21    11     0     1   -31.0   46.875 -115.078      0.0    837.3
     1     1    21     2    21    10     0     2   -32.0   46.822 -115.207      4.6    844.3
     1     1    21     2    21     9     0     3   -33.0   46.771 -115.313      7.5    850.5
     1     1    21     2    21     8     0     2   -34.0   46.721 -115.422      9.5    856.9
     1     1    21     2    21     7     0     1   -35.0   46.672 -115.554     11.2    864.7
     1     1    21     2    21     6     0     0   -36.0   46.620 -115.705     13.4    874.2
     1     1    21     2    21     5     0     1   -37.0   46.558 -115.853     17.7    883.2
     1     1    21     2    21     4     0     2   -38.0   46.479 -115.986     28.7    892.2
     1     1    21     2    21     3     0     3   -39.0   46.379 -116.129     57.6    896.7
     1     1    21     2    21     2     0     2   -40.0   46.274 -116.322    116.2    895.6
     1     1    21     2    21     1     0     1   -41.0   46.195 -116.582    162.1    891.1
     1     1    21     2    21     0     0     0   -42.0   46.152 -116.883    175.5    893.2
     1     1    21     2    20    23     0     1   -43.0   46.116 -117.188    167.9    889.5
     1     1    21     2    20    22     0     2   -44.0   46.073 -117.439    134.0    883.0
     1     1    21     2    20    21     0     3   -45.0   46.033 -117.636     84.3    880.6
     1     1    21     2    20    20     0     2   -46.0   46.006 -117.801     41.4    879.3
     1     1    21     2    20    19     0     1   -47.0   45.993 -117.952     15.4    876.3
     1     1    21     2    20    18     0     0   -48.0   45.986 -118.098      0.0    885.0
     1     1    21     2    20    17     0     1   -49.0   45.968 -118.230      0.0    897.6
     1     1    21     2    20    16     0     2   -50.0   45.932 -118.340      0.0    906.8
     1     1    21     2    20    15     0     3   -51.0   45.887 -118.420      0.0    911.8
     1     1    21     2    20    14     0     2   -52.0   45.840 -118.480      0.0    914.9
     1     1    21     2    20    13     0     1   -53.0   45.799 -118.533      0.0    917.0
     1     1    21     2    20    12     0     0   -54.0   45.761 -118.578      0.0    918.2
     1     1    21     2    20    11     0     1   -55.0   45.727 -118.620      0.0    919.3
     1     1    21     2    20    10     0     2   -56.0   45.694 -118.666      1.1    920.5
     1     1    21     2    20     9     0     3   -57.0   45.663 -118.718      3.4    922.0
     1     1    21     2    20     8     0     2   -58.0   45.631 -118.772      7.3    923.5
     1     1    21     2    20     7     0     1   -59.0   45.598 -118.823     13.7    923.8
     1     1    21     2    20     6     0     0   -60.0   45.563 -118.876     24.2    922.8
     1     1    21     2    20     5     0     1   -61.0   45.526 -118.931     37.9    921.3
     1     1    21     2    20     4     0     2   -62.0   45.488 -118.980     51.8    919.5
     1     1    21     2    20     3     0     3   -63.0   45.450 -119.020     67.3    915.0
     1     1    21     2    20     2     0     2   -64.0   45.414 -119.067     89.5    908.6
     1     1    21     2    20     1     0     1   -65.0   45.385 -119.140    124.9    901.9
     1     1    21     2    20     0     0     0   -66.0   45.365 -119.248    181.6    893.9
     1     1    21     2    19    23     0     1   -67.0   45.344 -119.422    267.9    883.4
     1     1    21     2    19    22     0     2   -68.0   45.316 -119.693    371.1    869.7
     1     1    21     2    19    21     0     3   -69.0   45.286 -120.050    448.9    858.6
     1     1    21     2    19    20     0     2   -70.0   45.257 -120.464    514.0    860.5
     1     1    21     2    19    19     0     1   -71.0   45.231 -120.954    597.0    858.1
     1     1    21     2    19    18     0     0   -72.0   45.191 -121.512    672.8    840.1
     1     1    21     2    19    17     0     1   -73.0   45.136 -122.057    710.9    825.9
     1     1    21     2    19    16     0     2   -74.0   45.093 -122.490    695.5    872.7
     1     1    21     2    19    15     0     3   -75.0   45.064 -122.795    656.7    910.8
     1     1    21     2    19    14     0     2   -76.0   45.042 -123.031    612.5    937.3
     1     1    21     2    19    13     0     1   -77.0   45.027 -123.260    534.1    939.3
     1     1    21     2    19    12     0     0   -78.0   45.008 -123.514    365.4    957.4
     1     1    21     2    19    11     0     1   -79.0   44.954 -123.760    127.2    985.3
     1     1    21     2    19    10     0     2   -80.0   44.875 -123.942      0.0   1002.6
     1     1    21     2    19     9     0     3   -81.0   44.790 -124.110      0.0   1003.8
     1     1    21     2    19     8     0     2   -82.0   44.711 -124.292      0.0   1007.1
     1     1    21     2    19     7     0     1   -83.0   44.647 -124.469      0.0   1009.8
     1     1    21     2    19     6     0     0   -84.0   44.583 -124.651      0.0   1012.2
     1     1    21     2    19     5     0     1   -85.0   44.517 -124.855      0.0   1015.3
     1     1    21     2    19     4     0     2   -86.0   44.456 -125.082      0.1   1017.7
     1     1    21     2    19     3     0     3   -87.0   44.399 -125.309      1.4   1017.7
     1     1    21     2    19     2     0     2   -88.0   44.347 -125.533      2.1   1016.8
     1     1    21     2    19     1     0     1   -89.0   44.310 -125.763      2.3   1015.9
     1     1    21     2    19     0     0     0   -90.0   44.299 -125.996      2.3   1014.8
     1     1    21     2    18    23     0     1   -91.0   44.303 -126.250      2.4   1015.4
     1     1    21     2    18    22     0     2   -92.0   44.310 -126.531      2.6   1016.1
     1     1    21     2    18    21     0     3   -93.0   44.329 -126.818      2.7   1016.6
     1     1    21     2    18    20     0     2   -94.0   44.355 -127.112      2.5   1015.5
     1     1    21     2    18    19     0     1   -95.0   44.386 -127.425      2.3   1015.0
     1     1    21     2    18    18     0     0   -96.0   44.434 -127.761      1.8   1014.9
     1     1    21     2    18    17     0     1   -97.0   44.483 -128.104      1.5   1014.4
     1     1    21     2    18    16     0     2   -98.0   44.507 -128.444      1.7   1013.6
     1     1    21     2    18    15     0     3   -99.0   44.510 -128.788      2.2   1012.8
     1     1    21     2    18    14     0     2  -100.0   44.482 -129.131      2.4   1012.8
     1     1    21     2    18    13     0     1  -101.0   44.420 -129.473      2.1   1012.7
     1     1    21     2    18    12     0     0  -102.0   44.356 -129.827      2.3   1012.6
     1     1    21     2    18    11     0     1  -103.0   44.257 -130.158      2.6   1012.6
     1     1    21     2    18    10     0     2  -104.0   44.089 -130.438      2.4   1012.5
     1     1    21     2    18     9     0     3  -105.0   43.896 -130.707      1.9   1012.7
     1     1    21     2    18     8     0     2  -106.0   43.689 -130.962      1.4   1013.4
     1     1    21     2    18     7     0     1  -107.0   43.409 -131.155      0.2   1014.3
     1     1    21     2    18     6     0     0  -108.0   43.026 -131.267      0.0   1015.6
     1     1    21     2    18     5     0     1  -109.0   42.585 -131.298      0.0   1016.5
     1     1    21     2    18     4     0     2  -110.0   42.132 -131.253      0.0   1017.5
     1     1    21     2    18     3     0     3  -111.0   41.680 -131.137      0.8   1019.0
     1     1    21     2    18     2     0     2  -112.0   41.256 -130.967      1.7   1020.7
     1     1    21     2    18     1     0     1  -113.0   40.882 -130.763      2.1   1022.4
     1     1    21     2    18     0     0     0  -114.0   40.563 -130.542      2.1   1023.3
     1     1    21     2    17    23     0     1  -115.0   40.286 -130.314      2.1   1024.4
     1     1    21     2    17    22     0     2  -116.0   40.040 -130.084      2.2   1025.7
     1     1    21     2    17    21     0     3  -117.0   39.824 -129.856      2.5   1026.9
     1     1    21     2    17    20     0     2  -118.0   39.641 -129.630      3.0   1026.9
     1     1    21     2    17    19     0     1  -119.0   39.495 -129.399      3.6   1026.9
     1     1    21     2    17    18     0     0  -120.0   39.385 -129.165      4.2   1026.9
