     5     1
    GDAS    21     2     1     0     0
    GDAS    21     2     8     0     0
    GDAS    21     2    15     0     0
    GDAS    21     2    22     0     0
    GDAS    21     3     1     0     0
     1 BACKWARD OMEGA   
    21     2    16    17   37.820  111.540  1000.0
     1 PRESSURE
     1     1    21     2    16    17     0     1     0.0   37.820  111.540   1000.0    778.2
     1     1    21     2    16    16     0     2    -1.0   38.265  111.187   1092.0    774.7
     1     1    21     2    16    15     0     3    -2.0   38.692  110.868   1095.8    780.0
     1     1    21     2    16    14     0     2    -3.0   39.093  110.549   1043.3    786.3
     1     1    21     2    16    13     0     1    -4.0   39.495  110.201   1036.8    773.1
     1     1    21     2    16    12     0     0    -5.0   39.919  109.812   1056.8    756.1
     1     1    21     2    16    11     0     1    -6.0   40.353  109.403   1060.9    755.6
     1     1    21     2    16    10     0     2    -7.0   40.727  109.007    967.0    777.2
     1     1    21     2    16     9     0     3    -8.0   40.960  108.632    769.8    812.3
     1     1    21     2    16     8     0     2    -9.0   41.092  108.290    606.8    838.8
     1     1    21     2    16     7     0     1   -10.0   41.189  107.973    528.1    842.4
     1     1    21     2    16     6     0     0   -11.0   41.244  107.681    481.8    840.0
     1     1    21     2    16     5     0     1   -12.0   41.261  107.435    429.4    843.6
     1     1    21     2    16     4     0     2   -13.0   41.249  107.240    375.5    849.8
     1     1    21     2    16     3     0     3   -14.0   41.203  107.087    333.0    854.4
     1     1    21     2    16     2     0     2   -15.0   41.145  106.965    304.1    856.1
     1     1    21     2    16     1     0     1   -16.0   41.103  106.870    287.3    856.1
     1     1    21     2    16     0     0     0   -17.0   41.077  106.800    282.7    855.0
     1     1    21     2    15    23     0     1   -18.0   41.054  106.754    275.2    852.5
     1     1    21     2    15    22     0     2   -19.0   41.015  106.732    249.0    854.4
     1     1    21     2    15    21     0     3   -20.0   40.957  106.735    216.1    857.8
     1     1    21     2    15    20     0     2   -21.0   40.916  106.780    200.2    860.8
     1     1    21     2    15    19     0     1   -22.0   40.928  106.869    188.7    862.2
     1     1    21     2    15    18     0     0   -23.0   41.006  107.005    168.6    868.1
     1     1    21     2    15    17     0     1   -24.0   41.128  107.168    152.5    873.8
     1     1    21     2    15    16     0     2   -25.0   41.264  107.335    152.1    873.2
     1     1    21     2    15    15     0     3   -26.0   41.430  107.515    147.4    871.0
     1     1    21     2    15    14     0     2   -27.0   41.635  107.685    114.1    868.8
     1     1    21     2    15    13     0     1   -28.0   41.868  107.835     63.2    867.7
     1     1    21     2    15    12     0     0   -29.0   42.110  107.982     31.3    871.4
     1     1    21     2    15    11     0     1   -30.0   42.354  108.072     10.6    879.5
     1     1    21     2    15    10     0     2   -31.0   42.593  108.068      1.9    888.8
     1     1    21     2    15     9     0     3   -32.0   42.850  108.012      0.0    900.1
     1     1    21     2    15     8     0     2   -33.0   43.117  107.914      0.0    903.8
     1     1    21     2    15     7     0     1   -34.0   43.385  107.755     30.8    896.9
     1     1    21     2    15     6     0     0   -35.0   43.698  107.508    102.0    876.0
     1     1    21     2    15     5     0     1   -36.0   44.078  107.153    211.0    845.7
     1     1    21     2    15     4     0     2   -37.0   44.501  106.718    314.3    831.2
     1     1    21     2    15     3     0     3   -38.0   44.910  106.251    305.5    832.3
     1     1    21     2    15     2     0     2   -39.0   45.226  105.795    222.2    843.6
     1     1    21     2    15     1     0     1   -40.0   45.420  105.360    169.0    848.7
     1     1    21     2    15     0     0     0   -41.0   45.530  104.917    155.9    846.4
     1     1    21     2    14    23     0     1   -42.0   45.618  104.473    161.4    843.5
     1     1    21     2    14    22     0     2   -43.0   45.739  104.047    187.3    836.7
     1     1    21     2    14    21     0     3   -44.0   45.868  103.651    246.0    821.7
     1     1    21     2    14    20     0     2   -45.0   45.964  103.312    328.9    803.7
     1     1    21     2    14    19     0     1   -46.0   46.043  103.020    414.4    789.5
     1     1    21     2    14    18     0     0   -47.0   46.156  102.712    498.0    767.8
     1     1    21     2    14    17     0     1   -48.0   46.355  102.302    593.1    744.2
     1     1    21     2    14    16     0     2   -49.0   46.642  101.771    735.4    717.4
     1     1    21     2    14    15     0     3   -50.0   47.065  101.104    837.8    667.0
     1     1    21     2    14    14     0     2   -51.0   47.560  100.309    984.8    671.7
     1     1    21     2    14    13     0     1   -52.0   48.133   99.364   1191.2    645.1
     1     1    21     2    14    12     0     0   -53.0   48.735   98.392   1165.3    659.0
     1     1    21     2    14    11     0     1   -54.0   49.269   97.432   1171.1    675.7
     1     1    21     2    14    10     0     2   -55.0   49.768   96.484   1350.9    663.4
     1     1    21     2    14     9     0     3   -56.0   50.164   95.632   1428.1    700.5
     1     1    21     2    14     8     0     2   -57.0   50.414   94.865   1406.2    737.3
     1     1    21     2    14     7     0     1   -58.0   50.627   94.149   1354.6    721.0
     1     1    21     2    14     6     0     0   -59.0   50.917   93.379   1355.5    694.3
     1     1    21     2    14     5     0     1   -60.0   51.310   92.483   1390.3    690.5
     1     1    21     2    14     4     0     2   -61.0   51.632   91.584   1339.2    708.2
     1     1    21     2    14     3     0     3   -62.0   51.923   90.550   1375.8    695.4
     1     1    21     2    14     2     0     2   -63.0   52.151   89.461   1374.0    725.5
     1     1    21     2    14     1     0     1   -64.0   52.244   88.495   1403.3    744.2
     1     1    21     2    14     0     0     0   -65.0   52.209   87.696   1358.1    782.9
     1     1    21     2    13    23     0     1   -66.0   52.114   87.058   1321.4    819.8
     1     1    21     2    13    22     0     2   -67.0   52.022   86.521   1292.4    829.2
     1     1    21     2    13    21     0     3   -68.0   51.953   86.032   1283.8    829.3
     1     1    21     2    13    20     0     2   -69.0   51.901   85.569   1286.8    820.3
     1     1    21     2    13    19     0     1   -70.0   51.860   85.125   1289.1    814.0
     1     1    21     2    13    18     0     0   -71.0   51.825   84.712   1291.1    813.1
     1     1    21     2    13    17     0     1   -72.0   51.793   84.334   1295.4    813.4
     1     1    21     2    13    16     0     2   -73.0   51.768   83.982   1303.8    812.8
     1     1    21     2    13    15     0     3   -74.0   51.749   83.645   1319.0    814.8
     1     1    21     2    13    14     0     2   -75.0   51.732   83.322   1337.3    816.3
     1     1    21     2    13    13     0     1   -76.0   51.717   83.018   1351.2    818.4
     1     1    21     2    13    12     0     0   -77.0   51.700   82.735   1356.6    822.8
     1     1    21     2    13    11     0     1   -78.0   51.678   82.479   1362.9    827.9
     1     1    21     2    13    10     0     2   -79.0   51.648   82.253   1380.0    830.2
     1     1    21     2    13     9     0     3   -80.0   51.609   82.059   1406.8    831.3
     1     1    21     2    13     8     0     2   -81.0   51.570   81.887   1433.1    828.5
     1     1    21     2    13     7     0     1   -82.0   51.537   81.729   1450.6    826.3
     1     1    21     2    13     6     0     0   -83.0   51.511   81.587   1460.0    824.9
     1     1    21     2    13     5     0     1   -84.0   51.494   81.452   1469.5    824.5
     1     1    21     2    13     4     0     2   -85.0   51.492   81.313   1485.9    822.3
     1     1    21     2    13     3     0     3   -86.0   51.509   81.166   1506.7    819.7
     1     1    21     2    13     2     0     2   -87.0   51.535   81.009   1522.5    816.6
     1     1    21     2    13     1     0     1   -88.0   51.557   80.842   1527.7    817.0
     1     1    21     2    13     0     0     0   -89.0   51.573   80.667   1524.0    818.2
     1     1    21     2    12    23     0     1   -90.0   51.587   80.492   1518.1    820.8
     1     1    21     2    12    22     0     2   -91.0   51.604   80.321   1515.8    822.2
     1     1    21     2    12    21     0     3   -92.0   51.624   80.153   1515.7    823.3
     1     1    21     2    12    20     0     2   -93.0   51.645   79.980   1519.6    824.2
     1     1    21     2    12    19     0     1   -94.0   51.666   79.795   1529.9    823.7
     1     1    21     2    12    18     0     0   -95.0   51.686   79.597   1542.5    822.7
     1     1    21     2    12    17     0     1   -96.0   51.709   79.393   1553.4    822.5
     1     1    21     2    12    16     0     2   -97.0   51.738   79.187   1564.9    822.4
     1     1    21     2    12    15     0     3   -98.0   51.771   78.978   1579.9    822.0
     1     1    21     2    12    14     0     2   -99.0   51.811   78.760   1596.1    820.3
     1     1    21     2    12    13     0     1  -100.0   51.857   78.526   1611.1    819.0
     1     1    21     2    12    12     0     0  -101.0   51.907   78.273   1623.6    817.7
     1     1    21     2    12    11     0     1  -102.0   51.959   78.010   1629.2    816.7
     1     1    21     2    12    10     0     2  -103.0   52.011   77.747   1630.6    818.6
     1     1    21     2    12     9     0     3  -104.0   52.061   77.487   1632.3    820.0
     1     1    21     2    12     8     0     2  -105.0   52.110   77.227   1635.2    821.4
     1     1    21     2    12     7     0     1  -106.0   52.158   76.962   1638.2    822.2
     1     1    21     2    12     6     0     0  -107.0   52.208   76.686   1640.4    820.4
     1     1    21     2    12     5     0     1  -108.0   52.256   76.398   1644.6    818.4
     1     1    21     2    12     4     0     2  -109.0   52.296   76.101   1647.8    816.3
     1     1    21     2    12     3     0     3  -110.0   52.328   75.798   1646.6    815.9
     1     1    21     2    12     2     0     2  -111.0   52.357   75.491   1637.4    817.0
     1     1    21     2    12     1     0     1  -112.0   52.388   75.185   1620.8    819.4
     1     1    21     2    12     0     0     0  -113.0   52.419   74.881   1599.3    821.7
     1     1    21     2    11    23     0     1  -114.0   52.449   74.583   1587.8    823.4
     1     1    21     2    11    22     0     2  -115.0   52.478   74.289   1598.0    821.1
     1     1    21     2    11    21     0     3  -116.0   52.505   74.001   1624.7    817.0
     1     1    21     2    11    20     0     2  -117.0   52.531   73.703   1659.9    812.0
     1     1    21     2    11    19     0     1  -118.0   52.559   73.381   1691.9    807.4
     1     1    21     2    11    18     0     0  -119.0   52.585   73.040   1706.6    804.5
     1     1    21     2    11    17     0     1  -120.0   52.611   72.692   1706.4    802.7
