     5     1
    GDAS    21     2     1     0     0
    GDAS    21     2     8     0     0
    GDAS    21     2    15     0     0
    GDAS    21     2    22     0     0
    GDAS    21     3     1     0     0
     1 BACKWARD OMEGA   
    21     2     8     6   37.820  111.540  1000.0
     1 PRESSURE
     1     1    21     2     8     6     0     0     0.0   37.820  111.540   1000.0    780.8
     1     1    21     2     8     5     0     1    -1.0   37.700  111.393    941.7    788.6
     1     1    21     2     8     4     0     2    -2.0   37.591  111.270    899.9    792.4
     1     1    21     2     8     3     0     3    -3.0   37.496  111.155    872.5    793.9
     1     1    21     2     8     2     0     2    -4.0   37.420  111.038    852.3    793.1
     1     1    21     2     8     1     0     1    -5.0   37.360  110.921    836.3    795.1
     1     1    21     2     8     0     0     0    -6.0   37.314  110.812    828.8    797.5
     1     1    21     2     7    23     0     1    -7.0   37.271  110.708    825.1    798.8
     1     1    21     2     7    22     0     2    -8.0   37.222  110.609    819.9    800.8
     1     1    21     2     7    21     0     3    -9.0   37.165  110.517    814.3    802.8
     1     1    21     2     7    20     0     2   -10.0   37.110  110.442    812.6    805.1
     1     1    21     2     7    19     0     1   -11.0   37.066  110.388    818.7    805.9
     1     1    21     2     7    18     0     0   -12.0   37.036  110.351    832.7    805.7
     1     1    21     2     7    17     0     1   -13.0   37.021  110.329    859.3    804.1
     1     1    21     2     7    16     0     2   -14.0   37.023  110.316    902.1    800.1
     1     1    21     2     7    15     0     3   -15.0   37.043  110.308    958.8    794.7
     1     1    21     2     7    14     0     2   -16.0   37.092  110.293   1008.6    788.4
     1     1    21     2     7    13     0     1   -17.0   37.178  110.269   1038.8    786.9
     1     1    21     2     7    12     0     0   -18.0   37.299  110.240   1060.3    786.7
     1     1    21     2     7    11     0     1   -19.0   37.439  110.199   1091.5    786.2
     1     1    21     2     7    10     0     2   -20.0   37.585  110.138   1132.5    782.9
     1     1    21     2     7     9     0     3   -21.0   37.739  110.061   1168.9    779.6
     1     1    21     2     7     8     0     2   -22.0   37.900  109.970   1203.5    777.3
     1     1    21     2     7     7     0     1   -23.0   38.071  109.846   1253.9    769.8
     1     1    21     2     7     6     0     0   -24.0   38.258  109.670   1320.9    757.4
     1     1    21     2     7     5     0     1   -25.0   38.449  109.437   1387.3    744.9
     1     1    21     2     7     4     0     2   -26.0   38.634  109.169   1444.0    734.9
     1     1    21     2     7     3     0     3   -27.0   38.817  108.876   1496.3    725.0
     1     1    21     2     7     2     0     2   -28.0   39.007  108.531   1539.7    713.6
     1     1    21     2     7     1     0     1   -29.0   39.196  108.129   1577.3    708.1
     1     1    21     2     7     0     0     0   -30.0   39.371  107.720   1620.3    708.8
     1     1    21     2     6    23     0     1   -31.0   39.537  107.335   1669.1    706.2
     1     1    21     2     6    22     0     2   -32.0   39.700  106.959   1714.7    697.3
     1     1    21     2     6    21     0     3   -33.0   39.869  106.569   1736.3    698.1
     1     1    21     2     6    20     0     2   -34.0   40.036  106.176   1730.0    716.3
     1     1    21     2     6    19     0     1   -35.0   40.192  105.789   1694.1    715.1
     1     1    21     2     6    18     0     0   -36.0   40.348  105.402   1643.0    705.0
     1     1    21     2     6    17     0     1   -37.0   40.509  105.021   1587.2    702.5
     1     1    21     2     6    16     0     2   -38.0   40.670  104.645   1551.2    710.6
     1     1    21     2     6    15     0     3   -39.0   40.824  104.264   1516.4    716.5
     1     1    21     2     6    14     0     2   -40.0   40.981  103.851   1494.2    721.8
     1     1    21     2     6    13     0     1   -41.0   41.155  103.402   1519.0    717.2
     1     1    21     2     6    12     0     0   -42.0   41.341  102.970   1572.8    710.6
     1     1    21     2     6    11     0     1   -43.0   41.510  102.585   1620.2    716.6
     1     1    21     2     6    10     0     2   -44.0   41.654  102.231   1637.4    724.7
     1     1    21     2     6     9     0     3   -45.0   41.780  101.892   1625.4    733.4
     1     1    21     2     6     8     0     2   -46.0   41.893  101.564   1603.9    741.1
     1     1    21     2     6     7     0     1   -47.0   42.000  101.234   1598.8    745.5
     1     1    21     2     6     6     0     0   -48.0   42.111  100.885   1612.3    739.2
     1     1    21     2     6     5     0     1   -49.0   42.236  100.507   1637.9    730.0
     1     1    21     2     6     4     0     2   -50.0   42.381  100.117   1668.6    723.2
     1     1    21     2     6     3     0     3   -51.0   42.548   99.737   1705.9    709.5
     1     1    21     2     6     2     0     2   -52.0   42.748   99.352   1741.0    695.0
     1     1    21     2     6     1     0     1   -53.0   43.001   98.926   1771.9    686.5
     1     1    21     2     6     0     0     0   -54.0   43.276   98.455   1752.0    679.4
     1     1    21     2     5    23     0     1   -55.0   43.537   97.962   1642.7    683.1
     1     1    21     2     5    22     0     2   -56.0   43.783   97.468   1538.2    710.3
     1     1    21     2     5    21     0     3   -57.0   44.034   96.931   1468.1    731.5
     1     1    21     2     5    20     0     2   -58.0   44.279   96.338   1469.6    737.7
     1     1    21     2     5    19     0     1   -59.0   44.491   95.734   1546.6    719.1
     1     1    21     2     5    18     0     0   -60.0   44.679   95.135   1636.1    669.8
     1     1    21     2     5    17     0     1   -61.0   44.864   94.527   1775.0    641.1
     1     1    21     2     5    16     0     2   -62.0   45.075   93.912   1918.8    641.5
     1     1    21     2     5    15     0     3   -63.0   45.318   93.297   1998.0    629.9
     1     1    21     2     5    14     0     2   -64.0   45.575   92.667   2065.1    631.7
     1     1    21     2     5    13     0     1   -65.0   45.829   91.990   2140.6    649.1
     1     1    21     2     5    12     0     0   -66.0   46.069   91.288   2184.2    641.4
     1     1    21     2     5    11     0     1   -67.0   46.290   90.598   2240.8    631.4
     1     1    21     2     5    10     0     2   -68.0   46.486   89.934   2289.8    642.1
     1     1    21     2     5     9     0     3   -69.0   46.666   89.296   2318.5    667.1
     1     1    21     2     5     8     0     2   -70.0   46.843   88.677   2329.8    691.5
     1     1    21     2     5     7     0     1   -71.0   47.028   88.065   2329.4    702.5
     1     1    21     2     5     6     0     0   -72.0   47.207   87.445   2311.1    691.9
     1     1    21     2     5     5     0     1   -73.0   47.372   86.806   2292.8    682.3
     1     1    21     2     5     4     0     2   -74.0   47.530   86.137   2257.7    666.0
     1     1    21     2     5     3     0     3   -75.0   47.678   85.438   2293.2    681.0
     1     1    21     2     5     2     0     2   -76.0   47.808   84.733   2343.6    696.4
     1     1    21     2     5     1     0     1   -77.0   47.916   84.046   2353.9    711.2
     1     1    21     2     5     0     0     0   -78.0   48.000   83.396   2334.8    724.6
     1     1    21     2     4    23     0     1   -79.0   48.061   82.761   2299.0    718.8
     1     1    21     2     4    22     0     2   -80.0   48.111   82.110   2240.4    705.4
     1     1    21     2     4    21     0     3   -81.0   48.163   81.441   2167.3    705.0
     1     1    21     2     4    20     0     2   -82.0   48.207   80.765   2108.1    712.0
     1     1    21     2     4    19     0     1   -83.0   48.240   80.106   2045.1    717.7
     1     1    21     2     4    18     0     0   -84.0   48.268   79.480   1991.3    732.0
     1     1    21     2     4    17     0     1   -85.0   48.289   78.859   1983.0    733.8
     1     1    21     2     4    16     0     2   -86.0   48.309   78.238   1987.8    729.1
     1     1    21     2     4    15     0     3   -87.0   48.339   77.626   1991.8    724.9
     1     1    21     2     4    14     0     2   -88.0   48.375   77.015   1991.8    718.6
     1     1    21     2     4    13     0     1   -89.0   48.418   76.390   1988.4    718.7
     1     1    21     2     4    12     0     0   -90.0   48.474   75.745   1976.7    717.9
     1     1    21     2     4    11     0     1   -91.0   48.533   75.097   1952.7    718.4
     1     1    21     2     4    10     0     2   -92.0   48.585   74.448   1931.5    724.7
     1     1    21     2     4     9     0     3   -93.0   48.624   73.784   1922.8    728.5
     1     1    21     2     4     8     0     2   -94.0   48.653   73.110   1905.9    732.3
     1     1    21     2     4     7     0     1   -95.0   48.671   72.439   1883.4    744.8
     1     1    21     2     4     6     0     0   -96.0   48.672   71.775   1875.9    754.1
     1     1    21     2     4     5     0     1   -97.0   48.666   71.115   1880.3    756.9
     1     1    21     2     4     4     0     2   -98.0   48.661   70.459   1882.9    761.0
     1     1    21     2     4     3     0     3   -99.0   48.653   69.807   1863.8    766.3
     1     1    21     2     4     2     0     2  -100.0   48.642   69.173   1820.0    773.2
     1     1    21     2     4     1     0     1  -101.0   48.614   68.549   1779.7    776.8
     1     1    21     2     4     0     0     0  -102.0   48.558   67.913   1767.5    775.3
     1     1    21     2     3    23     0     1  -103.0   48.484   67.285   1770.9    772.4
     1     1    21     2     3    22     0     2  -104.0   48.405   66.697   1765.2    775.9
     1     1    21     2     3    21     0     3  -105.0   48.321   66.154   1732.4    785.5
     1     1    21     2     3    20     0     2  -106.0   48.238   65.642   1682.7    800.7
     1     1    21     2     3    19     0     1  -107.0   48.159   65.147   1645.0    817.0
     1     1    21     2     3    18     0     0  -108.0   48.080   64.666   1635.8    825.2
     1     1    21     2     3    17     0     1  -109.0   47.996   64.187   1654.5    826.0
     1     1    21     2     3    16     0     2  -110.0   47.903   63.704   1678.8    826.0
     1     1    21     2     3    15     0     3  -111.0   47.805   63.222   1696.4    827.8
     1     1    21     2     3    14     0     2  -112.0   47.695   62.742   1696.0    826.0
     1     1    21     2     3    13     0     1  -113.0   47.566   62.268   1675.4    825.7
     1     1    21     2     3    12     0     0  -114.0   47.419   61.805   1651.8    827.7
     1     1    21     2     3    11     0     1  -115.0   47.256   61.363   1629.5    830.0
     1     1    21     2     3    10     0     2  -116.0   47.078   60.953   1600.1    832.5
     1     1    21     2     3     9     0     3  -117.0   46.887   60.576   1557.5    834.0
     1     1    21     2     3     8     0     2  -118.0   46.690   60.227   1518.6    839.5
     1     1    21     2     3     7     0     1  -119.0   46.493   59.902   1496.2    844.3
     1     1    21     2     3     6     0     0  -120.0   46.299   59.598   1486.0    848.1
