     5     1
    GDAS    21     2     1     0     0
    GDAS    21     2     8     0     0
    GDAS    21     2    15     0     0
    GDAS    21     2    22     0     0
    GDAS    21     3     1     0     0
     1 BACKWARD OMEGA   
    21     2    13    15   44.970  -93.230   500.0
     1 PRESSURE
     1     1    21     2    13    15     0     3     0.0   44.970  -93.230    500.0    931.3
     1     1    21     2    13    14     0     2    -1.0   45.099  -93.355    489.5    932.7
     1     1    21     2    13    13     0     1    -2.0   45.220  -93.474    482.4    931.7
     1     1    21     2    13    12     0     0    -3.0   45.329  -93.591    470.4    931.3
     1     1    21     2    13    11     0     1    -4.0   45.435  -93.726    456.3    932.3
     1     1    21     2    13    10     0     2    -5.0   45.545  -93.901    448.5    931.2
     1     1    21     2    13     9     0     3    -6.0   45.660  -94.121    451.1    928.4
     1     1    21     2    13     8     0     2    -7.0   45.764  -94.364    470.8    924.4
     1     1    21     2    13     7     0     1    -8.0   45.844  -94.609    498.4    918.5
     1     1    21     2    13     6     0     0    -9.0   45.892  -94.856    515.8    914.9
     1     1    21     2    13     5     0     1   -10.0   45.919  -95.095    526.2    915.3
     1     1    21     2    13     4     0     2   -11.0   45.941  -95.317    539.8    915.2
     1     1    21     2    13     3     0     3   -12.0   45.953  -95.521    552.8    914.6
     1     1    21     2    13     2     0     2   -13.0   45.956  -95.716    557.8    914.8
     1     1    21     2    13     1     0     1   -14.0   45.958  -95.902    551.5    917.0
     1     1    21     2    13     0     0     0   -15.0   45.962  -96.076    532.2    919.6
     1     1    21     2    12    23     0     1   -16.0   45.971  -96.253    511.0    924.0
     1     1    21     2    12    22     0     2   -17.0   45.984  -96.454    494.7    925.8
     1     1    21     2    12    21     0     3   -18.0   45.997  -96.681    474.9    928.2
     1     1    21     2    12    20     0     2   -19.0   46.008  -96.925    438.1    932.6
     1     1    21     2    12    19     0     1   -20.0   46.014  -97.181    391.1    939.5
     1     1    21     2    12    18     0     0   -21.0   46.015  -97.452    347.9    943.0
     1     1    21     2    12    17     0     1   -22.0   46.000  -97.708    306.4    946.1
     1     1    21     2    12    16     0     2   -23.0   45.950  -97.919    262.3    950.0
     1     1    21     2    12    15     0     3   -24.0   45.873  -98.091    219.8    953.5
     1     1    21     2    12    14     0     2   -25.0   45.816  -98.259    191.2    954.8
     1     1    21     2    12    13     0     1   -26.0   45.809  -98.447    187.4    951.3
     1     1    21     2    12    12     0     0   -27.0   45.848  -98.681    212.7    942.8
     1     1    21     2    12    11     0     1   -28.0   45.917  -98.969    270.6    928.2
     1     1    21     2    12    10     0     2   -29.0   45.989  -99.277    329.2    914.7
     1     1    21     2    12     9     0     3   -30.0   46.048  -99.569    343.6    912.2
     1     1    21     2    12     8     0     2   -31.0   46.107  -99.864    315.2    918.1
     1     1    21     2    12     7     0     1   -32.0   46.177 -100.178    275.8    925.6
     1     1    21     2    12     6     0     0   -33.0   46.257 -100.490    256.5    927.7
     1     1    21     2    12     5     0     1   -34.0   46.347 -100.789    254.9    925.0
     1     1    21     2    12     4     0     2   -35.0   46.453 -101.076    250.0    923.3
     1     1    21     2    12     3     0     3   -36.0   46.582 -101.358    228.5    924.1
     1     1    21     2    12     2     0     2   -37.0   46.716 -101.645    199.9    927.7
     1     1    21     2    12     1     0     1   -38.0   46.840 -101.949    168.9    929.0
     1     1    21     2    12     0     0     0   -39.0   46.950 -102.266    139.8    930.8
     1     1    21     2    11    23     0     1   -40.0   47.054 -102.598    129.0    928.2
     1     1    21     2    11    22     0     2   -41.0   47.161 -102.947    136.8    923.5
     1     1    21     2    11    21     0     3   -42.0   47.273 -103.309    147.9    920.9
     1     1    21     2    11    20     0     2   -43.0   47.392 -103.664    151.4    923.1
     1     1    21     2    11    19     0     1   -44.0   47.517 -104.003    149.4    927.6
     1     1    21     2    11    18     0     0   -45.0   47.644 -104.318    144.7    932.4
     1     1    21     2    11    17     0     1   -46.0   47.768 -104.607    136.2    935.3
     1     1    21     2    11    16     0     2   -47.0   47.891 -104.877    113.5    938.0
     1     1    21     2    11    15     0     3   -48.0   48.011 -105.129     73.2    944.4
     1     1    21     2    11    14     0     2   -49.0   48.123 -105.355     42.4    949.2
     1     1    21     2    11    13     0     1   -50.0   48.228 -105.560     30.2    947.2
     1     1    21     2    11    12     0     0   -51.0   48.325 -105.752     30.7    943.7
     1     1    21     2    11    11     0     1   -52.0   48.425 -105.935     40.1    939.0
     1     1    21     2    11    10     0     2   -53.0   48.536 -106.109     57.7    934.2
     1     1    21     2    11     9     0     3   -54.0   48.664 -106.274     83.1    927.7
     1     1    21     2    11     8     0     2   -55.0   48.808 -106.442    121.5    921.2
     1     1    21     2    11     7     0     1   -56.0   48.970 -106.625    180.3    912.2
     1     1    21     2    11     6     0     0   -57.0   49.166 -106.820    250.1    905.0
     1     1    21     2    11     5     0     1   -58.0   49.383 -107.038    310.0    898.1
     1     1    21     2    11     4     0     2   -59.0   49.610 -107.295    353.1    891.1
     1     1    21     2    11     3     0     3   -60.0   49.847 -107.599    379.6    884.8
     1     1    21     2    11     2     0     2   -61.0   50.093 -107.935    383.3    880.4
     1     1    21     2    11     1     0     1   -62.0   50.325 -108.276    358.7    888.9
     1     1    21     2    11     0     0     0   -63.0   50.528 -108.611    320.7    900.9
     1     1    21     2    10    23     0     1   -64.0   50.703 -108.945    293.8    909.9
     1     1    21     2    10    22     0     2   -65.0   50.863 -109.275    289.8    913.5
     1     1    21     2    10    21     0     3   -66.0   51.021 -109.597    305.3    912.6
     1     1    21     2    10    20     0     2   -67.0   51.192 -109.910    322.5    907.5
     1     1    21     2    10    19     0     1   -68.0   51.382 -110.215    332.6    903.0
     1     1    21     2    10    18     0     0   -69.0   51.588 -110.524    344.6    898.1
     1     1    21     2    10    17     0     1   -70.0   51.827 -110.848    369.3    890.4
     1     1    21     2    10    16     0     2   -71.0   52.120 -111.192    405.4    882.7
     1     1    21     2    10    15     0     3   -72.0   52.464 -111.564    424.3    881.8
     1     1    21     2    10    14     0     2   -73.0   52.808 -111.986    403.7    890.6
     1     1    21     2    10    13     0     1   -74.0   53.102 -112.450    377.9    899.1
     1     1    21     2    10    12     0     0   -75.0   53.360 -112.949    386.4    896.9
     1     1    21     2    10    11     0     1   -76.0   53.626 -113.456    405.6    890.3
     1     1    21     2    10    10     0     2   -77.0   53.896 -113.934    367.0    894.5
     1     1    21     2    10     9     0     3   -78.0   54.146 -114.390    317.6    907.7
     1     1    21     2    10     8     0     2   -79.0   54.411 -114.894    352.0    895.6
     1     1    21     2    10     7     0     1   -80.0   54.719 -115.471    423.7    865.6
     1     1    21     2    10     6     0     0   -81.0   54.973 -116.016    337.7    867.9
     1     1    21     2    10     5     0     1   -82.0   55.081 -116.472    188.5    916.3
     1     1    21     2    10     4     0     2   -83.0   55.144 -116.839     98.5    937.4
     1     1    21     2    10     3     0     3   -84.0   55.184 -117.141     48.9    946.7
     1     1    21     2    10     2     0     2   -85.0   55.213 -117.393     23.2    950.3
     1     1    21     2    10     1     0     1   -86.0   55.239 -117.623      7.0    952.0
     1     1    21     2    10     0     0     0   -87.0   55.263 -117.837      0.0    953.5
     1     1    21     2     9    23     0     1   -88.0   55.290 -118.061      0.0    955.1
     1     1    21     2     9    22     0     2   -89.0   55.322 -118.301      0.0    955.0
     1     1    21     2     9    21     0     3   -90.0   55.362 -118.560      0.0    954.7
     1     1    21     2     9    20     0     2   -91.0   55.405 -118.834      1.5    954.1
     1     1    21     2     9    19     0     1   -92.0   55.446 -119.107      8.3    952.8
     1     1    21     2     9    18     0     0   -93.0   55.489 -119.369     21.4    949.2
     1     1    21     2     9    17     0     1   -94.0   55.535 -119.624     44.2    944.2
     1     1    21     2     9    16     0     2   -95.0   55.588 -119.879     68.3    939.0
     1     1    21     2     9    15     0     3   -96.0   55.652 -120.134     86.8    934.3
     1     1    21     2     9    14     0     2   -97.0   55.723 -120.363     94.6    931.4
     1     1    21     2     9    13     0     1   -98.0   55.792 -120.550     92.2    931.4
     1     1    21     2     9    12     0     0   -99.0   55.856 -120.704     84.2    932.8
     1     1    21     2     9    11     0     1  -100.0   55.913 -120.833     74.9    934.7
     1     1    21     2     9    10     0     2  -101.0   55.962 -120.943     66.5    936.6
     1     1    21     2     9     9     0     3  -102.0   56.006 -121.035     59.2    938.6
     1     1    21     2     9     8     0     2  -103.0   56.049 -121.108     51.9    939.2
     1     1    21     2     9     7     0     1  -104.0   56.097 -121.165     44.1    939.6
     1     1    21     2     9     6     0     0  -105.0   56.151 -121.211     36.1    940.2
     1     1    21     2     9     5     0     1  -106.0   56.204 -121.252     29.3    940.7
     1     1    21     2     9     4     0     2  -107.0   56.251 -121.290     24.1    940.9
     1     1    21     2     9     3     0     3  -108.0   56.295 -121.325     20.2    940.9
     1     1    21     2     9     2     0     2  -109.0   56.340 -121.356     17.6    940.6
     1     1    21     2     9     1     0     1  -110.0   56.394 -121.379     15.9    940.1
     1     1    21     2     9     0     0     0  -111.0   56.458 -121.394     15.1    939.3
     1     1    21     2     8    23     0     1  -112.0   56.530 -121.410     14.6    938.5
     1     1    21     2     8    22     0     2  -113.0   56.606 -121.436     14.3    937.4
     1     1    21     2     8    21     0     3  -114.0   56.685 -121.469     13.9    936.0
     1     1    21     2     8    20     0     2  -115.0   56.767 -121.504     13.6    934.5
     1     1    21     2     8    19     0     1  -116.0   56.856 -121.537     14.0    932.7
     1     1    21     2     8    18     0     0  -117.0   56.951 -121.571     15.3    930.6
     1     1    21     2     8    17     0     1  -118.0   57.047 -121.612     18.3    929.8
     1     1    21     2     8    16     0     2  -119.0   57.134 -121.665     23.7    930.5
     1     1    21     2     8    15     0     3  -120.0   57.212 -121.730     33.2    930.2
