     5     1
    GDAS    21     2     1     0     0
    GDAS    21     2     8     0     0
    GDAS    21     2    15     0     0
    GDAS    21     2    22     0     0
    GDAS    21     3     1     0     0
     1 BACKWARD OMEGA   
    21     2    15     6   44.970  -93.230   500.0
     1 PRESSURE
     1     1    21     2    15     6     0     0     0.0   44.970  -93.230    500.0    935.5
     1     1    21     2    15     5     0     1    -1.0   45.058  -93.231    506.5    935.6
     1     1    21     2    15     4     0     2    -2.0   45.173  -93.246    528.5    931.3
     1     1    21     2    15     3     0     3    -3.0   45.311  -93.265    562.5    925.2
     1     1    21     2    15     2     0     2    -4.0   45.461  -93.300    591.3    918.0
     1     1    21     2    15     1     0     1    -5.0   45.616  -93.372    604.9    914.7
     1     1    21     2    15     0     0     0    -6.0   45.780  -93.483    614.5    911.6
     1     1    21     2    14    23     0     1    -7.0   45.948  -93.619    627.1    907.0
     1     1    21     2    14    22     0     2    -8.0   46.111  -93.781    638.4    902.9
     1     1    21     2    14    21     0     3    -9.0   46.267  -93.981    644.5    900.8
     1     1    21     2    14    20     0     2   -10.0   46.423  -94.188    661.0    900.4
     1     1    21     2    14    19     0     1   -11.0   46.588  -94.377    690.4    894.0
     1     1    21     2    14    18     0     0   -12.0   46.757  -94.558    714.1    889.0
     1     1    21     2    14    17     0     1   -13.0   46.934  -94.728    741.7    885.1
     1     1    21     2    14    16     0     2   -14.0   47.122  -94.879    793.9    879.0
     1     1    21     2    14    15     0     3   -15.0   47.314  -95.012    864.5    871.7
     1     1    21     2    14    14     0     2   -16.0   47.513  -95.145    916.1    864.9
     1     1    21     2    14    13     0     1   -17.0   47.721  -95.287    919.9    867.7
     1     1    21     2    14    12     0     0   -18.0   47.931  -95.432    882.4    875.5
     1     1    21     2    14    11     0     1   -19.0   48.136  -95.583    832.3    885.5
     1     1    21     2    14    10     0     2   -20.0   48.337  -95.747    799.7    889.5
     1     1    21     2    14     9     0     3   -21.0   48.538  -95.913    784.7    890.9
     1     1    21     2    14     8     0     2   -22.0   48.736  -96.070    782.5    891.1
     1     1    21     2    14     7     0     1   -23.0   48.925  -96.209    790.2    891.0
     1     1    21     2    14     6     0     0   -24.0   49.110  -96.324    804.9    890.4
     1     1    21     2    14     5     0     1   -25.0   49.300  -96.407    815.1    890.2
     1     1    21     2    14     4     0     2   -26.0   49.508  -96.454    815.0    892.6
     1     1    21     2    14     3     0     3   -27.0   49.736  -96.464    809.8    895.4
     1     1    21     2    14     2     0     2   -28.0   49.978  -96.459    802.0    897.8
     1     1    21     2    14     1     0     1   -29.0   50.220  -96.460    795.0    898.7
     1     1    21     2    14     0     0     0   -30.0   50.454  -96.473    796.6    898.7
     1     1    21     2    13    23     0     1   -31.0   50.671  -96.496    804.6    897.2
     1     1    21     2    13    22     0     2   -32.0   50.872  -96.515    807.8    896.6
     1     1    21     2    13    21     0     3   -33.0   51.062  -96.514    799.3    897.3
     1     1    21     2    13    20     0     2   -34.0   51.239  -96.481    785.5    900.0
     1     1    21     2    13    19     0     1   -35.0   51.398  -96.413    775.5    900.8
     1     1    21     2    13    18     0     0   -36.0   51.540  -96.318    769.5    900.9
     1     1    21     2    13    17     0     1   -37.0   51.665  -96.211    768.3    900.2
     1     1    21     2    13    16     0     2   -38.0   51.772  -96.100    772.0    898.8
     1     1    21     2    13    15     0     3   -39.0   51.863  -95.976    779.5    896.8
     1     1    21     2    13    14     0     2   -40.0   51.942  -95.835    780.7    894.3
     1     1    21     2    13    13     0     1   -41.0   52.012  -95.680    767.8    894.9
     1     1    21     2    13    12     0     0   -42.0   52.073  -95.512    747.1    896.8
     1     1    21     2    13    11     0     1   -43.0   52.119  -95.343    731.2    899.2
     1     1    21     2    13    10     0     2   -44.0   52.147  -95.184    725.1    898.9
     1     1    21     2    13     9     0     3   -45.0   52.156  -95.036    723.7    898.1
     1     1    21     2    13     8     0     2   -46.0   52.149  -94.894    725.2    897.6
     1     1    21     2    13     7     0     1   -47.0   52.128  -94.751    729.3    896.7
     1     1    21     2    13     6     0     0   -48.0   52.090  -94.607    735.1    895.5
     1     1    21     2    13     5     0     1   -49.0   52.041  -94.453    739.6    894.2
     1     1    21     2    13     4     0     2   -50.0   51.990  -94.282    737.9    893.7
     1     1    21     2    13     3     0     3   -51.0   51.942  -94.091    723.4    894.8
     1     1    21     2    13     2     0     2   -52.0   51.895  -93.899    697.6    897.6
     1     1    21     2    13     1     0     1   -53.0   51.845  -93.730    662.5    900.1
     1     1    21     2    13     0     0     0   -54.0   51.796  -93.584    605.4    905.3
     1     1    21     2    12    23     0     1   -55.0   51.755  -93.459    541.0    914.6
     1     1    21     2    12    22     0     2   -56.0   51.715  -93.345    491.4    920.6
     1     1    21     2    12    21     0     3   -57.0   51.669  -93.244    461.7    924.1
     1     1    21     2    12    20     0     2   -58.0   51.616  -93.152    441.2    924.7
     1     1    21     2    12    19     0     1   -59.0   51.561  -93.068    419.3    927.4
     1     1    21     2    12    18     0     0   -60.0   51.505  -92.989    397.5    930.0
     1     1    21     2    12    17     0     1   -61.0   51.445  -92.924    382.1    932.4
     1     1    21     2    12    16     0     2   -62.0   51.373  -92.879    376.9    932.7
     1     1    21     2    12    15     0     3   -63.0   51.287  -92.849    380.1    932.1
     1     1    21     2    12    14     0     2   -64.0   51.191  -92.829    389.6    930.4
     1     1    21     2    12    13     0     1   -65.0   51.093  -92.818    404.8    928.4
     1     1    21     2    12    12     0     0   -66.0   50.991  -92.822    428.9    925.4
     1     1    21     2    12    11     0     1   -67.0   50.893  -92.842    452.1    920.8
     1     1    21     2    12    10     0     2   -68.0   50.808  -92.871    465.6    919.3
     1     1    21     2    12     9     0     3   -69.0   50.736  -92.904    472.8    918.7
     1     1    21     2    12     8     0     2   -70.0   50.681  -92.947    477.3    918.3
     1     1    21     2    12     7     0     1   -71.0   50.646  -93.015    480.7    917.7
     1     1    21     2    12     6     0     0   -72.0   50.630  -93.112    483.1    917.4
     1     1    21     2    12     5     0     1   -73.0   50.621  -93.245    483.2    917.2
     1     1    21     2    12     4     0     2   -74.0   50.613  -93.415    479.9    917.8
     1     1    21     2    12     3     0     3   -75.0   50.606  -93.618    475.4    918.6
     1     1    21     2    12     2     0     2   -76.0   50.593  -93.850    464.0    919.3
     1     1    21     2    12     1     0     1   -77.0   50.577  -94.108    436.7    923.7
     1     1    21     2    12     0     0     0   -78.0   50.559  -94.395    401.5    931.9
     1     1    21     2    11    23     0     1   -79.0   50.538  -94.693    378.0    938.7
     1     1    21     2    11    22     0     2   -80.0   50.509  -94.994    369.6    941.6
     1     1    21     2    11    21     0     3   -81.0   50.470  -95.297    363.9    944.3
     1     1    21     2    11    20     0     2   -82.0   50.429  -95.591    358.8    948.1
     1     1    21     2    11    19     0     1   -83.0   50.397  -95.870    356.8    950.7
     1     1    21     2    11    18     0     0   -84.0   50.374  -96.136    356.8    953.2
     1     1    21     2    11    17     0     1   -85.0   50.387  -96.385    359.3    954.9
     1     1    21     2    11    16     0     2   -86.0   50.460  -96.619    362.9    956.1
     1     1    21     2    11    15     0     3   -87.0   50.593  -96.851    365.8    957.4
     1     1    21     2    11    14     0     2   -88.0   50.767  -97.114    374.7    957.0
     1     1    21     2    11    13     0     1   -89.0   50.958  -97.434    399.4    951.3
     1     1    21     2    11    12     0     0   -90.0   51.163  -97.797    437.2    943.3
     1     1    21     2    11    11     0     1   -91.0   51.371  -98.161    472.0    937.0
     1     1    21     2    11    10     0     2   -92.0   51.572  -98.507    498.5    933.6
     1     1    21     2    11     9     0     3   -93.0   51.769  -98.848    527.6    929.5
     1     1    21     2    11     8     0     2   -94.0   51.978  -99.204    571.9    923.0
     1     1    21     2    11     7     0     1   -95.0   52.197  -99.544    620.6    915.8
     1     1    21     2    11     6     0     0   -96.0   52.406  -99.827    651.1    910.3
     1     1    21     2    11     5     0     1   -97.0   52.609 -100.066    658.7    908.1
     1     1    21     2    11     4     0     2   -98.0   52.821 -100.283    655.8    909.3
     1     1    21     2    11     3     0     3   -99.0   53.056 -100.500    666.9    911.1
     1     1    21     2    11     2     0     2  -100.0   53.285 -100.703    685.8    906.4
     1     1    21     2    11     1     0     1  -101.0   53.493 -100.879    704.5    904.2
     1     1    21     2    11     0     0     0  -102.0   53.690 -101.042    723.8    901.0
     1     1    21     2    10    23     0     1  -103.0   53.885 -101.198    736.6    898.5
     1     1    21     2    10    22     0     2  -104.0   54.070 -101.347    746.9    897.9
     1     1    21     2    10    21     0     3  -105.0   54.241 -101.488    760.0    894.4
     1     1    21     2    10    20     0     2  -106.0   54.401 -101.608    769.2    890.7
     1     1    21     2    10    19     0     1  -107.0   54.560 -101.697    771.8    888.5
     1     1    21     2    10    18     0     0  -108.0   54.722 -101.759    770.6    886.8
     1     1    21     2    10    17     0     1  -109.0   54.888 -101.809    776.5    885.5
     1     1    21     2    10    16     0     2  -110.0   55.056 -101.869    798.8    881.5
     1     1    21     2    10    15     0     3  -111.0   55.215 -101.932    834.2    876.3
     1     1    21     2    10    14     0     2  -112.0   55.361 -101.983    866.2    870.2
     1     1    21     2    10    13     0     1  -113.0   55.500 -102.021    883.3    867.4
     1     1    21     2    10    12     0     0  -114.0   55.639 -102.057    888.5    866.2
     1     1    21     2    10    11     0     1  -115.0   55.779 -102.109    886.3    866.5
     1     1    21     2    10    10     0     2  -116.0   55.921 -102.197    878.9    867.0
     1     1    21     2    10     9     0     3  -117.0   56.062 -102.317    865.7    868.4
     1     1    21     2    10     8     0     2  -118.0   56.194 -102.427    854.2    870.0
     1     1    21     2    10     7     0     1  -119.0   56.313 -102.505    849.3    869.7
     1     1    21     2    10     6     0     0  -120.0   56.422 -102.560    848.4    869.0
