     5     1
    GDAS    21     2     1     0     0
    GDAS    21     2     8     0     0
    GDAS    21     2    15     0     0
    GDAS    21     2    22     0     0
    GDAS    21     3     1     0     0
     1 BACKWARD OMEGA   
    21     2     9    21   37.820  111.540  1000.0
     1 PRESSURE
     1     1    21     2     9    21     0     3     0.0   37.820  111.540   1000.0    777.7
     1     1    21     2     9    20     0     2    -1.0   37.890  111.393   1068.2    772.2
     1     1    21     2     9    19     0     1    -2.0   37.981  111.249   1095.1    772.0
     1     1    21     2     9    18     0     0    -3.0   38.082  111.107   1070.1    777.9
     1     1    21     2     9    17     0     1    -4.0   38.177  110.972   1040.9    789.1
     1     1    21     2     9    16     0     2    -5.0   38.272  110.835   1047.3    789.5
     1     1    21     2     9    15     0     3    -6.0   38.379  110.688   1081.6    785.9
     1     1    21     2     9    14     0     2    -7.0   38.499  110.522   1115.8    778.8
     1     1    21     2     9    13     0     1    -8.0   38.631  110.332   1129.3    774.2
     1     1    21     2     9    12     0     0    -9.0   38.788  110.115   1129.5    768.8
     1     1    21     2     9    11     0     1   -10.0   38.963  109.875   1134.5    762.9
     1     1    21     2     9    10     0     2   -11.0   39.129  109.607   1156.9    756.1
     1     1    21     2     9     9     0     3   -12.0   39.284  109.285   1201.9    747.0
     1     1    21     2     9     8     0     2   -13.0   39.440  108.909   1253.8    735.3
     1     1    21     2     9     7     0     1   -14.0   39.591  108.519   1267.1    733.5
     1     1    21     2     9     6     0     0   -15.0   39.724  108.140   1230.1    742.8
     1     1    21     2     9     5     0     1   -16.0   39.837  107.779   1184.0    752.9
     1     1    21     2     9     4     0     2   -17.0   39.936  107.428   1161.8    750.4
     1     1    21     2     9     3     0     3   -18.0   40.020  107.085   1155.2    744.3
     1     1    21     2     9     2     0     2   -19.0   40.097  106.754   1179.1    751.4
     1     1    21     2     9     1     0     1   -20.0   40.181  106.438   1229.7    754.5
     1     1    21     2     9     0     0     0   -21.0   40.275  106.133   1290.4    754.3
     1     1    21     2     8    23     0     1   -22.0   40.379  105.820   1347.1    743.2
     1     1    21     2     8    22     0     2   -23.0   40.495  105.485   1394.6    728.9
     1     1    21     2     8    21     0     3   -24.0   40.629  105.133   1436.0    718.1
     1     1    21     2     8    20     0     2   -25.0   40.773  104.782   1471.0    716.1
     1     1    21     2     8    19     0     1   -26.0   40.918  104.441   1500.8    718.1
     1     1    21     2     8    18     0     0   -27.0   41.071  104.109   1542.2    718.9
     1     1    21     2     8    17     0     1   -28.0   41.234  103.778   1595.8    713.9
     1     1    21     2     8    16     0     2   -29.0   41.406  103.439   1638.1    709.0
     1     1    21     2     8    15     0     3   -30.0   41.596  103.097   1645.0    709.5
     1     1    21     2     8    14     0     2   -31.0   41.787  102.751   1633.7    721.4
     1     1    21     2     8    13     0     1   -32.0   41.967  102.398   1620.0    732.6
     1     1    21     2     8    12     0     0   -33.0   42.152  102.037   1590.3    733.2
     1     1    21     2     8    11     0     1   -34.0   42.345  101.668   1572.9    727.3
     1     1    21     2     8    10     0     2   -35.0   42.538  101.287   1589.3    716.5
     1     1    21     2     8     9     0     3   -36.0   42.744  100.879   1638.5    704.0
     1     1    21     2     8     8     0     2   -37.0   42.948  100.434   1702.5    692.3
     1     1    21     2     8     7     0     1   -38.0   43.125   99.973   1769.9    693.1
     1     1    21     2     8     6     0     0   -39.0   43.283   99.516   1826.3    687.9
     1     1    21     2     8     5     0     1   -40.0   43.448   99.078   1852.3    683.0
     1     1    21     2     8     4     0     2   -41.0   43.628   98.655   1848.5    680.2
     1     1    21     2     8     3     0     3   -42.0   43.816   98.243   1825.6    674.7
     1     1    21     2     8     2     0     2   -43.0   44.004   97.831   1808.1    678.1
     1     1    21     2     8     1     0     1   -44.0   44.187   97.397   1814.4    681.7
     1     1    21     2     8     0     0     0   -45.0   44.362   96.927   1838.0    690.0
     1     1    21     2     7    23     0     1   -46.0   44.532   96.431   1868.6    691.1
     1     1    21     2     7    22     0     2   -47.0   44.692   95.911   1894.6    687.5
     1     1    21     2     7    21     0     3   -48.0   44.857   95.389   1953.0    644.8
     1     1    21     2     7    20     0     2   -49.0   45.077   94.886   2159.7    586.9
     1     1    21     2     7    19     0     1   -50.0   45.332   94.414   2397.6    580.8
     1     1    21     2     7    18     0     0   -51.0   45.598   93.961   2447.7    572.3
     1     1    21     2     7    17     0     1   -52.0   45.874   93.513   2486.7    565.2
     1     1    21     2     7    16     0     2   -53.0   46.145   93.056   2590.4    560.9
     1     1    21     2     7    15     0     3   -54.0   46.424   92.574   2714.8    558.3
     1     1    21     2     7    14     0     2   -55.0   46.719   92.075   2770.8    531.7
     1     1    21     2     7    13     0     1   -56.0   47.011   91.548   2810.3    507.0
     1     1    21     2     7    12     0     0   -57.0   47.298   90.943   2896.0    509.9
     1     1    21     2     7    11     0     1   -58.0   47.564   90.237   3059.6    506.4
     1     1    21     2     7    10     0     2   -59.0   47.787   89.449   3246.5    505.4
     1     1    21     2     7     9     0     3   -60.0   47.973   88.586   3336.9    518.4
     1     1    21     2     7     8     0     2   -61.0   48.092   87.681   3524.0    536.8
     1     1    21     2     7     7     0     1   -62.0   48.133   86.871   3658.3    571.9
     1     1    21     2     7     6     0     0   -63.0   48.138   86.058   3681.6    585.3
     1     1    21     2     7     5     0     1   -64.0   48.138   85.186   3711.8    588.7
     1     1    21     2     7     4     0     2   -65.0   48.113   84.351   3688.5    597.9
     1     1    21     2     7     3     0     3   -66.0   48.070   83.503   3507.1    616.9
     1     1    21     2     7     2     0     2   -67.0   47.941   82.605   3112.5    643.4
     1     1    21     2     7     1     0     1   -68.0   47.741   81.732   2824.6    652.0
     1     1    21     2     7     0     0     0   -69.0   47.525   80.910   2646.7    672.0
     1     1    21     2     6    23     0     1   -70.0   47.245   80.128   2478.6    699.2
     1     1    21     2     6    22     0     2   -71.0   46.943   79.401   2359.0    726.8
     1     1    21     2     6    21     0     3   -72.0   46.657   78.827   2628.5    696.5
     1     1    21     2     6    20     0     2   -73.0   46.415   78.105   2779.5    663.2
     1     1    21     2     6    19     0     1   -74.0   46.214   77.327   2677.4    694.8
     1     1    21     2     6    18     0     0   -75.0   46.025   76.773   2594.3    704.5
     1     1    21     2     6    17     0     1   -76.0   45.866   76.220   2463.4    714.5
     1     1    21     2     6    16     0     2   -77.0   45.724   75.583   2353.9    733.2
     1     1    21     2     6    15     0     3   -78.0   45.598   74.858   2405.0    731.6
     1     1    21     2     6    14     0     2   -79.0   45.445   74.108   2550.3    709.5
     1     1    21     2     6    13     0     1   -80.0   45.234   73.298   2635.6    695.3
     1     1    21     2     6    12     0     0   -81.0   44.989   72.422   2658.7    693.8
     1     1    21     2     6    11     0     1   -82.0   44.713   71.599   2388.1    731.3
     1     1    21     2     6    10     0     2   -83.0   44.380   70.830   2211.9    744.4
     1     1    21     2     6     9     0     3   -84.0   44.023   70.094   2210.7    748.8
     1     1    21     2     6     8     0     2   -85.0   43.664   69.350   2133.0    713.1
     1     1    21     2     6     7     0     1   -86.0   43.264   68.669   1922.0    781.4
     1     1    21     2     6     6     0     0   -87.0   42.851   68.051   1766.6    795.7
     1     1    21     2     6     5     0     1   -88.0   42.442   67.470   1589.7    815.5
     1     1    21     2     6     4     0     2   -89.0   42.040   66.886   1391.8    834.1
     1     1    21     2     6     3     0     3   -90.0   41.613   66.311   1237.0    853.8
     1     1    21     2     6     2     0     2   -91.0   41.158   65.787   1014.3    859.0
     1     1    21     2     6     1     0     1   -92.0   40.654   65.377    698.7    905.8
     1     1    21     2     6     0     0     0   -93.0   40.149   65.148    521.7    927.4
     1     1    21     2     5    23     0     1   -94.0   39.593   65.043    458.2    926.0
     1     1    21     2     5    22     0     2   -95.0   39.020   65.056    434.7    931.6
     1     1    21     2     5    21     0     3   -96.0   38.474   65.231    448.9    929.5
     1     1    21     2     5    20     0     2   -97.0   38.030   65.496    562.6    910.8
     1     1    21     2     5    19     0     1   -98.0   37.711   65.710    738.9    883.7
     1     1    21     2     5    18     0     0   -99.0   37.490   65.881    907.0    866.7
     1     1    21     2     5    17     0     1  -100.0   37.319   66.052   1049.9    854.5
     1     1    21     2     5    16     0     2  -101.0   37.180   66.245   1158.2    847.4
     1     1    21     2     5    15     0     3  -102.0   37.077   66.448   1250.9    844.0
     1     1    21     2     5    14     0     2  -103.0   37.012   66.627   1344.2    837.6
     1     1    21     2     5    13     0     1  -104.0   36.974   66.766   1428.5    826.4
     1     1    21     2     5    12     0     0  -105.0   36.951   66.869   1498.1    816.6
     1     1    21     2     5    11     0     1  -106.0   36.932   66.949   1561.1    809.6
     1     1    21     2     5    10     0     2  -107.0   36.905   67.003   1625.0    800.4
     1     1    21     2     5     9     0     3  -108.0   36.864   67.032   1683.0    789.9
     1     1    21     2     5     8     0     2  -109.0   36.812   67.036   1724.0    779.8
     1     1    21     2     5     7     0     1  -110.0   36.756   67.023   1744.3    772.6
     1     1    21     2     5     6     0     0  -111.0   36.699   66.999   1748.1    766.9
     1     1    21     2     5     5     0     1  -112.0   36.649   66.952   1747.7    762.6
     1     1    21     2     5     4     0     2  -113.0   36.618   66.864   1755.7    758.6
     1     1    21     2     5     3     0     3  -114.0   36.603   66.737   1776.3    755.3
     1     1    21     2     5     2     0     2  -115.0   36.601   66.574   1803.6    751.7
     1     1    21     2     5     1     0     1  -116.0   36.607   66.378   1831.5    749.7
     1     1    21     2     5     0     0     0  -117.0   36.620   66.150   1862.3    748.1
     1     1    21     2     4    23     0     1  -118.0   36.626   65.903   1889.6    746.7
     1     1    21     2     4    22     0     2  -119.0   36.609   65.650   1894.6    746.8
     1     1    21     2     4    21     0     3  -120.0   36.578   65.388   1863.5    750.4
