     5     1
    GDAS    21     2     1     0     0
    GDAS    21     2     8     0     0
    GDAS    21     2    15     0     0
    GDAS    21     2    22     0     0
    GDAS    21     3     1     0     0
     1 BACKWARD OMEGA   
    21     2    13    21   44.970  -93.230   500.0
     1 PRESSURE
     1     1    21     2    13    21     0     3     0.0   44.970  -93.230    500.0    930.3
     1     1    21     2    13    20     0     2    -1.0   45.104  -93.460    499.4    930.7
     1     1    21     2    13    19     0     1    -2.0   45.233  -93.644    504.9    928.1
     1     1    21     2    13    18     0     0    -3.0   45.358  -93.781    511.3    925.4
     1     1    21     2    13    17     0     1    -4.0   45.481  -93.893    518.3    922.2
     1     1    21     2    13    16     0     2    -5.0   45.604  -94.009    528.5    918.5
     1     1    21     2    13    15     0     3    -6.0   45.728  -94.134    542.7    914.1
     1     1    21     2    13    14     0     2    -7.0   45.849  -94.275    553.8    910.2
     1     1    21     2    13    13     0     1    -8.0   45.964  -94.426    558.7    908.4
     1     1    21     2    13    12     0     0    -9.0   46.075  -94.580    560.0    907.7
     1     1    21     2    13    11     0     1   -10.0   46.182  -94.747    567.2    907.1
     1     1    21     2    13    10     0     2   -11.0   46.284  -94.942    588.2    903.3
     1     1    21     2    13     9     0     3   -12.0   46.382  -95.165    619.5    899.7
     1     1    21     2    13     8     0     2   -13.0   46.472  -95.404    646.3    896.2
     1     1    21     2    13     7     0     1   -14.0   46.546  -95.645    661.7    896.5
     1     1    21     2    13     6     0     0   -15.0   46.611  -95.884    674.0    897.1
     1     1    21     2    13     5     0     1   -16.0   46.672  -96.129    681.7    897.2
     1     1    21     2    13     4     0     2   -17.0   46.732  -96.387    680.7    900.2
     1     1    21     2    13     3     0     3   -18.0   46.792  -96.652    673.7    904.6
     1     1    21     2    13     2     0     2   -19.0   46.848  -96.920    661.5    909.8
     1     1    21     2    13     1     0     1   -20.0   46.897  -97.193    645.3    910.8
     1     1    21     2    13     0     0     0   -21.0   46.937  -97.492    641.1    908.2
     1     1    21     2    12    23     0     1   -22.0   46.963  -97.825    664.6    900.5
     1     1    21     2    12    22     0     2   -23.0   46.970  -98.181    711.2    888.0
     1     1    21     2    12    21     0     3   -24.0   46.954  -98.561    785.2    873.7
     1     1    21     2    12    20     0     2   -25.0   46.941  -98.983    866.7    854.0
     1     1    21     2    12    19     0     1   -26.0   46.963  -99.438    914.6    845.9
     1     1    21     2    12    18     0     0   -27.0   47.019  -99.905    940.0    847.0
     1     1    21     2    12    17     0     1   -28.0   47.109 -100.401    952.0    841.3
     1     1    21     2    12    16     0     2   -29.0   47.237 -100.934    936.6    839.7
     1     1    21     2    12    15     0     3   -30.0   47.403 -101.502    908.3    840.4
     1     1    21     2    12    14     0     2   -31.0   47.585 -102.098    899.4    837.3
     1     1    21     2    12    13     0     1   -32.0   47.774 -102.712    915.2    832.4
     1     1    21     2    12    12     0     0   -33.0   47.973 -103.327    926.7    833.1
     1     1    21     2    12    11     0     1   -34.0   48.173 -103.924    921.0    839.2
     1     1    21     2    12    10     0     2   -35.0   48.370 -104.507    907.4    836.9
     1     1    21     2    12     9     0     3   -36.0   48.571 -105.088    891.9    833.3
     1     1    21     2    12     8     0     2   -37.0   48.795 -105.651    884.6    827.0
     1     1    21     2    12     7     0     1   -38.0   49.056 -106.177    874.5    819.4
     1     1    21     2    12     6     0     0   -39.0   49.343 -106.654    839.7    829.3
     1     1    21     2    12     5     0     1   -40.0   49.649 -107.122    800.2    839.8
     1     1    21     2    12     4     0     2   -41.0   49.976 -107.631    804.2    836.5
     1     1    21     2    12     3     0     3   -42.0   50.316 -108.140    829.3    830.9
     1     1    21     2    12     2     0     2   -43.0   50.647 -108.615    820.2    841.0
     1     1    21     2    12     1     0     1   -44.0   50.974 -109.074    809.8    851.9
     1     1    21     2    12     0     0     0   -45.0   51.313 -109.501    816.2    849.1
     1     1    21     2    11    23     0     1   -46.0   51.665 -109.884    835.1    844.6
     1     1    21     2    11    22     0     2   -47.0   52.044 -110.229    866.6    836.5
     1     1    21     2    11    21     0     3   -48.0   52.433 -110.543    890.2    835.6
     1     1    21     2    11    20     0     2   -49.0   52.808 -110.828    895.3    839.5
     1     1    21     2    11    19     0     1   -50.0   53.174 -111.071    889.9    842.1
     1     1    21     2    11    18     0     0   -51.0   53.530 -111.261    881.6    844.0
     1     1    21     2    11    17     0     1   -52.0   53.888 -111.395    876.1    844.4
     1     1    21     2    11    16     0     2   -53.0   54.261 -111.482    866.5    846.1
     1     1    21     2    11    15     0     3   -54.0   54.645 -111.519    847.3    850.0
     1     1    21     2    11    14     0     2   -55.0   55.015 -111.513    828.2    854.4
     1     1    21     2    11    13     0     1   -56.0   55.361 -111.487    817.8    855.6
     1     1    21     2    11    12     0     0   -57.0   55.684 -111.438    807.2    855.8
     1     1    21     2    11    11     0     1   -58.0   55.988 -111.360    790.5    859.1
     1     1    21     2    11    10     0     2   -59.0   56.279 -111.263    781.9    867.6
     1     1    21     2    11     9     0     3   -60.0   56.552 -111.153    789.1    871.9
     1     1    21     2    11     8     0     2   -61.0   56.806 -111.016    804.8    872.8
     1     1    21     2    11     7     0     1   -62.0   57.041 -110.846    817.9    873.1
     1     1    21     2    11     6     0     0   -63.0   57.258 -110.644    824.1    875.1
     1     1    21     2    11     5     0     1   -64.0   57.463 -110.432    824.3    876.8
     1     1    21     2    11     4     0     2   -65.0   57.660 -110.232    816.7    878.3
     1     1    21     2    11     3     0     3   -66.0   57.842 -110.051    796.0    880.7
     1     1    21     2    11     2     0     2   -67.0   57.999 -109.870    778.0    884.5
     1     1    21     2    11     1     0     1   -68.0   58.128 -109.660    782.1    884.1
     1     1    21     2    11     0     0     0   -69.0   58.230 -109.410    807.5    879.1
     1     1    21     2    10    23     0     1   -70.0   58.319 -109.139    838.4    872.4
     1     1    21     2    10    22     0     2   -71.0   58.407 -108.871    865.9    869.3
     1     1    21     2    10    21     0     3   -72.0   58.493 -108.603    890.4    867.0
     1     1    21     2    10    20     0     2   -73.0   58.573 -108.314    909.9    864.5
     1     1    21     2    10    19     0     1   -74.0   58.647 -107.993    924.9    862.1
     1     1    21     2    10    18     0     0   -75.0   58.713 -107.638    940.0    860.1
     1     1    21     2    10    17     0     1   -76.0   58.775 -107.249    958.5    856.6
     1     1    21     2    10    16     0     2   -77.0   58.835 -106.830    979.3    854.8
     1     1    21     2    10    15     0     3   -78.0   58.884 -106.391    998.4    858.2
     1     1    21     2    10    14     0     2   -79.0   58.918 -105.957   1006.7    861.5
     1     1    21     2    10    13     0     1   -80.0   58.955 -105.533   1004.1    859.3
     1     1    21     2    10    12     0     0   -81.0   58.993 -105.099   1006.4    856.0
     1     1    21     2    10    11     0     1   -82.0   59.030 -104.650   1014.3    850.6
     1     1    21     2    10    10     0     2   -83.0   59.067 -104.189   1020.5    845.3
     1     1    21     2    10     9     0     3   -84.0   59.096 -103.716   1023.1    843.2
     1     1    21     2    10     8     0     2   -85.0   59.122 -103.222   1024.2    842.4
     1     1    21     2    10     7     0     1   -86.0   59.146 -102.702   1024.4    841.7
     1     1    21     2    10     6     0     0   -87.0   59.159 -102.169   1027.0    841.6
     1     1    21     2    10     5     0     1   -88.0   59.174 -101.632   1030.1    842.8
     1     1    21     2    10     4     0     2   -89.0   59.200 -101.092   1024.9    846.1
     1     1    21     2    10     3     0     3   -90.0   59.222 -100.545   1002.2    851.9
     1     1    21     2    10     2     0     2   -91.0   59.241  -99.997    963.3    861.5
     1     1    21     2    10     1     0     1   -92.0   59.258  -99.442    928.9    867.1
     1     1    21     2    10     0     0     0   -93.0   59.268  -98.860    914.3    868.3
     1     1    21     2     9    23     0     1   -94.0   59.282  -98.272    909.1    866.8
     1     1    21     2     9    22     0     2   -95.0   59.310  -97.714    897.8    869.2
     1     1    21     2     9    21     0     3   -96.0   59.353  -97.195    868.7    875.8
     1     1    21     2     9    20     0     2   -97.0   59.403  -96.683    828.7    885.8
     1     1    21     2     9    19     0     1   -98.0   59.443  -96.147    796.2    893.8
     1     1    21     2     9    18     0     0   -99.0   59.468  -95.602    766.5    904.5
     1     1    21     2     9    17     0     1  -100.0   59.490  -95.061    727.4    919.8
     1     1    21     2     9    16     0     2  -101.0   59.507  -94.516    688.5    927.7
     1     1    21     2     9    15     0     3  -102.0   59.495  -93.954    663.5    930.5
     1     1    21     2     9    14     0     2  -103.0   59.458  -93.374    650.9    931.6
     1     1    21     2     9    13     0     1  -104.0   59.397  -92.788    643.6    931.0
     1     1    21     2     9    12     0     0  -105.0   59.311  -92.203    632.7    931.6
     1     1    21     2     9    11     0     1  -106.0   59.206  -91.632    619.3    933.5
     1     1    21     2     9    10     0     2  -107.0   59.081  -91.085    599.9    934.9
     1     1    21     2     9     9     0     3  -108.0   58.934  -90.566    568.5    938.8
     1     1    21     2     9     8     0     2  -109.0   58.769  -90.073    541.6    943.6
     1     1    21     2     9     7     0     1  -110.0   58.584  -89.613    529.3    943.9
     1     1    21     2     9     6     0     0  -111.0   58.379  -89.207    526.1    943.3
     1     1    21     2     9     5     0     1  -112.0   58.160  -88.860    523.0    942.6
     1     1    21     2     9     4     0     2  -113.0   57.933  -88.579    512.8    943.7
     1     1    21     2     9     3     0     3  -114.0   57.700  -88.376    496.9    946.1
     1     1    21     2     9     2     0     2  -115.0   57.459  -88.243    480.2    948.3
     1     1    21     2     9     1     0     1  -116.0   57.201  -88.175    464.2    949.7
     1     1    21     2     9     0     0     0  -117.0   56.924  -88.186    448.3    951.1
     1     1    21     2     8    23     0     1  -118.0   56.647  -88.254    441.8    951.7
     1     1    21     2     8    22     0     2  -119.0   56.386  -88.359    447.7    948.0
     1     1    21     2     8    21     0     3  -120.0   56.131  -88.517    460.0    942.7
