     5     1
    GDAS    21     2     1     0     0
    GDAS    21     2     8     0     0
    GDAS    21     2    15     0     0
    GDAS    21     2    22     0     0
    GDAS    21     3     1     0     0
     1 BACKWARD OMEGA   
    21     2    19    17   37.820  111.540  1000.0
     1 PRESSURE
     1     1    21     2    19    17     0     1     0.0   37.820  111.540   1000.0    775.7
     1     1    21     2    19    16     0     2    -1.0   38.128  111.078    870.0    780.3
     1     1    21     2    19    15     0     3    -2.0   38.394  110.635    656.6    829.3
     1     1    21     2    19    14     0     2    -3.0   38.642  110.136    535.6    834.6
     1     1    21     2    19    13     0     1    -4.0   38.888  109.564    525.7    824.9
     1     1    21     2    19    12     0     0    -5.0   39.145  108.948    609.4    806.5
     1     1    21     2    19    11     0     1    -6.0   39.401  108.309    687.6    787.8
     1     1    21     2    19    10     0     2    -7.0   39.602  107.672    702.3    793.1
     1     1    21     2    19     9     0     3    -8.0   39.736  107.051    681.7    792.7
     1     1    21     2    19     8     0     2    -9.0   39.820  106.479    675.5    802.6
     1     1    21     2    19     7     0     1   -10.0   39.895  105.964    667.4    811.6
     1     1    21     2    19     6     0     0   -11.0   39.992  105.471    586.8    808.8
     1     1    21     2    19     5     0     1   -12.0   40.144  104.929    548.8    805.4
     1     1    21     2    19     4     0     2   -13.0   40.347  104.320    512.7    802.5
     1     1    21     2    19     3     0     3   -14.0   40.517  103.704    435.7    820.6
     1     1    21     2    19     2     0     2   -15.0   40.658  103.063    435.4    817.2
     1     1    21     2    19     1     0     1   -16.0   40.809  102.414    491.4    818.0
     1     1    21     2    19     0     0     0   -17.0   40.958  101.820    495.3    832.9
     1     1    21     2    18    23     0     1   -18.0   41.106  101.293    489.9    847.4
     1     1    21     2    18    22     0     2   -19.0   41.279  100.799    500.4    848.5
     1     1    21     2    18    21     0     3   -20.0   41.499  100.267    491.5    847.1
     1     1    21     2    18    20     0     2   -21.0   41.739   99.665    483.6    844.4
     1     1    21     2    18    19     0     1   -22.0   41.972   99.028    726.0    820.2
     1     1    21     2    18    18     0     0   -23.0   42.163   98.511   1008.7    742.5
     1     1    21     2    18    17     0     1   -24.0   42.357   98.068   1053.5    737.9
     1     1    21     2    18    16     0     2   -25.0   42.564   97.613    980.5    752.8
     1     1    21     2    18    15     0     3   -26.0   42.762   97.089    946.4    763.1
     1     1    21     2    18    14     0     2   -27.0   42.913   96.584    955.3    775.0
     1     1    21     2    18    13     0     1   -28.0   42.994   96.204    971.6    792.3
     1     1    21     2    18    12     0     0   -29.0   43.047   95.944   1017.0    794.5
     1     1    21     2    18    11     0     1   -30.0   43.104   95.705   1042.6    769.5
     1     1    21     2    18    10     0     2   -31.0   43.157   95.437   1014.1    758.8
     1     1    21     2    18     9     0     3   -32.0   43.218   95.197    970.6    755.9
     1     1    21     2    18     8     0     2   -33.0   43.292   94.994    970.6    759.5
     1     1    21     2    18     7     0     1   -34.0   43.375   94.784   1025.0    762.0
     1     1    21     2    18     6     0     0   -35.0   43.453   94.533   1070.1    763.3
     1     1    21     2    18     5     0     1   -36.0   43.527   94.261   1073.1    768.0
     1     1    21     2    18     4     0     2   -37.0   43.600   93.983   1040.8    775.7
     1     1    21     2    18     3     0     3   -38.0   43.662   93.711   1015.4    782.2
     1     1    21     2    18     2     0     2   -39.0   43.707   93.436   1025.3    776.8
     1     1    21     2    18     1     0     1   -40.0   43.733   93.148   1064.8    763.8
     1     1    21     2    18     0     0     0   -41.0   43.754   92.846   1114.0    751.2
     1     1    21     2    17    23     0     1   -42.0   43.780   92.550   1149.4    742.8
     1     1    21     2    17    22     0     2   -43.0   43.807   92.279   1167.5    737.0
     1     1    21     2    17    21     0     3   -44.0   43.829   92.039   1183.3    731.5
     1     1    21     2    17    20     0     2   -45.0   43.845   91.830   1212.7    735.0
     1     1    21     2    17    19     0     1   -46.0   43.856   91.646   1253.6    739.0
     1     1    21     2    17    18     0     0   -47.0   43.861   91.484   1303.0    742.1
     1     1    21     2    17    17     0     1   -48.0   43.860   91.335   1354.4    744.6
     1     1    21     2    17    16     0     2   -49.0   43.856   91.198   1403.2    747.6
     1     1    21     2    17    15     0     3   -50.0   43.849   91.073   1451.1    750.0
     1     1    21     2    17    14     0     2   -51.0   43.846   90.951   1489.8    750.2
     1     1    21     2    17    13     0     1   -52.0   43.849   90.823   1510.2    750.9
     1     1    21     2    17    12     0     0   -53.0   43.857   90.692   1512.9    753.1
     1     1    21     2    17    11     0     1   -54.0   43.869   90.572   1521.4    756.8
     1     1    21     2    17    10     0     2   -55.0   43.884   90.468   1558.9    754.8
     1     1    21     2    17     9     0     3   -56.0   43.903   90.376   1625.7    749.9
     1     1    21     2    17     8     0     2   -57.0   43.924   90.286   1703.4    742.6
     1     1    21     2    17     7     0     1   -58.0   43.947   90.197   1774.8    738.1
     1     1    21     2    17     6     0     0   -59.0   43.972   90.111   1841.3    733.7
     1     1    21     2    17     5     0     1   -60.0   43.998   90.027   1895.3    729.5
     1     1    21     2    17     4     0     2   -61.0   44.027   89.939   1927.3    726.9
     1     1    21     2    17     3     0     3   -62.0   44.056   89.847   1939.5    725.8
     1     1    21     2    17     2     0     2   -63.0   44.084   89.758   1944.3    726.0
     1     1    21     2    17     1     0     1   -64.0   44.114   89.676   1951.4    725.2
     1     1    21     2    17     0     0     0   -65.0   44.146   89.597   1960.8    724.4
     1     1    21     2    16    23     0     1   -66.0   44.177   89.514   1969.3    723.6
     1     1    21     2    16    22     0     2   -67.0   44.205   89.424   1973.7    723.6
     1     1    21     2    16    21     0     3   -68.0   44.228   89.327   1973.4    724.3
     1     1    21     2    16    20     0     2   -69.0   44.247   89.234   1970.3    725.7
     1     1    21     2    16    19     0     1   -70.0   44.261   89.156   1965.9    727.0
     1     1    21     2    16    18     0     0   -71.0   44.271   89.094   1958.9    728.4
     1     1    21     2    16    17     0     1   -72.0   44.277   89.042   1959.4    729.8
     1     1    21     2    16    16     0     2   -73.0   44.279   88.995   1977.9    728.5
     1     1    21     2    16    15     0     3   -74.0   44.277   88.949   2013.3    724.5
     1     1    21     2    16    14     0     2   -75.0   44.268   88.901   2058.7    718.7
     1     1    21     2    16    13     0     1   -76.0   44.247   88.852   2109.5    713.0
     1     1    21     2    16    12     0     0   -77.0   44.216   88.802   2171.1    706.2
     1     1    21     2    16    11     0     1   -78.0   44.182   88.752   2231.6    697.5
     1     1    21     2    16    10     0     2   -79.0   44.157   88.701   2273.1    692.0
     1     1    21     2    16     9     0     3   -80.0   44.141   88.651   2295.0    688.5
     1     1    21     2    16     8     0     2   -81.0   44.128   88.600   2307.1    687.3
     1     1    21     2    16     7     0     1   -82.0   44.114   88.542   2319.8    684.9
     1     1    21     2    16     6     0     0   -83.0   44.101   88.480   2332.4    682.4
     1     1    21     2    16     5     0     1   -84.0   44.087   88.411   2346.6    679.5
     1     1    21     2    16     4     0     2   -85.0   44.073   88.334   2363.5    676.0
     1     1    21     2    16     3     0     3   -86.0   44.059   88.249   2382.4    672.1
     1     1    21     2    16     2     0     2   -87.0   44.049   88.163   2412.9    668.0
     1     1    21     2    16     1     0     1   -88.0   44.045   88.084   2468.2    661.6
     1     1    21     2    16     0     0     0   -89.0   44.047   88.014   2557.7    653.0
     1     1    21     2    15    23     0     1   -90.0   44.058   87.953   2654.5    643.4
     1     1    21     2    15    22     0     2   -91.0   44.074   87.894   2721.4    640.3
     1     1    21     2    15    21     0     3   -92.0   44.092   87.835   2761.7    639.8
     1     1    21     2    15    20     0     2   -93.0   44.114   87.781   2783.9    641.1
     1     1    21     2    15    19     0     1   -94.0   44.142   87.732   2794.5    643.1
     1     1    21     2    15    18     0     0   -95.0   44.177   87.688   2796.0    645.9
     1     1    21     2    15    17     0     1   -96.0   44.218   87.647   2801.8    649.3
     1     1    21     2    15    16     0     2   -97.0   44.264   87.609   2823.5    650.2
     1     1    21     2    15    15     0     3   -98.0   44.313   87.572   2859.5    650.0
     1     1    21     2    15    14     0     2   -99.0   44.363   87.537   2898.2    648.5
     1     1    21     2    15    13     0     1  -100.0   44.413   87.503   2929.6    648.5
     1     1    21     2    15    12     0     0  -101.0   44.464   87.469   2955.8    649.0
     1     1    21     2    15    11     0     1  -102.0   44.516   87.439   2977.7    649.6
     1     1    21     2    15    10     0     2  -103.0   44.570   87.415   2995.0    650.4
     1     1    21     2    15     9     0     3  -104.0   44.625   87.393   3007.0    651.6
     1     1    21     2    15     8     0     2  -105.0   44.683   87.371   3014.5    653.7
     1     1    21     2    15     7     0     1  -106.0   44.744   87.343   3017.5    656.2
     1     1    21     2    15     6     0     0  -107.0   44.808   87.310   3013.7    659.3
     1     1    21     2    15     5     0     1  -108.0   44.873   87.265   3006.2    663.1
     1     1    21     2    15     4     0     2  -109.0   44.936   87.205   3000.6    666.6
     1     1    21     2    15     3     0     3  -110.0   44.995   87.130   3000.5    669.6
     1     1    21     2    15     2     0     2  -111.0   45.050   87.050   2997.5    670.3
     1     1    21     2    15     1     0     1  -112.0   45.099   86.971   2986.3    671.9
     1     1    21     2    15     0     0     0  -113.0   45.143   86.892   2969.0    673.7
     1     1    21     2    14    23     0     1  -114.0   45.178   86.814   2958.5    675.8
     1     1    21     2    14    22     0     2  -115.0   45.205   86.736   2963.7    675.7
     1     1    21     2    14    21     0     3  -116.0   45.225   86.661   2983.1    674.4
     1     1    21     2    14    20     0     2  -117.0   45.240   86.589   3005.3    672.1
     1     1    21     2    14    19     0     1  -118.0   45.247   86.522   3019.2    671.4
     1     1    21     2    14    18     0     0  -119.0   45.246   86.461   3025.5    671.4
     1     1    21     2    14    17     0     1  -120.0   45.238   86.410   3031.6    672.0
