     5     1
    GDAS    21     2     1     0     0
    GDAS    21     2     8     0     0
    GDAS    21     2    15     0     0
    GDAS    21     2    22     0     0
    GDAS    21     3     1     0     0
     1 BACKWARD OMEGA   
    21     2     7    21   37.820  111.540  1000.0
     1 PRESSURE
     1     1    21     2     7    21     0     3     0.0   37.820  111.540   1000.0    781.0
     1     1    21     2     7    20     0     2    -1.0   37.833  111.372   1006.7    782.8
     1     1    21     2     7    19     0     1    -2.0   37.839  111.230   1021.7    783.7
     1     1    21     2     7    18     0     0    -3.0   37.838  111.111   1050.6    782.8
     1     1    21     2     7    17     0     1    -4.0   37.845  111.011   1085.5    779.9
     1     1    21     2     7    16     0     2    -5.0   37.870  110.924   1111.2    778.4
     1     1    21     2     7    15     0     3    -6.0   37.914  110.848   1124.4    779.0
     1     1    21     2     7    14     0     2    -7.0   37.984  110.782   1148.5    780.4
     1     1    21     2     7    13     0     1    -8.0   38.091  110.718   1193.7    776.0
     1     1    21     2     7    12     0     0    -9.0   38.242  110.645   1252.5    770.0
     1     1    21     2     7    11     0     1   -10.0   38.423  110.545   1316.5    762.4
     1     1    21     2     7    10     0     2   -11.0   38.618  110.407   1389.1    753.9
     1     1    21     2     7     9     0     3   -12.0   38.819  110.224   1485.8    740.4
     1     1    21     2     7     8     0     2   -13.0   39.023  109.983   1594.5    720.0
     1     1    21     2     7     7     0     1   -14.0   39.231  109.684   1674.4    705.7
     1     1    21     2     7     6     0     0   -15.0   39.433  109.338   1703.9    697.6
     1     1    21     2     7     5     0     1   -16.0   39.627  108.965   1710.5    693.3
     1     1    21     2     7     4     0     2   -17.0   39.812  108.594   1741.7    695.3
     1     1    21     2     7     3     0     3   -18.0   39.985  108.248   1804.9    696.6
     1     1    21     2     7     2     0     2   -19.0   40.156  107.917   1881.5    695.2
     1     1    21     2     7     1     0     1   -20.0   40.342  107.568   1944.0    686.2
     1     1    21     2     7     0     0     0   -21.0   40.549  107.192   1985.8    680.3
     1     1    21     2     6    23     0     1   -22.0   40.758  106.808   2009.7    679.6
     1     1    21     2     6    22     0     2   -23.0   40.951  106.431   2023.1    675.8
     1     1    21     2     6    21     0     3   -24.0   41.120  106.063   2016.6    671.7
     1     1    21     2     6    20     0     2   -25.0   41.281  105.709   2004.0    678.7
     1     1    21     2     6    19     0     1   -26.0   41.454  105.349   2007.8    680.3
     1     1    21     2     6    18     0     0   -27.0   41.644  104.961   2028.3    679.1
     1     1    21     2     6    17     0     1   -28.0   41.836  104.559   2055.4    678.7
     1     1    21     2     6    16     0     2   -29.0   42.019  104.175   2073.2    679.2
     1     1    21     2     6    15     0     3   -30.0   42.204  103.795   2098.0    673.9
     1     1    21     2     6    14     0     2   -31.0   42.397  103.395   2139.8    666.7
     1     1    21     2     6    13     0     1   -32.0   42.590  102.997   2169.9    662.8
     1     1    21     2     6    12     0     0   -33.0   42.785  102.594   2173.7    652.3
     1     1    21     2     6    11     0     1   -34.0   42.980  102.135   2194.7    631.9
     1     1    21     2     6    10     0     2   -35.0   43.166  101.631   2296.5    628.3
     1     1    21     2     6     9     0     3   -36.0   43.332  101.128   2405.5    624.8
     1     1    21     2     6     8     0     2   -37.0   43.485  100.639   2480.4    626.8
     1     1    21     2     6     7     0     1   -38.0   43.637  100.165   2565.7    627.5
     1     1    21     2     6     6     0     0   -39.0   43.794   99.700   2701.4    615.8
     1     1    21     2     6     5     0     1   -40.0   43.969   99.219   2819.4    596.3
     1     1    21     2     6     4     0     2   -41.0   44.164   98.719   2845.6    579.8
     1     1    21     2     6     3     0     3   -42.0   44.379   98.184   2816.3    558.3
     1     1    21     2     6     2     0     2   -43.0   44.604   97.614   2813.6    559.4
     1     1    21     2     6     1     0     1   -44.0   44.820   97.028   2861.2    579.2
     1     1    21     2     6     0     0     0   -45.0   45.014   96.446   2896.7    584.4
     1     1    21     2     5    23     0     1   -46.0   45.195   95.874   2932.5    583.2
     1     1    21     2     5    22     0     2   -47.0   45.390   95.288   2966.9    555.1
     1     1    21     2     5    21     0     3   -48.0   45.596   94.677   3059.6    540.5
     1     1    21     2     5    20     0     2   -49.0   45.815   94.033   3049.3    510.6
     1     1    21     2     5    19     0     1   -50.0   46.057   93.363   3058.0    513.9
     1     1    21     2     5    18     0     0   -51.0   46.310   92.725   3117.1    524.2
     1     1    21     2     5    17     0     1   -52.0   46.582   92.096   3191.5    512.1
     1     1    21     2     5    16     0     2   -53.0   46.880   91.390   3307.9    480.1
     1     1    21     2     5    15     0     3   -54.0   47.183   90.641   3391.1    480.6
     1     1    21     2     5    14     0     2   -55.0   47.487   89.892   3501.6    490.8
     1     1    21     2     5    13     0     1   -56.0   47.789   89.126   3589.8    490.5
     1     1    21     2     5    12     0     0   -57.0   48.081   88.333   3524.5    503.9
     1     1    21     2     5    11     0     1   -58.0   48.361   87.489   3631.2    512.1
     1     1    21     2     5    10     0     2   -59.0   48.615   86.655   3704.2    513.3
     1     1    21     2     5     9     0     3   -60.0   48.850   85.792   3690.8    498.1
     1     1    21     2     5     8     0     2   -61.0   49.069   84.900   3747.6    490.5
     1     1    21     2     5     7     0     1   -62.0   49.244   84.057   3909.7    538.5
     1     1    21     2     5     6     0     0   -63.0   49.382   83.277   3905.1    556.9
     1     1    21     2     5     5     0     1   -64.0   49.516   82.523   3881.1    570.7
     1     1    21     2     5     4     0     2   -65.0   49.637   81.778   3819.2    585.6
     1     1    21     2     5     3     0     3   -66.0   49.758   81.030   3757.7    599.3
     1     1    21     2     5     2     0     2   -67.0   49.876   80.259   3700.9    605.2
     1     1    21     2     5     1     0     1   -68.0   49.969   79.478   3622.6    616.1
     1     1    21     2     5     0     0     0   -69.0   50.055   78.684   3524.7    623.9
     1     1    21     2     4    23     0     1   -70.0   50.135   77.886   3453.7    620.4
     1     1    21     2     4    22     0     2   -71.0   50.192   77.108   3410.1    614.2
     1     1    21     2     4    21     0     3   -72.0   50.227   76.338   3343.4    618.2
     1     1    21     2     4    20     0     2   -73.0   50.260   75.583   3243.7    627.7
     1     1    21     2     4    19     0     1   -74.0   50.300   74.842   3151.6    635.9
     1     1    21     2     4    18     0     0   -75.0   50.340   74.106   3060.2    646.0
     1     1    21     2     4    17     0     1   -76.0   50.382   73.354   2971.5    653.5
     1     1    21     2     4    16     0     2   -77.0   50.427   72.569   2898.4    662.6
     1     1    21     2     4    15     0     3   -78.0   50.459   71.752   2854.7    674.4
     1     1    21     2     4    14     0     2   -79.0   50.472   70.915   2839.1    679.9
     1     1    21     2     4    13     0     1   -80.0   50.471   70.068   2832.8    683.2
     1     1    21     2     4    12     0     0   -81.0   50.447   69.209   2814.5    684.7
     1     1    21     2     4    11     0     1   -82.0   50.398   68.374   2774.8    688.1
     1     1    21     2     4    10     0     2   -83.0   50.344   67.576   2742.9    690.1
     1     1    21     2     4     9     0     3   -84.0   50.281   66.795   2728.4    693.4
     1     1    21     2     4     8     0     2   -85.0   50.215   66.045   2727.3    702.9
     1     1    21     2     4     7     0     1   -86.0   50.143   65.324   2704.4    710.6
     1     1    21     2     4     6     0     0   -87.0   50.052   64.621   2662.1    718.4
     1     1    21     2     4     5     0     1   -88.0   49.955   63.940   2608.6    727.4
     1     1    21     2     4     4     0     2   -89.0   49.869   63.289   2565.3    729.9
     1     1    21     2     4     3     0     3   -90.0   49.791   62.666   2553.5    728.3
     1     1    21     2     4     2     0     2   -91.0   49.717   62.048   2542.7    729.1
     1     1    21     2     4     1     0     1   -92.0   49.649   61.423   2513.8    726.3
     1     1    21     2     4     0     0     0   -93.0   49.583   60.805   2494.9    724.1
     1     1    21     2     3    23     0     1   -94.0   49.507   60.198   2510.2    724.6
     1     1    21     2     3    22     0     2   -95.0   49.426   59.590   2520.5    717.6
     1     1    21     2     3    21     0     3   -96.0   49.360   59.000   2456.4    717.1
     1     1    21     2     3    20     0     2   -97.0   49.301   58.430   2371.0    732.3
     1     1    21     2     3    19     0     1   -98.0   49.232   57.869   2347.2    736.5
     1     1    21     2     3    18     0     0   -99.0   49.164   57.306   2334.8    737.8
     1     1    21     2     3    17     0     1  -100.0   49.095   56.758   2303.4    745.8
     1     1    21     2     3    16     0     2  -101.0   49.016   56.250   2280.6    749.4
     1     1    21     2     3    15     0     3  -102.0   48.927   55.785   2272.9    752.8
     1     1    21     2     3    14     0     2  -103.0   48.843   55.338   2265.6    758.1
     1     1    21     2     3    13     0     1  -104.0   48.775   54.900   2251.1    764.9
     1     1    21     2     3    12     0     0  -105.0   48.721   54.473   2233.1    769.9
     1     1    21     2     3    11     0     1  -106.0   48.679   54.043   2212.1    776.0
     1     1    21     2     3    10     0     2  -107.0   48.637   53.606   2192.1    779.4
     1     1    21     2     3     9     0     3  -108.0   48.579   53.174   2171.7    781.7
     1     1    21     2     3     8     0     2  -109.0   48.513   52.740   2145.2    785.1
     1     1    21     2     3     7     0     1  -110.0   48.455   52.300   2109.8    788.4
     1     1    21     2     3     6     0     0  -111.0   48.403   51.881   2059.7    793.4
     1     1    21     2     3     5     0     1  -112.0   48.349   51.482   2005.2    800.2
     1     1    21     2     3     4     0     2  -113.0   48.297   51.093   1961.8    804.8
     1     1    21     2     3     3     0     3  -114.0   48.261   50.726   1920.3    808.3
     1     1    21     2     3     2     0     2  -115.0   48.230   50.372   1876.4    813.5
     1     1    21     2     3     1     0     1  -116.0   48.206   50.028   1849.6    818.0
     1     1    21     2     3     0     0     0  -117.0   48.197   49.692   1862.4    817.7
     1     1    21     2     2    23     0     1  -118.0   48.198   49.342   1891.6    811.7
     1     1    21     2     2    22     0     2  -119.0   48.213   48.962   1901.1    810.3
     1     1    21     2     2    21     0     3  -120.0   48.241   48.535   1882.8    810.5
