     5     1
    GDAS    21     2     1     0     0
    GDAS    21     2     8     0     0
    GDAS    21     2    15     0     0
    GDAS    21     2    22     0     0
    GDAS    21     3     1     0     0
     1 BACKWARD OMEGA   
    21     2     7     6   37.820  111.540  1000.0
     1 PRESSURE
     1     1    21     2     7     6     0     0     0.0   37.820  111.540   1000.0    779.4
     1     1    21     2     7     5     0     1    -1.0   37.998  111.362   1136.9    766.7
     1     1    21     2     7     4     0     2    -2.0   38.176  111.178   1219.1    763.2
     1     1    21     2     7     3     0     3    -3.0   38.354  110.990   1267.9    767.7
     1     1    21     2     7     2     0     2    -4.0   38.541  110.787   1309.2    764.9
     1     1    21     2     7     1     0     1    -5.0   38.744  110.549   1359.1    756.5
     1     1    21     2     7     0     0     0    -6.0   38.946  110.272   1402.4    744.0
     1     1    21     2     6    23     0     1    -7.0   39.138  109.956   1448.0    732.0
     1     1    21     2     6    22     0     2    -8.0   39.329  109.587   1517.2    719.6
     1     1    21     2     6    21     0     3    -9.0   39.528  109.152   1594.6    704.4
     1     1    21     2     6    20     0     2   -10.0   39.728  108.698   1666.7    696.5
     1     1    21     2     6    19     0     1   -11.0   39.920  108.292   1738.5    698.0
     1     1    21     2     6    18     0     0   -12.0   40.108  107.920   1810.2    698.8
     1     1    21     2     6    17     0     1   -13.0   40.302  107.517   1860.5    690.6
     1     1    21     2     6    16     0     2   -14.0   40.497  107.062   1900.0    685.1
     1     1    21     2     6    15     0     3   -15.0   40.683  106.616   1913.6    684.3
     1     1    21     2     6    14     0     2   -16.0   40.865  106.216   1883.8    684.6
     1     1    21     2     6    13     0     1   -17.0   41.063  105.834   1871.3    684.8
     1     1    21     2     6    12     0     0   -18.0   41.281  105.431   1916.0    684.8
     1     1    21     2     6    11     0     1   -19.0   41.505  104.995   1975.2    678.6
     1     1    21     2     6    10     0     2   -20.0   41.719  104.540   2037.5    677.8
     1     1    21     2     6     9     0     3   -21.0   41.915  104.106   2097.2    674.5
     1     1    21     2     6     8     0     2   -22.0   42.087  103.693   2120.8    669.3
     1     1    21     2     6     7     0     1   -23.0   42.232  103.281   2080.1    670.2
     1     1    21     2     6     6     0     0   -24.0   42.346  102.872   1990.3    679.6
     1     1    21     2     6     5     0     1   -25.0   42.442  102.478   1890.6    686.9
     1     1    21     2     6     4     0     2   -26.0   42.536  102.092   1759.3    687.2
     1     1    21     2     6     3     0     3   -27.0   42.614  101.743   1571.1    702.2
     1     1    21     2     6     2     0     2   -28.0   42.698  101.435   1395.3    720.3
     1     1    21     2     6     1     0     1   -29.0   42.815  101.166   1297.8    727.9
     1     1    21     2     6     0     0     0   -30.0   42.962  100.928   1276.0    722.3
     1     1    21     2     5    23     0     1   -31.0   43.144  100.665   1243.8    723.7
     1     1    21     2     5    22     0     2   -32.0   43.379  100.373   1231.5    738.7
     1     1    21     2     5    21     0     3   -33.0   43.619  100.083   1261.5    741.4
     1     1    21     2     5    20     0     2   -34.0   43.829   99.837   1259.6    735.5
     1     1    21     2     5    19     0     1   -35.0   44.008   99.634   1207.7    742.7
     1     1    21     2     5    18     0     0   -36.0   44.212   99.374   1192.2    733.5
     1     1    21     2     5    17     0     1   -37.0   44.494   98.942   1289.7    700.2
     1     1    21     2     5    16     0     2   -38.0   44.783   98.415   1353.0    648.5
     1     1    21     2     5    15     0     3   -39.0   45.032   97.891   1327.3    629.9
     1     1    21     2     5    14     0     2   -40.0   45.254   97.387   1341.6    676.3
     1     1    21     2     5    13     0     1   -41.0   45.460   96.861   1364.4    687.9
     1     1    21     2     5    12     0     0   -42.0   45.624   96.322   1252.6    708.7
     1     1    21     2     5    11     0     1   -43.0   45.736   95.828   1022.8    748.7
     1     1    21     2     5    10     0     2   -44.0   45.800   95.464    858.2    772.3
     1     1    21     2     5     9     0     3   -45.0   45.831   95.187    800.9    775.5
     1     1    21     2     5     8     0     2   -46.0   45.854   94.922    808.8    767.7
     1     1    21     2     5     7     0     1   -47.0   45.906   94.601    875.5    739.1
     1     1    21     2     5     6     0     0   -48.0   46.021   94.190   1032.9    687.1
     1     1    21     2     5     5     0     1   -49.0   46.198   93.716   1199.3    660.3
     1     1    21     2     5     4     0     2   -50.0   46.405   93.145   1320.7    663.2
     1     1    21     2     5     3     0     3   -51.0   46.645   92.489   1389.4    649.0
     1     1    21     2     5     2     0     2   -52.0   46.933   91.726   1395.3    611.3
     1     1    21     2     5     1     0     1   -53.0   47.212   90.852   1576.0    612.8
     1     1    21     2     5     0     0     0   -54.0   47.483   89.947   1809.2    604.4
     1     1    21     2     4    23     0     1   -55.0   47.729   89.085   1811.2    637.1
     1     1    21     2     4    22     0     2   -56.0   47.952   88.232   1840.2    649.1
     1     1    21     2     4    21     0     3   -57.0   48.172   87.381   2044.2    665.8
     1     1    21     2     4    20     0     2   -58.0   48.338   86.573   2122.2    677.4
     1     1    21     2     4    19     0     1   -59.0   48.469   85.788   2155.1    669.3
     1     1    21     2     4    18     0     0   -60.0   48.597   84.984   2096.9    660.3
     1     1    21     2     4    17     0     1   -61.0   48.688   84.188   2010.1    709.5
     1     1    21     2     4    16     0     2   -62.0   48.707   83.410   1924.1    735.0
     1     1    21     2     4    15     0     3   -63.0   48.702   82.633   1891.0    739.4
     1     1    21     2     4    14     0     2   -64.0   48.681   81.898   1833.0    742.1
     1     1    21     2     4    13     0     1   -65.0   48.645   81.202   1739.2    753.4
     1     1    21     2     4    12     0     0   -66.0   48.599   80.536   1653.2    765.6
     1     1    21     2     4    11     0     1   -67.0   48.557   79.893   1608.5    770.9
     1     1    21     2     4    10     0     2   -68.0   48.534   79.254   1561.9    769.8
     1     1    21     2     4     9     0     3   -69.0   48.531   78.619   1488.6    776.7
     1     1    21     2     4     8     0     2   -70.0   48.524   77.986   1420.6    780.4
     1     1    21     2     4     7     0     1   -71.0   48.506   77.345   1380.2    780.1
     1     1    21     2     4     6     0     0   -72.0   48.482   76.679   1356.6    777.5
     1     1    21     2     4     5     0     1   -73.0   48.454   76.002   1327.0    781.9
     1     1    21     2     4     4     0     2   -74.0   48.418   75.333   1288.3    785.6
     1     1    21     2     4     3     0     3   -75.0   48.364   74.688   1262.6    792.5
     1     1    21     2     4     2     0     2   -76.0   48.297   74.069   1259.9    796.7
     1     1    21     2     4     1     0     1   -77.0   48.231   73.476   1224.4    796.3
     1     1    21     2     4     0     0     0   -78.0   48.173   72.922   1109.6    807.1
     1     1    21     2     3    23     0     1   -79.0   48.107   72.412    988.2    831.1
     1     1    21     2     3    22     0     2   -80.0   48.012   71.943    920.3    840.2
     1     1    21     2     3    21     0     3   -81.0   47.878   71.528    874.2    852.1
     1     1    21     2     3    20     0     2   -82.0   47.720   71.169    816.0    865.1
     1     1    21     2     3    19     0     1   -83.0   47.549   70.860    750.5    878.3
     1     1    21     2     3    18     0     0   -84.0   47.362   70.608    695.0    890.5
     1     1    21     2     3    17     0     1   -85.0   47.171   70.419    652.9    899.5
     1     1    21     2     3    16     0     2   -86.0   46.990   70.291    614.3    907.0
     1     1    21     2     3    15     0     3   -87.0   46.822   70.222    576.8    913.7
     1     1    21     2     3    14     0     2   -88.0   46.675   70.190    555.9    918.7
     1     1    21     2     3    13     0     1   -89.0   46.552   70.169    560.6    918.8
     1     1    21     2     3    12     0     0   -90.0   46.452   70.152    586.9    916.4
     1     1    21     2     3    11     0     1   -91.0   46.365   70.142    617.6    912.0
     1     1    21     2     3    10     0     2   -92.0   46.280   70.147    635.8    910.1
     1     1    21     2     3     9     0     3   -93.0   46.197   70.172    642.5    909.5
     1     1    21     2     3     8     0     2   -94.0   46.118   70.218    644.5    910.0
     1     1    21     2     3     7     0     1   -95.0   46.048   70.284    647.0    909.6
     1     1    21     2     3     6     0     0   -96.0   45.986   70.368    648.8    909.4
     1     1    21     2     3     5     0     1   -97.0   45.939   70.455    650.5    909.4
     1     1    21     2     3     4     0     2   -98.0   45.913   70.525    652.2    909.0
     1     1    21     2     3     3     0     3   -99.0   45.908   70.579    653.0    908.6
     1     1    21     2     3     2     0     2  -100.0   45.916   70.616    659.7    908.3
     1     1    21     2     3     1     0     1  -101.0   45.932   70.634    680.5    905.7
     1     1    21     2     3     0     0     0  -102.0   45.954   70.632    716.3    901.5
     1     1    21     2     2    23     0     1  -103.0   45.978   70.621    760.3    895.7
     1     1    21     2     2    22     0     2  -104.0   45.996   70.614    805.9    890.7
     1     1    21     2     2    21     0     3  -105.0   46.010   70.613    853.1    885.7
     1     1    21     2     2    20     0     2  -106.0   46.026   70.623    898.2    880.2
     1     1    21     2     2    19     0     1  -107.0   46.051   70.645    936.7    875.5
     1     1    21     2     2    18     0     0  -108.0   46.086   70.679    967.3    871.6
     1     1    21     2     2    17     0     1  -109.0   46.137   70.710    981.1    868.6
     1     1    21     2     2    16     0     2  -110.0   46.207   70.723    971.5    868.9
     1     1    21     2     2    15     0     3  -111.0   46.295   70.719    944.0    871.5
     1     1    21     2     2    14     0     2  -112.0   46.398   70.699    921.8    875.0
     1     1    21     2     2    13     0     1  -113.0   46.510   70.666    921.4    874.1
     1     1    21     2     2    12     0     0  -114.0   46.633   70.621    940.5    871.2
     1     1    21     2     2    11     0     1  -115.0   46.769   70.562    969.9    866.7
     1     1    21     2     2    10     0     2  -116.0   46.918   70.487   1002.2    863.2
     1     1    21     2     2     9     0     3  -117.0   47.082   70.399   1038.7    860.0
     1     1    21     2     2     8     0     2  -118.0   47.256   70.294   1070.9    856.9
     1     1    21     2     2     7     0     1  -119.0   47.437   70.172   1089.8    856.1
     1     1    21     2     2     6     0     0  -120.0   47.629   70.036   1095.2    856.5
