     5     1
    GDAS    21     2     1     0     0
    GDAS    21     2     8     0     0
    GDAS    21     2    15     0     0
    GDAS    21     2    22     0     0
    GDAS    21     3     1     0     0
     1 BACKWARD OMEGA   
    21     2    24     6   44.970  -93.230   500.0
     1 PRESSURE
     1     1    21     2    24     6     0     0     0.0   44.970  -93.230    500.0    912.0
     1     1    21     2    24     5     0     1    -1.0   45.073  -93.259    494.9    910.8
     1     1    21     2    24     4     0     2    -2.0   45.124  -93.214    463.6    914.2
     1     1    21     2    24     3     0     3    -3.0   45.113  -93.101    422.0    920.8
     1     1    21     2    24     2     0     2    -4.0   45.046  -92.941    382.3    925.2
     1     1    21     2    24     1     0     1    -5.0   44.951  -92.764    342.8    929.7
     1     1    21     2    24     0     0     0    -6.0   44.829  -92.590    311.4    932.7
     1     1    21     2    23    23     0     1    -7.0   44.683  -92.465    302.5    934.1
     1     1    21     2    23    22     0     2    -8.0   44.540  -92.429    321.8    930.1
     1     1    21     2    23    21     0     3    -9.0   44.412  -92.479    370.3    923.7
     1     1    21     2    23    20     0     2   -10.0   44.305  -92.625    435.2    913.4
     1     1    21     2    23    19     0     1   -11.0   44.219  -92.863    508.0    904.5
     1     1    21     2    23    18     0     0   -12.0   44.166  -93.183    622.9    895.5
     1     1    21     2    23    17     0     1   -13.0   44.143  -93.544    753.9    879.9
     1     1    21     2    23    16     0     2   -14.0   44.139  -93.911    822.2    874.8
     1     1    21     2    23    15     0     3   -15.0   44.161  -94.287    823.7    874.4
     1     1    21     2    23    14     0     2   -16.0   44.225  -94.683    824.4    873.8
     1     1    21     2    23    13     0     1   -17.0   44.339  -95.115    867.2    864.7
     1     1    21     2    23    12     0     0   -18.0   44.506  -95.586    935.2    853.5
     1     1    21     2    23    11     0     1   -19.0   44.709  -96.063   1014.0    845.3
     1     1    21     2    23    10     0     2   -20.0   44.918  -96.542   1086.5    828.7
     1     1    21     2    23     9     0     3   -21.0   45.111  -97.025   1129.0    815.4
     1     1    21     2    23     8     0     2   -22.0   45.340  -97.510   1165.8    824.6
     1     1    21     2    23     7     0     1   -23.0   45.635  -97.995   1178.4    826.2
     1     1    21     2    23     6     0     0   -24.0   45.972  -98.460   1232.4    819.9
     1     1    21     2    23     5     0     1   -25.0   46.351  -99.018   1426.5    791.5
     1     1    21     2    23     4     0     2   -26.0   46.780  -99.703   1623.4    759.7
     1     1    21     2    23     3     0     3   -27.0   47.251 -100.417   1740.6    758.4
     1     1    21     2    23     2     0     2   -28.0   47.732 -101.210   1825.9    740.9
     1     1    21     2    23     1     0     1   -29.0   48.219 -102.065   1810.1    739.6
     1     1    21     2    23     0     0     0   -30.0   48.709 -102.830   1776.8    746.1
     1     1    21     2    22    23     0     1   -31.0   49.181 -103.562   1817.8    739.8
     1     1    21     2    22    22     0     2   -32.0   49.667 -104.376   1944.1    726.7
     1     1    21     2    22    21     0     3   -33.0   50.213 -105.197   2085.5    715.0
     1     1    21     2    22    20     0     2   -34.0   50.757 -106.001   2130.9    708.3
     1     1    21     2    22    19     0     1   -35.0   51.287 -106.831   2051.3    718.6
     1     1    21     2    22    18     0     0   -36.0   51.846 -107.663   2071.1    716.8
     1     1    21     2    22    17     0     1   -37.0   52.425 -108.576   2333.3    682.4
     1     1    21     2    22    16     0     2   -38.0   53.006 -109.580   2357.1    689.0
     1     1    21     2    22    15     0     3   -39.0   53.607 -110.638   2392.9    678.3
     1     1    21     2    22    14     0     2   -40.0   54.201 -111.701   2484.7    666.2
     1     1    21     2    22    13     0     1   -41.0   54.698 -112.916   2456.0    673.4
     1     1    21     2    22    12     0     0   -42.0   55.166 -114.200   2459.5    670.1
     1     1    21     2    22    11     0     1   -43.0   55.603 -115.546   2959.0    606.1
     1     1    21     2    22    10     0     2   -44.0   55.896 -116.871   2947.3    627.9
     1     1    21     2    22     9     0     3   -45.0   56.078 -118.080   2882.0    639.3
     1     1    21     2    22     8     0     2   -46.0   56.286 -119.313   3043.1    616.3
     1     1    21     2    22     7     0     1   -47.0   56.501 -120.475   2923.1    621.6
     1     1    21     2    22     6     0     0   -48.0   56.773 -121.470   2550.8    646.8
     1     1    21     2    22     5     0     1   -49.0   57.153 -122.463   2355.1    652.2
     1     1    21     2    22     4     0     2   -50.0   57.504 -123.620   2812.1    578.4
     1     1    21     2    22     3     0     3   -51.0   57.718 -124.796   3161.2    527.2
     1     1    21     2    22     2     0     2   -52.0   57.921 -126.098   3159.3    529.6
     1     1    21     2    22     1     0     1   -53.0   58.161 -127.606   3182.9    540.0
     1     1    21     2    22     0     0     0   -54.0   58.294 -129.192   3261.3    549.0
     1     1    21     2    21    23     0     1   -55.0   58.376 -130.854   3114.6    578.3
     1     1    21     2    21    22     0     2   -56.0   58.359 -132.631   3231.3    554.4
     1     1    21     2    21    21     0     3   -57.0   58.175 -134.126   3033.0    631.7
     1     1    21     2    21    20     0     2   -58.0   57.979 -135.331   2596.1    697.2
     1     1    21     2    21    19     0     1   -59.0   57.831 -136.658   2828.5    666.3
     1     1    21     2    21    18     0     0   -60.0   57.789 -137.892   2692.1    700.4
     1     1    21     2    21    17     0     1   -61.0   57.801 -139.082   2597.1    707.5
     1     1    21     2    21    16     0     2   -62.0   57.847 -140.294   2596.1    705.3
     1     1    21     2    21    15     0     3   -63.0   57.924 -141.547   2611.5    702.8
     1     1    21     2    21    14     0     2   -64.0   58.023 -142.788   2646.4    697.8
     1     1    21     2    21    13     0     1   -65.0   58.148 -143.914   2680.6    694.7
     1     1    21     2    21    12     0     0   -66.0   58.311 -144.926   2717.4    690.1
     1     1    21     2    21    11     0     1   -67.0   58.473 -145.815   2757.3    686.8
     1     1    21     2    21    10     0     2   -68.0   58.624 -146.611   2826.9    679.3
     1     1    21     2    21     9     0     3   -69.0   58.764 -147.339   2892.8    673.5
     1     1    21     2    21     8     0     2   -70.0   58.874 -147.970   2969.2    666.1
     1     1    21     2    21     7     0     1   -71.0   58.970 -148.469   3015.7    658.7
     1     1    21     2    21     6     0     0   -72.0   59.076 -148.800   2998.1    657.7
     1     1    21     2    21     5     0     1   -73.0   59.180 -149.030   2942.9    660.8
     1     1    21     2    21     4     0     2   -74.0   59.257 -149.222   2891.0    660.2
     1     1    21     2    21     3     0     3   -75.0   59.315 -149.366   2850.1    657.5
     1     1    21     2    21     2     0     2   -76.0   59.348 -149.469   2817.7    656.6
     1     1    21     2    21     1     0     1   -77.0   59.348 -149.545   2791.7    657.5
     1     1    21     2    21     0     0     0   -78.0   59.319 -149.596   2769.5    660.8
     1     1    21     2    20    23     0     1   -79.0   59.265 -149.605   2767.7    667.1
     1     1    21     2    20    22     0     2   -80.0   59.182 -149.552   2805.8    671.4
     1     1    21     2    20    21     0     3   -81.0   59.061 -149.427   2885.8    674.3
     1     1    21     2    20    20     0     2   -82.0   58.912 -149.310   2906.5    668.3
     1     1    21     2    20    19     0     1   -83.0   58.766 -149.274   2765.2    681.0
     1     1    21     2    20    18     0     0   -84.0   58.626 -149.251   2496.2    708.3
     1     1    21     2    20    17     0     1   -85.0   58.469 -149.164   2248.3    742.9
     1     1    21     2    20    16     0     2   -86.0   58.289 -149.067   2116.2    755.6
     1     1    21     2    20    15     0     3   -87.0   58.090 -149.004   2090.8    757.7
     1     1    21     2    20    14     0     2   -88.0   57.865 -149.016   2087.6    750.8
     1     1    21     2    20    13     0     1   -89.0   57.608 -149.069   2033.3    758.6
     1     1    21     2    20    12     0     0   -90.0   57.299 -149.107   1991.3    767.4
     1     1    21     2    20    11     0     1   -91.0   56.945 -149.177   1987.4    766.8
     1     1    21     2    20    10     0     2   -92.0   56.571 -149.364   1916.5    768.7
     1     1    21     2    20     9     0     3   -93.0   56.146 -149.561   1725.2    789.5
     1     1    21     2    20     8     0     2   -94.0   55.686 -149.814   1508.4    823.3
     1     1    21     2    20     7     0     1   -95.0   55.235 -150.196   1359.4    839.8
     1     1    21     2    20     6     0     0   -96.0   54.769 -150.537   1261.7    849.3
     1     1    21     2    20     5     0     1   -97.0   54.301 -150.908   1178.7    858.3
     1     1    21     2    20     4     0     2   -98.0   53.848 -151.399   1073.9    868.9
     1     1    21     2    20     3     0     3   -99.0   53.413 -151.928    971.0    886.0
     1     1    21     2    20     2     0     2  -100.0   52.985 -152.487    910.3    894.3
     1     1    21     2    20     1     0     1  -101.0   52.531 -153.097    863.5    897.6
     1     1    21     2    20     0     0     0  -102.0   52.068 -153.757    829.2    905.7
     1     1    21     2    19    23     0     1  -103.0   51.617 -154.443    797.6    906.3
     1     1    21     2    19    22     0     2  -104.0   51.109 -155.139    740.6    915.1
     1     1    21     2    19    21     0     3  -105.0   50.573 -155.930    658.5    924.6
     1     1    21     2    19    20     0     2  -106.0   50.062 -156.750    588.3    936.3
     1     1    21     2    19    19     0     1  -107.0   49.520 -157.492    548.7    940.5
     1     1    21     2    19    18     0     0  -108.0   48.968 -158.251    502.8    946.9
     1     1    21     2    19    17     0     1  -109.0   48.419 -159.015    466.2    953.6
     1     1    21     2    19    16     0     2  -110.0   47.856 -159.743    433.6    958.0
     1     1    21     2    19    15     0     3  -111.0   47.303 -160.482    387.4    964.8
     1     1    21     2    19    14     0     2  -112.0   46.759 -161.191    353.4    972.1
     1     1    21     2    19    13     0     1  -113.0   46.234 -161.874    345.5    974.5
     1     1    21     2    19    12     0     0  -114.0   45.732 -162.589    352.7    973.1
     1     1    21     2    19    11     0     1  -115.0   45.240 -163.307    352.5    973.1
     1     1    21     2    19    10     0     2  -116.0   44.770 -164.017    338.8    975.5
     1     1    21     2    19     9     0     3  -117.0   44.326 -164.732    338.4    979.5
     1     1    21     2    19     8     0     2  -118.0   43.884 -165.477    352.8    975.1
     1     1    21     2    19     7     0     1  -119.0   43.450 -166.217    368.5    975.7
     1     1    21     2    19     6     0     0  -120.0   43.037 -166.967    421.2    972.4
