     5     1
    GDAS    21     2     1     0     0
    GDAS    21     2     8     0     0
    GDAS    21     2    15     0     0
    GDAS    21     2    22     0     0
    GDAS    21     3     1     0     0
     1 BACKWARD OMEGA   
    21     2     3    18   37.820  111.540  1000.0
     1 PRESSURE
     1     1    21     2     3    18     0     0     0.0   37.820  111.540   1000.0    779.9
     1     1    21     2     3    17     0     1    -1.0   37.955  111.269   1001.5    784.8
     1     1    21     2     3    16     0     2    -2.0   38.103  111.031   1000.5    791.4
     1     1    21     2     3    15     0     3    -3.0   38.252  110.810    993.1    794.7
     1     1    21     2     3    14     0     2    -4.0   38.401  110.597    986.3    795.5
     1     1    21     2     3    13     0     1    -5.0   38.553  110.388    989.5    792.7
     1     1    21     2     3    12     0     0    -6.0   38.710  110.184   1007.2    786.5
     1     1    21     2     3    11     0     1    -7.0   38.886  109.968   1041.0    776.2
     1     1    21     2     3    10     0     2    -8.0   39.093  109.723   1087.6    766.1
     1     1    21     2     3     9     0     3    -9.0   39.335  109.454   1139.7    754.5
     1     1    21     2     3     8     0     2   -10.0   39.613  109.166   1191.9    741.5
     1     1    21     2     3     7     0     1   -11.0   39.920  108.840   1241.1    732.1
     1     1    21     2     3     6     0     0   -12.0   40.228  108.489   1275.1    741.9
     1     1    21     2     3     5     0     1   -13.0   40.508  108.162   1286.8    755.2
     1     1    21     2     3     4     0     2   -14.0   40.756  107.860   1301.4    759.7
     1     1    21     2     3     3     0     3   -15.0   40.977  107.559   1328.5    757.4
     1     1    21     2     3     2     0     2   -16.0   41.202  107.272   1332.5    748.6
     1     1    21     2     3     1     0     1   -17.0   41.447  107.006   1283.3    750.6
     1     1    21     2     3     0     0     0   -18.0   41.693  106.756   1224.0    761.9
     1     1    21     2     2    23     0     1   -19.0   41.963  106.525   1209.6    770.9
     1     1    21     2     2    22     0     2   -20.0   42.284  106.318   1229.5    764.9
     1     1    21     2     2    21     0     3   -21.0   42.683  106.113   1237.7    751.8
     1     1    21     2     2    20     0     2   -22.0   43.160  105.866   1286.9    738.7
     1     1    21     2     2    19     0     1   -23.0   43.671  105.515   1440.2    712.8
     1     1    21     2     2    18     0     0   -24.0   44.199  105.064   1691.3    688.1
     1     1    21     2     2    17     0     1   -25.0   44.711  104.576   1878.8    668.1
     1     1    21     2     2    16     0     2   -26.0   45.191  104.097   1851.6    681.7
     1     1    21     2     2    15     0     3   -27.0   45.699  103.638   1693.3    681.2
     1     1    21     2     2    14     0     2   -28.0   46.239  103.197   1609.1    685.7
     1     1    21     2     2    13     0     1   -29.0   46.759  102.708   1649.4    659.6
     1     1    21     2     2    12     0     0   -30.0   47.257  102.207   1756.6    646.2
     1     1    21     2     2    11     0     1   -31.0   47.768  101.724   1910.2    627.8
     1     1    21     2     2    10     0     2   -32.0   48.277  101.255   1983.6    617.7
     1     1    21     2     2     9     0     3   -33.0   48.767  100.790   1970.6    626.3
     1     1    21     2     2     8     0     2   -34.0   49.247  100.358   1935.7    631.8
     1     1    21     2     2     7     0     1   -35.0   49.731   99.981   1877.0    634.4
     1     1    21     2     2     6     0     0   -36.0   50.215   99.611   1838.8    633.3
     1     1    21     2     2     5     0     1   -37.0   50.713   99.161   1900.9    617.5
     1     1    21     2     2     4     0     2   -38.0   51.233   98.656   2038.9    599.4
     1     1    21     2     2     3     0     3   -39.0   51.717   98.165   2101.3    598.5
     1     1    21     2     2     2     0     2   -40.0   52.144   97.689   2048.2    629.6
     1     1    21     2     2     1     0     1   -41.0   52.526   97.195   1964.9    661.3
     1     1    21     2     2     0     0     0   -42.0   52.889   96.659   1894.5    676.1
     1     1    21     2     1    23     0     1   -43.0   53.229   96.107   1828.4    682.0
     1     1    21     2     1    22     0     2   -44.0   53.519   95.566   1755.0    693.3
     1     1    21     2     1    21     0     3   -45.0   53.734   95.045   1671.6    720.0
     1     1    21     2     1    20     0     2   -46.0   53.879   94.579   1590.9    748.8
     1     1    21     2     1    19     0     1   -47.0   53.982   94.185   1529.3    771.9
     1     1    21     2     1    18     0     0   -48.0   54.051   93.854   1462.9    788.5
     1     1    21     2     1    17     0     1   -49.0   54.099   93.574   1390.9    800.9
     1     1    21     2     1    16     0     2   -50.0   54.134   93.331   1323.3    812.2
     1     1    21     2     1    15     0     3   -51.0   54.156   93.120   1266.2    821.9
     1     1    21     2     1    14     0     2   -52.0   54.163   92.931   1217.9    829.4
     1     1    21     2     1    13     0     1   -53.0   54.156   92.754   1174.9    835.0
     1     1    21     2     1    12     0     0   -54.0   54.138   92.593   1136.5    840.3
     1     1    21     2     1    11     0     1   -55.0   54.104   92.452   1109.5    844.7
     1     1    21     2     1    10     0     2   -56.0   54.053   92.324   1101.9    846.6
     1     1    21     2     1     9     0     3   -57.0   53.990   92.201   1116.5    845.8
     1     1    21     2     1     8     0     2   -58.0   53.935   92.079   1137.9    840.3
     1     1    21     2     1     7     0     1   -59.0   53.896   91.970   1149.9    837.6
     1     1    21     2     1     6     0     0   -60.0   53.868   91.880   1154.3    835.8
     1     1    21     2     1     5     0     1   -61.0   53.849   91.806   1162.5    834.5
     1     1    21     2     1     4     0     2   -62.0   53.844   91.740   1182.0    831.2
     1     1    21     2     1     3     0     3   -63.0   53.853   91.686   1210.0    827.7
     1     1    21     2     1     2     0     2   -64.0   53.877   91.634   1237.7    824.0
     1     1    21     2     1     1     0     1   -65.0   53.908   91.576   1258.0    822.1
     1     1    21     2     1     0     0     0   -66.0   53.948   91.513   1272.3    820.9
