     5     1
    GDAS    21     2     1     0     0
    GDAS    21     2     8     0     0
    GDAS    21     2    15     0     0
    GDAS    21     2    22     0     0
    GDAS    21     3     1     0     0
     1 BACKWARD OMEGA   
    21     2     3    15   37.820  111.540  1000.0
     1 PRESSURE
     1     1    21     2     3    15     0     3     0.0   37.820  111.540   1000.0    780.5
     1     1    21     2     3    14     0     2    -1.0   38.009  111.272   1043.3    781.8
     1     1    21     2     3    13     0     1    -2.0   38.227  111.029   1082.5    783.8
     1     1    21     2     3    12     0     0    -3.0   38.441  110.804   1110.0    783.6
     1     1    21     2     3    11     0     1    -4.0   38.650  110.582   1141.9    779.3
     1     1    21     2     3    10     0     2    -5.0   38.874  110.343   1182.1    769.1
     1     1    21     2     3     9     0     3    -6.0   39.134  110.064   1231.6    754.8
     1     1    21     2     3     8     0     2    -7.0   39.436  109.750   1290.9    739.7
     1     1    21     2     3     7     0     1    -8.0   39.767  109.407   1344.7    726.2
     1     1    21     2     3     6     0     0    -9.0   40.126  109.013   1391.0    717.8
     1     1    21     2     3     5     0     1   -10.0   40.475  108.618   1425.5    733.8
     1     1    21     2     3     4     0     2   -11.0   40.781  108.266   1438.6    745.9
     1     1    21     2     3     3     0     3   -12.0   41.046  107.918   1446.0    749.3
     1     1    21     2     3     2     0     2   -13.0   41.312  107.581   1439.7    740.2
     1     1    21     2     3     1     0     1   -14.0   41.618  107.266   1411.6    738.4
     1     1    21     2     3     0     0     0   -15.0   41.932  106.954   1386.0    744.2
     1     1    21     2     2    23     0     1   -16.0   42.260  106.656   1400.9    746.9
     1     1    21     2     2    22     0     2   -17.0   42.640  106.372   1435.7    735.6
     1     1    21     2     2    21     0     3   -18.0   43.105  106.075   1427.6    721.4
     1     1    21     2     2    20     0     2   -19.0   43.610  105.737   1476.1    717.4
     1     1    21     2     2    19     0     1   -20.0   44.129  105.308   1651.3    693.3
     1     1    21     2     2    18     0     0   -21.0   44.652  104.847   1831.0    675.0
     1     1    21     2     2    17     0     1   -22.0   45.149  104.398   1871.4    677.4
     1     1    21     2     2    16     0     2   -23.0   45.654  103.948   1748.6    678.5
     1     1    21     2     2    15     0     3   -24.0   46.203  103.520   1583.5    683.6
     1     1    21     2     2    14     0     2   -25.0   46.728  103.078   1498.9    685.5
     1     1    21     2     2    13     0     1   -26.0   47.204  102.611   1492.7    675.1
     1     1    21     2     2    12     0     0   -27.0   47.669  102.179   1600.8    672.2
     1     1    21     2     2    11     0     1   -28.0   48.140  101.773   1776.5    649.1
     1     1    21     2     2    10     0     2   -29.0   48.605  101.371   1869.2    638.2
     1     1    21     2     2     9     0     3   -30.0   49.059  100.963   1899.4    641.1
     1     1    21     2     2     8     0     2   -31.0   49.520  100.575   1918.6    636.9
     1     1    21     2     2     7     0     1   -32.0   49.988  100.248   1910.1    634.4
     1     1    21     2     2     6     0     0   -33.0   50.455   99.909   1919.7    623.7
     1     1    21     2     2     5     0     1   -34.0   50.949   99.473   2025.7    602.6
     1     1    21     2     2     4     0     2   -35.0   51.473   98.990   2190.2    575.7
     1     1    21     2     2     3     0     3   -36.0   51.956   98.517   2306.3    570.7
     1     1    21     2     2     2     0     2   -37.0   52.383   98.056   2295.9    595.0
     1     1    21     2     2     1     0     1   -38.0   52.773   97.600   2183.2    629.6
     1     1    21     2     2     0     0     0   -39.0   53.145   97.107   2066.3    648.8
     1     1    21     2     1    23     0     1   -40.0   53.504   96.562   1985.0    648.8
     1     1    21     2     1    22     0     2   -41.0   53.835   95.993   1953.4    650.2
     1     1    21     2     1    21     0     3   -42.0   54.105   95.417   1936.7    679.1
     1     1    21     2     1    20     0     2   -43.0   54.292   94.901   1874.7    719.8
     1     1    21     2     1    19     0     1   -44.0   54.429   94.458   1796.6    740.3
     1     1    21     2     1    18     0     0   -45.0   54.541   94.066   1708.3    752.4
     1     1    21     2     1    17     0     1   -46.0   54.638   93.717   1611.0    766.4
     1     1    21     2     1    16     0     2   -47.0   54.730   93.400   1522.8    777.7
     1     1    21     2     1    15     0     3   -48.0   54.822   93.108   1447.3    786.3
     1     1    21     2     1    14     0     2   -49.0   54.912   92.829   1385.9    793.5
     1     1    21     2     1    13     0     1   -50.0   54.999   92.553   1343.1    800.1
     1     1    21     2     1    12     0     0   -51.0   55.078   92.282   1323.3    807.4
     1     1    21     2     1    11     0     1   -52.0   55.138   92.011   1317.3    810.5
     1     1    21     2     1    10     0     2   -53.0   55.172   91.741   1315.6    815.6
     1     1    21     2     1     9     0     3   -54.0   55.176   91.478   1309.6    821.2
     1     1    21     2     1     8     0     2   -55.0   55.156   91.248   1315.3    827.5
     1     1    21     2     1     7     0     1   -56.0   55.129   91.069   1350.4    827.5
     1     1    21     2     1     6     0     0   -57.0   55.107   90.932   1409.4    821.3
     1     1    21     2     1     5     0     1   -58.0   55.111   90.824   1470.8    811.1
     1     1    21     2     1     4     0     2   -59.0   55.154   90.743   1518.4    805.4
     1     1    21     2     1     3     0     3   -60.0   55.230   90.690   1556.4    801.6
     1     1    21     2     1     2     0     2   -61.0   55.328   90.646   1590.5    799.3
     1     1    21     2     1     1     0     1   -62.0   55.439   90.587   1624.2    796.7
     1     1    21     2     1     0     0     0   -63.0   55.564   90.514   1656.0    794.7
