     5     1
    GDAS    21     2     1     0     0
    GDAS    21     2     8     0     0
    GDAS    21     2    15     0     0
    GDAS    21     2    22     0     0
    GDAS    21     3     1     0     0
     1 BACKWARD OMEGA   
    21     2    18    15   37.820  111.540  1000.0
     1 PRESSURE
     1     1    21     2    18    15     0     3     0.0   37.820  111.540   1000.0    780.2
     1     1    21     2    18    14     0     2    -1.0   37.984  111.095    990.3    788.9
     1     1    21     2    18    13     0     1    -2.0   38.107  110.713    978.2    795.0
     1     1    21     2    18    12     0     0    -3.0   38.219  110.357    982.0    796.7
     1     1    21     2    18    11     0     1    -4.0   38.330  110.011   1009.7    790.8
     1     1    21     2    18    10     0     2    -5.0   38.426  109.654   1027.7    781.5
     1     1    21     2    18     9     0     3    -6.0   38.509  109.284   1045.4    777.8
     1     1    21     2    18     8     0     2    -7.0   38.594  108.912   1075.6    769.0
     1     1    21     2    18     7     0     1    -8.0   38.687  108.533   1100.2    760.0
     1     1    21     2    18     6     0     0    -9.0   38.787  108.148   1130.1    752.7
     1     1    21     2    18     5     0     1   -10.0   38.899  107.764   1188.4    750.1
     1     1    21     2    18     4     0     2   -11.0   39.020  107.399   1262.3    750.7
     1     1    21     2    18     3     0     3   -12.0   39.150  107.052   1326.2    749.8
     1     1    21     2    18     2     0     2   -13.0   39.282  106.689   1400.4    727.9
     1     1    21     2    18     1     0     1   -14.0   39.406  106.289   1553.7    701.0
     1     1    21     2    18     0     0     0   -15.0   39.515  105.869   1771.6    681.3
     1     1    21     2    17    23     0     1   -16.0   39.611  105.454   1971.0    668.5
     1     1    21     2    17    22     0     2   -17.0   39.697  105.051   2113.5    659.4
     1     1    21     2    17    21     0     3   -18.0   39.772  104.661   2226.6    649.6
     1     1    21     2    17    20     0     2   -19.0   39.833  104.294   2282.3    646.4
     1     1    21     2    17    19     0     1   -20.0   39.882  103.954   2274.7    650.1
     1     1    21     2    17    18     0     0   -21.0   39.927  103.632   2244.6    650.8
     1     1    21     2    17    17     0     1   -22.0   39.976  103.321   2223.4    645.9
     1     1    21     2    17    16     0     2   -23.0   40.034  103.020   2207.6    644.2
     1     1    21     2    17    15     0     3   -24.0   40.106  102.723   2208.4    649.3
     1     1    21     2    17    14     0     2   -25.0   40.189  102.427   2194.8    657.7
     1     1    21     2    17    13     0     1   -26.0   40.278  102.131   2162.4    667.6
     1     1    21     2    17    12     0     0   -27.0   40.372  101.830   2113.8    677.1
     1     1    21     2    17    11     0     1   -28.0   40.477  101.499   2096.8    684.7
     1     1    21     2    17    10     0     2   -29.0   40.594  101.126   2154.1    684.1
     1     1    21     2    17     9     0     3   -30.0   40.717  100.729   2262.3    673.0
     1     1    21     2    17     8     0     2   -31.0   40.821  100.330   2359.1    659.3
     1     1    21     2    17     7     0     1   -32.0   40.897   99.914   2446.2    650.7
     1     1    21     2    17     6     0     0   -33.0   40.957   99.494   2551.4    632.9
     1     1    21     2    17     5     0     1   -34.0   41.003   99.111   2645.9    612.0
     1     1    21     2    17     4     0     2   -35.0   41.030   98.775   2705.5    604.4
     1     1    21     2    17     3     0     3   -36.0   41.038   98.464   2724.3    603.1
     1     1    21     2    17     2     0     2   -37.0   41.029   98.162   2725.1    604.8
     1     1    21     2    17     1     0     1   -38.0   41.014   97.866   2731.7    600.9
     1     1    21     2    17     0     0     0   -39.0   40.998   97.588   2730.7    592.5
     1     1    21     2    16    23     0     1   -40.0   40.988   97.343   2709.8    587.6
     1     1    21     2    16    22     0     2   -41.0   40.988   97.133   2680.6    585.5
     1     1    21     2    16    21     0     3   -42.0   41.002   96.952   2666.4    584.7
     1     1    21     2    16    20     0     2   -43.0   41.024   96.771   2677.2    585.6
     1     1    21     2    16    19     0     1   -44.0   41.053   96.569   2706.7    585.0
     1     1    21     2    16    18     0     0   -45.0   41.090   96.354   2758.4    582.2
     1     1    21     2    16    17     0     1   -46.0   41.129   96.138   2825.0    576.6
     1     1    21     2    16    16     0     2   -47.0   41.160   95.930   2894.6    571.2
     1     1    21     2    16    15     0     3   -48.0   41.184   95.729   2962.6    566.5
     1     1    21     2    16    14     0     2   -49.0   41.200   95.534   3015.6    562.9
     1     1    21     2    16    13     0     1   -50.0   41.210   95.341   3046.3    562.2
     1     1    21     2    16    12     0     0   -51.0   41.216   95.147   3058.4    563.1
     1     1    21     2    16    11     0     1   -52.0   41.214   94.953   3066.4    566.0
     1     1    21     2    16    10     0     2   -53.0   41.200   94.765   3086.0    570.3
     1     1    21     2    16     9     0     3   -54.0   41.171   94.587   3117.5    573.2
     1     1    21     2    16     8     0     2   -55.0   41.141   94.421   3154.1    574.4
     1     1    21     2    16     7     0     1   -56.0   41.122   94.262   3183.3    577.0
     1     1    21     2    16     6     0     0   -57.0   41.114   94.105   3201.0    580.7
     1     1    21     2    16     5     0     1   -58.0   41.116   93.953   3194.2    584.1
     1     1    21     2    16     4     0     2   -59.0   41.124   93.807   3157.5    587.1
     1     1    21     2    16     3     0     3   -60.0   41.138   93.668   3105.5    591.4
     1     1    21     2    16     2     0     2   -61.0   41.152   93.531   3061.8    596.4
     1     1    21     2    16     1     0     1   -62.0   41.156   93.393   3043.5    597.1
     1     1    21     2    16     0     0     0   -63.0   41.151   93.257   3041.7    596.1
     1     1    21     2    15    23     0     1   -64.0   41.147   93.131   3045.8    594.7
     1     1    21     2    15    22     0     2   -65.0   41.156   93.016   3050.2    594.4
     1     1    21     2    15    21     0     3   -66.0   41.178   92.911   3060.2    596.0
     1     1    21     2    15    20     0     2   -67.0   41.211   92.813   3077.0    597.5
     1     1    21     2    15    19     0     1   -68.0   41.251   92.721   3096.7    598.2
     1     1    21     2    15    18     0     0   -69.0   41.299   92.636   3110.5    599.4
     1     1    21     2    15    17     0     1   -70.0   41.347   92.556   3117.1    601.3
     1     1    21     2    15    16     0     2   -71.0   41.387   92.482   3122.3    602.8
     1     1    21     2    15    15     0     3   -72.0   41.420   92.413   3131.4    603.6
     1     1    21     2    15    14     0     2   -73.0   41.453   92.349   3140.8    603.5
     1     1    21     2    15    13     0     1   -74.0   41.490   92.288   3143.4    604.3
     1     1    21     2    15    12     0     0   -75.0   41.532   92.230   3136.6    605.7
     1     1    21     2    15    11     0     1   -76.0   41.581   92.164   3131.4    608.0
     1     1    21     2    15    10     0     2   -77.0   41.635   92.078   3142.6    608.1
     1     1    21     2    15     9     0     3   -78.0   41.694   91.971   3175.2    606.2
     1     1    21     2    15     8     0     2   -79.0   41.752   91.858   3210.7    601.8
     1     1    21     2    15     7     0     1   -80.0   41.805   91.750   3229.8    600.0
     1     1    21     2    15     6     0     0   -81.0   41.852   91.645   3233.6    598.9
     1     1    21     2    15     5     0     1   -82.0   41.900   91.548   3224.4    598.4
     1     1    21     2    15     4     0     2   -83.0   41.960   91.468   3205.2    598.4
     1     1    21     2    15     3     0     3   -84.0   42.036   91.408   3183.5    600.7
     1     1    21     2    15     2     0     2   -85.0   42.124   91.356   3167.0    606.2
     1     1    21     2    15     1     0     1   -86.0   42.214   91.300   3154.5    611.2
     1     1    21     2    15     0     0     0   -87.0   42.306   91.242   3144.1    616.1
     1     1    21     2    14    23     0     1   -88.0   42.392   91.182   3136.3    621.0
     1     1    21     2    14    22     0     2   -89.0   42.467   91.118   3132.9    624.9
     1     1    21     2    14    21     0     3   -90.0   42.530   91.046   3135.1    627.6
     1     1    21     2    14    20     0     2   -91.0   42.586   90.971   3149.1    629.8
     1     1    21     2    14    19     0     1   -92.0   42.639   90.899   3179.9    630.5
     1     1    21     2    14    18     0     0   -93.0   42.690   90.826   3225.7    629.5
     1     1    21     2    14    17     0     1   -94.0   42.744   90.756   3267.8    627.3
     1     1    21     2    14    16     0     2   -95.0   42.806   90.692   3287.3    628.6
     1     1    21     2    14    15     0     3   -96.0   42.875   90.637   3278.9    632.1
     1     1    21     2    14    14     0     2   -97.0   42.951   90.583   3267.1    638.3
     1     1    21     2    14    13     0     1   -98.0   43.038   90.516   3275.6    637.5
     1     1    21     2    14    12     0     0   -99.0   43.134   90.432   3301.5    630.8
     1     1    21     2    14    11     0     1  -100.0   43.237   90.332   3330.1    622.8
     1     1    21     2    14    10     0     2  -101.0   43.341   90.222   3340.9    618.6
     1     1    21     2    14     9     0     3  -102.0   43.445   90.106   3333.8    616.8
     1     1    21     2    14     8     0     2  -103.0   43.554   89.992   3331.5    617.2
     1     1    21     2    14     7     0     1  -104.0   43.671   89.894   3364.4    613.7
     1     1    21     2    14     6     0     0  -105.0   43.797   89.811   3430.9    605.2
     1     1    21     2    14     5     0     1  -106.0   43.945   89.735   3499.6    593.9
     1     1    21     2    14     4     0     2  -107.0   44.134   89.661   3547.4    587.7
     1     1    21     2    14     3     0     3  -108.0   44.364   89.594   3568.1    585.9
     1     1    21     2    14     2     0     2  -109.0   44.625   89.524   3589.7    587.1
     1     1    21     2    14     1     0     1  -110.0   44.905   89.425   3655.9    585.1
     1     1    21     2    14     0     0     0  -111.0   45.204   89.292   3772.8    577.3
     1     1    21     2    13    23     0     1  -112.0   45.517   89.148   3901.7    564.9
     1     1    21     2    13    22     0     2  -113.0   45.839   89.003   4019.0    556.5
     1     1    21     2    13    21     0     3  -114.0   46.174   88.849   4131.5    547.1
     1     1    21     2    13    20     0     2  -115.0   46.528   88.696   4237.3    539.5
     1     1    21     2    13    19     0     1  -116.0   46.906   88.545   4334.7    534.1
     1     1    21     2    13    18     0     0  -117.0   47.316   88.377   4335.7    508.8
     1     1    21     2    13    17     0     1  -118.0   47.758   88.191   4249.2    483.3
     1     1    21     2    13    16     0     2  -119.0   48.235   87.982   4127.1    463.9
     1     1    21     2    13    15     0     3  -120.0   48.763   87.784   4102.6    438.3
