     5     1
    GDAS    21     2     1     0     0
    GDAS    21     2     8     0     0
    GDAS    21     2    15     0     0
    GDAS    21     2    22     0     0
    GDAS    21     3     1     0     0
     1 BACKWARD OMEGA   
    21     2     5    15   44.970  -93.230   500.0
     1 PRESSURE
     1     1    21     2     5    15     0     3     0.0   44.970  -93.230    500.0    907.0
     1     1    21     2     5    14     0     2    -1.0   45.301  -93.770    507.9    904.2
     1     1    21     2     5    13     0     1    -2.0   45.682  -94.287    530.6    892.1
     1     1    21     2     5    12     0     0    -3.0   46.116  -94.766    553.2    884.5
     1     1    21     2     5    11     0     1    -4.0   46.578  -95.218    583.4    879.9
     1     1    21     2     5    10     0     2    -5.0   47.029  -95.643    595.6    876.2
     1     1    21     2     5     9     0     3    -6.0   47.439  -96.053    580.3    887.1
     1     1    21     2     5     8     0     2    -7.0   47.835  -96.450    556.1    896.6
     1     1    21     2     5     7     0     1    -8.0   48.241  -96.824    521.0    903.6
     1     1    21     2     5     6     0     0    -9.0   48.654  -97.183    485.5    908.7
     1     1    21     2     5     5     0     1   -10.0   49.078  -97.539    472.7    910.7
     1     1    21     2     5     4     0     2   -11.0   49.515  -97.887    480.2    909.5
     1     1    21     2     5     3     0     3   -12.0   49.962  -98.207    465.0    909.1
     1     1    21     2     5     2     0     2   -13.0   50.382  -98.502    422.1    917.6
     1     1    21     2     5     1     0     1   -14.0   50.760  -98.796    391.8    924.2
     1     1    21     2     5     0     0     0   -15.0   51.120  -99.110    385.2    924.6
     1     1    21     2     4    23     0     1   -16.0   51.461  -99.430    370.1    921.2
     1     1    21     2     4    22     0     2   -17.0   51.777  -99.736    345.6    928.6
     1     1    21     2     4    21     0     3   -18.0   52.089 -100.039    344.0    931.7
     1     1    21     2     4    20     0     2   -19.0   52.390 -100.332    339.6    923.2
     1     1    21     2     4    19     0     1   -20.0   52.662 -100.611    322.0    928.3
     1     1    21     2     4    18     0     0   -21.0   52.915 -100.889    322.3    934.0
     1     1    21     2     4    17     0     1   -22.0   53.166 -101.153    336.3    932.3
     1     1    21     2     4    16     0     2   -23.0   53.433 -101.367    344.3    930.1
     1     1    21     2     4    15     0     3   -24.0   53.729 -101.529    340.8    931.6
     1     1    21     2     4    14     0     2   -25.0   54.042 -101.661    333.2    934.4
     1     1    21     2     4    13     0     1   -26.0   54.345 -101.769    330.6    932.9
     1     1    21     2     4    12     0     0   -27.0   54.631 -101.842    331.3    929.9
     1     1    21     2     4    11     0     1   -28.0   54.908 -101.850    329.2    928.1
     1     1    21     2     4    10     0     2   -29.0   55.178 -101.771    325.9    928.3
     1     1    21     2     4     9     0     3   -30.0   55.438 -101.614    322.6    928.6
     1     1    21     2     4     8     0     2   -31.0   55.695 -101.414    324.2    929.1
     1     1    21     2     4     7     0     1   -32.0   55.956 -101.198    332.7    927.6
     1     1    21     2     4     6     0     0   -33.0   56.218 -100.967    338.0    926.2
     1     1    21     2     4     5     0     1   -34.0   56.477 -100.703    336.4    928.4
     1     1    21     2     4     4     0     2   -35.0   56.730 -100.379    331.0    929.5
     1     1    21     2     4     3     0     3   -36.0   56.978  -99.998    317.2    930.1
     1     1    21     2     4     2     0     2   -37.0   57.229  -99.611    302.9    936.2
     1     1    21     2     4     1     0     1   -38.0   57.494  -99.242    292.8    939.7
     1     1    21     2     4     0     0     0   -39.0   57.778  -98.879    277.0    942.2
     1     1    21     2     3    23     0     1   -40.0   58.070  -98.525    271.3    943.2
     1     1    21     2     3    22     0     2   -41.0   58.370  -98.156    296.4    939.1
     1     1    21     2     3    21     0     3   -42.0   58.670  -97.794    330.8    935.6
     1     1    21     2     3    20     0     2   -43.0   58.968  -97.440    336.7    938.1
     1     1    21     2     3    19     0     1   -44.0   59.276  -97.087    313.5    946.2
     1     1    21     2     3    18     0     0   -45.0   59.600  -96.718    286.7    953.9
     1     1    21     2     3    17     0     1   -46.0   59.941  -96.322    267.7    960.8
     1     1    21     2     3    16     0     2   -47.0   60.288  -95.924    255.5    966.5
     1     1    21     2     3    15     0     3   -48.0   60.629  -95.532    242.2    973.1
     1     1    21     2     3    14     0     2   -49.0   60.952  -95.127    227.4    977.9
     1     1    21     2     3    13     0     1   -50.0   61.252  -94.719    214.8    983.9
     1     1    21     2     3    12     0     0   -51.0   61.524  -94.335    202.4    990.2
     1     1    21     2     3    11     0     1   -52.0   61.766  -93.973    191.3    996.4
     1     1    21     2     3    10     0     2   -53.0   61.979  -93.619    182.0    998.1
     1     1    21     2     3     9     0     3   -54.0   62.173  -93.267    171.6    998.3
     1     1    21     2     3     8     0     2   -55.0   62.346  -92.927    160.1    998.9
     1     1    21     2     3     7     0     1   -56.0   62.491  -92.610    151.0    999.5
     1     1    21     2     3     6     0     0   -57.0   62.603  -92.319    146.8    999.2
     1     1    21     2     3     5     0     1   -58.0   62.690  -92.048    147.3    998.3
     1     1    21     2     3     4     0     2   -59.0   62.766  -91.782    152.9    996.9
     1     1    21     2     3     3     0     3   -60.0   62.845  -91.514    164.9    994.5
     1     1    21     2     3     2     0     2   -61.0   62.931  -91.249    184.3    990.9
     1     1    21     2     3     1     0     1   -62.0   63.027  -91.005    211.6    986.6
     1     1    21     2     3     0     0     0   -63.0   63.121  -90.798    239.1    984.6
     1     1    21     2     2    23     0     1   -64.0   63.206  -90.637    259.6    984.1
     1     1    21     2     2    22     0     2   -65.0   63.282  -90.517    274.5    983.5
     1     1    21     2     2    21     0     3   -66.0   63.350  -90.435    286.1    982.9
     1     1    21     2     2    20     0     2   -67.0   63.410  -90.377    295.2    982.3
     1     1    21     2     2    19     0     1   -68.0   63.460  -90.329    302.1    981.9
     1     1    21     2     2    18     0     0   -69.0   63.500  -90.288    308.0    981.6
     1     1    21     2     2    17     0     1   -70.0   63.534  -90.256    314.3    981.6
     1     1    21     2     2    16     0     2   -71.0   63.561  -90.232    322.3    981.1
     1     1    21     2     2    15     0     3   -72.0   63.583  -90.218    332.1    980.3
     1     1    21     2     2    14     0     2   -73.0   63.605  -90.207    342.0    978.8
     1     1    21     2     2    13     0     1   -74.0   63.632  -90.196    350.6    977.7
     1     1    21     2     2    12     0     0   -75.0   63.665  -90.183    357.8    976.9
     1     1    21     2     2    11     0     1   -76.0   63.700  -90.170    363.7    976.5
     1     1    21     2     2    10     0     2   -77.0   63.732  -90.161    368.5    976.2
     1     1    21     2     2     9     0     3   -78.0   63.760  -90.153    371.9    976.0
     1     1    21     2     2     8     0     2   -79.0   63.785  -90.140    372.7    975.8
     1     1    21     2     2     7     0     1   -80.0   63.807  -90.109    369.6    976.5
     1     1    21     2     2     6     0     0   -81.0   63.825  -90.058    362.2    977.9
     1     1    21     2     2     5     0     1   -82.0   63.845  -89.992    355.1    980.5
     1     1    21     2     2     4     0     2   -83.0   63.871  -89.923    354.0    981.0
     1     1    21     2     2     3     0     3   -84.0   63.902  -89.855    359.2    980.5
     1     1    21     2     2     2     0     2   -85.0   63.937  -89.797    366.1    979.1
     1     1    21     2     2     1     0     1   -86.0   63.974  -89.754    370.2    978.6
     1     1    21     2     2     0     0     0   -87.0   64.011  -89.727    371.5    978.0
     1     1    21     2     1    23     0     1   -88.0   64.048  -89.710    371.6    977.1
     1     1    21     2     1    22     0     2   -89.0   64.082  -89.703    372.5    976.1
     1     1    21     2     1    21     0     3   -90.0   64.111  -89.705    374.5    975.0
     1     1    21     2     1    20     0     2   -91.0   64.141  -89.705    376.9    973.2
     1     1    21     2     1    19     0     1   -92.0   64.176  -89.690    378.6    971.4
     1     1    21     2     1    18     0     0   -93.0   64.216  -89.657    379.1    969.5
     1     1    21     2     1    17     0     1   -94.0   64.268  -89.620    380.9    968.0
     1     1    21     2     1    16     0     2   -95.0   64.337  -89.600    386.3    965.1
     1     1    21     2     1    15     0     3   -96.0   64.424  -89.600    394.9    961.1
     1     1    21     2     1    14     0     2   -97.0   64.520  -89.616    404.8    956.0
     1     1    21     2     1    13     0     1   -98.0   64.618  -89.643    415.1    951.2
     1     1    21     2     1    12     0     0   -99.0   64.716  -89.687    427.5    946.1
     1     1    21     2     1    11     0     1  -100.0   64.816  -89.764    440.1    940.4
     1     1    21     2     1    10     0     2  -101.0   64.914  -89.888    449.2    935.6
     1     1    21     2     1     9     0     3  -102.0   65.014  -90.066    452.8    932.8
     1     1    21     2     1     8     0     2  -103.0   65.109  -90.255    454.5    935.8
     1     1    21     2     1     7     0     1  -104.0   65.195  -90.421    456.9    937.5
     1     1    21     2     1     6     0     0  -105.0   65.277  -90.568    458.6    938.9
     1     1    21     2     1     5     0     1  -106.0   65.364  -90.697    459.3    940.5
     1     1    21     2     1     4     0     2  -107.0   65.467  -90.813    459.1    942.1
     1     1    21     2     1     3     0     3  -108.0   65.587  -90.922    458.4    943.7
     1     1    21     2     1     2     0     2  -109.0   65.728  -91.041    460.0    944.6
     1     1    21     2     1     1     0     1  -110.0   65.892  -91.191    464.7    942.6
     1     1    21     2     1     0     0     0  -111.0   66.074  -91.387    472.5    937.3
