     5     1
    GDAS    21     2     1     0     0
    GDAS    21     2     8     0     0
    GDAS    21     2    15     0     0
    GDAS    21     2    22     0     0
    GDAS    21     3     1     0     0
     1 BACKWARD OMEGA   
    21     2    16    18   44.970  -93.230   500.0
     1 PRESSURE
     1     1    21     2    16    18     0     0     0.0   44.970  -93.230    500.0    924.5
     1     1    21     2    16    17     0     1    -1.0   44.917  -93.112    499.9    923.7
     1     1    21     2    16    16     0     2    -2.0   44.869  -92.966    499.6    922.8
     1     1    21     2    16    15     0     3    -3.0   44.828  -92.790    495.9    922.4
     1     1    21     2    16    14     0     2    -4.0   44.803  -92.584    482.7    923.3
     1     1    21     2    16    13     0     1    -5.0   44.804  -92.352    458.0    926.6
     1     1    21     2    16    12     0     0    -6.0   44.833  -92.083    422.8    931.6
     1     1    21     2    16    11     0     1    -7.0   44.891  -91.782    393.5    936.4
     1     1    21     2    16    10     0     2    -8.0   44.960  -91.461    389.6    935.3
     1     1    21     2    16     9     0     3    -9.0   45.028  -91.127    416.9    929.6
     1     1    21     2    16     8     0     2   -10.0   45.096  -90.789    471.3    919.0
     1     1    21     2    16     7     0     1   -11.0   45.181  -90.440    531.3    906.8
     1     1    21     2    16     6     0     0   -12.0   45.279  -90.068    579.9    897.2
     1     1    21     2    16     5     0     1   -13.0   45.401  -89.678    626.7    891.4
     1     1    21     2    16     4     0     2   -14.0   45.558  -89.279    679.3    881.1
     1     1    21     2    16     3     0     3   -15.0   45.738  -88.879    722.5    873.3
     1     1    21     2    16     2     0     2   -16.0   45.931  -88.513    756.1    873.3
     1     1    21     2    16     1     0     1   -17.0   46.123  -88.223    805.5    876.7
     1     1    21     2    16     0     0     0   -18.0   46.315  -88.010    879.2    875.4
     1     1    21     2    15    23     0     1   -19.0   46.514  -87.857    935.9    871.0
     1     1    21     2    15    22     0     2   -20.0   46.716  -87.781    966.1    875.8
     1     1    21     2    15    21     0     3   -21.0   46.904  -87.785   1028.4    876.1
     1     1    21     2    15    20     0     2   -22.0   47.084  -87.808   1117.3    864.2
     1     1    21     2    15    19     0     1   -23.0   47.271  -87.821   1183.8    856.2
     1     1    21     2    15    18     0     0   -24.0   47.471  -87.827   1212.1    853.9
     1     1    21     2    15    17     0     1   -25.0   47.680  -87.843   1219.8    856.5
     1     1    21     2    15    16     0     2   -26.0   47.901  -87.866   1237.4    856.7
     1     1    21     2    15    15     0     3   -27.0   48.137  -87.881   1284.7    850.9
     1     1    21     2    15    14     0     2   -28.0   48.376  -87.904   1353.2    836.1
     1     1    21     2    15    13     0     1   -29.0   48.605  -87.946   1421.3    824.7
     1     1    21     2    15    12     0     0   -30.0   48.835  -87.970   1493.3    813.4
     1     1    21     2    15    11     0     1   -31.0   49.056  -87.962   1571.1    801.5
     1     1    21     2    15    10     0     2   -32.0   49.246  -87.941   1642.0    791.5
     1     1    21     2    15     9     0     3   -33.0   49.394  -87.911   1687.8    785.5
     1     1    21     2    15     8     0     2   -34.0   49.511  -87.857   1715.9    783.0
     1     1    21     2    15     7     0     1   -35.0   49.610  -87.765   1740.8    779.8
     1     1    21     2    15     6     0     0   -36.0   49.690  -87.630   1770.7    775.8
     1     1    21     2    15     5     0     1   -37.0   49.744  -87.454   1797.3    770.5
     1     1    21     2    15     4     0     2   -38.0   49.763  -87.251   1805.8    767.7
     1     1    21     2    15     3     0     3   -39.0   49.750  -87.040   1791.3    767.2
     1     1    21     2    15     2     0     2   -40.0   49.716  -86.842   1758.8    771.4
     1     1    21     2    15     1     0     1   -41.0   49.669  -86.670   1713.6    777.3
     1     1    21     2    15     0     0     0   -42.0   49.609  -86.527   1659.6    783.8
     1     1    21     2    14    23     0     1   -43.0   49.528  -86.408   1599.0    790.6
     1     1    21     2    14    22     0     2   -44.0   49.419  -86.312   1532.3    797.8
     1     1    21     2    14    21     0     3   -45.0   49.286  -86.241   1459.6    805.4
     1     1    21     2    14    20     0     2   -46.0   49.140  -86.197   1387.6    813.4
     1     1    21     2    14    19     0     1   -47.0   48.995  -86.180   1318.8    820.0
     1     1    21     2    14    18     0     0   -48.0   48.870  -86.186   1252.9    830.2
     1     1    21     2    14    17     0     1   -49.0   48.778  -86.225   1203.0    838.9
     1     1    21     2    14    16     0     2   -50.0   48.716  -86.303   1182.7    841.9
     1     1    21     2    14    15     0     3   -51.0   48.669  -86.411   1188.0    841.2
     1     1    21     2    14    14     0     2   -52.0   48.622  -86.533   1198.8    838.4
     1     1    21     2    14    13     0     1   -53.0   48.571  -86.671   1205.4    839.0
     1     1    21     2    14    12     0     0   -54.0   48.518  -86.831   1217.2    839.3
     1     1    21     2    14    11     0     1   -55.0   48.463  -87.024   1247.3    838.4
     1     1    21     2    14    10     0     2   -56.0   48.411  -87.245   1288.9    835.0
     1     1    21     2    14     9     0     3   -57.0   48.367  -87.480   1323.1    832.9
     1     1    21     2    14     8     0     2   -58.0   48.317  -87.725   1351.9    832.5
     1     1    21     2    14     7     0     1   -59.0   48.233  -88.000   1394.3    831.5
     1     1    21     2    14     6     0     0   -60.0   48.104  -88.321   1460.3    822.9
     1     1    21     2    14     5     0     1   -61.0   47.964  -88.642   1537.8    812.9
     1     1    21     2    14     4     0     2   -62.0   47.832  -88.954   1610.0    801.5
     1     1    21     2    14     3     0     3   -63.0   47.698  -89.240   1662.5    790.7
     1     1    21     2    14     2     0     2   -64.0   47.560  -89.474   1671.0    786.6
     1     1    21     2    14     1     0     1   -65.0   47.438  -89.663   1617.9    793.0
     1     1    21     2    14     0     0     0   -66.0   47.349  -89.829   1501.0    807.2
     1     1    21     2    13    23     0     1   -67.0   47.304  -89.996   1365.3    828.2
     1     1    21     2    13    22     0     2   -68.0   47.286  -90.177   1259.6    840.2
     1     1    21     2    13    21     0     3   -69.0   47.292  -90.371   1178.1    846.9
     1     1    21     2    13    20     0     2   -70.0   47.315  -90.570   1116.6    853.1
     1     1    21     2    13    19     0     1   -71.0   47.338  -90.759   1090.4    855.3
     1     1    21     2    13    18     0     0   -72.0   47.354  -90.932   1113.7    851.8
     1     1    21     2    13    17     0     1   -73.0   47.354  -91.093   1156.6    841.2
     1     1    21     2    13    16     0     2   -74.0   47.343  -91.255   1183.9    835.9
     1     1    21     2    13    15     0     3   -75.0   47.326  -91.420   1193.8    833.2
     1     1    21     2    13    14     0     2   -76.0   47.313  -91.596   1195.4    832.1
     1     1    21     2    13    13     0     1   -77.0   47.311  -91.789   1196.2    829.6
     1     1    21     2    13    12     0     0   -78.0   47.324  -91.997   1196.0    826.9
     1     1    21     2    13    11     0     1   -79.0   47.329  -92.225   1197.3    827.6
     1     1    21     2    13    10     0     2   -80.0   47.309  -92.484   1199.6    828.1
     1     1    21     2    13     9     0     3   -81.0   47.269  -92.773   1200.9    828.7
     1     1    21     2    13     8     0     2   -82.0   47.223  -93.068   1204.0    829.4
     1     1    21     2    13     7     0     1   -83.0   47.173  -93.347   1212.6    828.6
     1     1    21     2    13     6     0     0   -84.0   47.116  -93.613   1228.1    827.1
     1     1    21     2    13     5     0     1   -85.0   47.064  -93.866   1239.1    824.4
     1     1    21     2    13     4     0     2   -86.0   47.027  -94.099   1225.8    824.7
     1     1    21     2    13     3     0     3   -87.0   47.003  -94.306   1183.4    828.5
     1     1    21     2    13     2     0     2   -88.0   47.000  -94.515   1134.4    835.2
     1     1    21     2    13     1     0     1   -89.0   47.014  -94.771   1095.2    837.5
     1     1    21     2    13     0     0     0   -90.0   47.035  -95.076   1063.0    840.1
     1     1    21     2    12    23     0     1   -91.0   47.056  -95.421   1062.1    845.8
     1     1    21     2    12    22     0     2   -92.0   47.072  -95.809   1109.0    842.6
     1     1    21     2    12    21     0     3   -93.0   47.071  -96.234   1193.7    836.8
     1     1    21     2    12    20     0     2   -94.0   47.065  -96.687   1278.0    829.5
     1     1    21     2    12    19     0     1   -95.0   47.070  -97.145   1325.7    826.1
     1     1    21     2    12    18     0     0   -96.0   47.089  -97.602   1327.7    818.4
     1     1    21     2    12    17     0     1   -97.0   47.128  -98.069   1303.5    816.0
     1     1    21     2    12    16     0     2   -98.0   47.200  -98.560   1268.8    813.2
     1     1    21     2    12    15     0     3   -99.0   47.314  -99.068   1223.9    814.2
     1     1    21     2    12    14     0     2  -100.0   47.458  -99.607   1198.0    820.9
     1     1    21     2    12    13     0     1  -101.0   47.622 -100.187   1198.9    819.3
     1     1    21     2    12    12     0     0  -102.0   47.818 -100.791   1199.4    814.4
     1     1    21     2    12    11     0     1  -103.0   48.024 -101.414   1195.6    810.4
     1     1    21     2    12    10     0     2  -104.0   48.221 -102.054   1211.6    804.1
     1     1    21     2    12     9     0     3  -105.0   48.411 -102.705   1247.9    799.9
     1     1    21     2    12     8     0     2  -106.0   48.601 -103.340   1269.2    795.2
     1     1    21     2    12     7     0     1  -107.0   48.802 -103.919   1244.6    795.3
     1     1    21     2    12     6     0     0  -108.0   49.019 -104.435   1187.3    799.2
     1     1    21     2    12     5     0     1  -109.0   49.267 -104.919   1150.6    807.6
     1     1    21     2    12     4     0     2  -110.0   49.549 -105.398   1143.3    806.2
     1     1    21     2    12     3     0     3  -111.0   49.856 -105.865   1124.5    807.6
     1     1    21     2    12     2     0     2  -112.0   50.182 -106.329   1089.0    815.0
     1     1    21     2    12     1     0     1  -113.0   50.524 -106.778   1056.8    820.4
     1     1    21     2    12     0     0     0  -114.0   50.868 -107.190   1038.6    826.2
     1     1    21     2    11    23     0     1  -115.0   51.206 -107.576   1028.1    826.1
     1     1    21     2    11    22     0     2  -116.0   51.540 -107.942   1016.7    825.4
     1     1    21     2    11    21     0     3  -117.0   51.889 -108.263   1016.6    825.5
     1     1    21     2    11    20     0     2  -118.0   52.249 -108.538   1027.2    826.7
     1     1    21     2    11    19     0     1  -119.0   52.599 -108.771   1039.5    829.7
     1     1    21     2    11    18     0     0  -120.0   52.937 -108.957   1046.2    834.6
