     5     1
    GDAS    21     2     1     0     0
    GDAS    21     2     8     0     0
    GDAS    21     2    15     0     0
    GDAS    21     2    22     0     0
    GDAS    21     3     1     0     0
     1 BACKWARD OMEGA   
    21     2    19     6   44.970  -93.230   500.0
     1 PRESSURE
     1     1    21     2    19     6     0     0     0.0   44.970  -93.230    500.0    927.7
     1     1    21     2    19     5     0     1    -1.0   44.997  -93.364    474.1    932.8
     1     1    21     2    19     4     0     2    -2.0   45.028  -93.525    466.4    933.7
     1     1    21     2    19     3     0     3    -3.0   45.069  -93.711    474.6    932.1
     1     1    21     2    19     2     0     2    -4.0   45.119  -93.904    488.6    928.5
     1     1    21     2    19     1     0     1    -5.0   45.167  -94.091    498.2    925.8
     1     1    21     2    19     0     0     0    -6.0   45.211  -94.276    504.5    923.7
     1     1    21     2    18    23     0     1    -7.0   45.243  -94.464    509.0    921.4
     1     1    21     2    18    22     0     2    -8.0   45.260  -94.657    510.6    919.7
     1     1    21     2    18    21     0     3    -9.0   45.265  -94.854    509.1    918.5
     1     1    21     2    18    20     0     2   -10.0   45.270  -95.043    510.0    918.7
     1     1    21     2    18    19     0     1   -11.0   45.282  -95.211    518.2    918.4
     1     1    21     2    18    18     0     0   -12.0   45.302  -95.359    532.9    917.3
     1     1    21     2    18    17     0     1   -13.0   45.335  -95.504    546.9    915.1
     1     1    21     2    18    16     0     2   -14.0   45.382  -95.665    553.7    914.7
     1     1    21     2    18    15     0     3   -15.0   45.446  -95.845    555.2    915.2
     1     1    21     2    18    14     0     2   -16.0   45.514  -96.043    555.0    915.0
     1     1    21     2    18    13     0     1   -17.0   45.574  -96.253    555.7    911.9
     1     1    21     2    18    12     0     0   -18.0   45.630  -96.472    557.3    909.1
     1     1    21     2    18    11     0     1   -19.0   45.688  -96.690    560.3    907.8
     1     1    21     2    18    10     0     2   -20.0   45.752  -96.894    565.1    907.0
     1     1    21     2    18     9     0     3   -21.0   45.819  -97.083    568.8    907.6
     1     1    21     2    18     8     0     2   -22.0   45.881  -97.262    570.2    908.3
     1     1    21     2    18     7     0     1   -23.0   45.928  -97.434    573.0    908.2
     1     1    21     2    18     6     0     0   -24.0   45.960  -97.591    583.9    906.7
     1     1    21     2    18     5     0     1   -25.0   45.994  -97.737    599.8    903.3
     1     1    21     2    18     4     0     2   -26.0   46.042  -97.875    612.5    900.7
     1     1    21     2    18     3     0     3   -27.0   46.107  -98.009    621.1    898.4
     1     1    21     2    18     2     0     2   -28.0   46.181  -98.139    633.4    894.5
     1     1    21     2    18     1     0     1   -29.0   46.256  -98.260    652.2    888.4
     1     1    21     2    18     0     0     0   -30.0   46.329  -98.373    670.0    883.0
     1     1    21     2    17    23     0     1   -31.0   46.388  -98.474    684.7    878.9
     1     1    21     2    17    22     0     2   -32.0   46.425  -98.565    698.4    875.2
     1     1    21     2    17    21     0     3   -33.0   46.440  -98.646    712.9    871.6
     1     1    21     2    17    20     0     2   -34.0   46.438  -98.710    723.9    868.2
     1     1    21     2    17    19     0     1   -35.0   46.423  -98.750    726.1    866.9
     1     1    21     2    17    18     0     0   -36.0   46.394  -98.767    719.1    867.0
     1     1    21     2    17    17     0     1   -37.0   46.354  -98.778    706.9    868.0
     1     1    21     2    17    16     0     2   -38.0   46.310  -98.803    693.8    868.4
     1     1    21     2    17    15     0     3   -39.0   46.264  -98.844    680.2    868.5
     1     1    21     2    17    14     0     2   -40.0   46.209  -98.892    666.4    868.3
     1     1    21     2    17    13     0     1   -41.0   46.136  -98.939    652.3    868.0
     1     1    21     2    17    12     0     0   -42.0   46.050  -98.985    637.2    867.6
     1     1    21     2    17    11     0     1   -43.0   45.940  -99.028    626.3    869.7
     1     1    21     2    17    10     0     2   -44.0   45.794  -99.063    622.4    871.8
     1     1    21     2    17     9     0     3   -45.0   45.615  -99.095    619.9    873.9
     1     1    21     2    17     8     0     2   -46.0   45.411  -99.116    614.3    876.9
     1     1    21     2    17     7     0     1   -47.0   45.184  -99.124    605.4    880.9
     1     1    21     2    17     6     0     0   -48.0   44.935  -99.124    594.7    884.3
     1     1    21     2    17     5     0     1   -49.0   44.665  -99.134    579.9    883.9
     1     1    21     2    17     4     0     2   -50.0   44.378  -99.156    559.4    884.5
     1     1    21     2    17     3     0     3   -51.0   44.072  -99.172    534.1    885.6
     1     1    21     2    17     2     0     2   -52.0   43.750  -99.179    506.8    886.1
     1     1    21     2    17     1     0     1   -53.0   43.422  -99.187    483.9    885.7
     1     1    21     2    17     0     0     0   -54.0   43.096  -99.199    468.9    884.1
     1     1    21     2    16    23     0     1   -55.0   42.772  -99.215    462.0    880.6
     1     1    21     2    16    22     0     2   -56.0   42.445  -99.235    461.6    875.9
     1     1    21     2    16    21     0     3   -57.0   42.102  -99.266    466.4    870.4
     1     1    21     2    16    20     0     2   -58.0   41.756  -99.308    475.3    869.2
     1     1    21     2    16    19     0     1   -59.0   41.421  -99.350    481.7    869.6
     1     1    21     2    16    18     0     0   -60.0   41.092  -99.387    478.4    871.2
     1     1    21     2    16    17     0     1   -61.0   40.763  -99.415    467.6    874.9
     1     1    21     2    16    16     0     2   -62.0   40.430  -99.431    453.2    879.0
     1     1    21     2    16    15     0     3   -63.0   40.089  -99.430    432.5    884.1
     1     1    21     2    16    14     0     2   -64.0   39.770  -99.412    412.3    889.7
     1     1    21     2    16    13     0     1   -65.0   39.502  -99.384    395.9    892.5
     1     1    21     2    16    12     0     0   -66.0   39.280  -99.341    371.1    896.4
     1     1    21     2    16    11     0     1   -67.0   39.085  -99.283    338.8    904.0
     1     1    21     2    16    10     0     2   -68.0   38.894  -99.220    308.8    909.8
     1     1    21     2    16     9     0     3   -69.0   38.711  -99.154    286.3    913.5
     1     1    21     2    16     8     0     2   -70.0   38.550  -99.084    267.4    916.4
     1     1    21     2    16     7     0     1   -71.0   38.421  -99.006    243.2    920.6
     1     1    21     2    16     6     0     0   -72.0   38.326  -98.928    213.4    925.1
     1     1    21     2    16     5     0     1   -73.0   38.266  -98.841    185.5    929.9
     1     1    21     2    16     4     0     2   -74.0   38.243  -98.734    166.3    934.2
     1     1    21     2    16     3     0     3   -75.0   38.257  -98.611    157.8    937.5
     1     1    21     2    16     2     0     2   -76.0   38.309  -98.490    154.4    939.4
     1     1    21     2    16     1     0     1   -77.0   38.394  -98.383    149.2    942.1
     1     1    21     2    16     0     0     0   -78.0   38.507  -98.287    141.4    945.0
     1     1    21     2    15    23     0     1   -79.0   38.639  -98.209    134.3    948.4
     1     1    21     2    15    22     0     2   -80.0   38.781  -98.157    130.7    950.3
     1     1    21     2    15    21     0     3   -81.0   38.928  -98.129    129.5    951.7
     1     1    21     2    15    20     0     2   -82.0   39.069  -98.109    129.9    952.9
     1     1    21     2    15    19     0     1   -83.0   39.199  -98.078    131.1    953.9
     1     1    21     2    15    18     0     0   -84.0   39.322  -98.037    131.8    955.0
     1     1    21     2    15    17     0     1   -85.0   39.444  -97.981    133.5    956.3
     1     1    21     2    15    16     0     2   -86.0   39.572  -97.904    139.4    957.1
     1     1    21     2    15    15     0     3   -87.0   39.708  -97.803    151.1    956.9
     1     1    21     2    15    14     0     2   -88.0   39.855  -97.688    166.7    955.0
     1     1    21     2    15    13     0     1   -89.0   40.017  -97.570    183.2    953.2
     1     1    21     2    15    12     0     0   -90.0   40.197  -97.450    195.6    950.8
     1     1    21     2    15    11     0     1   -91.0   40.389  -97.333    201.2    950.0
     1     1    21     2    15    10     0     2   -92.0   40.587  -97.221    202.1    949.9
     1     1    21     2    15     9     0     3   -93.0   40.786  -97.110    200.7    949.8
     1     1    21     2    15     8     0     2   -94.0   40.982  -97.007    198.0    950.0
     1     1    21     2    15     7     0     1   -95.0   41.169  -96.922    195.8    952.3
     1     1    21     2    15     6     0     0   -96.0   41.343  -96.858    197.8    954.0
     1     1    21     2    15     5     0     1   -97.0   41.515  -96.797    208.7    954.2
     1     1    21     2    15     4     0     2   -98.0   41.700  -96.724    232.0    952.6
     1     1    21     2    15     3     0     3   -99.0   41.899  -96.642    269.9    949.7
     1     1    21     2    15     2     0     2  -100.0   42.105  -96.569    315.2    943.4
     1     1    21     2    15     1     0     1  -101.0   42.309  -96.519    357.1    938.7
     1     1    21     2    15     0     0     0  -102.0   42.511  -96.491    401.7    934.3
     1     1    21     2    14    23     0     1  -103.0   42.708  -96.475    453.0    927.4
     1     1    21     2    14    22     0     2  -104.0   42.904  -96.465    504.6    920.1
     1     1    21     2    14    21     0     3  -105.0   43.106  -96.466    549.0    912.0
     1     1    21     2    14    20     0     2  -106.0   43.314  -96.480    583.3    905.4
     1     1    21     2    14    19     0     1  -107.0   43.523  -96.500    611.1    899.7
     1     1    21     2    14    18     0     0  -108.0   43.731  -96.518    635.5    894.1
     1     1    21     2    14    17     0     1  -109.0   43.949  -96.545    665.6    887.4
     1     1    21     2    14    16     0     2  -110.0   44.184  -96.598    709.3    881.3
     1     1    21     2    14    15     0     3  -111.0   44.436  -96.675    761.1    874.5
     1     1    21     2    14    14     0     2  -112.0   44.706  -96.771    803.7    865.8
     1     1    21     2    14    13     0     1  -113.0   44.997  -96.887    815.1    859.7
     1     1    21     2    14    12     0     0  -114.0   45.300  -97.013    819.9    867.9
     1     1    21     2    14    11     0     1  -115.0   45.589  -97.157    857.7    874.4
     1     1    21     2    14    10     0     2  -116.0   45.860  -97.334    906.9    870.1
     1     1    21     2    14     9     0     3  -117.0   46.115  -97.535    914.5    868.5
     1     1    21     2    14     8     0     2  -118.0   46.361  -97.743    901.3    873.5
     1     1    21     2    14     7     0     1  -119.0   46.607  -97.956    915.3    870.4
     1     1    21     2    14     6     0     0  -120.0   46.855  -98.175    969.2    860.3
