     5     1
    GDAS    21     2     1     0     0
    GDAS    21     2     8     0     0
    GDAS    21     2    15     0     0
    GDAS    21     2    22     0     0
    GDAS    21     3     1     0     0
     1 BACKWARD OMEGA   
    21     2     2    11   37.820  111.540  1000.0
     1 PRESSURE
     1     1    21     2     2    11     0     1     0.0   37.820  111.540   1000.0    776.0
     1     1    21     2     2    10     0     2    -1.0   37.938  111.099    999.0    782.8
     1     1    21     2     2     9     0     3    -2.0   38.035  110.712   1007.3    789.9
     1     1    21     2     2     8     0     2    -3.0   38.112  110.342   1040.9    787.5
     1     1    21     2     2     7     0     1    -4.0   38.177  109.965   1095.3    781.5
     1     1    21     2     2     6     0     0    -5.0   38.244  109.573   1147.3    768.7
     1     1    21     2     2     5     0     1    -6.0   38.312  109.185   1179.3    761.0
     1     1    21     2     2     4     0     2    -7.0   38.387  108.805   1197.5    754.3
     1     1    21     2     2     3     0     3    -8.0   38.479  108.426   1208.4    746.9
     1     1    21     2     2     2     0     2    -9.0   38.601  108.025   1213.7    739.2
     1     1    21     2     2     1     0     1   -10.0   38.750  107.589   1247.6    744.2
     1     1    21     2     2     0     0     0   -11.0   38.919  107.133   1344.7    746.9
     1     1    21     2     1    23     0     1   -12.0   39.120  106.639   1481.7    708.7
     1     1    21     2     1    22     0     2   -13.0   39.359  106.077   1701.6    671.3
     1     1    21     2     1    21     0     3   -14.0   39.629  105.495   1955.4    662.9
     1     1    21     2     1    20     0     2   -15.0   39.924  104.929   2096.0    649.6
     1     1    21     2     1    19     0     1   -16.0   40.240  104.368   2195.7    648.6
     1     1    21     2     1    18     0     0   -17.0   40.558  103.823   2265.7    647.1
     1     1    21     2     1    17     0     1   -18.0   40.880  103.282   2312.4    638.4
     1     1    21     2     1    16     0     2   -19.0   41.196  102.751   2352.7    642.7
     1     1    21     2     1    15     0     3   -20.0   41.507  102.242   2393.2    656.1
     1     1    21     2     1    14     0     2   -21.0   41.815  101.746   2419.1    664.6
     1     1    21     2     1    13     0     1   -22.0   42.113  101.253   2433.7    664.2
     1     1    21     2     1    12     0     0   -23.0   42.411  100.757   2437.2    648.7
     1     1    21     2     1    11     0     1   -24.0   42.713  100.253   2434.9    639.8
     1     1    21     2     1    10     0     2   -25.0   43.013   99.729   2438.5    631.6
     1     1    21     2     1     9     0     3   -26.0   43.297   99.198   2461.3    629.9
     1     1    21     2     1     8     0     2   -27.0   43.556   98.691   2483.9    623.7
     1     1    21     2     1     7     0     1   -28.0   43.801   98.214   2508.5    614.7
     1     1    21     2     1     6     0     0   -29.0   44.046   97.761   2561.3    610.8
     1     1    21     2     1     5     0     1   -30.0   44.296   97.336   2621.6    605.5
     1     1    21     2     1     4     0     2   -31.0   44.560   96.936   2664.8    607.6
     1     1    21     2     1     3     0     3   -32.0   44.837   96.562   2673.4    605.7
     1     1    21     2     1     2     0     2   -33.0   45.119   96.208   2666.4    609.1
     1     1    21     2     1     1     0     1   -34.0   45.413   95.855   2623.3    607.7
     1     1    21     2     1     0     0     0   -35.0   45.725   95.492   2570.2    610.5
