     5     1
    GDAS    21     2     1     0     0
    GDAS    21     2     8     0     0
    GDAS    21     2    15     0     0
    GDAS    21     2    22     0     0
    GDAS    21     3     1     0     0
     1 BACKWARD OMEGA   
    21     2     4    15   37.820  111.540  1000.0
     1 PRESSURE
     1     1    21     2     4    15     0     3     0.0   37.820  111.540   1000.0    778.3
     1     1    21     2     4    14     0     2    -1.0   38.047  111.103   1103.9    768.0
     1     1    21     2     4    13     0     1    -2.0   38.239  110.728   1088.2    779.6
     1     1    21     2     4    12     0     0    -3.0   38.403  110.371   1022.0    786.0
     1     1    21     2     4    11     0     1    -4.0   38.548  110.007    937.5    790.2
     1     1    21     2     4    10     0     2    -5.0   38.691  109.639    855.9    793.9
     1     1    21     2     4     9     0     3    -6.0   38.854  109.269    783.6    795.1
     1     1    21     2     4     8     0     2    -7.0   39.033  108.867    735.2    795.9
     1     1    21     2     4     7     0     1    -8.0   39.208  108.396    757.3    790.8
     1     1    21     2     4     6     0     0    -9.0   39.381  107.870    837.8    782.5
     1     1    21     2     4     5     0     1   -10.0   39.531  107.306    903.9    775.8
     1     1    21     2     4     4     0     2   -11.0   39.645  106.734    963.0    770.5
     1     1    21     2     4     3     0     3   -12.0   39.761  106.188   1029.3    765.6
     1     1    21     2     4     2     0     2   -13.0   39.886  105.691   1043.3    767.9
     1     1    21     2     4     1     0     1   -14.0   40.016  105.216   1033.0    760.3
     1     1    21     2     4     0     0     0   -15.0   40.157  104.738   1047.6    752.4
     1     1    21     2     3    23     0     1   -16.0   40.302  104.258   1007.0    757.0
     1     1    21     2     3    22     0     2   -17.0   40.444  103.772    908.5    772.9
     1     1    21     2     3    21     0     3   -18.0   40.585  103.268    871.5    774.9
     1     1    21     2     3    20     0     2   -19.0   40.719  102.755    917.5    770.5
     1     1    21     2     3    19     0     1   -20.0   40.827  102.275    959.4    775.8
     1     1    21     2     3    18     0     0   -21.0   40.913  101.842    954.6    787.4
     1     1    21     2     3    17     0     1   -22.0   40.989  101.452    936.3    798.5
     1     1    21     2     3    16     0     2   -23.0   41.064  101.099    940.5    804.8
     1     1    21     2     3    15     0     3   -24.0   41.142  100.769    971.2    801.5
     1     1    21     2     3    14     0     2   -25.0   41.222  100.455   1007.1    793.8
     1     1    21     2     3    13     0     1   -26.0   41.296  100.156   1022.0    790.4
     1     1    21     2     3    12     0     0   -27.0   41.360   99.869   1012.8    787.5
     1     1    21     2     3    11     0     1   -28.0   41.426   99.593   1005.1    782.2
     1     1    21     2     3    10     0     2   -29.0   41.500   99.326   1016.9    772.6
     1     1    21     2     3     9     0     3   -30.0   41.566   99.070   1044.6    762.0
     1     1    21     2     3     8     0     2   -31.0   41.620   98.812   1099.1    753.8
     1     1    21     2     3     7     0     1   -32.0   41.669   98.538   1184.2    741.3
     1     1    21     2     3     6     0     0   -33.0   41.703   98.263   1282.5    726.7
     1     1    21     2     3     5     0     1   -34.0   41.729   97.996   1349.5    713.2
     1     1    21     2     3     4     0     2   -35.0   41.758   97.747   1365.0    707.9
     1     1    21     2     3     3     0     3   -36.0   41.796   97.515   1342.3    705.4
     1     1    21     2     3     2     0     2   -37.0   41.841   97.295   1300.9    706.3
     1     1    21     2     3     1     0     1   -38.0   41.888   97.063   1254.4    705.6
     1     1    21     2     3     0     0     0   -39.0   41.936   96.829   1199.4    704.3
     1     1    21     2     2    23     0     1   -40.0   41.996   96.626   1151.2    702.8
     1     1    21     2     2    22     0     2   -41.0   42.070   96.461   1125.6    704.4
     1     1    21     2     2    21     0     3   -42.0   42.152   96.319   1120.7    707.0
     1     1    21     2     2    20     0     2   -43.0   42.248   96.187   1140.9    711.0
     1     1    21     2     2    19     0     1   -44.0   42.368   96.050   1187.9    715.6
     1     1    21     2     2    18     0     0   -45.0   42.518   95.897   1247.6    722.8
     1     1    21     2     2    17     0     1   -46.0   42.709   95.698   1277.0    725.8
     1     1    21     2     2    16     0     2   -47.0   42.935   95.450   1259.5    722.7
     1     1    21     2     2    15     0     3   -48.0   43.173   95.171   1242.2    723.2
     1     1    21     2     2    14     0     2   -49.0   43.401   94.840   1262.2    740.8
     1     1    21     2     2    13     0     1   -50.0   43.610   94.435   1290.2    756.1
     1     1    21     2     2    12     0     0   -51.0   43.791   93.960   1251.2    764.3
     1     1    21     2     2    11     0     1   -52.0   43.951   93.472   1079.8    762.0
     1     1    21     2     2    10     0     2   -53.0   44.080   93.065    870.8    760.3
     1     1    21     2     2     9     0     3   -54.0   44.202   92.712    725.0    769.5
     1     1    21     2     2     8     0     2   -55.0   44.348   92.357    680.7    775.5
     1     1    21     2     2     7     0     1   -56.0   44.535   91.986    718.7    777.4
     1     1    21     2     2     6     0     0   -57.0   44.733   91.604    799.8    779.0
     1     1    21     2     2     5     0     1   -58.0   44.917   91.228    905.2    767.9
     1     1    21     2     2     4     0     2   -59.0   45.097   90.874   1015.3    755.5
     1     1    21     2     2     3     0     3   -60.0   45.269   90.555   1101.3    761.7
     1     1    21     2     2     2     0     2   -61.0   45.421   90.274   1154.2    769.6
     1     1    21     2     2     1     0     1   -62.0   45.554   90.032   1194.4    776.8
     1     1    21     2     2     0     0     0   -63.0   45.671   89.823   1234.6    778.3
     1     1    21     2     1    23     0     1   -64.0   45.770   89.640   1267.2    778.1
     1     1    21     2     1    22     0     2   -65.0   45.849   89.488   1282.8    779.9
     1     1    21     2     1    21     0     3   -66.0   45.907   89.370   1284.3    782.5
     1     1    21     2     1    20     0     2   -67.0   45.943   89.285   1279.2    785.6
     1     1    21     2     1    19     0     1   -68.0   45.964   89.227   1273.3    787.6
     1     1    21     2     1    18     0     0   -69.0   45.972   89.191   1266.3    789.3
     1     1    21     2     1    17     0     1   -70.0   45.970   89.174   1258.1    790.5
     1     1    21     2     1    16     0     2   -71.0   45.956   89.169   1249.0    791.6
     1     1    21     2     1    15     0     3   -72.0   45.928   89.178   1238.4    792.7
     1     1    21     2     1    14     0     2   -73.0   45.891   89.203   1228.2    793.6
     1     1    21     2     1    13     0     1   -74.0   45.850   89.249   1222.2    793.4
     1     1    21     2     1    12     0     0   -75.0   45.809   89.313   1222.5    792.1
     1     1    21     2     1    11     0     1   -76.0   45.770   89.395   1224.7    789.3
     1     1    21     2     1    10     0     2   -77.0   45.734   89.491   1223.2    787.0
     1     1    21     2     1     9     0     3   -78.0   45.704   89.596   1217.9    784.7
     1     1    21     2     1     8     0     2   -79.0   45.680   89.696   1211.4    783.1
     1     1    21     2     1     7     0     1   -80.0   45.656   89.782   1207.6    781.5
     1     1    21     2     1     6     0     0   -81.0   45.631   89.855   1210.0    779.6
     1     1    21     2     1     5     0     1   -82.0   45.605   89.922   1218.5    776.7
     1     1    21     2     1     4     0     2   -83.0   45.577   89.986   1231.0    773.6
     1     1    21     2     1     3     0     3   -84.0   45.545   90.049   1246.0    769.5
     1     1    21     2     1     2     0     2   -85.0   45.515   90.110   1263.5    765.1
     1     1    21     2     1     1     0     1   -86.0   45.491   90.165   1283.4    760.8
     1     1    21     2     1     0     0     0   -87.0   45.474   90.212   1305.5    756.5
