     5     1
    GDAS    21     2     1     0     0
    GDAS    21     2     8     0     0
    GDAS    21     2    15     0     0
    GDAS    21     2    22     0     0
    GDAS    21     3     1     0     0
     1 BACKWARD OMEGA   
    21     2     7    15   44.970  -93.230   500.0
     1 PRESSURE
     1     1    21     2     7    15     0     3     0.0   44.970  -93.230    500.0    924.4
     1     1    21     2     7    14     0     2    -1.0   45.178  -93.495    521.7    917.9
     1     1    21     2     7    13     0     1    -2.0   45.415  -93.747    530.8    913.5
     1     1    21     2     7    12     0     0    -3.0   45.683  -94.007    546.3    906.9
     1     1    21     2     7    11     0     1    -4.0   45.982  -94.299    578.0    897.9
     1     1    21     2     7    10     0     2    -5.0   46.309  -94.639    617.6    890.4
     1     1    21     2     7     9     0     3    -6.0   46.662  -95.025    662.7    881.6
     1     1    21     2     7     8     0     2    -7.0   47.016  -95.429    715.4    874.9
     1     1    21     2     7     7     0     1    -8.0   47.349  -95.827    756.9    873.8
     1     1    21     2     7     6     0     0    -9.0   47.668  -96.210    774.3    877.6
     1     1    21     2     7     5     0     1   -10.0   47.985  -96.562    782.9    882.6
     1     1    21     2     7     4     0     2   -11.0   48.305  -96.883    794.5    884.2
     1     1    21     2     7     3     0     3   -12.0   48.636  -97.188    805.1    880.5
     1     1    21     2     7     2     0     2   -13.0   48.978  -97.486    808.6    878.2
     1     1    21     2     7     1     0     1   -14.0   49.321  -97.785    813.7    878.5
     1     1    21     2     7     0     0     0   -15.0   49.657  -98.097    828.9    876.4
     1     1    21     2     6    23     0     1   -16.0   49.986  -98.399    854.8    873.9
     1     1    21     2     6    22     0     2   -17.0   50.319  -98.677    885.5    869.5
     1     1    21     2     6    21     0     3   -18.0   50.666  -98.955    917.7    866.6
     1     1    21     2     6    20     0     2   -19.0   51.036  -99.242    952.1    861.1
     1     1    21     2     6    19     0     1   -20.0   51.429  -99.519    988.4    855.2
     1     1    21     2     6    18     0     0   -21.0   51.838  -99.781   1026.9    853.1
     1     1    21     2     6    17     0     1   -22.0   52.272 -100.038   1060.3    849.5
     1     1    21     2     6    16     0     2   -23.0   52.719 -100.307   1082.5    845.5
     1     1    21     2     6    15     0     3   -24.0   53.167 -100.595   1099.2    846.3
     1     1    21     2     6    14     0     2   -25.0   53.605 -100.892   1105.9    845.2
     1     1    21     2     6    13     0     1   -26.0   54.019 -101.188   1100.1    845.6
     1     1    21     2     6    12     0     0   -27.0   54.419 -101.478   1094.2    844.9
     1     1    21     2     6    11     0     1   -28.0   54.817 -101.756   1103.1    840.8
     1     1    21     2     6    10     0     2   -29.0   55.214 -102.023   1114.1    837.1
     1     1    21     2     6     9     0     3   -30.0   55.606 -102.276   1119.8    837.2
     1     1    21     2     6     8     0     2   -31.0   55.993 -102.515   1133.7    836.6
     1     1    21     2     6     7     0     1   -32.0   56.373 -102.746   1159.5    832.7
     1     1    21     2     6     6     0     0   -33.0   56.747 -102.969   1185.7    828.5
     1     1    21     2     6     5     0     1   -34.0   57.119 -103.172   1202.5    824.5
     1     1    21     2     6     4     0     2   -35.0   57.496 -103.362   1213.2    820.9
     1     1    21     2     6     3     0     3   -36.0   57.884 -103.547   1226.2    817.8
     1     1    21     2     6     2     0     2   -37.0   58.277 -103.750   1240.4    815.0
     1     1    21     2     6     1     0     1   -38.0   58.667 -104.000   1250.7    813.5
     1     1    21     2     6     0     0     0   -39.0   59.057 -104.303   1264.2    814.5
     1     1    21     2     5    23     0     1   -40.0   59.437 -104.645   1276.0    812.3
     1     1    21     2     5    22     0     2   -41.0   59.802 -105.009   1286.8    810.9
     1     1    21     2     5    21     0     3   -42.0   60.159 -105.387   1303.8    804.6
     1     1    21     2     5    20     0     2   -43.0   60.508 -105.766   1317.2    801.2
     1     1    21     2     5    19     0     1   -44.0   60.853 -106.132   1321.8    801.5
     1     1    21     2     5    18     0     0   -45.0   61.196 -106.480   1322.3    800.1
     1     1    21     2     5    17     0     1   -46.0   61.540 -106.828   1325.8    800.4
     1     1    21     2     5    16     0     2   -47.0   61.883 -107.189   1332.0    801.2
     1     1    21     2     5    15     0     3   -48.0   62.226 -107.550   1337.5    801.9
     1     1    21     2     5    14     0     2   -49.0   62.570 -107.920   1348.7    800.7
     1     1    21     2     5    13     0     1   -50.0   62.915 -108.317   1364.2    799.9
     1     1    21     2     5    12     0     0   -51.0   63.259 -108.729   1369.5    800.3
     1     1    21     2     5    11     0     1   -52.0   63.597 -109.136   1369.0    801.2
     1     1    21     2     5    10     0     2   -53.0   63.927 -109.534   1378.3    798.1
     1     1    21     2     5     9     0     3   -54.0   64.255 -109.923   1403.3    793.2
     1     1    21     2     5     8     0     2   -55.0   64.583 -110.309   1426.9    785.7
     1     1    21     2     5     7     0     1   -56.0   64.909 -110.690   1434.3    782.6
     1     1    21     2     5     6     0     0   -57.0   65.238 -111.070   1441.5    780.7
     1     1    21     2     5     5     0     1   -58.0   65.568 -111.468   1459.2    777.6
     1     1    21     2     5     4     0     2   -59.0   65.901 -111.869   1477.1    771.9
     1     1    21     2     5     3     0     3   -60.0   66.233 -112.233   1474.6    772.4
     1     1    21     2     5     2     0     2   -61.0   66.555 -112.586   1459.5    781.5
     1     1    21     2     5     1     0     1   -62.0   66.877 -112.966   1472.6    786.4
     1     1    21     2     5     0     0     0   -63.0   67.202 -113.364   1513.5    787.8
     1     1    21     2     4    23     0     1   -64.0   67.517 -113.774   1546.8    796.4
     1     1    21     2     4    22     0     2   -65.0   67.813 -114.185   1558.0    811.1
     1     1    21     2     4    21     0     3   -66.0   68.093 -114.571   1554.2    822.4
     1     1    21     2     4    20     0     2   -67.0   68.364 -114.927   1543.6    824.2
     1     1    21     2     4    19     0     1   -68.0   68.635 -115.231   1541.6    822.2
     1     1    21     2     4    18     0     0   -69.0   68.910 -115.447   1553.6    821.5
     1     1    21     2     4    17     0     1   -70.0   69.191 -115.607   1565.6    814.8
     1     1    21     2     4    16     0     2   -71.0   69.482 -115.761   1571.9    806.9
     1     1    21     2     4    15     0     3   -72.0   69.784 -115.921   1583.1    799.4
     1     1    21     2     4    14     0     2   -73.0   70.093 -116.065   1600.3    790.8
     1     1    21     2     4    13     0     1   -74.0   70.403 -116.163   1606.6    784.4
     1     1    21     2     4    12     0     0   -75.0   70.707 -116.228   1586.8    781.8
     1     1    21     2     4    11     0     1   -76.0   71.002 -116.273   1553.2    783.0
     1     1    21     2     4    10     0     2   -77.0   71.286 -116.267   1535.7    789.0
     1     1    21     2     4     9     0     3   -78.0   71.562 -116.218   1536.9    790.7
     1     1    21     2     4     8     0     2   -79.0   71.837 -116.129   1539.3    791.0
     1     1    21     2     4     7     0     1   -80.0   72.115 -115.971   1536.2    794.2
     1     1    21     2     4     6     0     0   -81.0   72.395 -115.740   1524.0    798.2
     1     1    21     2     4     5     0     1   -82.0   72.673 -115.446   1503.1    804.0
     1     1    21     2     4     4     0     2   -83.0   72.945 -115.138   1482.5    808.0
     1     1    21     2     4     3     0     3   -84.0   73.215 -114.833   1474.2    816.8
     1     1    21     2     4     2     0     2   -85.0   73.477 -114.474   1467.3    824.8
     1     1    21     2     4     1     0     1   -86.0   73.730 -114.056   1445.6    833.2
     1     1    21     2     4     0     0     0   -87.0   73.977 -113.636   1417.4    840.3
     1     1    21     2     3    23     0     1   -88.0   74.220 -113.173   1409.1    842.1
     1     1    21     2     3    22     0     2   -89.0   74.453 -112.626   1425.7    835.7
     1     1    21     2     3    21     0     3   -90.0   74.677 -112.065   1441.2    831.1
     1     1    21     2     3    20     0     2   -91.0   74.900 -111.483   1450.9    827.8
     1     1    21     2     3    19     0     1   -92.0   75.126 -110.832   1458.9    826.1
     1     1    21     2     3    18     0     0   -93.0   75.351 -110.103   1456.2    824.5
     1     1    21     2     3    17     0     1   -94.0   75.565 -109.298   1445.9    831.4
     1     1    21     2     3    16     0     2   -95.0   75.759 -108.444   1428.2    830.9
     1     1    21     2     3    15     0     3   -96.0   75.930 -107.601   1407.9    836.3
     1     1    21     2     3    14     0     2   -97.0   76.070 -106.804   1389.2    842.9
     1     1    21     2     3    13     0     1   -98.0   76.201 -105.985   1367.1    839.0
     1     1    21     2     3    12     0     0   -99.0   76.326 -105.160   1359.3    847.0
     1     1    21     2     3    11     0     1  -100.0   76.434 -104.317   1364.2    847.6
     1     1    21     2     3    10     0     2  -101.0   76.530 -103.432   1373.1    843.5
     1     1    21     2     3     9     0     3  -102.0   76.616 -102.558   1372.0    844.6
     1     1    21     2     3     8     0     2  -103.0   76.685 -101.694   1374.5    844.2
     1     1    21     2     3     7     0     1  -104.0   76.742 -100.807   1376.6    840.7
     1     1    21     2     3     6     0     0  -105.0   76.797  -99.944   1369.2    842.8
     1     1    21     2     3     5     0     1  -106.0   76.844  -99.117   1353.3    843.5
     1     1    21     2     3     4     0     2  -107.0   76.880  -98.330   1344.6    845.7
     1     1    21     2     3     3     0     3  -108.0   76.916  -97.620   1341.5    847.4
     1     1    21     2     3     2     0     2  -109.0   76.944  -96.984   1340.3    847.8
     1     1    21     2     3     1     0     1  -110.0   76.966  -96.360   1328.5    837.1
     1     1    21     2     3     0     0     0  -111.0   76.995  -95.739   1311.3    834.5
     1     1    21     2     2    23     0     1  -112.0   77.026  -95.154   1305.0    841.0
     1     1    21     2     2    22     0     2  -113.0   77.051  -94.593   1306.7    845.1
     1     1    21     2     2    21     0     3  -114.0   77.075  -94.056   1301.0    850.2
     1     1    21     2     2    20     0     2  -115.0   77.103  -93.573   1286.2    852.6
     1     1    21     2     2    19     0     1  -116.0   77.144  -93.146   1271.5    853.6
     1     1    21     2     2    18     0     0  -117.0   77.195  -92.756   1259.2    854.6
     1     1    21     2     2    17     0     1  -118.0   77.257  -92.396   1248.0    855.6
     1     1    21     2     2    16     0     2  -119.0   77.331  -92.081   1232.6    857.2
     1     1    21     2     2    15     0     3  -120.0   77.414  -91.841   1210.8    859.9
