     5     1
    GDAS    21     2     1     0     0
    GDAS    21     2     8     0     0
    GDAS    21     2    15     0     0
    GDAS    21     2    22     0     0
    GDAS    21     3     1     0     0
     1 BACKWARD OMEGA   
    21     2    15    15   37.820  111.540  1000.0
     1 PRESSURE
     1     1    21     2    15    15     0     3     0.0   37.820  111.540   1000.0    774.3
     1     1    21     2    15    14     0     2    -1.0   38.173  111.056    966.5    778.1
     1     1    21     2    15    13     0     1    -2.0   38.450  110.637    838.1    804.7
     1     1    21     2    15    12     0     0    -3.0   38.711  110.149    742.8    808.8
     1     1    21     2    15    11     0     1    -4.0   39.011  109.568    684.1    799.5
     1     1    21     2    15    10     0     2    -5.0   39.317  108.973    601.6    797.1
     1     1    21     2    15     9     0     3    -6.0   39.592  108.357    497.5    810.1
     1     1    21     2    15     8     0     2    -7.0   39.805  107.737    357.1    827.5
     1     1    21     2    15     7     0     1    -8.0   39.910  107.163     98.5    841.0
     1     1    21     2    15     6     0     0    -9.0   39.907  106.692      0.0    870.1
     1     1    21     2    15     5     0     1   -10.0   39.867  106.299      0.0    879.2
     1     1    21     2    15     4     0     2   -11.0   39.821  105.959      0.0    880.0
     1     1    21     2    15     3     0     3   -12.0   39.777  105.648      0.0    868.7
     1     1    21     2    15     2     0     2   -13.0   39.744  105.363      0.0    862.0
     1     1    21     2    15     1     0     1   -14.0   39.702  105.122      0.0    858.2
     1     1    21     2    15     0     0     0   -15.0   39.635  104.930      0.0    859.1
     1     1    21     2    14    23     0     1   -16.0   39.553  104.780      0.6    862.8
     1     1    21     2    14    22     0     2   -17.0   39.475  104.656      1.2    865.9
     1     1    21     2    14    21     0     3   -18.0   39.394  104.554      1.6    868.6
     1     1    21     2    14    20     0     2   -19.0   39.316  104.474      1.7    870.5
     1     1    21     2    14    19     0     1   -20.0   39.241  104.414      1.3    872.0
     1     1    21     2    14    18     0     0   -21.0   39.164  104.377      0.6    873.1
     1     1    21     2    14    17     0     1   -22.0   39.098  104.368      0.0    874.1
     1     1    21     2    14    16     0     2   -23.0   39.063  104.390      0.0    874.7
     1     1    21     2    14    15     0     3   -24.0   39.061  104.440      0.0    874.9
     1     1    21     2    14    14     0     2   -25.0   39.089  104.509      0.0    874.4
     1     1    21     2    14    13     0     1   -26.0   39.141  104.586      0.0    873.3
     1     1    21     2    14    12     0     0   -27.0   39.213  104.674      0.0    871.6
     1     1    21     2    14    11     0     1   -28.0   39.311  104.739      0.0    868.8
     1     1    21     2    14    10     0     2   -29.0   39.441  104.743      0.0    865.9
     1     1    21     2    14     9     0     3   -30.0   39.601  104.683      0.0    863.4
     1     1    21     2    14     8     0     2   -31.0   39.780  104.593      0.0    861.8
     1     1    21     2    14     7     0     1   -32.0   39.966  104.520      0.0    860.3
     1     1    21     2    14     6     0     0   -33.0   40.152  104.484      0.0    862.5
     1     1    21     2    14     5     0     1   -34.0   40.330  104.491      0.0    864.4
     1     1    21     2    14     4     0     2   -35.0   40.504  104.543      0.0    865.8
     1     1    21     2    14     3     0     3   -36.0   40.678  104.640      0.0    866.6
     1     1    21     2    14     2     0     2   -37.0   40.851  104.773      0.0    866.6
     1     1    21     2    14     1     0     1   -38.0   41.025  104.934      0.0    867.2
     1     1    21     2    14     0     0     0   -39.0   41.198  105.115      0.0    869.2
     1     1    21     2    13    23     0     1   -40.0   41.363  105.297      0.0    874.1
     1     1    21     2    13    22     0     2   -41.0   41.515  105.480      0.0    880.1
     1     1    21     2    13    21     0     3   -42.0   41.657  105.668      1.9    887.5
     1     1    21     2    13    20     0     2   -43.0   41.791  105.866      6.5    895.7
     1     1    21     2    13    19     0     1   -44.0   41.920  106.082     16.1    901.5
     1     1    21     2    13    18     0     0   -45.0   42.058  106.312     39.3    895.2
     1     1    21     2    13    17     0     1   -46.0   42.199  106.524     70.3    884.5
     1     1    21     2    13    16     0     2   -47.0   42.339  106.710     97.8    877.2
     1     1    21     2    13    15     0     3   -48.0   42.485  106.887    122.8    872.9
     1     1    21     2    13    14     0     2   -49.0   42.642  107.052    146.8    869.3
     1     1    21     2    13    13     0     1   -50.0   42.807  107.197    165.9    869.1
     1     1    21     2    13    12     0     0   -51.0   42.979  107.329    179.2    872.4
     1     1    21     2    13    11     0     1   -52.0   43.148  107.468    183.2    873.1
     1     1    21     2    13    10     0     2   -53.0   43.301  107.636    168.0    877.3
     1     1    21     2    13     9     0     3   -54.0   43.448  107.844    132.0    886.9
     1     1    21     2    13     8     0     2   -55.0   43.585  108.094     86.7    897.6
     1     1    21     2    13     7     0     1   -56.0   43.708  108.370     52.2    905.0
     1     1    21     2    13     6     0     0   -57.0   43.826  108.662     33.8    912.9
     1     1    21     2    13     5     0     1   -58.0   43.950  108.959     25.9    923.5
     1     1    21     2    13     4     0     2   -59.0   44.069  109.236     18.6    922.4
     1     1    21     2    13     3     0     3   -60.0   44.168  109.477     12.3    920.3
     1     1    21     2    13     2     0     2   -61.0   44.253  109.682      7.2    917.8
     1     1    21     2    13     1     0     1   -62.0   44.335  109.848      2.5    916.3
     1     1    21     2    13     0     0     0   -63.0   44.415  109.983      0.0    915.6
     1     1    21     2    12    23     0     1   -64.0   44.498  110.094      0.0    913.2
     1     1    21     2    12    22     0     2   -65.0   44.592  110.182      0.0    911.2
     1     1    21     2    12    21     0     3   -66.0   44.696  110.244      0.0    909.8
     1     1    21     2    12    20     0     2   -67.0   44.804  110.282      0.0    909.2
     1     1    21     2    12    19     0     1   -68.0   44.913  110.298      0.0    909.0
     1     1    21     2    12    18     0     0   -69.0   45.025  110.292      0.0    908.7
     1     1    21     2    12    17     0     1   -70.0   45.134  110.289      0.0    906.5
     1     1    21     2    12    16     0     2   -71.0   45.234  110.313      0.0    904.6
     1     1    21     2    12    15     0     3   -72.0   45.327  110.361      0.0    902.7
     1     1    21     2    12    14     0     2   -73.0   45.412  110.427      0.0    901.1
     1     1    21     2    12    13     0     1   -74.0   45.489  110.508      0.0    899.3
     1     1    21     2    12    12     0     0   -75.0   45.555  110.606      0.0    897.2
     1     1    21     2    12    11     0     1   -76.0   45.609  110.719      0.0    894.0
     1     1    21     2    12    10     0     2   -77.0   45.653  110.849      0.0    890.3
     1     1    21     2    12     9     0     3   -78.0   45.685  110.994      0.0    886.4
     1     1    21     2    12     8     0     2   -79.0   45.708  111.142      0.0    888.1
     1     1    21     2    12     7     0     1   -80.0   45.730  111.280      0.0    890.1
     1     1    21     2    12     6     0     0   -81.0   45.751  111.407      0.0    892.0
     1     1    21     2    12     5     0     1   -82.0   45.769  111.517      0.0    894.0
     1     1    21     2    12     4     0     2   -83.0   45.778  111.606      0.0    895.7
     1     1    21     2    12     3     0     3   -84.0   45.779  111.673      0.2    897.2
     1     1    21     2    12     2     0     2   -85.0   45.775  111.707      0.6    897.6
     1     1    21     2    12     1     0     1   -86.0   45.773  111.701      1.1    897.3
     1     1    21     2    12     0     0     0   -87.0   45.774  111.658      1.8    896.3
     1     1    21     2    11    23     0     1   -88.0   45.773  111.585      2.6    894.8
     1     1    21     2    11    22     0     2   -89.0   45.762  111.490      3.7    893.0
     1     1    21     2    11    21     0     3   -90.0   45.744  111.369      5.1    891.0
     1     1    21     2    11    20     0     2   -91.0   45.733  111.226      6.0    888.7
     1     1    21     2    11    19     0     1   -92.0   45.743  111.069      5.3    886.0
     1     1    21     2    11    18     0     0   -93.0   45.774  110.906      3.2    885.7
     1     1    21     2    11    17     0     1   -94.0   45.818  110.740      1.4    887.3
     1     1    21     2    11    16     0     2   -95.0   45.868  110.570      0.6    889.1
     1     1    21     2    11    15     0     3   -96.0   45.929  110.395      0.5    891.1
     1     1    21     2    11    14     0     2   -97.0   46.001  110.203      0.5    892.8
     1     1    21     2    11    13     0     1   -98.0   46.080  109.987      0.2    894.5
     1     1    21     2    11    12     0     0   -99.0   46.164  109.739      1.4    887.7
     1     1    21     2    11    11     0     1  -100.0   46.254  109.447      5.7    881.3
     1     1    21     2    11    10     0     2  -101.0   46.355  109.100     15.3    874.1
     1     1    21     2    11     9     0     3  -102.0   46.477  108.680     50.3    864.3
     1     1    21     2    11     8     0     2  -103.0   46.636  108.181    168.7    845.8
     1     1    21     2    11     7     0     1  -104.0   46.864  107.616    344.5    812.7
     1     1    21     2    11     6     0     0  -105.0   47.119  107.062    406.5    791.0
     1     1    21     2    11     5     0     1  -106.0   47.336  106.623    354.5    808.8
     1     1    21     2    11     4     0     2  -107.0   47.507  106.312    286.4    821.8
     1     1    21     2    11     3     0     3  -108.0   47.631  106.092    209.2    834.9
     1     1    21     2    11     2     0     2  -109.0   47.718  105.918    131.0    847.0
     1     1    21     2    11     1     0     1  -110.0   47.780  105.770     71.3    857.1
     1     1    21     2    11     0     0     0  -111.0   47.836  105.643     38.4    861.3
     1     1    21     2    10    23     0     1  -112.0   47.890  105.530     21.1    864.7
     1     1    21     2    10    22     0     2  -113.0   47.947  105.427     10.4    866.4
     1     1    21     2    10    21     0     3  -114.0   48.012  105.332      4.7    868.3
     1     1    21     2    10    20     0     2  -115.0   48.087  105.256      1.3    872.7
     1     1    21     2    10    19     0     1  -116.0   48.171  105.207      0.0    876.8
     1     1    21     2    10    18     0     0  -117.0   48.262  105.185      0.0    880.7
     1     1    21     2    10    17     0     1  -118.0   48.353  105.177      0.1    883.8
     1     1    21     2    10    16     0     2  -119.0   48.441  105.174      0.0    886.6
     1     1    21     2    10    15     0     3  -120.0   48.527  105.177      0.0    889.2
