     5     1
    GDAS    21     2     1     0     0
    GDAS    21     2     8     0     0
    GDAS    21     2    15     0     0
    GDAS    21     2    22     0     0
    GDAS    21     3     1     0     0
     1 BACKWARD OMEGA   
    21     2     1    15   44.970  -93.230   500.0
     1 PRESSURE
     1     1    21     2     1    15     0     3     0.0   44.970  -93.230    500.0    931.9
     1     1    21     2     1    14     0     2    -1.0   45.210  -93.309    534.6    925.0
     1     1    21     2     1    13     0     1    -2.0   45.429  -93.397    556.4    919.9
     1     1    21     2     1    12     0     0    -3.0   45.633  -93.500    570.4    915.8
     1     1    21     2     1    11     0     1    -4.0   45.832  -93.610    585.6    911.8
     1     1    21     2     1    10     0     2    -5.0   46.032  -93.717    609.7    906.3
     1     1    21     2     1     9     0     3    -6.0   46.231  -93.826    645.9    901.2
     1     1    21     2     1     8     0     2    -7.0   46.430  -93.936    690.5    894.5
     1     1    21     2     1     7     0     1    -8.0   46.629  -94.037    740.4    888.2
     1     1    21     2     1     6     0     0    -9.0   46.822  -94.128    797.6    881.0
     1     1    21     2     1     5     0     1   -10.0   47.009  -94.216    850.4    872.9
     1     1    21     2     1     4     0     2   -11.0   47.195  -94.306    885.9    868.7
     1     1    21     2     1     3     0     3   -12.0   47.383  -94.398    909.5    867.1
     1     1    21     2     1     2     0     2   -13.0   47.570  -94.507    929.0    866.2
     1     1    21     2     1     1     0     1   -14.0   47.755  -94.636    943.8    865.9
     1     1    21     2     1     0     0     0   -15.0   47.941  -94.771    944.1    867.7
