     5     1
    GDAS    21     2     1     0     0
    GDAS    21     2     8     0     0
    GDAS    21     2    15     0     0
    GDAS    21     2    22     0     0
    GDAS    21     3     1     0     0
     1 BACKWARD OMEGA   
    21     2    28    18   44.970  -93.230   500.0
     1 PRESSURE
     1     1    21     2    28    18     0     0     0.0   44.970  -93.230    500.0    917.0
     1     1    21     2    28    17     0     1    -1.0   45.337  -93.452    489.5    918.4
     1     1    21     2    28    16     0     2    -2.0   45.737  -93.574    522.1    907.1
     1     1    21     2    28    15     0     3    -3.0   46.129  -93.630    579.6    896.2
     1     1    21     2    28    14     0     2    -4.0   46.467  -93.671    648.3    886.9
     1     1    21     2    28    13     0     1    -5.0   46.725  -93.726    707.0    878.9
     1     1    21     2    28    12     0     0    -6.0   46.907  -93.795    739.2    874.6
     1     1    21     2    28    11     0     1    -7.0   47.029  -93.863    747.4    875.1
     1     1    21     2    28    10     0     2    -8.0   47.108  -93.922    745.2    876.4
     1     1    21     2    28     9     0     3    -9.0   47.151  -93.962    740.8    877.3
     1     1    21     2    28     8     0     2   -10.0   47.168  -93.999    726.2    878.6
     1     1    21     2    28     7     0     1   -11.0   47.170  -94.048    694.3    882.9
     1     1    21     2    28     6     0     0   -12.0   47.159  -94.096    649.1    888.9
     1     1    21     2    28     5     0     1   -13.0   47.139  -94.136    599.9    895.4
     1     1    21     2    28     4     0     2   -14.0   47.110  -94.178    549.5    900.4
     1     1    21     2    28     3     0     3   -15.0   47.078  -94.220    489.0    906.8
     1     1    21     2    28     2     0     2   -16.0   47.057  -94.245    410.8    915.4
     1     1    21     2    28     1     0     1   -17.0   47.056  -94.264    324.7    925.6
     1     1    21     2    28     0     0     0   -18.0   47.063  -94.301    241.4    935.2
     1     1    21     2    27    23     0     1   -19.0   47.069  -94.346    179.8    944.1
     1     1    21     2    27    22     0     2   -20.0   47.067  -94.378    149.4    946.8
     1     1    21     2    27    21     0     3   -21.0   47.054  -94.393    142.4    946.7
     1     1    21     2    27    20     0     2   -22.0   47.046  -94.396    145.1    944.7
     1     1    21     2    27    19     0     1   -23.0   47.062  -94.396    144.6    944.6
     1     1    21     2    27    18     0     0   -24.0   47.100  -94.391    141.1    945.2
     1     1    21     2    27    17     0     1   -25.0   47.160  -94.385    138.1    945.7
     1     1    21     2    27    16     0     2   -26.0   47.241  -94.378    138.8    945.4
     1     1    21     2    27    15     0     3   -27.0   47.342  -94.368    143.0    944.7
     1     1    21     2    27    14     0     2   -28.0   47.464  -94.360    148.6    943.3
     1     1    21     2    27    13     0     1   -29.0   47.605  -94.363    151.9    942.4
     1     1    21     2    27    12     0     0   -30.0   47.762  -94.382    147.8    942.7
     1     1    21     2    27    11     0     1   -31.0   47.924  -94.413    132.6    945.3
     1     1    21     2    27    10     0     2   -32.0   48.083  -94.448    110.5    948.5
     1     1    21     2    27     9     0     3   -33.0   48.247  -94.482     88.0    951.8
     1     1    21     2    27     8     0     2   -34.0   48.412  -94.533     70.1    954.7
     1     1    21     2    27     7     0     1   -35.0   48.578  -94.615     58.0    956.4
     1     1    21     2    27     6     0     0   -36.0   48.746  -94.725     49.6    957.2
     1     1    21     2    27     5     0     1   -37.0   48.922  -94.864     42.7    958.3
     1     1    21     2    27     4     0     2   -38.0   49.121  -95.029     36.6    959.3
     1     1    21     2    27     3     0     3   -39.0   49.332  -95.199     32.0    959.8
     1     1    21     2    27     2     0     2   -40.0   49.507  -95.359     27.9    959.7
     1     1    21     2    27     1     0     1   -41.0   49.634  -95.507     24.0    959.7
     1     1    21     2    27     0     0     0   -42.0   49.740  -95.651     20.4    959.7
     1     1    21     2    26    23     0     1   -43.0   49.831  -95.797     16.9    960.3
     1     1    21     2    26    22     0     2   -44.0   49.906  -95.946     13.6    960.9
     1     1    21     2    26    21     0     3   -45.0   49.975  -96.098     10.8    961.7
     1     1    21     2    26    20     0     2   -46.0   50.030  -96.251      8.5    963.2
     1     1    21     2    26    19     0     1   -47.0   50.053  -96.406      6.4    964.5
     1     1    21     2    26    18     0     0   -48.0   50.041  -96.565      4.0    965.7
     1     1    21     2    26    17     0     1   -49.0   49.993  -96.729      1.6    966.2
     1     1    21     2    26    16     0     2   -50.0   49.913  -96.898      0.0    966.1
     1     1    21     2    26    15     0     3   -51.0   49.802  -97.068      0.0    965.5
     1     1    21     2    26    14     0     2   -52.0   49.673  -97.238      0.1    964.8
     1     1    21     2    26    13     0     1   -53.0   49.541  -97.410      2.8    963.3
     1     1    21     2    26    12     0     0   -54.0   49.404  -97.589      9.6    961.0
     1     1    21     2    26    11     0     1   -55.0   49.253  -97.795     33.5    958.0
     1     1    21     2    26    10     0     2   -56.0   49.053  -98.125    166.7    944.1
     1     1    21     2    26     9     0     3   -57.0   48.824  -98.714    387.5    901.9
     1     1    21     2    26     8     0     2   -58.0   48.628  -99.451    529.3    871.7
     1     1    21     2    26     7     0     1   -59.0   48.479 -100.270    627.0    865.8
     1     1    21     2    26     6     0     0   -60.0   48.415 -101.136    737.2    856.4
     1     1    21     2    26     5     0     1   -61.0   48.401 -102.032    857.9    834.7
     1     1    21     2    26     4     0     2   -62.0   48.388 -102.965    916.0    825.0
     1     1    21     2    26     3     0     3   -63.0   48.378 -103.943    874.2    832.1
     1     1    21     2    26     2     0     2   -64.0   48.356 -104.922    908.1    827.5
     1     1    21     2    26     1     0     1   -65.0   48.364 -105.935   1033.4    805.0
     1     1    21     2    26     0     0     0   -66.0   48.400 -107.006   1068.7    798.8
     1     1    21     2    25    23     0     1   -67.0   48.426 -108.124    914.5    804.4
     1     1    21     2    25    22     0     2   -68.0   48.333 -109.343    732.7    816.0
     1     1    21     2    25    21     0     3   -69.0   48.123 -110.436    429.0    859.8
     1     1    21     2    25    20     0     2   -70.0   47.835 -111.370    517.5    822.0
     1     1    21     2    25    19     0     1   -71.0   47.548 -112.078    690.9    792.9
     1     1    21     2    25    18     0     0   -72.0   47.262 -112.868    900.1    744.8
     1     1    21     2    25    17     0     1   -73.0   47.013 -113.759    831.0    755.7
     1     1    21     2    25    16     0     2   -74.0   46.776 -114.313    676.6    774.2
     1     1    21     2    25    15     0     3   -75.0   46.532 -114.821    744.7    766.2
     1     1    21     2    25    14     0     2   -76.0   46.285 -115.318    832.2    767.9
     1     1    21     2    25    13     0     1   -77.0   46.053 -115.639    849.3    793.9
     1     1    21     2    25    12     0     0   -78.0   45.847 -115.841    810.0    801.1
     1     1    21     2    25    11     0     1   -79.0   45.665 -116.005    758.0    801.1
     1     1    21     2    25    10     0     2   -80.0   45.497 -116.164    730.6    793.3
     1     1    21     2    25     9     0     3   -81.0   45.340 -116.320    725.6    784.7
     1     1    21     2    25     8     0     2   -82.0   45.200 -116.461    738.7    779.6
     1     1    21     2    25     7     0     1   -83.0   45.088 -116.574    787.3    772.9
     1     1    21     2    25     6     0     0   -84.0   45.008 -116.648    874.5    763.2
     1     1    21     2    25     5     0     1   -85.0   44.969 -116.689    979.5    754.1
     1     1    21     2    25     4     0     2   -86.0   44.967 -116.707   1073.5    746.6
     1     1    21     2    25     3     0     3   -87.0   45.005 -116.703   1153.8    736.9
     1     1    21     2    25     2     0     2   -88.0   45.083 -116.688   1248.9    733.9
     1     1    21     2    25     1     0     1   -89.0   45.197 -116.682   1380.1    727.6
     1     1    21     2    25     0     0     0   -90.0   45.335 -116.688   1538.7    720.0
     1     1    21     2    24    23     0     1   -91.0   45.483 -116.700   1700.0    711.9
     1     1    21     2    24    22     0     2   -92.0   45.634 -116.711   1839.3    706.7
     1     1    21     2    24    21     0     3   -93.0   45.786 -116.715   1944.4    704.5
     1     1    21     2    24    20     0     2   -94.0   45.944 -116.712   2023.6    706.8
     1     1    21     2    24    19     0     1   -95.0   46.116 -116.708   2089.0    703.6
     1     1    21     2    24    18     0     0   -96.0   46.309 -116.701   2154.0    696.3
     1     1    21     2    24    17     0     1   -97.0   46.514 -116.697   2207.5    687.5
     1     1    21     2    24    16     0     2   -98.0   46.722 -116.704   2235.2    683.2
     1     1    21     2    24    15     0     3   -99.0   46.934 -116.715   2242.1    681.1
     1     1    21     2    24    14     0     2  -100.0   47.140 -116.733   2255.7    682.2
     1     1    21     2    24    13     0     1  -101.0   47.328 -116.754   2295.0    678.9
     1     1    21     2    24    12     0     0  -102.0   47.500 -116.766   2349.6    673.6
     1     1    21     2    24    11     0     1  -103.0   47.661 -116.789   2400.0    668.4
     1     1    21     2    24    10     0     2  -104.0   47.816 -116.839   2434.4    667.0
     1     1    21     2    24     9     0     3  -105.0   47.973 -116.895   2459.4    666.4
     1     1    21     2    24     8     0     2  -106.0   48.128 -116.961   2494.4    659.4
     1     1    21     2    24     7     0     1  -107.0   48.273 -117.046   2569.6    645.2
     1     1    21     2    24     6     0     0  -108.0   48.416 -117.140   2681.0    628.4
     1     1    21     2    24     5     0     1  -109.0   48.567 -117.230   2785.3    610.4
     1     1    21     2    24     4     0     2  -110.0   48.736 -117.312   2866.2    598.8
     1     1    21     2    24     3     0     3  -111.0   48.923 -117.399   2944.6    587.2
     1     1    21     2    24     2     0     2  -112.0   49.114 -117.540   3022.2    581.5
     1     1    21     2    24     1     0     1  -113.0   49.292 -117.765   3085.7    583.4
     1     1    21     2    24     0     0     0  -114.0   49.454 -118.045   3131.2    584.3
     1     1    21     2    23    23     0     1  -115.0   49.610 -118.373   3121.4    576.6
     1     1    21     2    23    22     0     2  -116.0   49.770 -118.741   3116.0    572.1
     1     1    21     2    23    21     0     3  -117.0   49.924 -119.126   3262.3    557.4
     1     1    21     2    23    20     0     2  -118.0   50.083 -119.530   3505.4    529.4
     1     1    21     2    23    19     0     1  -119.0   50.265 -119.963   3673.8    521.6
     1     1    21     2    23    18     0     0  -120.0   50.469 -120.422   3715.2    522.9
