     5     1
    GDAS    21     2     1     0     0
    GDAS    21     2     8     0     0
    GDAS    21     2    15     0     0
    GDAS    21     2    22     0     0
    GDAS    21     3     1     0     0
     1 BACKWARD OMEGA   
    21     2    23     6   44.970  -93.230   500.0
     1 PRESSURE
     1     1    21     2    23     6     0     0     0.0   44.970  -93.230    500.0    910.0
     1     1    21     2    23     5     0     1    -1.0   45.376  -93.892    522.3    902.5
     1     1    21     2    23     4     0     2    -2.0   45.812  -94.601    556.2    891.5
     1     1    21     2    23     3     0     3    -3.0   46.257  -95.385    611.4    884.4
     1     1    21     2    23     2     0     2    -4.0   46.709  -96.208    593.6    887.7
     1     1    21     2    23     1     0     1    -5.0   47.143  -97.042    580.5    900.3
     1     1    21     2    23     0     0     0    -6.0   47.613  -97.900    672.6    874.4
     1     1    21     2    22    23     0     1    -7.0   48.123  -98.805    795.0    851.0
     1     1    21     2    22    22     0     2    -8.0   48.613  -99.724    828.8    843.7
     1     1    21     2    22    21     0     3    -9.0   49.113 -100.690    945.0    828.6
     1     1    21     2    22    20     0     2   -10.0   49.638 -101.704    996.7    821.8
     1     1    21     2    22    19     0     1   -11.0   50.158 -102.673   1086.1    800.7
     1     1    21     2    22    18     0     0   -12.0   50.670 -103.636   1119.7    803.7
     1     1    21     2    22    17     0     1   -13.0   51.173 -104.628   1093.2    810.1
     1     1    21     2    22    16     0     2   -14.0   51.663 -105.533   1032.9    818.2
     1     1    21     2    22    15     0     3   -15.0   52.157 -106.487    972.1    824.7
     1     1    21     2    22    14     0     2   -16.0   52.661 -107.512   1049.7    809.3
     1     1    21     2    22    13     0     1   -17.0   53.155 -108.505   1040.9    815.2
     1     1    21     2    22    12     0     0   -18.0   53.611 -109.491   1092.2    806.2
     1     1    21     2    22    11     0     1   -19.0   54.078 -110.494   1283.9    775.2
     1     1    21     2    22    10     0     2   -20.0   54.511 -111.522   1359.8    771.2
     1     1    21     2    22     9     0     3   -21.0   54.896 -112.631   1466.4    769.6
     1     1    21     2    22     8     0     2   -22.0   55.245 -113.771   1619.2    737.0
     1     1    21     2    22     7     0     1   -23.0   55.601 -114.931   1628.1    738.4
     1     1    21     2    22     6     0     0   -24.0   55.947 -116.089   1614.8    740.6
     1     1    21     2    22     5     0     1   -25.0   56.288 -117.314   1380.0    774.8
     1     1    21     2    22     4     0     2   -26.0   56.603 -118.693   1462.3    757.7
     1     1    21     2    22     3     0     3   -27.0   56.903 -120.131   1504.2    737.7
     1     1    21     2    22     2     0     2   -28.0   57.124 -121.664   1285.2    760.1
     1     1    21     2    22     1     0     1   -29.0   57.279 -123.247   2003.5    654.7
     1     1    21     2    22     0     0     0   -30.0   57.505 -124.744   2469.3    583.7
     1     1    21     2    21    23     0     1   -31.0   57.641 -126.338   2107.9    619.6
     1     1    21     2    21    22     0     2   -32.0   57.632 -128.052   2062.9    630.0
     1     1    21     2    21    21     0     3   -33.0   57.465 -129.756   1964.4    653.8
     1     1    21     2    21    20     0     2   -34.0   57.197 -131.313   2138.5    641.6
     1     1    21     2    21    19     0     1   -35.0   56.958 -132.620   2078.6    707.9
     1     1    21     2    21    18     0     0   -36.0   56.784 -133.712   1793.7    784.9
     1     1    21     2    21    17     0     1   -37.0   56.620 -134.945   2218.2    732.5
     1     1    21     2    21    16     0     2   -38.0   56.461 -136.364   2657.4    695.3
     1     1    21     2    21    15     0     3   -39.0   56.387 -137.818   2585.3    711.0
     1     1    21     2    21    14     0     2   -40.0   56.311 -139.301   2573.2    710.2
     1     1    21     2    21    13     0     1   -41.0   56.267 -140.786   2575.9    710.1
     1     1    21     2    21    12     0     0   -42.0   56.332 -142.295   2653.5    701.4
     1     1    21     2    21    11     0     1   -43.0   56.383 -143.779   2764.2    689.8
     1     1    21     2    21    10     0     2   -44.0   56.427 -145.190   2833.3    683.2
     1     1    21     2    21     9     0     3   -45.0   56.534 -146.584   2901.6    676.6
     1     1    21     2    21     8     0     2   -46.0   56.596 -147.926   2940.0    672.6
     1     1    21     2    21     7     0     1   -47.0   56.647 -149.101   2956.0    671.1
     1     1    21     2    21     6     0     0   -48.0   56.707 -150.166   3025.0    665.5
     1     1    21     2    21     5     0     1   -49.0   56.710 -151.132   3133.4    654.8
     1     1    21     2    21     4     0     2   -50.0   56.734 -151.989   3225.2    646.9
     1     1    21     2    21     3     0     3   -51.0   56.824 -152.736   3334.9    637.1
     1     1    21     2    21     2     0     2   -52.0   56.914 -153.428   3406.1    625.2
     1     1    21     2    21     1     0     1   -53.0   56.995 -154.157   3454.9    616.7
     1     1    21     2    21     0     0     0   -54.0   57.089 -154.917   3555.7    616.7
     1     1    21     2    20    23     0     1   -55.0   57.138 -155.680   3625.4    609.6
     1     1    21     2    20    22     0     2   -56.0   57.110 -156.433   3621.1    601.6
     1     1    21     2    20    21     0     3   -57.0   57.014 -157.235   3600.3    588.7
     1     1    21     2    20    20     0     2   -58.0   56.888 -158.019   3639.2    592.6
     1     1    21     2    20    19     0     1   -59.0   56.796 -158.738   3678.3    602.1
     1     1    21     2    20    18     0     0   -60.0   56.717 -159.416   3694.5    603.5
     1     1    21     2    20    17     0     1   -61.0   56.610 -160.111   3757.5    594.7
     1     1    21     2    20    16     0     2   -62.0   56.475 -160.832   3870.8    589.9
     1     1    21     2    20    15     0     3   -63.0   56.351 -161.543   3931.8    587.4
     1     1    21     2    20    14     0     2   -64.0   56.239 -162.268   3964.5    587.6
     1     1    21     2    20    13     0     1   -65.0   56.106 -163.023   4009.8    584.3
     1     1    21     2    20    12     0     0   -66.0   55.969 -163.813   4118.2    577.4
     1     1    21     2    20    11     0     1   -67.0   55.825 -164.674   4295.2    562.6
     1     1    21     2    20    10     0     2   -68.0   55.635 -165.569   4454.7    551.2
     1     1    21     2    20     9     0     3   -69.0   55.394 -166.510   4616.0    539.1
     1     1    21     2    20     8     0     2   -70.0   55.102 -167.516   4795.9    526.1
     1     1    21     2    20     7     0     1   -71.0   54.707 -168.561   4995.7    510.1
     1     1    21     2    20     6     0     0   -72.0   54.280 -169.626   5090.1    503.9
     1     1    21     2    20     5     0     1   -73.0   53.847 -170.651   5129.1    502.5
     1     1    21     2    20     4     0     2   -74.0   53.382 -171.598   5156.0    500.9
     1     1    21     2    20     3     0     3   -75.0   52.871 -172.563   5220.0    496.4
     1     1    21     2    20     2     0     2   -76.0   52.308 -173.531   5258.3    494.0
     1     1    21     2    20     1     0     1   -77.0   51.726 -174.482   5301.6    490.6
     1     1    21     2    20     0     0     0   -78.0   51.142 -175.485   5332.8    488.5
     1     1    21     2    19    23     0     1   -79.0   50.529 -176.461   5262.4    495.3
     1     1    21     2    19    22     0     2   -80.0   49.885 -177.430   5183.8    499.6
     1     1    21     2    19    21     0     3   -81.0   49.194 -178.421   5101.1    506.5
     1     1    21     2    19    20     0     2   -82.0   48.507 -179.410   5006.2    512.8
     1     1    21     2    19    19     0     1   -83.0   47.862  179.555   4871.2    523.8
     1     1    21     2    19    18     0     0   -84.0   47.196  178.525   4855.2    525.1
     1     1    21     2    19    17     0     1   -85.0   46.468  177.374   4887.5    521.4
     1     1    21     2    19    16     0     2   -86.0   45.741  176.109   4765.2    534.2
     1     1    21     2    19    15     0     3   -87.0   45.017  174.799   4609.9    543.6
     1     1    21     2    19    14     0     2   -88.0   44.349  173.511   4512.9    554.2
     1     1    21     2    19    13     0     1   -89.0   43.605  172.188   4611.9    543.8
     1     1    21     2    19    12     0     0   -90.0   42.845  170.827   4714.9    539.0
     1     1    21     2    19    11     0     1   -91.0   42.159  169.336   4881.0    525.9
     1     1    21     2    19    10     0     2   -92.0   41.452  167.811   4893.2    525.8
     1     1    21     2    19     9     0     3   -93.0   40.845  166.324   4853.6    530.8
     1     1    21     2    19     8     0     2   -94.0   40.220  164.673   4924.4    523.4
     1     1    21     2    19     7     0     1   -95.0   39.588  163.020   4895.2    526.3
     1     1    21     2    19     6     0     0   -96.0   38.963  161.354   4963.6    520.5
     1     1    21     2    19     5     0     1   -97.0   38.357  159.661   4958.9    522.6
     1     1    21     2    19     4     0     2   -98.0   37.819  158.075   4977.2    521.3
     1     1    21     2    19     3     0     3   -99.0   37.364  156.547   4911.8    527.0
     1     1    21     2    19     2     0     2  -100.0   36.923  155.044   4826.3    534.0
     1     1    21     2    19     1     0     1  -101.0   36.531  153.660   4788.8    537.5
     1     1    21     2    19     0     0     0  -102.0   36.183  152.342   4785.0    539.8
     1     1    21     2    18    23     0     1  -103.0   35.840  151.053   4870.3    530.0
     1     1    21     2    18    22     0     2  -104.0   35.553  149.781   4879.2    531.1
     1     1    21     2    18    21     0     3  -105.0   35.253  148.495   4873.5    529.8
     1     1    21     2    18    20     0     2  -106.0   34.927  147.261   4799.9    537.8
     1     1    21     2    18    19     0     1  -107.0   34.605  146.122   4767.3    538.1
     1     1    21     2    18    18     0     0  -108.0   34.277  145.046   4648.0    546.7
     1     1    21     2    18    17     0     1  -109.0   33.999  144.030   4549.5    557.8
     1     1    21     2    18    16     0     2  -110.0   33.730  142.963   4556.3    556.4
     1     1    21     2    18    15     0     3  -111.0   33.494  141.794   4558.2    555.3
     1     1    21     2    18    14     0     2  -112.0   33.316  140.599   4525.9    560.2
     1     1    21     2    18    13     0     1  -113.0   33.219  139.446   4556.1    557.2
     1     1    21     2    18    12     0     0  -114.0   33.193  138.316   4602.6    554.8
     1     1    21     2    18    11     0     1  -115.0   33.249  137.232   4602.2    552.9
     1     1    21     2    18    10     0     2  -116.0   33.410  136.241   4467.5    552.0
     1     1    21     2    18     9     0     3  -117.0   33.652  135.334   4338.5    567.1
     1     1    21     2    18     8     0     2  -118.0   33.988  134.474   4287.9    555.0
     1     1    21     2    18     7     0     1  -119.0   34.419  133.655   4437.3    533.0
     1     1    21     2    18     6     0     0  -120.0   34.913  132.925   4596.0    515.3
