     5     1
    GDAS    21     2     1     0     0
    GDAS    21     2     8     0     0
    GDAS    21     2    15     0     0
    GDAS    21     2    22     0     0
    GDAS    21     3     1     0     0
     1 BACKWARD OMEGA   
    21     2     9    17   37.820  111.540  1000.0
     1 PRESSURE
     1     1    21     2     9    17     0     1     0.0   37.820  111.540   1000.0    778.6
     1     1    21     2     9    16     0     2    -1.0   37.960  111.351   1033.0    780.1
     1     1    21     2     9    15     0     3    -2.0   38.113  111.165   1090.4    779.7
     1     1    21     2     9    14     0     2    -3.0   38.261  110.973   1139.9    776.6
     1     1    21     2     9    13     0     1    -4.0   38.393  110.773   1149.2    776.1
     1     1    21     2     9    12     0     0    -5.0   38.524  110.560   1127.1    776.5
     1     1    21     2     9    11     0     1    -6.0   38.653  110.344   1094.8    778.2
     1     1    21     2     9    10     0     2    -7.0   38.777  110.127   1065.7    775.0
     1     1    21     2     9     9     0     3    -8.0   38.892  109.903   1025.5    772.6
     1     1    21     2     9     8     0     2    -9.0   38.994  109.670    986.1    774.9
     1     1    21     2     9     7     0     1   -10.0   39.093  109.424    976.1    773.2
     1     1    21     2     9     6     0     0   -11.0   39.195  109.162    988.6    767.4
     1     1    21     2     9     5     0     1   -12.0   39.302  108.878    998.9    762.1
     1     1    21     2     9     4     0     2   -13.0   39.410  108.573    996.7    762.1
     1     1    21     2     9     3     0     3   -14.0   39.510  108.254    993.9    765.5
     1     1    21     2     9     2     0     2   -15.0   39.604  107.928   1002.2    768.1
     1     1    21     2     9     1     0     1   -16.0   39.695  107.601   1026.6    765.8
     1     1    21     2     9     0     0     0   -17.0   39.794  107.258   1083.8    758.0
     1     1    21     2     8    23     0     1   -18.0   39.903  106.882   1184.6    745.6
     1     1    21     2     8    22     0     2   -19.0   40.000  106.494   1303.3    745.0
     1     1    21     2     8    21     0     3   -20.0   40.072  106.110   1405.4    747.6
     1     1    21     2     8    20     0     2   -21.0   40.143  105.734   1463.4    733.1
     1     1    21     2     8    19     0     1   -22.0   40.237  105.360   1479.9    718.7
     1     1    21     2     8    18     0     0   -23.0   40.348  104.977   1472.5    710.4
     1     1    21     2     8    17     0     1   -24.0   40.463  104.606   1471.8    717.0
     1     1    21     2     8    16     0     2   -25.0   40.583  104.255   1481.8    720.1
     1     1    21     2     8    15     0     3   -26.0   40.715  103.908   1494.2    720.4
     1     1    21     2     8    14     0     2   -27.0   40.863  103.559   1502.7    716.1
     1     1    21     2     8    13     0     1   -28.0   41.028  103.208   1519.5    712.8
     1     1    21     2     8    12     0     0   -29.0   41.204  102.848   1554.1    714.5
     1     1    21     2     8    11     0     1   -30.0   41.373  102.492   1585.6    721.4
     1     1    21     2     8    10     0     2   -31.0   41.524  102.154   1603.9    730.8
     1     1    21     2     8     9     0     3   -32.0   41.660  101.829   1623.6    736.2
     1     1    21     2     8     8     0     2   -33.0   41.787  101.511   1640.8    738.6
     1     1    21     2     8     7     0     1   -34.0   41.901  101.196   1648.2    741.9
     1     1    21     2     8     6     0     0   -35.0   41.997  100.887   1646.0    745.0
     1     1    21     2     8     5     0     1   -36.0   42.080  100.595   1656.4    742.5
     1     1    21     2     8     4     0     2   -37.0   42.164  100.319   1695.7    733.9
     1     1    21     2     8     3     0     3   -38.0   42.247  100.053   1732.3    726.5
     1     1    21     2     8     2     0     2   -39.0   42.343   99.781   1747.3    716.4
     1     1    21     2     8     1     0     1   -40.0   42.469   99.480   1746.1    706.5
     1     1    21     2     8     0     0     0   -41.0   42.624   99.142   1736.8    699.6
     1     1    21     2     7    23     0     1   -42.0   42.793   98.762   1734.6    695.4
     1     1    21     2     7    22     0     2   -43.0   42.965   98.350   1755.7    691.2
     1     1    21     2     7    21     0     3   -44.0   43.133   97.925   1808.2    683.5
     1     1    21     2     7    20     0     2   -45.0   43.289   97.488   1868.0    678.6
     1     1    21     2     7    19     0     1   -46.0   43.440   97.034   1907.1    683.4
     1     1    21     2     7    18     0     0   -47.0   43.582   96.573   1942.5    694.3
     1     1    21     2     7    17     0     1   -48.0   43.705   96.124   1982.1    700.9
     1     1    21     2     7    16     0     2   -49.0   43.820   95.697   2019.1    706.6
     1     1    21     2     7    15     0     3   -50.0   43.921   95.313   2043.1    722.2
     1     1    21     2     7    14     0     2   -51.0   44.001   94.988   2045.3    743.4
     1     1    21     2     7    13     0     1   -52.0   44.065   94.697   2003.9    731.0
     1     1    21     2     7    12     0     0   -53.0   44.135   94.385   1988.5    718.1
     1     1    21     2     7    11     0     1   -54.0   44.215   94.055   2012.5    703.5
     1     1    21     2     7    10     0     2   -55.0   44.305   93.722   2036.4    679.7
     1     1    21     2     7     9     0     3   -56.0   44.402   93.389   2034.1    663.0
     1     1    21     2     7     8     0     2   -57.0   44.505   93.056   2032.9    655.0
     1     1    21     2     7     7     0     1   -58.0   44.612   92.728   2083.0    652.6
     1     1    21     2     7     6     0     0   -59.0   44.713   92.412   2172.3    647.5
     1     1    21     2     7     5     0     1   -60.0   44.807   92.103   2250.9    643.7
     1     1    21     2     7     4     0     2   -61.0   44.901   91.793   2293.2    644.3
     1     1    21     2     7     3     0     3   -62.0   45.000   91.477   2321.1    640.5
     1     1    21     2     7     2     0     2   -63.0   45.098   91.153   2357.4    632.7
     1     1    21     2     7     1     0     1   -64.0   45.190   90.802   2427.1    632.8
     1     1    21     2     7     0     0     0   -65.0   45.265   90.415   2527.3    639.8
     1     1    21     2     6    23     0     1   -66.0   45.316   90.012   2629.2    645.2
     1     1    21     2     6    22     0     2   -67.0   45.341   89.630   2670.9    648.7
     1     1    21     2     6    21     0     3   -68.0   45.336   89.296   2631.6    661.2
     1     1    21     2     6    20     0     2   -69.0   45.315   89.015   2555.2    678.8
     1     1    21     2     6    19     0     1   -70.0   45.289   88.765   2498.9    687.9
     1     1    21     2     6    18     0     0   -71.0   45.257   88.530   2477.5    691.1
     1     1    21     2     6    17     0     1   -72.0   45.229   88.309   2468.1    692.4
     1     1    21     2     6    16     0     2   -73.0   45.213   88.101   2457.6    695.1
     1     1    21     2     6    15     0     3   -74.0   45.203   87.906   2441.3    698.5
     1     1    21     2     6    14     0     2   -75.0   45.193   87.728   2419.0    704.0
     1     1    21     2     6    13     0     1   -76.0   45.176   87.568   2403.0    709.0
     1     1    21     2     6    12     0     0   -77.0   45.152   87.417   2411.0    711.7
     1     1    21     2     6    11     0     1   -78.0   45.127   87.270   2436.8    710.6
     1     1    21     2     6    10     0     2   -79.0   45.104   87.129   2457.4    710.5
     1     1    21     2     6     9     0     3   -80.0   45.075   87.008   2455.3    712.1
     1     1    21     2     6     8     0     2   -81.0   45.036   86.897   2446.6    716.4
     1     1    21     2     6     7     0     1   -82.0   44.993   86.775   2463.0    716.2
     1     1    21     2     6     6     0     0   -83.0   44.958   86.628   2511.7    711.5
     1     1    21     2     6     5     0     1   -84.0   44.945   86.449   2576.5    703.8
     1     1    21     2     6     4     0     2   -85.0   44.961   86.245   2627.6    700.3
     1     1    21     2     6     3     0     3   -86.0   44.999   86.027   2651.7    701.1
     1     1    21     2     6     2     0     2   -87.0   45.042   85.798   2651.7    703.0
     1     1    21     2     6     1     0     1   -88.0   45.077   85.546   2647.1    703.8
     1     1    21     2     6     0     0     0   -89.0   45.111   85.253   2644.1    703.7
     1     1    21     2     5    23     0     1   -90.0   45.141   84.919   2640.3    702.4
     1     1    21     2     5    22     0     2   -91.0   45.150   84.565   2621.8    700.2
     1     1    21     2     5    21     0     3   -92.0   45.133   84.206   2585.3    702.2
     1     1    21     2     5    20     0     2   -93.0   45.089   83.867   2545.0    709.5
     1     1    21     2     5    19     0     1   -94.0   45.026   83.582   2511.1    719.1
     1     1    21     2     5    18     0     0   -95.0   44.954   83.343   2460.4    716.6
     1     1    21     2     5    17     0     1   -96.0   44.890   83.119   2400.6    710.4
     1     1    21     2     5    16     0     2   -97.0   44.844   82.899   2344.3    706.3
     1     1    21     2     5    15     0     3   -98.0   44.816   82.676   2301.0    702.2
     1     1    21     2     5    14     0     2   -99.0   44.803   82.444   2273.7    698.8
     1     1    21     2     5    13     0     1  -100.0   44.803   82.206   2253.7    696.7
     1     1    21     2     5    12     0     0  -101.0   44.819   81.966   2237.9    693.9
     1     1    21     2     5    11     0     1  -102.0   44.842   81.705   2235.1    679.2
     1     1    21     2     5    10     0     2  -103.0   44.868   81.377   2274.9    652.3
     1     1    21     2     5     9     0     3  -104.0   44.906   80.947   2361.4    610.0
     1     1    21     2     5     8     0     2  -105.0   44.967   80.344   2454.7    532.5
     1     1    21     2     5     7     0     1  -106.0   45.037   79.604   2608.1    516.7
     1     1    21     2     5     6     0     0  -107.0   45.067   78.918   2699.7    580.2
     1     1    21     2     5     5     0     1  -108.0   45.065   78.356   2699.3    648.4
     1     1    21     2     5     4     0     2  -109.0   45.056   77.883   2685.2    693.7
     1     1    21     2     5     3     0     3  -110.0   45.050   77.445   2638.9    699.1
     1     1    21     2     5     2     0     2  -111.0   45.048   77.003   2599.8    704.4
     1     1    21     2     5     1     0     1  -112.0   45.047   76.557   2556.7    708.0
     1     1    21     2     5     0     0     0  -113.0   45.044   76.108   2508.4    712.1
     1     1    21     2     4    23     0     1  -114.0   45.033   75.666   2471.6    719.0
     1     1    21     2     4    22     0     2  -115.0   45.009   75.239   2460.6    722.5
     1     1    21     2     4    21     0     3  -116.0   44.974   74.823   2465.5    721.9
     1     1    21     2     4    20     0     2  -117.0   44.932   74.419   2470.7    719.7
     1     1    21     2     4    19     0     1  -118.0   44.886   74.029   2470.5    720.2
     1     1    21     2     4    18     0     0  -119.0   44.832   73.654   2462.8    717.6
     1     1    21     2     4    17     0     1  -120.0   44.777   73.287   2450.9    716.1
