     5     1
    GDAS    21     2     1     0     0
    GDAS    21     2     8     0     0
    GDAS    21     2    15     0     0
    GDAS    21     2    22     0     0
    GDAS    21     3     1     0     0
     1 BACKWARD OMEGA   
    21     2    21    15   37.820  111.540  1000.0
     1 PRESSURE
     1     1    21     2    21    15     0     3     0.0   37.820  111.540   1000.0    777.2
     1     1    21     2    21    14     0     2    -1.0   38.063  111.254   1101.3    770.6
     1     1    21     2    21    13     0     1    -2.0   38.292  110.988   1110.6    772.9
     1     1    21     2    21    12     0     0    -3.0   38.509  110.751   1034.7    786.1
     1     1    21     2    21    11     0     1    -4.0   38.709  110.521    948.8    791.9
     1     1    21     2    21    10     0     2    -5.0   38.880  110.288    870.3    795.3
     1     1    21     2    21     9     0     3    -6.0   39.029  110.031    843.2    792.6
     1     1    21     2    21     8     0     2    -7.0   39.173  109.754    844.1    782.4
     1     1    21     2    21     7     0     1    -8.0   39.318  109.462    835.6    780.5
     1     1    21     2    21     6     0     0    -9.0   39.453  109.152    848.1    775.1
     1     1    21     2    21     5     0     1   -10.0   39.597  108.831    889.5    768.3
     1     1    21     2    21     4     0     2   -11.0   39.761  108.513    938.4    765.6
     1     1    21     2    21     3     0     3   -12.0   39.917  108.223    989.8    767.9
     1     1    21     2    21     2     0     2   -13.0   40.071  107.957   1028.2    768.2
     1     1    21     2    21     1     0     1   -14.0   40.257  107.672   1047.3    767.4
     1     1    21     2    21     0     0     0   -15.0   40.482  107.323   1108.2    762.2
     1     1    21     2    20    23     0     1   -16.0   40.739  106.915   1214.6    750.4
     1     1    21     2    20    22     0     2   -17.0   41.017  106.479   1251.1    738.1
     1     1    21     2    20    21     0     3   -18.0   41.258  106.058   1170.2    748.0
     1     1    21     2    20    20     0     2   -19.0   41.482  105.651   1092.8    769.1
     1     1    21     2    20    19     0     1   -20.0   41.740  105.230   1024.7    769.9
     1     1    21     2    20    18     0     0   -21.0   41.980  104.751    912.4    782.4
     1     1    21     2    20    17     0     1   -22.0   42.226  104.269    840.9    789.4
     1     1    21     2    20    16     0     2   -23.0   42.522  103.781    816.6    779.4
     1     1    21     2    20    15     0     3   -24.0   42.848  103.256    711.1    782.5
     1     1    21     2    20    14     0     2   -25.0   43.159  102.690    669.2    797.0
     1     1    21     2    20    13     0     1   -26.0   43.459  102.058    833.6    774.4
     1     1    21     2    20    12     0     0   -27.0   43.740  101.448   1003.7    757.6
     1     1    21     2    20    11     0     1   -28.0   43.998  100.826   1127.7    765.6
     1     1    21     2    20    10     0     2   -29.0   44.254  100.203   1024.8    729.6
     1     1    21     2    20     9     0     3   -30.0   44.473   99.640    812.6    760.5
     1     1    21     2    20     8     0     2   -31.0   44.731   99.076    919.8    737.2
     1     1    21     2    20     7     0     1   -32.0   45.057   98.417   1178.8    656.0
     1     1    21     2    20     6     0     0   -33.0   45.451   97.657   1280.7    659.1
     1     1    21     2    20     5     0     1   -34.0   45.825   96.880   1043.7    705.7
     1     1    21     2    20     4     0     2   -35.0   46.018   96.272    681.4    769.2
     1     1    21     2    20     3     0     3   -36.0   46.076   95.916    468.9    810.1
     1     1    21     2    20     2     0     2   -37.0   46.089   95.695    342.4    819.5
     1     1    21     2    20     1     0     1   -38.0   46.077   95.572    265.5    829.6
     1     1    21     2    20     0     0     0   -39.0   46.053   95.516    229.3    833.2
     1     1    21     2    19    23     0     1   -40.0   46.030   95.499    205.8    834.2
     1     1    21     2    19    22     0     2   -41.0   46.012   95.514    178.1    836.9
     1     1    21     2    19    21     0     3   -42.0   45.995   95.561    146.3    839.7
     1     1    21     2    19    20     0     2   -43.0   45.962   95.626    127.5    840.9
     1     1    21     2    19    19     0     1   -44.0   45.908   95.693    130.9    838.0
     1     1    21     2    19    18     0     0   -45.0   45.844   95.752    147.6    834.5
     1     1    21     2    19    17     0     1   -46.0   45.777   95.798    163.2    831.1
     1     1    21     2    19    16     0     2   -47.0   45.710   95.830    171.0    830.7
     1     1    21     2    19    15     0     3   -48.0   45.642   95.845    178.3    830.5
     1     1    21     2    19    14     0     2   -49.0   45.576   95.850    188.0    829.5
     1     1    21     2    19    13     0     1   -50.0   45.518   95.860    192.3    829.2
     1     1    21     2    19    12     0     0   -51.0   45.467   95.884    184.3    830.8
     1     1    21     2    19    11     0     1   -52.0   45.423   95.929    169.6    836.5
     1     1    21     2    19    10     0     2   -53.0   45.388   95.996    151.0    843.0
     1     1    21     2    19     9     0     3   -54.0   45.362   96.082    131.5    844.2
     1     1    21     2    19     8     0     2   -55.0   45.343   96.157    133.5    842.9
     1     1    21     2    19     7     0     1   -56.0   45.328   96.210    158.6    838.6
     1     1    21     2    19     6     0     0   -57.0   45.318   96.242    196.8    833.4
     1     1    21     2    19     5     0     1   -58.0   45.311   96.254    237.1    829.1
     1     1    21     2    19     4     0     2   -59.0   45.308   96.247    276.6    826.0
     1     1    21     2    19     3     0     3   -60.0   45.310   96.221    319.4    823.2
     1     1    21     2    19     2     0     2   -61.0   45.319   96.175    362.2    819.9
     1     1    21     2    19     1     0     1   -62.0   45.334   96.116    398.1    818.4
     1     1    21     2    19     0     0     0   -63.0   45.353   96.046    422.4    817.9
     1     1    21     2    18    23     0     1   -64.0   45.374   95.968    439.5    816.4
     1     1    21     2    18    22     0     2   -65.0   45.393   95.871    464.2    809.0
     1     1    21     2    18    21     0     3   -66.0   45.408   95.741    508.3    797.6
     1     1    21     2    18    20     0     2   -67.0   45.418   95.578    586.3    782.9
     1     1    21     2    18    19     0     1   -68.0   45.424   95.372    711.1    760.7
     1     1    21     2    18    18     0     0   -69.0   45.440   95.126    891.2    733.2
     1     1    21     2    18    17     0     1   -70.0   45.494   94.845   1102.8    709.0
     1     1    21     2    18    16     0     2   -71.0   45.612   94.528   1251.4    689.7
     1     1    21     2    18    15     0     3   -72.0   45.798   94.201   1268.8    670.9
     1     1    21     2    18    14     0     2   -73.0   46.027   93.862   1234.0    657.9
     1     1    21     2    18    13     0     1   -74.0   46.243   93.447   1277.6    673.5
     1     1    21     2    18    12     0     0   -75.0   46.429   92.952   1393.9    669.9
     1     1    21     2    18    11     0     1   -76.0   46.610   92.359   1548.8    647.9
     1     1    21     2    18    10     0     2   -77.0   46.793   91.648   1701.9    612.9
     1     1    21     2    18     9     0     3   -78.0   46.939   90.902   1834.7    608.4
     1     1    21     2    18     8     0     2   -79.0   47.058   90.221   1982.7    628.5
     1     1    21     2    18     7     0     1   -80.0   47.157   89.602   2137.0    644.7
     1     1    21     2    18     6     0     0   -81.0   47.208   89.028   2224.3    670.5
     1     1    21     2    18     5     0     1   -82.0   47.216   88.524   2221.8    688.0
     1     1    21     2    18     4     0     2   -83.0   47.214   88.084   2228.9    703.0
     1     1    21     2    18     3     0     3   -84.0   47.224   87.693   2269.5    700.9
     1     1    21     2    18     2     0     2   -85.0   47.254   87.332   2312.7    695.4
     1     1    21     2    18     1     0     1   -86.0   47.296   87.005   2351.3    696.7
     1     1    21     2    18     0     0     0   -87.0   47.363   86.675   2396.3    675.4
     1     1    21     2    17    23     0     1   -88.0   47.454   86.274   2451.6    651.7
     1     1    21     2    17    22     0     2   -89.0   47.541   85.809   2478.5    647.9
     1     1    21     2    17    21     0     3   -90.0   47.610   85.314   2525.5    659.0
     1     1    21     2    17    20     0     2   -91.0   47.662   84.796   2605.7    661.3
     1     1    21     2    17    19     0     1   -92.0   47.700   84.270   2629.6    665.3
     1     1    21     2    17    18     0     0   -93.0   47.723   83.753   2562.2    682.1
     1     1    21     2    17    17     0     1   -94.0   47.720   83.239   2483.5    698.2
     1     1    21     2    17    16     0     2   -95.0   47.686   82.715   2418.7    700.1
     1     1    21     2    17    15     0     3   -96.0   47.625   82.183   2337.1    699.8
     1     1    21     2    17    14     0     2   -97.0   47.545   81.661   2252.9    710.3
     1     1    21     2    17    13     0     1   -98.0   47.454   81.168   2188.2    720.8
     1     1    21     2    17    12     0     0   -99.0   47.347   80.704   2135.8    732.2
     1     1    21     2    17    11     0     1  -100.0   47.228   80.264   2113.6    742.8
     1     1    21     2    17    10     0     2  -101.0   47.102   79.840   2123.3    746.3
     1     1    21     2    17     9     0     3  -102.0   46.968   79.434   2132.0    747.4
     1     1    21     2    17     8     0     2  -103.0   46.823   79.052   2130.7    748.3
     1     1    21     2    17     7     0     1  -104.0   46.669   78.697   2120.3    747.2
     1     1    21     2    17     6     0     0  -105.0   46.506   78.376   2090.9    749.4
     1     1    21     2    17     5     0     1  -106.0   46.342   78.089   2048.9    756.4
     1     1    21     2    17     4     0     2  -107.0   46.186   77.829   2018.7    763.3
     1     1    21     2    17     3     0     3  -108.0   46.042   77.595   2009.9    766.6
     1     1    21     2    17     2     0     2  -109.0   45.908   77.379   2013.1    765.6
     1     1    21     2    17     1     0     1  -110.0   45.779   77.169   2026.1    763.7
     1     1    21     2    17     0     0     0  -111.0   45.651   76.958   2053.8    760.5
     1     1    21     2    16    23     0     1  -112.0   45.525   76.744   2082.9    755.8
     1     1    21     2    16    22     0     2  -113.0   45.404   76.526   2099.5    753.6
     1     1    21     2    16    21     0     3  -114.0   45.282   76.309   2102.5    752.6
     1     1    21     2    16    20     0     2  -115.0   45.160   76.103   2100.1    753.1
     1     1    21     2    16    19     0     1  -116.0   45.037   75.910   2100.0    752.9
     1     1    21     2    16    18     0     0  -117.0   44.912   75.724   2101.6    751.3
     1     1    21     2    16    17     0     1  -118.0   44.800   75.529   2114.0    747.3
     1     1    21     2    16    16     0     2  -119.0   44.706   75.322   2137.6    740.8
     1     1    21     2    16    15     0     3  -120.0   44.621   75.106   2165.4    733.4
