     5     1
    GDAS    21     2     1     0     0
    GDAS    21     2     8     0     0
    GDAS    21     2    15     0     0
    GDAS    21     2    22     0     0
    GDAS    21     3     1     0     0
     1 BACKWARD OMEGA   
    21     2    10    17   37.820  111.540  1000.0
     1 PRESSURE
     1     1    21     2    10    17     0     1     0.0   37.820  111.540   1000.0    777.8
     1     1    21     2    10    16     0     2    -1.0   37.498  111.386    984.4    782.7
     1     1    21     2    10    15     0     3    -2.0   37.170  111.286   1043.6    772.6
     1     1    21     2    10    14     0     2    -3.0   36.844  111.222   1143.0    757.2
     1     1    21     2    10    13     0     1    -4.0   36.533  111.188   1246.1    747.5
     1     1    21     2    10    12     0     0    -5.0   36.240  111.180   1353.0    739.7
     1     1    21     2    10    11     0     1    -6.0   35.972  111.189   1459.5    732.3
     1     1    21     2    10    10     0     2    -7.0   35.738  111.207   1562.5    739.0
     1     1    21     2    10     9     0     3    -8.0   35.528  111.238   1646.5    745.7
     1     1    21     2    10     8     0     2    -9.0   35.330  111.293   1716.1    754.2
     1     1    21     2    10     7     0     1   -10.0   35.136  111.377   1781.8    762.5
     1     1    21     2    10     6     0     0   -11.0   34.947  111.483   1845.5    764.9
     1     1    21     2    10     5     0     1   -12.0   34.779  111.590   1900.3    755.6
     1     1    21     2    10     4     0     2   -13.0   34.646  111.689   1953.8    748.1
     1     1    21     2    10     3     0     3   -14.0   34.549  111.787   2003.9    742.1
     1     1    21     2    10     2     0     2   -15.0   34.481  111.881   2037.0    737.2
     1     1    21     2    10     1     0     1   -16.0   34.431  111.972   2041.7    736.8
     1     1    21     2    10     0     0     0   -17.0   34.398  112.062   2023.2    741.1
     1     1    21     2     9    23     0     1   -18.0   34.395  112.144   2007.0    748.6
     1     1    21     2     9    22     0     2   -19.0   34.438  112.199   2014.6    750.9
     1     1    21     2     9    21     0     3   -20.0   34.523  112.217   2043.3    750.4
     1     1    21     2     9    20     0     2   -21.0   34.627  112.187   2103.2    746.7
     1     1    21     2     9    19     0     1   -22.0   34.728  112.109   2218.5    736.2
     1     1    21     2     9    18     0     0   -23.0   34.830  111.992   2408.1    717.5
     1     1    21     2     9    17     0     1   -24.0   34.935  111.840   2613.5    695.2
     1     1    21     2     9    16     0     2   -25.0   35.053  111.660   2746.3    680.1
     1     1    21     2     9    15     0     3   -26.0   35.205  111.439   2803.5    665.4
     1     1    21     2     9    14     0     2   -27.0   35.388  111.159   2816.0    651.9
     1     1    21     2     9    13     0     1   -28.0   35.584  110.819   2775.9    640.1
     1     1    21     2     9    12     0     0   -29.0   35.779  110.430   2639.0    640.7
     1     1    21     2     9    11     0     1   -30.0   35.953  110.010   2476.7    655.0
     1     1    21     2     9    10     0     2   -31.0   36.110  109.574   2392.6    660.4
     1     1    21     2     9     9     0     3   -32.0   36.250  109.132   2388.1    656.5
     1     1    21     2     9     8     0     2   -33.0   36.359  108.687   2412.3    646.4
     1     1    21     2     9     7     0     1   -34.0   36.430  108.249   2418.1    640.3
     1     1    21     2     9     6     0     0   -35.0   36.466  107.826   2397.7    637.8
     1     1    21     2     9     5     0     1   -36.0   36.492  107.427   2381.5    637.0
     1     1    21     2     9     4     0     2   -37.0   36.527  107.046   2399.2    631.9
     1     1    21     2     9     3     0     3   -38.0   36.574  106.675   2451.4    621.7
     1     1    21     2     9     2     0     2   -39.0   36.658  106.285   2514.5    610.0
     1     1    21     2     9     1     0     1   -40.0   36.768  105.875   2557.5    605.6
     1     1    21     2     9     0     0     0   -41.0   36.895  105.449   2618.3    601.8
     1     1    21     2     8    23     0     1   -42.0   37.054  105.008   2752.1    586.3
     1     1    21     2     8    22     0     2   -43.0   37.247  104.539   2927.6    567.8
     1     1    21     2     8    21     0     3   -44.0   37.477  104.031   3089.1    555.0
     1     1    21     2     8    20     0     2   -45.0   37.727  103.486   3212.0    544.6
     1     1    21     2     8    19     0     1   -46.0   37.963  102.938   3299.0    544.1
     1     1    21     2     8    18     0     0   -47.0   38.213  102.387   3278.3    520.1
     1     1    21     2     8    17     0     1   -48.0   38.526  101.774   3327.6    508.6
     1     1    21     2     8    16     0     2   -49.0   38.884  101.125   3470.9    496.6
     1     1    21     2     8    15     0     3   -50.0   39.256  100.475   3679.5    500.5
     1     1    21     2     8    14     0     2   -51.0   39.603   99.813   3759.7    503.7
     1     1    21     2     8    13     0     1   -52.0   39.903   99.128   3813.3    520.5
     1     1    21     2     8    12     0     0   -53.0   40.163   98.443   3849.1    520.0
     1     1    21     2     8    11     0     1   -54.0   40.406   97.777   3887.0    507.0
     1     1    21     2     8    10     0     2   -55.0   40.685   97.115   3940.8    487.4
     1     1    21     2     8     9     0     3   -56.0   40.980   96.475   4018.1    490.9
     1     1    21     2     8     8     0     2   -57.0   41.284   95.856   4090.7    484.6
     1     1    21     2     8     7     0     1   -58.0   41.621   95.243   4217.2    486.1
     1     1    21     2     8     6     0     0   -59.0   41.992   94.671   4393.3    500.1
     1     1    21     2     8     5     0     1   -60.0   42.378   94.111   4462.9    487.1
     1     1    21     2     8     4     0     2   -61.0   42.769   93.515   4555.3    491.2
     1     1    21     2     8     3     0     3   -62.0   43.182   92.880   4772.1    499.9
     1     1    21     2     8     2     0     2   -63.0   43.595   92.209   4885.0    464.5
     1     1    21     2     8     1     0     1   -64.0   43.988   91.480   4985.6    444.1
     1     1    21     2     8     0     0     0   -65.0   44.383   90.682   5260.7    447.2
     1     1    21     2     7    23     0     1   -66.0   44.767   89.827   5610.6    439.5
     1     1    21     2     7    22     0     2   -67.0   45.092   88.890   5934.0    434.3
     1     1    21     2     7    21     0     3   -68.0   45.378   87.826   6127.0    425.8
     1     1    21     2     7    20     0     2   -69.0   45.601   86.679   6278.9    427.8
     1     1    21     2     7    19     0     1   -70.0   45.755   85.462   6302.4    420.3
     1     1    21     2     7    18     0     0   -71.0   45.912   84.078   6052.9    396.0
     1     1    21     2     7    17     0     1   -72.0   46.133   82.491   6114.5    405.8
     1     1    21     2     7    16     0     2   -73.0   46.228   80.917   6301.3    404.5
     1     1    21     2     7    15     0     3   -74.0   46.220   79.226   6379.9    419.2
     1     1    21     2     7    14     0     2   -75.0   46.140   77.512   6408.9    420.3
     1     1    21     2     7    13     0     1   -76.0   46.011   75.725   6442.9    418.9
     1     1    21     2     7    12     0     0   -77.0   45.841   73.826   6387.7    421.8
     1     1    21     2     7    11     0     1   -78.0   45.655   71.890   6425.6    415.3
     1     1    21     2     7    10     0     2   -79.0   45.408   69.974   6470.2    419.7
     1     1    21     2     7     9     0     3   -80.0   45.177   68.076   6536.4    422.4
     1     1    21     2     7     8     0     2   -81.0   44.994   66.136   6609.4    417.2
     1     1    21     2     7     7     0     1   -82.0   44.790   64.226   6576.2    423.5
     1     1    21     2     7     6     0     0   -83.0   44.605   62.294   6573.4    422.2
     1     1    21     2     7     5     0     1   -84.0   44.453   60.314   6547.1    429.1
     1     1    21     2     7     4     0     2   -85.0   44.309   58.384   6494.7    425.9
     1     1    21     2     7     3     0     3   -86.0   44.216   56.432   6408.4    429.0
     1     1    21     2     7     2     0     2   -87.0   44.175   54.491   6386.4    430.3
     1     1    21     2     7     1     0     1   -88.0   44.174   52.611   6618.4    417.0
     1     1    21     2     7     0     0     0   -89.0   44.306   50.719   6870.1    411.0
     1     1    21     2     6    23     0     1   -90.0   44.576   48.747   7110.5    395.4
     1     1    21     2     6    22     0     2   -91.0   44.920   46.713   7126.3    394.3
     1     1    21     2     6    21     0     3   -92.0   45.298   44.642   7047.6    394.9
     1     1    21     2     6    20     0     2   -93.0   45.733   42.548   7009.2    389.6
     1     1    21     2     6    19     0     1   -94.0   46.243   40.436   7069.5    389.2
     1     1    21     2     6    18     0     0   -95.0   46.782   38.321   6969.2    401.1
     1     1    21     2     6    17     0     1   -96.0   47.380   36.196   6895.0    399.0
     1     1    21     2     6    16     0     2   -97.0   48.054   34.048   6899.2    398.6
     1     1    21     2     6    15     0     3   -98.0   48.730   31.844   6869.2    395.6
     1     1    21     2     6    14     0     2   -99.0   49.408   29.632   6790.7    396.7
     1     1    21     2     6    13     0     1  -100.0   50.050   27.393   6786.7    394.5
     1     1    21     2     6    12     0     0  -101.0   50.605   25.172   6835.8    393.8
     1     1    21     2     6    11     0     1  -102.0   51.127   22.947   6936.5    390.8
     1     1    21     2     6    10     0     2  -103.0   51.549   20.734   7060.6    386.0
     1     1    21     2     6     9     0     3  -104.0   51.868   18.547   7170.4    384.5
     1     1    21     2     6     8     0     2  -105.0   52.094   16.409   7293.4    378.9
     1     1    21     2     6     7     0     1  -106.0   52.197   14.363   7352.7    376.6
     1     1    21     2     6     6     0     0  -107.0   52.168   12.457   7307.2    379.5
     1     1    21     2     6     5     0     1  -108.0   52.021   10.632   7242.1    377.9
     1     1    21     2     6     4     0     2  -109.0   51.747    8.899   7015.4    387.9
     1     1    21     2     6     3     0     3  -110.0   51.361    7.370   6804.7    404.2
     1     1    21     2     6     2     0     2  -111.0   50.922    5.973   6543.8    422.6
     1     1    21     2     6     1     0     1  -112.0   50.406    4.687   6203.6    441.9
     1     1    21     2     6     0     0     0  -113.0   49.881    3.507   5989.8    456.6
     1     1    21     2     5    23     0     1  -114.0   49.332    2.401   5890.3    467.4
     1     1    21     2     5    22     0     2  -115.0   48.776    1.422   5817.7    467.0
     1     1    21     2     5    21     0     3  -116.0   48.207    0.498   5659.9    478.5
     1     1    21     2     5    20     0     2  -117.0   47.625   -0.327   5349.5    506.3
     1     1    21     2     5    19     0     1  -118.0   47.099   -1.047   5065.3    522.1
     1     1    21     2     5    18     0     0  -119.0   46.594   -1.673   4699.7    556.1
     1     1    21     2     5    17     0     1  -120.0   46.113   -2.161   4216.0    584.9
