     5     1
    GDAS    21     2     1     0     0
    GDAS    21     2     8     0     0
    GDAS    21     2    15     0     0
    GDAS    21     2    22     0     0
    GDAS    21     3     1     0     0
     1 BACKWARD OMEGA   
    21     2    20    11   37.820  111.540  1000.0
     1 PRESSURE
     1     1    21     2    20    11     0     1     0.0   37.820  111.540   1000.0    772.8
     1     1    21     2    20    10     0     2    -1.0   37.912  111.003   1053.6    770.5
     1     1    21     2    20     9     0     3    -2.0   37.957  110.561   1056.6    780.9
     1     1    21     2    20     8     0     2    -3.0   37.990  110.170   1043.1    781.8
     1     1    21     2    20     7     0     1    -4.0   37.994  109.809    991.8    787.4
     1     1    21     2    20     6     0     0    -5.0   38.000  109.464    936.8    790.3
     1     1    21     2    20     5     0     1    -6.0   38.027  109.131    911.5    790.4
     1     1    21     2    20     4     0     2    -7.0   38.046  108.797    918.9    783.8
     1     1    21     2    20     3     0     3    -8.0   38.044  108.458    939.1    775.3
     1     1    21     2    20     2     0     2    -9.0   38.048  108.120    977.3    767.1
     1     1    21     2    20     1     0     1   -10.0   38.058  107.792   1059.3    757.1
     1     1    21     2    20     0     0     0   -11.0   38.063  107.493   1171.7    743.3
     1     1    21     2    19    23     0     1   -12.0   38.098  107.192   1284.6    732.2
     1     1    21     2    19    22     0     2   -13.0   38.193  106.846   1408.1    724.7
     1     1    21     2    19    21     0     3   -14.0   38.339  106.446   1603.3    707.1
     1     1    21     2    19    20     0     2   -15.0   38.527  106.015   1962.8    660.1
     1     1    21     2    19    19     0     1   -16.0   38.716  105.635   2369.6    613.5
     1     1    21     2    19    18     0     0   -17.0   38.884  105.279   2689.6    602.2
     1     1    21     2    19    17     0     1   -18.0   39.031  104.907   2911.1    600.5
     1     1    21     2    19    16     0     2   -19.0   39.169  104.511   3036.6    593.8
     1     1    21     2    19    15     0     3   -20.0   39.293  104.108   3126.8    585.5
     1     1    21     2    19    14     0     2   -21.0   39.399  103.723   3182.0    580.3
     1     1    21     2    19    13     0     1   -22.0   39.497  103.386   3234.6    570.8
     1     1    21     2    19    12     0     0   -23.0   39.597  103.105   3251.7    563.1
     1     1    21     2    19    11     0     1   -24.0   39.702  102.854   3266.1    565.1
     1     1    21     2    19    10     0     2   -25.0   39.810  102.624   3320.4    564.5
     1     1    21     2    19     9     0     3   -26.0   39.919  102.429   3425.0    560.3
     1     1    21     2    19     8     0     2   -27.0   40.025  102.276   3550.5    551.5
     1     1    21     2    19     7     0     1   -28.0   40.124  102.144   3649.9    547.2
     1     1    21     2    19     6     0     0   -29.0   40.224  102.020   3723.0    545.5
     1     1    21     2    19     5     0     1   -30.0   40.339  101.889   3797.6    543.8
     1     1    21     2    19     4     0     2   -31.0   40.476  101.748   3901.4    538.4
     1     1    21     2    19     3     0     3   -32.0   40.625  101.615   4035.4    531.5
     1     1    21     2    19     2     0     2   -33.0   40.782  101.503   4169.2    522.3
     1     1    21     2    19     1     0     1   -34.0   40.946  101.412   4262.1    517.9
     1     1    21     2    19     0     0     0   -35.0   41.115  101.333   4302.5    517.3
     1     1    21     2    18    23     0     1   -36.0   41.298  101.224   4314.8    520.8
     1     1    21     2    18    22     0     2   -37.0   41.499  101.088   4328.6    522.8
     1     1    21     2    18    21     0     3   -38.0   41.709  100.980   4350.7    523.8
     1     1    21     2    18    20     0     2   -39.0   41.930  100.912   4391.4    523.4
     1     1    21     2    18    19     0     1   -40.0   42.169  100.828   4460.6    514.0
     1     1    21     2    18    18     0     0   -41.0   42.425  100.713   4598.2    494.8
     1     1    21     2    18    17     0     1   -42.0   42.698  100.592   4787.7    471.1
     1     1    21     2    18    16     0     2   -43.0   43.000  100.515   5003.2    447.1
     1     1    21     2    18    15     0     3   -44.0   43.346  100.488   5352.1    433.1
     1     1    21     2    18    14     0     2   -45.0   43.727  100.458   5777.2    412.2
     1     1    21     2    18    13     0     1   -46.0   44.131  100.512   6183.0    385.4
     1     1    21     2    18    12     0     0   -47.0   44.604  100.619   6435.6    357.6
     1     1    21     2    18    11     0     1   -48.0   45.171  100.516   6581.8    335.0
     1     1    21     2    18    10     0     2   -49.0   45.845  100.319   6745.1    324.4
     1     1    21     2    18     9     0     3   -50.0   46.656  100.133   6782.8    299.5
     1     1    21     2    18     8     0     2   -51.0   47.488   99.662   6970.3    279.7
     1     1    21     2    18     7     0     1   -52.0   48.426   99.030   6933.0    292.8
     1     1    21     2    18     6     0     0   -53.0   49.539   97.905   7060.9    286.0
     1     1    21     2    18     5     0     1   -54.0   50.608   96.232   7231.6    305.0
     1     1    21     2    18     4     0     2   -55.0   51.464   94.256   7036.2    325.7
     1     1    21     2    18     3     0     3   -56.0   52.140   91.921   6618.7    349.6
     1     1    21     2    18     2     0     2   -57.0   52.713   89.410   6472.8    376.5
     1     1    21     2    18     1     0     1   -58.0   53.132   86.653   6437.9    415.3
     1     1    21     2    18     0     0     0   -59.0   53.212   83.960   6076.0    447.9
     1     1    21     2    17    23     0     1   -60.0   53.223   81.382   5722.5    471.0
     1     1    21     2    17    22     0     2   -61.0   53.241   78.944   5559.6    485.1
     1     1    21     2    17    21     0     3   -62.0   53.095   76.673   5360.4    499.7
     1     1    21     2    17    20     0     2   -63.0   52.862   74.541   5106.4    518.1
     1     1    21     2    17    19     0     1   -64.0   52.646   72.460   5082.5    510.4
     1     1    21     2    17    18     0     0   -65.0   52.330   70.489   4830.0    517.4
     1     1    21     2    17    17     0     1   -66.0   51.989   68.749   4502.9    545.3
     1     1    21     2    17    16     0     2   -67.0   51.673   67.124   4442.8    550.8
     1     1    21     2    17    15     0     3   -68.0   51.292   65.601   4380.6    559.7
     1     1    21     2    17    14     0     2   -69.0   50.873   64.234   4135.3    589.3
     1     1    21     2    17    13     0     1   -70.0   50.504   62.937   4074.1    587.4
     1     1    21     2    17    12     0     0   -71.0   50.105   61.743   3955.8    594.5
     1     1    21     2    17    11     0     1   -72.0   49.654   60.665   3659.4    619.4
     1     1    21     2    17    10     0     2   -73.0   49.207   59.603   3533.4    625.6
     1     1    21     2    17     9     0     3   -74.0   48.759   58.617   3393.9    636.6
     1     1    21     2    17     8     0     2   -75.0   48.301   57.794   3280.1    649.6
     1     1    21     2    17     7     0     1   -76.0   47.833   57.066   3113.7    669.6
     1     1    21     2    17     6     0     0   -77.0   47.432   56.414   3028.6    686.2
     1     1    21     2    17     5     0     1   -78.0   47.075   55.816   3001.9    690.1
     1     1    21     2    17     4     0     2   -79.0   46.689   55.220   3000.7    695.1
     1     1    21     2    17     3     0     3   -80.0   46.292   54.571   3032.7    697.6
     1     1    21     2    17     2     0     2   -81.0   45.915   53.849   3175.7    689.6
     1     1    21     2    17     1     0     1   -82.0   45.506   53.129   3266.9    673.4
     1     1    21     2    17     0     0     0   -83.0   45.077   52.475   3230.5    675.3
     1     1    21     2    16    23     0     1   -84.0   44.646   51.843   3163.2    681.8
     1     1    21     2    16    22     0     2   -85.0   44.236   51.269   3149.2    685.2
     1     1    21     2    16    21     0     3   -86.0   43.836   50.751   3173.6    682.8
     1     1    21     2    16    20     0     2   -87.0   43.440   50.257   3180.6    684.0
     1     1    21     2    16    19     0     1   -88.0   43.074   49.749   3184.8    685.8
     1     1    21     2    16    18     0     0   -89.0   42.733   49.206   3221.4    684.3
     1     1    21     2    16    17     0     1   -90.0   42.380   48.589   3235.6    664.8
     1     1    21     2    16    16     0     2   -91.0   41.989   47.777   3097.1    599.6
     1     1    21     2    16    15     0     3   -92.0   41.461   46.622   5384.4    397.5
     1     1    21     2    16    14     0     2   -93.0   40.829   45.402   5491.4    437.4
     1     1    21     2    16    13     0     1   -94.0   40.110   44.223   5278.0    433.1
     1     1    21     2    16    12     0     0   -95.0   39.346   43.076   4656.2    423.7
     1     1    21     2    16    11     0     1   -96.0   38.488   41.982   4245.1    499.3
     1     1    21     2    16    10     0     2   -97.0   37.654   41.140   3946.4    578.3
     1     1    21     2    16     9     0     3   -98.0   36.883   40.476   3855.4    594.7
     1     1    21     2    16     8     0     2   -99.0   36.146   39.877   3738.1    609.1
     1     1    21     2    16     7     0     1  -100.0   35.426   39.304   3672.8    618.0
     1     1    21     2    16     6     0     0  -101.0   34.725   38.734   3566.6    601.3
     1     1    21     2    16     5     0     1  -102.0   34.068   38.152   3293.6    604.0
     1     1    21     2    16     4     0     2  -103.0   33.479   37.569   3057.2    643.2
     1     1    21     2    16     3     0     3  -104.0   32.886   37.033   2887.9    643.8
     1     1    21     2    16     2     0     2  -105.0   32.346   36.537   2663.9    672.6
     1     1    21     2    16     1     0     1  -106.0   31.869   36.014   2378.6    680.9
     1     1    21     2    16     0     0     0  -107.0   31.448   35.566   2207.2    730.4
     1     1    21     2    15    23     0     1  -108.0   31.034   35.158   2188.5    729.1
     1     1    21     2    15    22     0     2  -109.0   30.669   34.758   2213.7    743.5
     1     1    21     2    15    21     0     3  -110.0   30.370   34.354   2220.6    741.6
     1     1    21     2    15    20     0     2  -111.0   30.096   33.955   2128.2    745.3
     1     1    21     2    15    19     0     1  -112.0   29.834   33.573   2049.8    749.5
     1     1    21     2    15    18     0     0  -113.0   29.606   33.215   2045.1    754.1
     1     1    21     2    15    17     0     1  -114.0   29.421   32.904   2038.9    769.7
     1     1    21     2    15    16     0     2  -115.0   29.277   32.621   2011.6    776.6
     1     1    21     2    15    15     0     3  -116.0   29.153   32.317   2004.5    774.2
     1     1    21     2    15    14     0     2  -117.0   29.025   31.975   2017.7    764.8
     1     1    21     2    15    13     0     1  -118.0   28.902   31.627   2046.1    770.2
     1     1    21     2    15    12     0     0  -119.0   28.797   31.307   2076.9    777.2
     1     1    21     2    15    11     0     1  -120.0   28.701   31.003   2117.8    781.1
