     5     1
    GDAS    21     2     1     0     0
    GDAS    21     2     8     0     0
    GDAS    21     2    15     0     0
    GDAS    21     2    22     0     0
    GDAS    21     3     1     0     0
     1 BACKWARD OMEGA   
    21     2    23    18   44.970  -93.230   500.0
     1 PRESSURE
     1     1    21     2    23    18     0     0     0.0   44.970  -93.230    500.0    914.2
     1     1    21     2    23    17     0     1    -1.0   44.999  -93.475    554.0    908.7
     1     1    21     2    23    16     0     2    -2.0   45.064  -93.738    590.9    901.7
     1     1    21     2    23    15     0     3    -3.0   45.155  -94.023    573.7    900.4
     1     1    21     2    23    14     0     2    -4.0   45.287  -94.342    545.5    905.3
     1     1    21     2    23    13     0     1    -5.0   45.462  -94.718    562.4    900.0
     1     1    21     2    23    12     0     0    -6.0   45.676  -95.146    632.7    890.3
     1     1    21     2    23    11     0     1    -7.0   45.913  -95.586    721.3    877.6
     1     1    21     2    23    10     0     2    -8.0   46.157  -96.007    781.4    871.9
     1     1    21     2    23     9     0     3    -9.0   46.408  -96.419    792.1    870.5
     1     1    21     2    23     8     0     2   -10.0   46.707  -96.822    770.9    878.5
     1     1    21     2    23     7     0     1   -11.0   47.076  -97.217    770.3    881.8
     1     1    21     2    23     6     0     0   -12.0   47.491  -97.668    836.2    866.8
     1     1    21     2    23     5     0     1   -13.0   47.949  -98.229    919.0    841.5
     1     1    21     2    23     4     0     2   -14.0   48.428  -98.868   1006.4    837.7
     1     1    21     2    23     3     0     3   -15.0   48.915  -99.596   1197.5    812.0
     1     1    21     2    23     2     0     2   -16.0   49.427 -100.406   1592.3    761.6
     1     1    21     2    23     1     0     1   -17.0   49.948 -101.179   1790.3    751.1
     1     1    21     2    23     0     0     0   -18.0   50.452 -101.999   1976.9    721.1
     1     1    21     2    22    23     0     1   -19.0   50.920 -102.868   2077.9    712.7
     1     1    21     2    22    22     0     2   -20.0   51.400 -103.674   2167.0    705.5
     1     1    21     2    22    21     0     3   -21.0   51.916 -104.456   2142.0    711.1
     1     1    21     2    22    20     0     2   -22.0   52.443 -105.254   2102.7    718.0
     1     1    21     2    22    19     0     1   -23.0   52.985 -106.025   2119.7    719.6
     1     1    21     2    22    18     0     0   -24.0   53.554 -106.902   2248.9    698.6
     1     1    21     2    22    17     0     1   -25.0   54.116 -107.856   2386.8    685.8
     1     1    21     2    22    16     0     2   -26.0   54.632 -108.801   2312.6    684.8
     1     1    21     2    22    15     0     3   -27.0   55.110 -109.904   2310.7    685.4
     1     1    21     2    22    14     0     2   -28.0   55.592 -111.063   2353.7    676.2
     1     1    21     2    22    13     0     1   -29.0   56.010 -112.190   2356.1    677.8
     1     1    21     2    22    12     0     0   -30.0   56.318 -113.333   2364.3    680.4
     1     1    21     2    22    11     0     1   -31.0   56.602 -114.451   2379.5    679.5
     1     1    21     2    22    10     0     2   -32.0   56.846 -115.489   2446.0    670.7
     1     1    21     2    22     9     0     3   -33.0   57.036 -116.502   2612.2    651.4
     1     1    21     2    22     8     0     2   -34.0   57.258 -117.466   2545.6    668.0
     1     1    21     2    22     7     0     1   -35.0   57.486 -118.400   2450.1    669.3
     1     1    21     2    22     6     0     0   -36.0   57.711 -119.340   2489.1    656.4
     1     1    21     2    22     5     0     1   -37.0   57.972 -120.348   2577.5    657.9
     1     1    21     2    22     4     0     2   -38.0   58.271 -121.417   2622.7    655.0
     1     1    21     2    22     3     0     3   -39.0   58.578 -122.590   2567.0    658.8
     1     1    21     2    22     2     0     2   -40.0   58.824 -123.946   2577.5    642.6
     1     1    21     2    22     1     0     1   -41.0   59.030 -125.306   2413.8    624.7
     1     1    21     2    22     0     0     0   -42.0   59.180 -126.789   2414.9    602.3
     1     1    21     2    21    23     0     1   -43.0   59.144 -128.509   2109.2    645.6
     1     1    21     2    21    22     0     2   -44.0   59.038 -130.277   2197.9    631.0
     1     1    21     2    21    21     0     3   -45.0   58.850 -132.047   2375.4    629.3
     1     1    21     2    21    20     0     2   -46.0   58.534 -133.644   2355.0    643.1
     1     1    21     2    21    19     0     1   -47.0   58.269 -134.882   2128.7    724.6
     1     1    21     2    21    18     0     0   -48.0   58.070 -136.125   2117.1    724.8
     1     1    21     2    21    17     0     1   -49.0   58.006 -137.437   2060.6    754.6
     1     1    21     2    21    16     0     2   -50.0   58.021 -138.677   1896.2    772.7
     1     1    21     2    21    15     0     3   -51.0   58.122 -139.981   1816.6    776.8
     1     1    21     2    21    14     0     2   -52.0   58.262 -141.188   1778.3    781.4
     1     1    21     2    21    13     0     1   -53.0   58.406 -142.299   1803.0    776.9
     1     1    21     2    21    12     0     0   -54.0   58.633 -143.361   1830.0    771.4
     1     1    21     2    21    11     0     1   -55.0   58.923 -144.264   1747.9    780.8
     1     1    21     2    21    10     0     2   -56.0   59.168 -144.903   1701.4    785.2
     1     1    21     2    21     9     0     3   -57.0   59.380 -145.292   1694.2    785.7
     1     1    21     2    21     8     0     2   -58.0   59.547 -145.469   1678.0    785.0
     1     1    21     2    21     7     0     1   -59.0   59.667 -145.426   1617.8    789.5
     1     1    21     2    21     6     0     0   -60.0   59.735 -145.093   1464.6    801.6
     1     1    21     2    21     5     0     1   -61.0   59.734 -144.534   1279.1    832.2
     1     1    21     2    21     4     0     2   -62.0   59.652 -143.985   1178.0    842.9
     1     1    21     2    21     3     0     3   -63.0   59.510 -143.572   1133.0    846.5
     1     1    21     2    21     2     0     2   -64.0   59.328 -143.248   1089.3    847.9
     1     1    21     2    21     1     0     1   -65.0   59.127 -142.826   1003.7    857.5
     1     1    21     2    21     0     0     0   -66.0   58.932 -142.172    982.7    871.0
     1     1    21     2    20    23     0     1   -67.0   58.693 -141.553   1036.7    855.4
     1     1    21     2    20    22     0     2   -68.0   58.432 -141.156   1004.2    860.7
     1     1    21     2    20    21     0     3   -69.0   58.172 -140.858    919.3    874.4
     1     1    21     2    20    20     0     2   -70.0   57.896 -140.562    807.5    886.5
     1     1    21     2    20    19     0     1   -71.0   57.609 -140.277    669.3    904.5
     1     1    21     2    20    18     0     0   -72.0   57.325 -139.991    502.2    921.8
     1     1    21     2    20    17     0     1   -73.0   57.022 -139.654    350.4    948.1
     1     1    21     2    20    16     0     2   -74.0   56.682 -139.401    270.1    961.2
     1     1    21     2    20    15     0     3   -75.0   56.266 -139.251    229.1    962.5
     1     1    21     2    20    14     0     2   -76.0   55.796 -139.225    194.3    970.2
     1     1    21     2    20    13     0     1   -77.0   55.329 -139.399    182.3    975.4
     1     1    21     2    20    12     0     0   -78.0   54.857 -139.634    196.1    975.1
     1     1    21     2    20    11     0     1   -79.0   54.374 -139.919    212.7    972.9
     1     1    21     2    20    10     0     2   -80.0   53.895 -140.312    221.1    975.5
     1     1    21     2    20     9     0     3   -81.0   53.434 -140.737    230.3    977.1
     1     1    21     2    20     8     0     2   -82.0   53.005 -141.149    229.4    977.1
     1     1    21     2    20     7     0     1   -83.0   52.601 -141.594    223.9    981.2
     1     1    21     2    20     6     0     0   -84.0   52.216 -142.087    217.1    982.4
     1     1    21     2    20     5     0     1   -85.0   51.869 -142.609    224.2    985.4
     1     1    21     2    20     4     0     2   -86.0   51.563 -143.182    257.0    981.2
     1     1    21     2    20     3     0     3   -87.0   51.295 -143.812    282.4    977.4
     1     1    21     2    20     2     0     2   -88.0   51.039 -144.472    295.7    977.5
     1     1    21     2    20     1     0     1   -89.0   50.776 -145.139    304.5    976.2
     1     1    21     2    20     0     0     0   -90.0   50.505 -145.812    302.1    977.1
     1     1    21     2    19    23     0     1   -91.0   50.234 -146.482    293.0    980.0
     1     1    21     2    19    22     0     2   -92.0   49.985 -147.139    289.7    982.1
     1     1    21     2    19    21     0     3   -93.0   49.762 -147.771    291.3    982.0
     1     1    21     2    19    20     0     2   -94.0   49.558 -148.373    290.3    981.8
     1     1    21     2    19    19     0     1   -95.0   49.372 -148.945    285.3    982.7
     1     1    21     2    19    18     0     0   -96.0   49.208 -149.489    281.2    984.0
     1     1    21     2    19    17     0     1   -97.0   49.070 -150.028    279.0    984.2
     1     1    21     2    19    16     0     2   -98.0   48.964 -150.567    276.7    984.7
     1     1    21     2    19    15     0     3   -99.0   48.900 -151.097    273.8    985.3
     1     1    21     2    19    14     0     2  -100.0   48.861 -151.645    265.5    986.1
     1     1    21     2    19    13     0     1  -101.0   48.832 -152.224    256.0    988.6
     1     1    21     2    19    12     0     0  -102.0   48.826 -152.817    255.8    989.0
     1     1    21     2    19    11     0     1  -103.0   48.845 -153.398    264.4    987.3
     1     1    21     2    19    10     0     2  -104.0   48.891 -153.953    272.8    984.6
     1     1    21     2    19     9     0     3  -105.0   48.970 -154.508    277.6    984.2
     1     1    21     2    19     8     0     2  -106.0   49.072 -155.084    282.5    983.0
     1     1    21     2    19     7     0     1  -107.0   49.184 -155.665    284.4    982.2
     1     1    21     2    19     6     0     0  -108.0   49.303 -156.242    284.8    982.2
     1     1    21     2    19     5     0     1  -109.0   49.426 -156.826    285.4    981.2
     1     1    21     2    19     4     0     2  -110.0   49.563 -157.414    285.1    980.6
     1     1    21     2    19     3     0     3  -111.0   49.730 -157.989    280.3    980.3
     1     1    21     2    19     2     0     2  -112.0   49.912 -158.569    276.8    981.4
     1     1    21     2    19     1     0     1  -113.0   50.099 -159.174    278.0    980.2
     1     1    21     2    19     0     0     0  -114.0   50.306 -159.794    276.9    979.8
     1     1    21     2    18    23     0     1  -115.0   50.520 -160.409    274.4    980.0
     1     1    21     2    18    22     0     2  -116.0   50.728 -161.026    271.5    979.8
     1     1    21     2    18    21     0     3  -117.0   50.940 -161.661    266.6    980.2
     1     1    21     2    18    20     0     2  -118.0   51.153 -162.290    261.1    980.5
     1     1    21     2    18    19     0     1  -119.0   51.361 -162.882    258.1    980.4
     1     1    21     2    18    18     0     0  -120.0   51.570 -163.455    261.8    979.7
