     5     1
    GDAS    21     2     1     0     0
    GDAS    21     2     8     0     0
    GDAS    21     2    15     0     0
    GDAS    21     2    22     0     0
    GDAS    21     3     1     0     0
     1 BACKWARD OMEGA   
    21     2    13     6   44.970  -93.230   500.0
     1 PRESSURE
     1     1    21     2    13     6     0     0     0.0   44.970  -93.230    500.0    933.0
     1     1    21     2    13     5     0     1    -1.0   45.086  -93.395    523.7    930.1
     1     1    21     2    13     4     0     2    -2.0   45.196  -93.562    555.3    924.2
     1     1    21     2    13     3     0     3    -3.0   45.300  -93.730    591.3    918.0
     1     1    21     2    13     2     0     2    -4.0   45.392  -93.901    627.0    911.4
     1     1    21     2    13     1     0     1    -5.0   45.468  -94.079    655.7    905.2
     1     1    21     2    13     0     0     0    -6.0   45.531  -94.269    673.3    901.0
     1     1    21     2    12    23     0     1    -7.0   45.600  -94.487    688.2    898.6
     1     1    21     2    12    22     0     2    -8.0   45.680  -94.749    710.1    894.3
     1     1    21     2    12    21     0     3    -9.0   45.754  -95.044    740.7    889.7
     1     1    21     2    12    20     0     2   -10.0   45.816  -95.361    789.6    886.5
     1     1    21     2    12    19     0     1   -11.0   45.867  -95.694    856.9    880.1
     1     1    21     2    12    18     0     0   -12.0   45.907  -96.032    933.2    872.5
     1     1    21     2    12    17     0     1   -13.0   45.952  -96.387    983.8    861.8
     1     1    21     2    12    16     0     2   -14.0   46.007  -96.769    978.2    863.4
     1     1    21     2    12    15     0     3   -15.0   46.071  -97.173    940.4    869.4
     1     1    21     2    12    14     0     2   -16.0   46.149  -97.602    911.3    872.2
     1     1    21     2    12    13     0     1   -17.0   46.245  -98.072    906.8    867.0
     1     1    21     2    12    12     0     0   -18.0   46.369  -98.596    939.3    854.3
     1     1    21     2    12    11     0     1   -19.0   46.514  -99.167   1005.6    836.7
     1     1    21     2    12    10     0     2   -20.0   46.648  -99.754   1063.3    828.9
     1     1    21     2    12     9     0     3   -21.0   46.761 -100.346   1093.3    824.6
     1     1    21     2    12     8     0     2   -22.0   46.871 -100.940   1114.6    820.6
     1     1    21     2    12     7     0     1   -23.0   46.994 -101.546   1137.7    814.2
     1     1    21     2    12     6     0     0   -24.0   47.136 -102.171   1151.3    806.8
     1     1    21     2    12     5     0     1   -25.0   47.307 -102.819   1163.6    800.9
     1     1    21     2    12     4     0     2   -26.0   47.513 -103.475   1178.1    799.2
     1     1    21     2    12     3     0     3   -27.0   47.741 -104.113   1185.0    805.8
     1     1    21     2    12     2     0     2   -28.0   47.973 -104.738   1182.8    807.8
     1     1    21     2    12     1     0     1   -29.0   48.207 -105.362   1172.3    805.8
     1     1    21     2    12     0     0     0   -30.0   48.465 -105.992   1181.1    799.7
     1     1    21     2    11    23     0     1   -31.0   48.764 -106.617   1192.2    790.3
     1     1    21     2    11    22     0     2   -32.0   49.085 -107.253   1201.9    791.1
     1     1    21     2    11    21     0     3   -33.0   49.422 -107.929   1233.8    782.9
     1     1    21     2    11    20     0     2   -34.0   49.769 -108.602   1253.9    777.6
     1     1    21     2    11    19     0     1   -35.0   50.105 -109.221   1214.2    788.5
     1     1    21     2    11    18     0     0   -36.0   50.430 -109.752   1140.2    806.5
     1     1    21     2    11    17     0     1   -37.0   50.764 -110.197   1086.2    817.8
     1     1    21     2    11    16     0     2   -38.0   51.132 -110.599   1053.1    819.7
     1     1    21     2    11    15     0     3   -39.0   51.551 -110.987   1027.7    816.0
     1     1    21     2    11    14     0     2   -40.0   52.025 -111.369   1025.4    812.0
     1     1    21     2    11    13     0     1   -41.0   52.502 -111.748   1029.2    814.7
     1     1    21     2    11    12     0     0   -42.0   52.940 -112.120   1014.6    825.4
     1     1    21     2    11    11     0     1   -43.0   53.350 -112.457    990.7    829.0
     1     1    21     2    11    10     0     2   -44.0   53.748 -112.736    954.1    833.5
     1     1    21     2    11     9     0     3   -45.0   54.124 -112.956    897.3    843.1
     1     1    21     2    11     8     0     2   -46.0   54.480 -113.118    842.8    854.4
     1     1    21     2    11     7     0     1   -47.0   54.830 -113.239    808.9    859.6
     1     1    21     2    11     6     0     0   -48.0   55.174 -113.318    792.1    861.5
     1     1    21     2    11     5     0     1   -49.0   55.510 -113.368    781.3    862.4
     1     1    21     2    11     4     0     2   -50.0   55.839 -113.400    764.4    864.6
     1     1    21     2    11     3     0     3   -51.0   56.155 -113.413    728.8    869.0
     1     1    21     2    11     2     0     2   -52.0   56.451 -113.413    676.0    877.7
     1     1    21     2    11     1     0     1   -53.0   56.715 -113.418    629.4    886.4
     1     1    21     2    11     0     0     0   -54.0   56.953 -113.429    604.6    890.5
     1     1    21     2    10    23     0     1   -55.0   57.173 -113.444    591.9    891.8
     1     1    21     2    10    22     0     2   -56.0   57.375 -113.466    579.0    894.9
     1     1    21     2    10    21     0     3   -57.0   57.557 -113.499    562.7    898.7
     1     1    21     2    10    20     0     2   -58.0   57.725 -113.537    543.7    903.7
     1     1    21     2    10    19     0     1   -59.0   57.885 -113.580    525.0    909.1
     1     1    21     2    10    18     0     0   -60.0   58.032 -113.639    509.8    914.4
     1     1    21     2    10    17     0     1   -61.0   58.175 -113.715    484.3    916.9
     1     1    21     2    10    16     0     2   -62.0   58.322 -113.820    433.8    923.7
     1     1    21     2    10    15     0     3   -63.0   58.460 -113.956    364.0    931.5
     1     1    21     2    10    14     0     2   -64.0   58.588 -114.110    301.3    936.3
     1     1    21     2    10    13     0     1   -65.0   58.734 -114.262    272.4    931.9
     1     1    21     2    10    12     0     0   -66.0   58.929 -114.378    288.0    918.5
     1     1    21     2    10    11     0     1   -67.0   59.188 -114.448    340.7    914.0
     1     1    21     2    10    10     0     2   -68.0   59.498 -114.581    399.2    917.9
     1     1    21     2    10     9     0     3   -69.0   59.814 -114.831    432.3    928.5
     1     1    21     2    10     8     0     2   -70.0   60.102 -115.209    415.9    942.9
     1     1    21     2    10     7     0     1   -71.0   60.390 -115.624    359.3    958.4
     1     1    21     2    10     6     0     0   -72.0   60.695 -116.016    285.1    973.6
     1     1    21     2    10     5     0     1   -73.0   60.984 -116.460    219.3    987.7
     1     1    21     2    10     4     0     2   -74.0   61.268 -116.890    190.7    988.9
     1     1    21     2    10     3     0     3   -75.0   61.579 -117.236    197.6    985.1
     1     1    21     2    10     2     0     2   -76.0   61.946 -117.512    252.1    977.6
     1     1    21     2    10     1     0     1   -77.0   62.396 -117.681    323.8    958.5
     1     1    21     2    10     0     0     0   -78.0   62.850 -117.722    324.7    952.9
     1     1    21     2     9    23     0     1   -79.0   63.281 -117.731    288.2    962.1
     1     1    21     2     9    22     0     2   -80.0   63.713 -117.747    260.8    966.6
     1     1    21     2     9    21     0     3   -81.0   64.160 -117.763    251.4    967.5
     1     1    21     2     9    20     0     2   -82.0   64.593 -117.829    257.5    972.0
     1     1    21     2     9    19     0     1   -83.0   64.999 -117.998    272.5    975.9
     1     1    21     2     9    18     0     0   -84.0   65.360 -118.220    267.2    973.3
     1     1    21     2     9    17     0     1   -85.0   65.665 -118.457    230.5    982.0
     1     1    21     2     9    16     0     2   -86.0   65.941 -118.683    183.0    994.1
     1     1    21     2     9    15     0     3   -87.0   66.214 -118.877    149.6   1001.5
     1     1    21     2     9    14     0     2   -88.0   66.473 -119.012    139.2   1002.1
     1     1    21     2     9    13     0     1   -89.0   66.703 -119.083    142.4    999.3
     1     1    21     2     9    12     0     0   -90.0   66.905 -119.081    148.7    996.7
     1     1    21     2     9    11     0     1   -91.0   67.090 -119.024    154.5    993.1
     1     1    21     2     9    10     0     2   -92.0   67.272 -118.962    155.4    988.8
     1     1    21     2     9     9     0     3   -93.0   67.456 -118.928    149.6    986.9
     1     1    21     2     9     8     0     2   -94.0   67.635 -118.920    141.1    986.1
     1     1    21     2     9     7     0     1   -95.0   67.808 -118.923    134.2    984.7
     1     1    21     2     9     6     0     0   -96.0   67.978 -118.929    133.1    982.2
     1     1    21     2     9     5     0     1   -97.0   68.166 -118.983    137.1    981.3
     1     1    21     2     9     4     0     2   -98.0   68.396 -119.153    146.1    976.0
     1     1    21     2     9     3     0     3   -99.0   68.684 -119.432    161.3    966.5
     1     1    21     2     9     2     0     2  -100.0   69.006 -119.781    174.9    956.0
     1     1    21     2     9     1     0     1  -101.0   69.311 -120.186    185.1    968.8
     1     1    21     2     9     0     0     0  -102.0   69.572 -120.690    202.4    983.8
     1     1    21     2     8    23     0     1  -103.0   69.772 -121.330    224.3    996.5
     1     1    21     2     8    22     0     2  -104.0   69.889 -122.048    236.2   1005.5
     1     1    21     2     8    21     0     3  -105.0   69.961 -122.701    225.4   1013.6
     1     1    21     2     8    20     0     2  -106.0   70.025 -123.244    201.4   1021.4
     1     1    21     2     8    19     0     1  -107.0   70.094 -123.683    179.3   1025.5
     1     1    21     2     8    18     0     0  -108.0   70.177 -124.046    162.9   1027.9
     1     1    21     2     8    17     0     1  -109.0   70.267 -124.337    152.3   1030.1
     1     1    21     2     8    16     0     2  -110.0   70.357 -124.555    148.0   1030.7
     1     1    21     2     8    15     0     3  -111.0   70.446 -124.719    147.8   1030.8
     1     1    21     2     8    14     0     2  -112.0   70.536 -124.866    148.5   1029.6
     1     1    21     2     8    13     0     1  -113.0   70.626 -125.032    148.1   1028.9
     1     1    21     2     8    12     0     0  -114.0   70.716 -125.222    146.8   1028.4
     1     1    21     2     8    11     0     1  -115.0   70.801 -125.404    145.6   1028.6
     1     1    21     2     8    10     0     2  -116.0   70.875 -125.533    145.1   1028.6
     1     1    21     2     8     9     0     3  -117.0   70.939 -125.598    144.8   1028.6
     1     1    21     2     8     8     0     2  -118.0   70.993 -125.592    144.7   1027.7
     1     1    21     2     8     7     0     1  -119.0   71.039 -125.512    144.7   1026.7
     1     1    21     2     8     6     0     0  -120.0   71.076 -125.362    144.6   1025.5
