     5     1
    GDAS    21     2     1     0     0
    GDAS    21     2     8     0     0
    GDAS    21     2    15     0     0
    GDAS    21     2    22     0     0
    GDAS    21     3     1     0     0
     1 BACKWARD OMEGA   
    21     2    18     6   44.970  -93.230   500.0
     1 PRESSURE
     1     1    21     2    18     6     0     0     0.0   44.970  -93.230    500.0    929.7
     1     1    21     2    18     5     0     1    -1.0   44.813  -93.341    496.3    929.0
     1     1    21     2    18     4     0     2    -2.0   44.652  -93.429    498.2    927.5
     1     1    21     2    18     3     0     3    -3.0   44.490  -93.493    504.8    925.6
     1     1    21     2    18     2     0     2    -4.0   44.334  -93.549    509.8    923.0
     1     1    21     2    18     1     0     1    -5.0   44.186  -93.606    507.4    922.4
     1     1    21     2    18     0     0     0    -6.0   44.042  -93.657    497.5    922.9
     1     1    21     2    17    23     0     1    -7.0   43.888  -93.703    487.2    924.9
     1     1    21     2    17    22     0     2    -8.0   43.714  -93.755    484.0    925.2
     1     1    21     2    17    21     0     3    -9.0   43.524  -93.810    490.3    924.0
     1     1    21     2    17    20     0     2   -10.0   43.321  -93.871    502.5    921.4
     1     1    21     2    17    19     0     1   -11.0   43.107  -93.941    513.7    918.8
     1     1    21     2    17    18     0     0   -12.0   42.883  -94.018    518.7    917.2
     1     1    21     2    17    17     0     1   -13.0   42.648  -94.093    519.3    917.0
     1     1    21     2    17    16     0     2   -14.0   42.404  -94.152    521.3    916.2
     1     1    21     2    17    15     0     3   -15.0   42.151  -94.188    526.6    915.3
     1     1    21     2    17    14     0     2   -16.0   41.907  -94.215    522.3    913.7
     1     1    21     2    17    13     0     1   -17.0   41.686  -94.253    495.6    916.9
     1     1    21     2    17    12     0     0   -18.0   41.487  -94.288    454.0    922.7
     1     1    21     2    17    11     0     1   -19.0   41.302  -94.312    417.2    929.4
     1     1    21     2    17    10     0     2   -20.0   41.126  -94.330    397.0    931.7
     1     1    21     2    17     9     0     3   -21.0   40.964  -94.352    390.0    932.7
     1     1    21     2    17     8     0     2   -22.0   40.804  -94.383    391.0    933.6
     1     1    21     2    17     7     0     1   -23.0   40.637  -94.419    395.2    934.5
     1     1    21     2    17     6     0     0   -24.0   40.464  -94.455    401.0    935.1
     1     1    21     2    17     5     0     1   -25.0   40.299  -94.475    404.7    935.4
     1     1    21     2    17     4     0     2   -26.0   40.146  -94.467    411.4    936.7
     1     1    21     2    17     3     0     3   -27.0   40.001  -94.447    438.5    935.7
     1     1    21     2    17     2     0     2   -28.0   39.874  -94.414    481.3    927.7
     1     1    21     2    17     1     0     1   -29.0   39.788  -94.366    530.4    921.5
     1     1    21     2    17     0     0     0   -30.0   39.743  -94.310    593.4    913.8
     1     1    21     2    16    23     0     1   -31.0   39.718  -94.292    662.6    904.2
     1     1    21     2    16    22     0     2   -32.0   39.687  -94.339    722.1    896.8
     1     1    21     2    16    21     0     3   -33.0   39.649  -94.444    773.9    891.0
     1     1    21     2    16    20     0     2   -34.0   39.605  -94.571    819.5    885.5
     1     1    21     2    16    19     0     1   -35.0   39.562  -94.688    855.0    881.4
     1     1    21     2    16    18     0     0   -36.0   39.524  -94.798    879.6    878.5
     1     1    21     2    16    17     0     1   -37.0   39.493  -94.901    902.3    876.6
     1     1    21     2    16    16     0     2   -38.0   39.469  -95.001    932.7    872.9
     1     1    21     2    16    15     0     3   -39.0   39.453  -95.102    968.8    867.3
     1     1    21     2    16    14     0     2   -40.0   39.452  -95.209   1004.6    861.6
     1     1    21     2    16    13     0     1   -41.0   39.475  -95.326   1037.8    856.7
     1     1    21     2    16    12     0     0   -42.0   39.520  -95.449   1072.2    851.8
     1     1    21     2    16    11     0     1   -43.0   39.576  -95.575   1104.9    846.8
     1     1    21     2    16    10     0     2   -44.0   39.630  -95.695   1132.9    843.3
     1     1    21     2    16     9     0     3   -45.0   39.685  -95.811   1163.5    839.6
     1     1    21     2    16     8     0     2   -46.0   39.752  -95.914   1200.8    834.7
     1     1    21     2    16     7     0     1   -47.0   39.839  -96.000   1240.5    829.1
     1     1    21     2    16     6     0     0   -48.0   39.941  -96.072   1273.1    824.3
     1     1    21     2    16     5     0     1   -49.0   40.046  -96.129   1293.9    822.0
     1     1    21     2    16     4     0     2   -50.0   40.144  -96.163   1306.3    820.9
     1     1    21     2    16     3     0     3   -51.0   40.234  -96.177   1314.6    820.2
     1     1    21     2    16     2     0     2   -52.0   40.322  -96.174   1324.7    819.7
     1     1    21     2    16     1     0     1   -53.0   40.410  -96.161   1338.7    818.1
     1     1    21     2    16     0     0     0   -54.0   40.499  -96.139   1351.1    816.8
     1     1    21     2    15    23     0     1   -55.0   40.592  -96.101   1360.7    816.8
     1     1    21     2    15    22     0     2   -56.0   40.691  -96.042   1366.0    817.1
     1     1    21     2    15    21     0     3   -57.0   40.795  -95.959   1360.7    818.4
     1     1    21     2    15    20     0     2   -58.0   40.903  -95.853   1355.4    821.3
     1     1    21     2    15    19     0     1   -59.0   41.016  -95.726   1367.9    821.1
     1     1    21     2    15    18     0     0   -60.0   41.137  -95.582   1406.1    817.7
     1     1    21     2    15    17     0     1   -61.0   41.265  -95.431   1443.0    810.1
     1     1    21     2    15    16     0     2   -62.0   41.402  -95.276   1452.1    808.9
     1     1    21     2    15    15     0     3   -63.0   41.555  -95.122   1452.4    809.3
     1     1    21     2    15    14     0     2   -64.0   41.719  -94.990   1476.5    807.2
     1     1    21     2    15    13     0     1   -65.0   41.886  -94.895   1531.9    799.4
     1     1    21     2    15    12     0     0   -66.0   42.047  -94.837   1610.7    791.0
     1     1    21     2    15    11     0     1   -67.0   42.199  -94.828   1679.8    780.2
     1     1    21     2    15    10     0     2   -68.0   42.348  -94.872   1713.1    777.7
     1     1    21     2    15     9     0     3   -69.0   42.493  -94.965   1727.8    776.7
     1     1    21     2    15     8     0     2   -70.0   42.631  -95.078   1740.2    776.4
     1     1    21     2    15     7     0     1   -71.0   42.762  -95.187   1751.2    775.1
     1     1    21     2    15     6     0     0   -72.0   42.893  -95.294   1750.7    774.9
     1     1    21     2    15     5     0     1   -73.0   43.037  -95.393   1732.3    776.1
     1     1    21     2    15     4     0     2   -74.0   43.201  -95.480   1711.9    778.8
     1     1    21     2    15     3     0     3   -75.0   43.379  -95.563   1712.0    777.8
     1     1    21     2    15     2     0     2   -76.0   43.571  -95.663   1741.1    772.6
     1     1    21     2    15     1     0     1   -77.0   43.785  -95.796   1783.3    762.9
     1     1    21     2    15     0     0     0   -78.0   44.032  -95.958   1798.2    755.2
     1     1    21     2    14    23     0     1   -79.0   44.297  -96.140   1821.4    761.6
     1     1    21     2    14    22     0     2   -80.0   44.568  -96.350   1888.8    754.3
     1     1    21     2    14    21     0     3   -81.0   44.859  -96.601   1972.5    741.5
     1     1    21     2    14    20     0     2   -82.0   45.176  -96.887   2054.7    729.9
     1     1    21     2    14    19     0     1   -83.0   45.514  -97.181   2146.8    729.0
     1     1    21     2    14    18     0     0   -84.0   45.874  -97.469   2258.0    725.6
     1     1    21     2    14    17     0     1   -85.0   46.261  -97.771   2367.8    711.7
     1     1    21     2    14    16     0     2   -86.0   46.675  -98.094   2461.9    699.5
     1     1    21     2    14    15     0     3   -87.0   47.132  -98.416   2568.8    686.5
     1     1    21     2    14    14     0     2   -88.0   47.635  -98.718   2676.2    671.0
     1     1    21     2    14    13     0     1   -89.0   48.173  -98.983   2756.1    664.1
     1     1    21     2    14    12     0     0   -90.0   48.751  -99.179   2831.9    656.4
     1     1    21     2    14    11     0     1   -91.0   49.373  -99.286   2932.5    648.1
     1     1    21     2    14    10     0     2   -92.0   50.016  -99.292   3036.3    645.4
     1     1    21     2    14     9     0     3   -93.0   50.669  -99.194   3105.5    642.2
     1     1    21     2    14     8     0     2   -94.0   51.318  -98.985   3138.7    643.9
     1     1    21     2    14     7     0     1   -95.0   51.949  -98.643   3162.6    644.5
     1     1    21     2    14     6     0     0   -96.0   52.544  -98.170   3198.7    644.0
     1     1    21     2    14     5     0     1   -97.0   53.088  -97.587   3230.0    640.6
     1     1    21     2    14     4     0     2   -98.0   53.575  -96.914   3239.5    638.3
     1     1    21     2    14     3     0     3   -99.0   53.997  -96.175   3238.6    636.0
     1     1    21     2    14     2     0     2  -100.0   54.339  -95.384   3252.4    637.4
     1     1    21     2    14     1     0     1  -101.0   54.594  -94.551   3265.2    639.1
     1     1    21     2    14     0     0     0  -102.0   54.766  -93.699   3270.2    641.3
     1     1    21     2    13    23     0     1  -103.0   54.858  -92.856   3274.7    641.1
     1     1    21     2    13    22     0     2  -104.0   54.877  -92.041   3286.0    640.3
     1     1    21     2    13    21     0     3  -105.0   54.826  -91.259   3291.7    639.9
     1     1    21     2    13    20     0     2  -106.0   54.706  -90.518   3295.9    641.6
     1     1    21     2    13    19     0     1  -107.0   54.524  -89.833   3302.3    641.6
     1     1    21     2    13    18     0     0  -108.0   54.293  -89.221   3307.6    641.3
     1     1    21     2    13    17     0     1  -109.0   54.030  -88.686   3316.6    640.7
     1     1    21     2    13    16     0     2  -110.0   53.742  -88.206   3329.0    637.3
     1     1    21     2    13    15     0     3  -111.0   53.433  -87.770   3339.8    635.6
     1     1    21     2    13    14     0     2  -112.0   53.112  -87.390   3339.4    633.1
     1     1    21     2    13    13     0     1  -113.0   52.774  -87.083   3335.2    633.2
     1     1    21     2    13    12     0     0  -114.0   52.414  -86.851   3339.0    633.9
     1     1    21     2    13    11     0     1  -115.0   52.034  -86.700   3349.3    634.0
     1     1    21     2    13    10     0     2  -116.0   51.639  -86.629   3357.5    631.5
     1     1    21     2    13     9     0     3  -117.0   51.237  -86.627   3366.8    629.0
     1     1    21     2    13     8     0     2  -118.0   50.836  -86.685   3371.4    624.9
     1     1    21     2    13     7     0     1  -119.0   50.447  -86.793   3365.2    623.0
     1     1    21     2    13     6     0     0  -120.0   50.074  -86.946   3359.6    621.3
