     5     1
    GDAS    21     2     1     0     0
    GDAS    21     2     8     0     0
    GDAS    21     2    15     0     0
    GDAS    21     2    22     0     0
    GDAS    21     3     1     0     0
     1 BACKWARD OMEGA   
    21     2    11    21   37.820  111.540  1000.0
     1 PRESSURE
     1     1    21     2    11    21     0     3     0.0   37.820  111.540   1000.0    776.7
     1     1    21     2    11    20     0     2    -1.0   37.949  111.280   1060.0    775.2
     1     1    21     2    11    19     0     1    -2.0   38.066  111.035   1107.5    775.9
     1     1    21     2    11    18     0     0    -3.0   38.173  110.802   1126.2    775.6
     1     1    21     2    11    17     0     1    -4.0   38.276  110.575   1113.1    777.7
     1     1    21     2    11    16     0     2    -5.0   38.390  110.346   1078.6    780.1
     1     1    21     2    11    15     0     3    -6.0   38.527  110.097   1029.7    781.3
     1     1    21     2    11    14     0     2    -7.0   38.683  109.811    979.4    781.5
     1     1    21     2    11    13     0     1    -8.0   38.847  109.474    955.8    779.4
     1     1    21     2    11    12     0     0    -9.0   39.029  109.060    985.9    772.0
     1     1    21     2    11    11     0     1   -10.0   39.258  108.612   1051.4    756.8
     1     1    21     2    11    10     0     2   -11.0   39.524  108.141   1124.5    752.5
     1     1    21     2    11     9     0     3   -12.0   39.809  107.590   1264.4    745.7
     1     1    21     2    11     8     0     2   -13.0   40.118  106.921   1579.5    715.1
     1     1    21     2    11     7     0     1   -14.0   40.446  106.183   1939.1    682.0
     1     1    21     2    11     6     0     0   -15.0   40.776  105.398   2159.9    653.9
     1     1    21     2    11     5     0     1   -16.0   41.111  104.536   2246.8    651.6
     1     1    21     2    11     4     0     2   -17.0   41.445  103.634   2288.5    653.0
     1     1    21     2    11     3     0     3   -18.0   41.760  102.693   2342.6    657.2
     1     1    21     2    11     2     0     2   -19.0   42.078  101.686   2476.6    658.0
     1     1    21     2    11     1     0     1   -20.0   42.392  100.674   2334.9    658.1
     1     1    21     2    11     0     0     0   -21.0   42.756   99.695   2356.3    640.1
     1     1    21     2    10    23     0     1   -22.0   43.201   98.626   1702.5    703.9
     1     1    21     2    10    22     0     2   -23.0   43.575   97.575   1691.8    692.1
     1     1    21     2    10    21     0     3   -24.0   43.919   96.367   1914.1    695.7
     1     1    21     2    10    20     0     2   -25.0   44.122   95.139   2061.2    713.3
     1     1    21     2    10    19     0     1   -26.0   44.278   93.971   2358.9    662.7
     1     1    21     2    10    18     0     0   -27.0   44.490   92.675   2519.3    605.2
     1     1    21     2    10    17     0     1   -28.0   44.735   91.322   2677.0    609.2
     1     1    21     2    10    16     0     2   -29.0   44.948   90.006   2927.5    617.5
     1     1    21     2    10    15     0     3   -30.0   45.145   88.780   2959.1    644.7
     1     1    21     2    10    14     0     2   -31.0   45.302   87.620   2960.8    655.3
     1     1    21     2    10    13     0     1   -32.0   45.410   86.500   2991.9    665.7
     1     1    21     2    10    12     0     0   -33.0   45.485   85.362   2975.4    661.1
     1     1    21     2    10    11     0     1   -34.0   45.542   84.205   2891.4    641.0
     1     1    21     2    10    10     0     2   -35.0   45.583   83.026   2942.9    615.8
     1     1    21     2    10     9     0     3   -36.0   45.579   81.870   3195.9    631.6
     1     1    21     2    10     8     0     2   -37.0   45.596   80.607   3282.0    562.8
     1     1    21     2    10     7     0     1   -38.0   45.664   79.309   3390.7    572.9
     1     1    21     2    10     6     0     0   -39.0   45.716   78.109   3313.2    636.6
     1     1    21     2    10     5     0     1   -40.0   45.788   76.984   3230.9    647.2
     1     1    21     2    10     4     0     2   -41.0   45.881   75.861   3192.4    651.4
     1     1    21     2    10     3     0     3   -42.0   45.970   74.718   3189.0    651.1
     1     1    21     2    10     2     0     2   -43.0   46.068   73.567   3183.7    648.1
     1     1    21     2    10     1     0     1   -44.0   46.175   72.425   3147.2    643.1
     1     1    21     2    10     0     0     0   -45.0   46.272   71.294   3093.4    650.2
     1     1    21     2     9    23     0     1   -46.0   46.378   70.198   3112.9    655.6
     1     1    21     2     9    22     0     2   -47.0   46.517   69.144   3157.3    654.9
     1     1    21     2     9    21     0     3   -48.0   46.672   68.114   3207.4    655.8
     1     1    21     2     9    20     0     2   -49.0   46.858   67.092   3266.5    644.9
     1     1    21     2     9    19     0     1   -50.0   47.109   66.082   3320.6    645.8
     1     1    21     2     9    18     0     0   -51.0   47.397   65.086   3381.9    647.2
     1     1    21     2     9    17     0     1   -52.0   47.713   64.089   3466.7    645.3
     1     1    21     2     9    16     0     2   -53.0   48.081   63.066   3593.7    640.1
     1     1    21     2     9    15     0     3   -54.0   48.504   61.993   3705.6    623.7
     1     1    21     2     9    14     0     2   -55.0   48.976   60.853   3792.8    604.3
     1     1    21     2     9    13     0     1   -56.0   49.486   59.652   3886.2    591.2
     1     1    21     2     9    12     0     0   -57.0   50.028   58.405   3943.6    581.2
     1     1    21     2     9    11     0     1   -58.0   50.575   57.114   4091.2    568.8
     1     1    21     2     9    10     0     2   -59.0   51.120   55.853   4202.5    569.1
     1     1    21     2     9     9     0     3   -60.0   51.656   54.646   4335.4    562.5
     1     1    21     2     9     8     0     2   -61.0   52.211   53.420   4396.7    555.6
     1     1    21     2     9     7     0     1   -62.0   52.769   52.195   4475.8    550.6
     1     1    21     2     9     6     0     0   -63.0   53.317   51.018   4493.6    552.6
     1     1    21     2     9     5     0     1   -64.0   53.867   49.834   4578.1    545.2
     1     1    21     2     9     4     0     2   -65.0   54.414   48.645   4699.6    534.9
     1     1    21     2     9     3     0     3   -66.0   54.950   47.421   4884.6    514.8
     1     1    21     2     9     2     0     2   -67.0   55.470   46.163   4997.8    509.5
     1     1    21     2     9     1     0     1   -68.0   55.980   44.920   5061.2    501.1
     1     1    21     2     9     0     0     0   -69.0   56.474   43.707   5101.5    501.0
     1     1    21     2     8    23     0     1   -70.0   56.948   42.493   5153.9    498.0
     1     1    21     2     8    22     0     2   -71.0   57.403   41.297   5219.5    491.7
     1     1    21     2     8    21     0     3   -72.0   57.838   40.140   5294.7    485.0
     1     1    21     2     8    20     0     2   -73.0   58.246   39.038   5361.9    480.7
     1     1    21     2     8    19     0     1   -74.0   58.641   37.959   5453.7    475.7
     1     1    21     2     8    18     0     0   -75.0   59.013   36.951   5528.5    472.5
     1     1    21     2     8    17     0     1   -76.0   59.399   35.964   5640.0    459.2
     1     1    21     2     8    16     0     2   -77.0   59.816   34.953   5750.5    449.0
     1     1    21     2     8    15     0     3   -78.0   60.233   33.994   5815.7    452.8
     1     1    21     2     8    14     0     2   -79.0   60.659   33.063   5894.9    453.3
     1     1    21     2     8    13     0     1   -80.0   61.081   32.181   5971.9    447.6
     1     1    21     2     8    12     0     0   -81.0   61.489   31.351   6053.1    439.9
     1     1    21     2     8    11     0     1   -82.0   61.889   30.560   6156.1    431.2
     1     1    21     2     8    10     0     2   -83.0   62.286   29.782   6223.7    424.9
     1     1    21     2     8     9     0     3   -84.0   62.687   29.045   6264.4    421.4
     1     1    21     2     8     8     0     2   -85.0   63.099   28.380   6316.3    418.5
     1     1    21     2     8     7     0     1   -86.0   63.521   27.744   6355.0    415.0
     1     1    21     2     8     6     0     0   -87.0   63.964   27.155   6393.1    411.4
     1     1    21     2     8     5     0     1   -88.0   64.419   26.596   6431.5    410.6
     1     1    21     2     8     4     0     2   -89.0   64.864   26.050   6471.9    411.2
     1     1    21     2     8     3     0     3   -90.0   65.309   25.545   6497.4    411.1
     1     1    21     2     8     2     0     2   -91.0   65.751   25.073   6496.1    411.4
     1     1    21     2     8     1     0     1   -92.0   66.186   24.644   6498.9    412.8
     1     1    21     2     8     0     0     0   -93.0   66.617   24.270   6527.8    410.0
     1     1    21     2     7    23     0     1   -94.0   67.043   23.917   6574.7    402.9
     1     1    21     2     7    22     0     2   -95.0   67.468   23.577   6608.0    395.1
     1     1    21     2     7    21     0     3   -96.0   67.907   23.284   6601.9    390.8
     1     1    21     2     7    20     0     2   -97.0   68.349   23.018   6580.0    390.9
     1     1    21     2     7    19     0     1   -98.0   68.784   22.743   6577.6    388.7
     1     1    21     2     7    18     0     0   -99.0   69.220   22.456   6609.9    385.7
     1     1    21     2     7    17     0     1  -100.0   69.646   22.185   6650.7    386.5
     1     1    21     2     7    16     0     2  -101.0   70.054   21.981   6673.6    392.2
     1     1    21     2     7    15     0     3  -102.0   70.451   21.851   6699.5    400.0
     1     1    21     2     7    14     0     2  -103.0   70.844   21.756   6731.8    403.8
     1     1    21     2     7    13     0     1  -104.0   71.238   21.675   6745.8    404.6
     1     1    21     2     7    12     0     0  -105.0   71.632   21.620   6736.8    405.3
     1     1    21     2     7    11     0     1  -106.0   72.025   21.591   6721.0    407.1
     1     1    21     2     7    10     0     2  -107.0   72.418   21.589   6715.2    408.1
     1     1    21     2     7     9     0     3  -108.0   72.811   21.627   6718.4    407.7
     1     1    21     2     7     8     0     2  -109.0   73.199   21.677   6722.5    407.7
     1     1    21     2     7     7     0     1  -110.0   73.573   21.703   6731.6    407.5
     1     1    21     2     7     6     0     0  -111.0   73.928   21.709   6748.4    406.7
     1     1    21     2     7     5     0     1  -112.0   74.267   21.677   6760.7    405.6
     1     1    21     2     7     4     0     2  -113.0   74.589   21.587   6755.1    406.3
     1     1    21     2     7     3     0     3  -114.0   74.890   21.446   6733.6    408.1
     1     1    21     2     7     2     0     2  -115.0   75.168   21.284   6709.5    410.6
     1     1    21     2     7     1     0     1  -116.0   75.423   21.128   6693.7    411.9
     1     1    21     2     7     0     0     0  -117.0   75.661   20.969   6685.6    412.7
     1     1    21     2     6    23     0     1  -118.0   75.887   20.809   6688.5    413.0
     1     1    21     2     6    22     0     2  -119.0   76.103   20.657   6707.2    412.1
     1     1    21     2     6    21     0     3  -120.0   76.306   20.515   6742.0    410.1
