     5     1
    GDAS    21     2     1     0     0
    GDAS    21     2     8     0     0
    GDAS    21     2    15     0     0
    GDAS    21     2    22     0     0
    GDAS    21     3     1     0     0
     1 BACKWARD OMEGA   
    21     2     1    21   44.970  -93.230   500.0
     1 PRESSURE
     1     1    21     2     1    21     0     3     0.0   44.970  -93.230    500.0    930.6
     1     1    21     2     1    20     0     2    -1.0   45.073  -93.349    503.6    930.4
     1     1    21     2     1    19     0     1    -2.0   45.185  -93.445    509.2    929.1
     1     1    21     2     1    18     0     0    -3.0   45.310  -93.520    519.0    927.0
     1     1    21     2     1    17     0     1    -4.0   45.460  -93.590    535.5    923.1
     1     1    21     2     1    16     0     2    -5.0   45.645  -93.671    559.2    917.6
     1     1    21     2     1    15     0     3    -6.0   45.862  -93.769    587.4    910.8
     1     1    21     2     1    14     0     2    -7.0   46.092  -93.891    615.7    904.3
     1     1    21     2     1    13     0     1    -8.0   46.320  -94.038    641.1    900.1
     1     1    21     2     1    12     0     0    -9.0   46.542  -94.207    660.2    896.5
     1     1    21     2     1    11     0     1   -10.0   46.754  -94.386    677.4    894.0
     1     1    21     2     1    10     0     2   -11.0   46.953  -94.567    697.6    889.7
     1     1    21     2     1     9     0     3   -12.0   47.145  -94.749    718.7    887.1
     1     1    21     2     1     8     0     2   -13.0   47.333  -94.926    735.5    886.2
     1     1    21     2     1     7     0     1   -14.0   47.520  -95.096    741.0    887.8
     1     1    21     2     1     6     0     0   -15.0   47.698  -95.263    730.2    891.6
     1     1    21     2     1     5     0     1   -16.0   47.872  -95.430    713.7    897.2
     1     1    21     2     1     4     0     2   -17.0   48.045  -95.598    704.1    899.8
     1     1    21     2     1     3     0     3   -18.0   48.220  -95.759    702.6    899.9
     1     1    21     2     1     2     0     2   -19.0   48.401  -95.917    707.2    898.8
     1     1    21     2     1     1     0     1   -20.0   48.586  -96.080    717.9    898.5
     1     1    21     2     1     0     0     0   -21.0   48.772  -96.255    737.1    897.3
