     5     1
    GDAS    21     2     1     0     0
    GDAS    21     2     8     0     0
    GDAS    21     2    15     0     0
    GDAS    21     2    22     0     0
    GDAS    21     3     1     0     0
     1 BACKWARD OMEGA   
    21     2    26     6   37.820  111.540  1000.0
     1 PRESSURE
     1     1    21     2    26     6     0     0     0.0   37.820  111.540   1000.0    777.1
     1     1    21     2    26     5     0     1    -1.0   37.550  111.719    950.5    785.1
     1     1    21     2    26     4     0     2    -2.0   37.334  111.899    925.1    788.4
     1     1    21     2    26     3     0     3    -3.0   37.157  112.073    885.6    796.4
     1     1    21     2    26     2     0     2    -4.0   37.009  112.250    839.2    806.2
     1     1    21     2    26     1     0     1    -5.0   36.873  112.451    822.6    809.4
     1     1    21     2    26     0     0     0    -6.0   36.739  112.686    832.6    808.4
     1     1    21     2    25    23     0     1    -7.0   36.624  112.947    852.2    808.5
     1     1    21     2    25    22     0     2    -8.0   36.560  113.215    875.5    818.4
     1     1    21     2    25    21     0     3    -9.0   36.558  113.466    894.3    830.7
     1     1    21     2    25    20     0     2   -10.0   36.611  113.696    904.8    840.8
     1     1    21     2    25    19     0     1   -11.0   36.709  113.910    909.5    849.5
     1     1    21     2    25    18     0     0   -12.0   36.842  114.111    918.2    856.8
     1     1    21     2    25    17     0     1   -13.0   36.989  114.292    912.2    863.8
     1     1    21     2    25    16     0     2   -14.0   37.130  114.434    878.4    880.4
     1     1    21     2    25    15     0     3   -15.0   37.259  114.548    830.4    896.4
     1     1    21     2    25    14     0     2   -16.0   37.370  114.654    789.9    909.9
     1     1    21     2    25    13     0     1   -17.0   37.465  114.765    770.5    919.3
     1     1    21     2    25    12     0     0   -18.0   37.547  114.886    772.7    926.8
     1     1    21     2    25    11     0     1   -19.0   37.618  115.014    792.2    930.7
     1     1    21     2    25    10     0     2   -20.0   37.681  115.143    813.1    927.0
     1     1    21     2    25     9     0     3   -21.0   37.734  115.275    825.4    924.8
     1     1    21     2    25     8     0     2   -22.0   37.787  115.406    830.7    924.8
     1     1    21     2    25     7     0     1   -23.0   37.850  115.528    835.6    924.2
     1     1    21     2    25     6     0     0   -24.0   37.921  115.643    842.5    923.5
     1     1    21     2    25     5     0     1   -25.0   37.991  115.762    838.8    922.8
     1     1    21     2    25     4     0     2   -26.0   38.055  115.897    819.8    925.9
     1     1    21     2    25     3     0     3   -27.0   38.115  116.045    800.2    929.4
     1     1    21     2    25     2     0     2   -28.0   38.165  116.199    787.9    930.8
     1     1    21     2    25     1     0     1   -29.0   38.198  116.351    781.6    930.8
     1     1    21     2    25     0     0     0   -30.0   38.219  116.501    778.5    930.7
     1     1    21     2    24    23     0     1   -31.0   38.224  116.636    780.8    930.6
     1     1    21     2    24    22     0     2   -32.0   38.209  116.743    789.2    929.1
     1     1    21     2    24    21     0     3   -33.0   38.171  116.820    801.3    927.4
     1     1    21     2    24    20     0     2   -34.0   38.128  116.882    791.0    925.5
     1     1    21     2    24    19     0     1   -35.0   38.082  116.940    726.9    932.0
     1     1    21     2    24    18     0     0   -36.0   38.014  116.994    596.8    946.9
     1     1    21     2    24    17     0     1   -37.0   37.914  117.034    459.9    971.0
     1     1    21     2    24    16     0     2   -38.0   37.798  117.093    370.1    980.9
     1     1    21     2    24    15     0     3   -39.0   37.673  117.179    320.8    986.5
     1     1    21     2    24    14     0     2   -40.0   37.559  117.295    296.3    987.4
     1     1    21     2    24    13     0     1   -41.0   37.467  117.444    278.9    988.9
     1     1    21     2    24    12     0     0   -42.0   37.386  117.625    267.1    990.0
     1     1    21     2    24    11     0     1   -43.0   37.298  117.819    270.4    990.8
     1     1    21     2    24    10     0     2   -44.0   37.196  118.008    297.5    987.5
     1     1    21     2    24     9     0     3   -45.0   37.093  118.179    337.5    981.5
     1     1    21     2    24     8     0     2   -46.0   37.000  118.331    374.3    976.5
     1     1    21     2    24     7     0     1   -47.0   36.915  118.476    397.8    970.8
     1     1    21     2    24     6     0     0   -48.0   36.831  118.616    411.7    967.8
     1     1    21     2    24     5     0     1   -49.0   36.745  118.749    422.3    966.1
     1     1    21     2    24     4     0     2   -50.0   36.661  118.880    427.6    965.3
     1     1    21     2    24     3     0     3   -51.0   36.586  119.018    422.5    966.3
     1     1    21     2    24     2     0     2   -52.0   36.524  119.161    415.6    966.2
     1     1    21     2    24     1     0     1   -53.0   36.474  119.304    417.6    964.5
     1     1    21     2    24     0     0     0   -54.0   36.437  119.448    428.1    962.4
     1     1    21     2    23    23     0     1   -55.0   36.416  119.588    439.5    959.5
     1     1    21     2    23    22     0     2   -56.0   36.413  119.717    442.4    958.8
     1     1    21     2    23    21     0     3   -57.0   36.429  119.830    432.8    959.5
     1     1    21     2    23    20     0     2   -58.0   36.457  119.941    438.6    961.8
     1     1    21     2    23    19     0     1   -59.0   36.490  120.068    491.9    955.1
     1     1    21     2    23    18     0     0   -60.0   36.532  120.214    586.6    943.3
     1     1    21     2    23    17     0     1   -61.0   36.579  120.361    693.1    928.8
     1     1    21     2    23    16     0     2   -62.0   36.629  120.488    789.3    917.9
     1     1    21     2    23    15     0     3   -63.0   36.687  120.592    875.4    908.5
     1     1    21     2    23    14     0     2   -64.0   36.762  120.660    943.6    898.2
     1     1    21     2    23    13     0     1   -65.0   36.859  120.693    986.3    891.7
     1     1    21     2    23    12     0     0   -66.0   36.977  120.701   1002.2    887.7
     1     1    21     2    23    11     0     1   -67.0   37.095  120.714   1029.2    890.5
     1     1    21     2    23    10     0     2   -68.0   37.196  120.735   1093.1    884.5
     1     1    21     2    23     9     0     3   -69.0   37.281  120.746   1181.4    875.9
     1     1    21     2    23     8     0     2   -70.0   37.363  120.726   1263.9    865.0
     1     1    21     2    23     7     0     1   -71.0   37.451  120.676   1326.1    860.3
     1     1    21     2    23     6     0     0   -72.0   37.539  120.597   1386.1    856.1
     1     1    21     2    23     5     0     1   -73.0   37.639  120.493   1447.0    851.1
     1     1    21     2    23     4     0     2   -74.0   37.762  120.384   1490.7    847.8
     1     1    21     2    23     3     0     3   -75.0   37.910  120.304   1496.4    848.9
     1     1    21     2    23     2     0     2   -76.0   38.087  120.258   1502.3    855.1
     1     1    21     2    23     1     0     1   -77.0   38.279  120.164   1550.7    849.3
     1     1    21     2    23     0     0     0   -78.0   38.471  119.999   1628.9    839.6
     1     1    21     2    22    23     0     1   -79.0   38.665  119.786   1712.1    828.9
     1     1    21     2    22    22     0     2   -80.0   38.872  119.556   1791.1    821.2
     1     1    21     2    22    21     0     3   -81.0   39.093  119.310   1865.4    812.2
     1     1    21     2    22    20     0     2   -82.0   39.322  119.013   1905.1    803.2
     1     1    21     2    22    19     0     1   -83.0   39.548  118.669   1916.7    802.8
     1     1    21     2    22    18     0     0   -84.0   39.748  118.293   1934.7    799.9
     1     1    21     2    22    17     0     1   -85.0   39.904  117.913   1942.8    796.5
     1     1    21     2    22    16     0     2   -86.0   40.025  117.556   1925.5    800.1
     1     1    21     2    22    15     0     3   -87.0   40.119  117.221   1896.8    802.5
     1     1    21     2    22    14     0     2   -88.0   40.205  116.910   1878.7    796.7
     1     1    21     2    22    13     0     1   -89.0   40.311  116.597   1873.9    776.0
     1     1    21     2    22    12     0     0   -90.0   40.466  116.208   1900.0    746.1
     1     1    21     2    22    11     0     1   -91.0   40.661  115.671   1892.2    705.7
     1     1    21     2    22    10     0     2   -92.0   40.875  115.034   1815.7    690.6
     1     1    21     2    22     9     0     3   -93.0   41.115  114.389   1764.4    694.1
     1     1    21     2    22     8     0     2   -94.0   41.361  113.765   1761.3    687.1
     1     1    21     2    22     7     0     1   -95.0   41.596  113.147   1760.4    680.6
     1     1    21     2    22     6     0     0   -96.0   41.835  112.536   1726.8    683.5
     1     1    21     2    22     5     0     1   -97.0   42.074  111.933   1691.3    689.5
     1     1    21     2    22     4     0     2   -98.0   42.305  111.377   1678.1    706.7
     1     1    21     2    22     3     0     3   -99.0   42.548  110.886   1663.6    716.8
     1     1    21     2    22     2     0     2  -100.0   42.813  110.450   1685.0    720.7
     1     1    21     2    22     1     0     1  -101.0   43.107  110.000   1790.1    711.0
     1     1    21     2    22     0     0     0  -102.0   43.408  109.512   1938.2    702.6
     1     1    21     2    21    23     0     1  -103.0   43.710  109.011   2079.6    701.3
     1     1    21     2    21    22     0     2  -104.0   44.036  108.490   2174.8    691.9
     1     1    21     2    21    21     0     3  -105.0   44.385  107.926   2205.8    676.5
     1     1    21     2    21    20     0     2  -106.0   44.745  107.308   2226.8    665.7
     1     1    21     2    21    19     0     1  -107.0   45.103  106.632   2261.8    655.6
     1     1    21     2    21    18     0     0  -108.0   45.455  105.935   2281.8    645.0
     1     1    21     2    21    17     0     1  -109.0   45.801  105.215   2304.4    640.2
     1     1    21     2    21    16     0     2  -110.0   46.142  104.469   2355.4    631.4
     1     1    21     2    21    15     0     3  -111.0   46.497  103.685   2475.6    606.3
     1     1    21     2    21    14     0     2  -112.0   46.882  102.847   2578.0    586.8
     1     1    21     2    21    13     0     1  -113.0   47.274  101.943   2667.3    564.3
     1     1    21     2    21    12     0     0  -114.0   47.654  100.965   2589.1    546.9
     1     1    21     2    21    11     0     1  -115.0   48.029   99.970   2559.7    550.9
     1     1    21     2    21    10     0     2  -116.0   48.400   98.910   2637.7    530.2
     1     1    21     2    21     9     0     3  -117.0   48.780   97.791   2727.8    532.1
     1     1    21     2    21     8     0     2  -118.0   49.147   96.665   2915.5    536.1
     1     1    21     2    21     7     0     1  -119.0   49.472   95.534   3091.6    549.4
     1     1    21     2    21     6     0     0  -120.0   49.742   94.471   3199.1    575.9
