     5     1
    GDAS    21     2     1     0     0
    GDAS    21     2     8     0     0
    GDAS    21     2    15     0     0
    GDAS    21     2    22     0     0
    GDAS    21     3     1     0     0
     1 BACKWARD OMEGA   
    21     2    18    11   37.820  111.540  1000.0
     1 PRESSURE
     1     1    21     2    18    11     0     1     0.0   37.820  111.540   1000.0    780.1
     1     1    21     2    18    10     0     2    -1.0   37.906  111.156   1014.3    782.7
     1     1    21     2    18     9     0     3    -2.0   37.920  110.839    990.3    789.6
     1     1    21     2    18     8     0     2    -3.0   37.907  110.560    953.4    798.3
     1     1    21     2    18     7     0     1    -4.0   37.901  110.300    933.6    802.5
     1     1    21     2    18     6     0     0    -5.0   37.884  110.063    919.4    805.6
     1     1    21     2    18     5     0     1    -6.0   37.871  109.839    907.4    806.2
     1     1    21     2    18     4     0     2    -7.0   37.880  109.616    909.8    803.6
     1     1    21     2    18     3     0     3    -8.0   37.904  109.401    934.0    799.0
     1     1    21     2    18     2     0     2    -9.0   37.937  109.196    968.2    791.6
     1     1    21     2    18     1     0     1   -10.0   37.967  109.000    997.4    786.3
     1     1    21     2    18     0     0     0   -11.0   37.996  108.793   1015.2    780.8
     1     1    21     2    17    23     0     1   -12.0   38.045  108.558   1023.4    775.8
     1     1    21     2    17    22     0     2   -13.0   38.113  108.302   1031.8    769.8
     1     1    21     2    17    21     0     3   -14.0   38.172  108.047   1045.1    763.6
     1     1    21     2    17    20     0     2   -15.0   38.222  107.785   1069.0    760.9
     1     1    21     2    17    19     0     1   -16.0   38.273  107.498   1103.3    758.5
     1     1    21     2    17    18     0     0   -17.0   38.322  107.200   1139.1    756.3
     1     1    21     2    17    17     0     1   -18.0   38.363  106.920   1167.0    754.0
     1     1    21     2    17    16     0     2   -19.0   38.403  106.676   1184.1    748.3
     1     1    21     2    17    15     0     3   -20.0   38.453  106.459   1190.8    741.1
     1     1    21     2    17    14     0     2   -21.0   38.530  106.253   1196.0    731.6
     1     1    21     2    17    13     0     1   -22.0   38.653  106.041   1217.1    712.0
     1     1    21     2    17    12     0     0   -23.0   38.809  105.823   1263.7    701.6
     1     1    21     2    17    11     0     1   -24.0   38.970  105.590   1323.3    701.0
     1     1    21     2    17    10     0     2   -25.0   39.126  105.337   1392.4    714.8
     1     1    21     2    17     9     0     3   -26.0   39.291  105.063   1469.0    723.0
     1     1    21     2    17     8     0     2   -27.0   39.458  104.765   1530.5    715.5
     1     1    21     2    17     7     0     1   -28.0   39.606  104.447   1552.2    713.6
     1     1    21     2    17     6     0     0   -29.0   39.736  104.114   1555.1    716.6
     1     1    21     2    17     5     0     1   -30.0   39.857  103.780   1551.6    713.3
     1     1    21     2    17     4     0     2   -31.0   39.972  103.465   1537.3    708.3
     1     1    21     2    17     3     0     3   -32.0   40.083  103.162   1520.1    705.7
     1     1    21     2    17     2     0     2   -33.0   40.197  102.862   1516.8    708.4
     1     1    21     2    17     1     0     1   -34.0   40.311  102.564   1529.7    714.7
     1     1    21     2    17     0     0     0   -35.0   40.414  102.266   1545.7    721.1
     1     1    21     2    16    23     0     1   -36.0   40.506  101.966   1565.3    726.9
     1     1    21     2    16    22     0     2   -37.0   40.595  101.673   1586.5    727.7
     1     1    21     2    16    21     0     3   -38.0   40.682  101.389   1609.9    729.0
     1     1    21     2    16    20     0     2   -39.0   40.764  101.105   1622.9    730.9
     1     1    21     2    16    19     0     1   -40.0   40.851  100.807   1611.6    733.1
     1     1    21     2    16    18     0     0   -41.0   40.939  100.496   1585.0    734.6
     1     1    21     2    16    17     0     1   -42.0   41.026  100.183   1566.5    736.2
     1     1    21     2    16    16     0     2   -43.0   41.120   99.867   1565.8    732.1
     1     1    21     2    16    15     0     3   -44.0   41.215   99.553   1579.2    723.5
     1     1    21     2    16    14     0     2   -45.0   41.302   99.248   1596.3    712.9
     1     1    21     2    16    13     0     1   -46.0   41.382   98.943   1599.3    705.1
     1     1    21     2    16    12     0     0   -47.0   41.461   98.632   1601.0    704.2
     1     1    21     2    16    11     0     1   -48.0   41.531   98.320   1638.1    699.5
     1     1    21     2    16    10     0     2   -49.0   41.586   98.007   1730.7    686.5
     1     1    21     2    16     9     0     3   -50.0   41.634   97.702   1833.0    667.3
     1     1    21     2    16     8     0     2   -51.0   41.682   97.410   1897.1    655.0
     1     1    21     2    16     7     0     1   -52.0   41.726   97.131   1922.9    648.5
     1     1    21     2    16     6     0     0   -53.0   41.760   96.860   1924.0    643.4
     1     1    21     2    16     5     0     1   -54.0   41.795   96.597   1909.0    639.0
     1     1    21     2    16     4     0     2   -55.0   41.840   96.344   1887.5    634.2
     1     1    21     2    16     3     0     3   -56.0   41.898   96.098   1869.3    628.0
     1     1    21     2    16     2     0     2   -57.0   41.964   95.845   1873.3    632.0
     1     1    21     2    16     1     0     1   -58.0   42.036   95.579   1896.3    647.1
     1     1    21     2    16     0     0     0   -59.0   42.112   95.311   1923.1    660.5
     1     1    21     2    15    23     0     1   -60.0   42.187   95.054   1942.4    667.5
     1     1    21     2    15    22     0     2   -61.0   42.251   94.822   1950.8    671.1
     1     1    21     2    15    21     0     3   -62.0   42.308   94.619   1957.7    672.9
     1     1    21     2    15    20     0     2   -63.0   42.365   94.443   1955.2    673.8
     1     1    21     2    15    19     0     1   -64.0   42.429   94.292   1935.6    675.3
     1     1    21     2    15    18     0     0   -65.0   42.499   94.160   1898.6    677.1
     1     1    21     2    15    17     0     1   -66.0   42.573   94.042   1859.5    679.2
     1     1    21     2    15    16     0     2   -67.0   42.649   93.933   1833.5    680.8
     1     1    21     2    15    15     0     3   -68.0   42.728   93.832   1815.2    683.9
     1     1    21     2    15    14     0     2   -69.0   42.814   93.737   1809.1    687.2
     1     1    21     2    15    13     0     1   -70.0   42.912   93.650   1823.9    688.1
     1     1    21     2    15    12     0     0   -71.0   43.020   93.568   1861.2    688.4
     1     1    21     2    15    11     0     1   -72.0   43.136   93.469   1917.2    691.4
     1     1    21     2    15    10     0     2   -73.0   43.262   93.334   1975.1    692.4
     1     1    21     2    15     9     0     3   -74.0   43.400   93.162   2020.5    689.3
     1     1    21     2    15     8     0     2   -75.0   43.544   92.963   2022.8    681.5
     1     1    21     2    15     7     0     1   -76.0   43.688   92.749   1973.3    675.6
     1     1    21     2    15     6     0     0   -77.0   43.836   92.516   1877.9    669.3
     1     1    21     2    15     5     0     1   -78.0   43.997   92.270   1765.0    661.7
     1     1    21     2    15     4     0     2   -79.0   44.186   92.027   1697.8    671.8
     1     1    21     2    15     3     0     3   -80.0   44.397   91.795   1672.3    688.9
     1     1    21     2    15     2     0     2   -81.0   44.617   91.554   1671.9    697.9
     1     1    21     2    15     1     0     1   -82.0   44.847   91.281   1702.6    697.2
     1     1    21     2    15     0     0     0   -83.0   45.098   90.967   1768.4    686.8
     1     1    21     2    14    23     0     1   -84.0   45.333   90.652   1829.6    691.4
     1     1    21     2    14    22     0     2   -85.0   45.528   90.359   1851.8    703.3
     1     1    21     2    14    21     0     3   -86.0   45.698   90.067   1858.4    713.8
     1     1    21     2    14    20     0     2   -87.0   45.852   89.780   1864.6    721.8
     1     1    21     2    14    19     0     1   -88.0   45.996   89.509   1895.4    725.2
     1     1    21     2    14    18     0     0   -89.0   46.139   89.259   1957.0    722.5
     1     1    21     2    14    17     0     1   -90.0   46.286   89.026   2022.4    720.0
     1     1    21     2    14    16     0     2   -91.0   46.433   88.800   2054.7    720.7
     1     1    21     2    14    15     0     3   -92.0   46.575   88.580   2064.6    724.3
     1     1    21     2    14    14     0     2   -93.0   46.712   88.353   2070.0    729.0
     1     1    21     2    14    13     0     1   -94.0   46.844   88.109   2077.8    733.7
     1     1    21     2    14    12     0     0   -95.0   46.970   87.846   2079.5    734.0
     1     1    21     2    14    11     0     1   -96.0   47.086   87.587   2076.9    725.6
     1     1    21     2    14    10     0     2   -97.0   47.189   87.342   2095.5    719.2
     1     1    21     2    14     9     0     3   -98.0   47.281   87.106   2145.7    714.9
     1     1    21     2    14     8     0     2   -99.0   47.372   86.882   2197.4    702.7
     1     1    21     2    14     7     0     1  -100.0   47.470   86.678   2231.6    692.2
     1     1    21     2    14     6     0     0  -101.0   47.573   86.493   2265.2    688.4
     1     1    21     2    14     5     0     1  -102.0   47.687   86.318   2303.5    689.9
     1     1    21     2    14     4     0     2  -103.0   47.820   86.142   2347.9    698.4
     1     1    21     2    14     3     0     3  -104.0   47.973   85.962   2402.1    714.5
     1     1    21     2    14     2     0     2  -105.0   48.131   85.769   2434.3    699.4
     1     1    21     2    14     1     0     1  -106.0   48.288   85.555   2491.5    674.1
     1     1    21     2    14     0     0     0  -107.0   48.447   85.314   2580.3    645.8
     1     1    21     2    13    23     0     1  -108.0   48.628   85.042   2683.6    613.6
     1     1    21     2    13    22     0     2  -109.0   48.841   84.750   2816.6    593.4
     1     1    21     2    13    21     0     3  -110.0   49.073   84.457   2970.8    588.6
     1     1    21     2    13    20     0     2  -111.0   49.312   84.187   3102.3    597.0
     1     1    21     2    13    19     0     1  -112.0   49.560   83.934   3180.8    602.5
     1     1    21     2    13    18     0     0  -113.0   49.825   83.677   3260.5    604.1
     1     1    21     2    13    17     0     1  -114.0   50.113   83.403   3369.9    601.5
     1     1    21     2    13    16     0     2  -115.0   50.423   83.101   3465.5    596.4
     1     1    21     2    13    15     0     3  -116.0   50.756   82.755   3523.0    595.4
     1     1    21     2    13    14     0     2  -117.0   51.101   82.377   3567.4    608.7
     1     1    21     2    13    13     0     1  -118.0   51.439   81.982   3615.1    624.6
     1     1    21     2    13    12     0     0  -119.0   51.763   81.553   3638.8    624.6
     1     1    21     2    13    11     0     1  -120.0   52.079   81.095   3672.8    621.4
