     5     1
    GDAS    21     2     1     0     0
    GDAS    21     2     8     0     0
    GDAS    21     2    15     0     0
    GDAS    21     2    22     0     0
    GDAS    21     3     1     0     0
     1 BACKWARD OMEGA   
    21     2    19    15   37.820  111.540  1000.0
     1 PRESSURE
     1     1    21     2    19    15     0     3     0.0   37.820  111.540   1000.0    776.8
     1     1    21     2    19    14     0     2    -1.0   38.107  111.059    812.8    794.6
     1     1    21     2    19    13     0     1    -2.0   38.344  110.618    626.2    832.8
     1     1    21     2    19    12     0     0    -3.0   38.561  110.130    554.0    834.0
     1     1    21     2    19    11     0     1    -4.0   38.792  109.588    577.5    818.6
     1     1    21     2    19    10     0     2    -5.0   39.035  109.019    624.1    804.0
     1     1    21     2    19     9     0     3    -6.0   39.264  108.415    650.9    793.7
     1     1    21     2    19     8     0     2    -7.0   39.452  107.783    640.0    797.9
     1     1    21     2    19     7     0     1    -8.0   39.573  107.171    557.9    805.9
     1     1    21     2    19     6     0     0    -9.0   39.625  106.630    430.4    819.8
     1     1    21     2    19     5     0     1   -10.0   39.638  106.158    397.1    827.0
     1     1    21     2    19     4     0     2   -11.0   39.675  105.684    481.4    814.2
     1     1    21     2    19     3     0     3   -12.0   39.805  105.159    597.3    800.8
     1     1    21     2    19     2     0     2   -13.0   40.069  104.575    649.3    782.9
     1     1    21     2    19     1     0     1   -14.0   40.338  103.923    513.4    803.2
     1     1    21     2    19     0     0     0   -15.0   40.505  103.279    439.8    820.8
     1     1    21     2    18    23     0     1   -16.0   40.668  102.633    461.6    817.0
     1     1    21     2    18    22     0     2   -17.0   40.811  102.049    460.7    830.1
     1     1    21     2    18    21     0     3   -18.0   40.936  101.545    436.9    846.1
     1     1    21     2    18    20     0     2   -19.0   41.067  101.091    417.8    855.6
     1     1    21     2    18    19     0     1   -20.0   41.200  100.614    412.4    857.2
     1     1    21     2    18    18     0     0   -21.0   41.346  100.065    418.8    851.8
     1     1    21     2    18    17     0     1   -22.0   41.509   99.490    460.8    838.6
     1     1    21     2    18    16     0     2   -23.0   41.696   98.921    629.6    810.9
     1     1    21     2    18    15     0     3   -24.0   41.879   98.435    841.9    768.9
     1     1    21     2    18    14     0     2   -25.0   42.066   98.012    955.7    748.7
     1     1    21     2    18    13     0     1   -26.0   42.280   97.554    983.7    745.5
     1     1    21     2    18    12     0     0   -27.0   42.516   97.020   1031.9    747.2
     1     1    21     2    18    11     0     1   -28.0   42.712   96.530   1103.5    748.4
     1     1    21     2    18    10     0     2   -29.0   42.807   96.117   1100.7    759.3
     1     1    21     2    18     9     0     3   -30.0   42.820   95.730    991.9    760.6
     1     1    21     2    18     8     0     2   -31.0   42.808   95.412    890.1    761.1
     1     1    21     2    18     7     0     1   -32.0   42.802   95.184    868.1    750.3
     1     1    21     2    18     6     0     0   -33.0   42.800   95.002    910.6    735.9
     1     1    21     2    18     5     0     1   -34.0   42.817   94.831    972.0    727.7
     1     1    21     2    18     4     0     2   -35.0   42.863   94.663   1012.9    724.6
     1     1    21     2    18     3     0     3   -36.0   42.933   94.502   1045.1    720.0
     1     1    21     2    18     2     0     2   -37.0   43.014   94.342   1085.3    716.1
     1     1    21     2    18     1     0     1   -38.0   43.097   94.147   1144.8    720.2
     1     1    21     2    18     0     0     0   -39.0   43.181   93.898   1218.6    728.7
     1     1    21     2    17    23     0     1   -40.0   43.247   93.622   1286.5    740.3
     1     1    21     2    17    22     0     2   -41.0   43.283   93.349   1328.9    750.9
     1     1    21     2    17    21     0     3   -42.0   43.291   93.080   1359.6    761.1
     1     1    21     2    17    20     0     2   -43.0   43.278   92.824   1380.4    767.9
     1     1    21     2    17    19     0     1   -44.0   43.257   92.591   1390.3    774.7
     1     1    21     2    17    18     0     0   -45.0   43.228   92.381   1392.5    783.3
     1     1    21     2    17    17     0     1   -46.0   43.187   92.188   1392.6    793.9
     1     1    21     2    17    16     0     2   -47.0   43.127   92.009   1395.0    807.0
     1     1    21     2    17    15     0     3   -48.0   43.050   91.841   1402.1    817.2
     1     1    21     2    17    14     0     2   -49.0   42.966   91.679   1410.4    818.8
     1     1    21     2    17    13     0     1   -50.0   42.890   91.515   1414.9    812.5
     1     1    21     2    17    12     0     0   -51.0   42.821   91.342   1422.2    805.7
     1     1    21     2    17    11     0     1   -52.0   42.756   91.162   1438.0    798.7
     1     1    21     2    17    10     0     2   -53.0   42.690   90.978   1473.0    789.3
     1     1    21     2    17     9     0     3   -54.0   42.628   90.805   1527.0    779.3
     1     1    21     2    17     8     0     2   -55.0   42.571   90.645   1577.0    769.8
     1     1    21     2    17     7     0     1   -56.0   42.516   90.491   1605.1    765.2
     1     1    21     2    17     6     0     0   -57.0   42.461   90.342   1613.6    763.2
     1     1    21     2    17     5     0     1   -58.0   42.407   90.196   1612.9    763.1
     1     1    21     2    17     4     0     2   -59.0   42.354   90.052   1612.6    762.6
     1     1    21     2    17     3     0     3   -60.0   42.303   89.909   1613.1    763.3
     1     1    21     2    17     2     0     2   -61.0   42.252   89.759   1614.5    764.2
     1     1    21     2    17     1     0     1   -62.0   42.201   89.596   1617.9    764.6
     1     1    21     2    17     0     0     0   -63.0   42.149   89.416   1626.0    764.5
     1     1    21     2    16    23     0     1   -64.0   42.096   89.213   1638.9    763.6
     1     1    21     2    16    22     0     2   -65.0   42.039   88.978   1653.9    760.7
     1     1    21     2    16    21     0     3   -66.0   41.986   88.717   1662.3    742.1
     1     1    21     2    16    20     0     2   -67.0   41.948   88.450   1676.3    725.4
     1     1    21     2    16    19     0     1   -68.0   41.927   88.194   1689.6    710.5
     1     1    21     2    16    18     0     0   -69.0   41.921   87.954   1700.6    700.9
     1     1    21     2    16    17     0     1   -70.0   41.922   87.728   1719.0    707.0
     1     1    21     2    16    16     0     2   -71.0   41.923   87.513   1738.2    712.7
     1     1    21     2    16    15     0     3   -72.0   41.922   87.311   1762.2    717.5
     1     1    21     2    16    14     0     2   -73.0   41.920   87.123   1791.6    720.8
     1     1    21     2    16    13     0     1   -74.0   41.917   86.953   1814.0    718.7
     1     1    21     2    16    12     0     0   -75.0   41.916   86.801   1816.4    707.3
     1     1    21     2    16    11     0     1   -76.0   41.915   86.656   1819.7    697.4
     1     1    21     2    16    10     0     2   -77.0   41.916   86.507   1835.6    685.0
     1     1    21     2    16     9     0     3   -78.0   41.921   86.360   1863.2    671.3
     1     1    21     2    16     8     0     2   -79.0   41.936   86.223   1898.1    657.3
     1     1    21     2    16     7     0     1   -80.0   41.965   86.102   1937.0    642.9
     1     1    21     2    16     6     0     0   -81.0   42.008   85.994   1982.0    628.5
     1     1    21     2    16     5     0     1   -82.0   42.051   85.890   2042.6    626.2
     1     1    21     2    16     4     0     2   -83.0   42.081   85.778   2099.0    626.4
     1     1    21     2    16     3     0     3   -84.0   42.102   85.662   2147.0    628.3
     1     1    21     2    16     2     0     2   -85.0   42.119   85.546   2185.6    631.5
     1     1    21     2    16     1     0     1   -86.0   42.140   85.434   2218.5    634.1
     1     1    21     2    16     0     0     0   -87.0   42.164   85.328   2248.3    636.0
     1     1    21     2    15    23     0     1   -88.0   42.189   85.228   2282.0    637.5
     1     1    21     2    15    22     0     2   -89.0   42.212   85.134   2323.7    637.3
     1     1    21     2    15    21     0     3   -90.0   42.230   85.049   2370.4    636.7
     1     1    21     2    15    20     0     2   -91.0   42.243   84.980   2415.7    634.1
     1     1    21     2    15    19     0     1   -92.0   42.250   84.930   2453.3    629.0
     1     1    21     2    15    18     0     0   -93.0   42.253   84.902   2485.3    625.3
     1     1    21     2    15    17     0     1   -94.0   42.253   84.905   2508.1    623.3
     1     1    21     2    15    16     0     2   -95.0   42.251   84.950   2522.2    623.5
     1     1    21     2    15    15     0     3   -96.0   42.247   85.036   2525.6    622.6
     1     1    21     2    15    14     0     2   -97.0   42.248   85.151   2523.4    615.8
     1     1    21     2    15    13     0     1   -98.0   42.260   85.280   2529.9    604.8
     1     1    21     2    15    12     0     0   -99.0   42.280   85.417   2539.8    592.2
     1     1    21     2    15    11     0     1  -100.0   42.305   85.547   2554.9    579.7
     1     1    21     2    15    10     0     2  -101.0   42.334   85.660   2580.2    567.0
     1     1    21     2    15     9     0     3  -102.0   42.366   85.759   2613.6    554.4
     1     1    21     2    15     8     0     2  -103.0   42.393   85.850   2640.2    543.1
     1     1    21     2    15     7     0     1  -104.0   42.409   85.935   2650.3    535.9
     1     1    21     2    15     6     0     0  -105.0   42.417   86.010   2650.1    532.0
     1     1    21     2    15     5     0     1  -106.0   42.417   86.072   2654.7    534.3
     1     1    21     2    15     4     0     2  -107.0   42.413   86.116   2660.2    535.7
     1     1    21     2    15     3     0     3  -108.0   42.405   86.141   2664.6    537.1
     1     1    21     2    15     2     0     2  -109.0   42.391   86.142   2683.5    538.4
     1     1    21     2    15     1     0     1  -110.0   42.369   86.110   2736.2    535.8
     1     1    21     2    15     0     0     0  -111.0   42.342   86.037   2831.5    529.1
     1     1    21     2    14    23     0     1  -112.0   42.304   85.936   2959.0    523.9
     1     1    21     2    14    22     0     2  -113.0   42.253   85.830   3078.2    526.3
     1     1    21     2    14    21     0     3  -114.0   42.188   85.718   3177.0    532.9
     1     1    21     2    14    20     0     2  -115.0   42.111   85.602   3259.0    542.8
     1     1    21     2    14    19     0     1  -116.0   42.020   85.486   3329.4    555.5
     1     1    21     2    14    18     0     0  -117.0   41.916   85.373   3370.9    564.9
     1     1    21     2    14    17     0     1  -118.0   41.809   85.268   3383.7    573.8
     1     1    21     2    14    16     0     2  -119.0   41.709   85.165   3377.5    582.4
     1     1    21     2    14    15     0     3  -120.0   41.621   85.059   3357.1    590.6
