     5     1
    GDAS    21     2     1     0     0
    GDAS    21     2     8     0     0
    GDAS    21     2    15     0     0
    GDAS    21     2    22     0     0
    GDAS    21     3     1     0     0
     1 BACKWARD OMEGA   
    21     2    24    17   37.820  111.540  1000.0
     1 PRESSURE
     1     1    21     2    24    17     0     1     0.0   37.820  111.540   1000.0    776.0
     1     1    21     2    24    16     0     2    -1.0   37.920  111.684    956.4    779.2
     1     1    21     2    24    15     0     3    -2.0   38.016  111.843    946.5    777.4
     1     1    21     2    24    14     0     2    -3.0   38.104  112.016    963.4    767.0
     1     1    21     2    24    13     0     1    -4.0   38.175  112.195    990.0    763.4
     1     1    21     2    24    12     0     0    -5.0   38.234  112.379   1014.6    760.9
     1     1    21     2    24    11     0     1    -6.0   38.276  112.558   1012.7    761.5
     1     1    21     2    24    10     0     2    -7.0   38.300  112.721    973.3    768.0
     1     1    21     2    24     9     0     3    -8.0   38.312  112.864    903.9    777.6
     1     1    21     2    24     8     0     2    -9.0   38.323  112.985    842.0    789.5
     1     1    21     2    24     7     0     1   -10.0   38.337  113.086    811.9    797.4
     1     1    21     2    24     6     0     0   -11.0   38.353  113.174    802.7    803.2
     1     1    21     2    24     5     0     1   -12.0   38.352  113.236    802.9    807.2
     1     1    21     2    24     4     0     2   -13.0   38.318  113.264    806.2    809.9
     1     1    21     2    24     3     0     3   -14.0   38.246  113.257    815.0    810.3
     1     1    21     2    24     2     0     2   -15.0   38.156  113.236    831.1    808.4
     1     1    21     2    24     1     0     1   -16.0   38.072  113.221    859.0    805.6
     1     1    21     2    24     0     0     0   -17.0   38.002  113.211    900.9    801.1
     1     1    21     2    23    23     0     1   -18.0   37.938  113.186    929.7    793.8
     1     1    21     2    23    22     0     2   -19.0   37.860  113.130    922.5    790.9
     1     1    21     2    23    21     0     3   -20.0   37.764  113.046    876.0    790.1
     1     1    21     2    23    20     0     2   -21.0   37.641  112.964    812.3    797.5
     1     1    21     2    23    19     0     1   -22.0   37.502  112.913    766.9    804.5
     1     1    21     2    23    18     0     0   -23.0   37.358  112.891    745.3    809.1
     1     1    21     2    23    17     0     1   -24.0   37.214  112.895    724.5    811.0
     1     1    21     2    23    16     0     2   -25.0   37.069  112.932    671.6    817.8
     1     1    21     2    23    15     0     3   -26.0   36.925  113.015    573.0    830.7
     1     1    21     2    23    14     0     2   -27.0   36.805  113.178    467.0    856.0
     1     1    21     2    23    13     0     1   -28.0   36.735  113.396    381.5    877.6
     1     1    21     2    23    12     0     0   -29.0   36.721  113.622    304.1    897.8
     1     1    21     2    23    11     0     1   -30.0   36.746  113.812    190.6    916.6
     1     1    21     2    23    10     0     2   -31.0   36.765  113.961     75.3    946.7
     1     1    21     2    23     9     0     3   -32.0   36.758  114.111      0.3    962.1
     1     1    21     2    23     8     0     2   -33.0   36.729  114.261      0.0    972.2
     1     1    21     2    23     7     0     1   -34.0   36.679  114.399      0.0    981.7
     1     1    21     2    23     6     0     0   -35.0   36.608  114.524      0.0    990.2
     1     1    21     2    23     5     0     1   -36.0   36.526  114.638      0.0    998.7
     1     1    21     2    23     4     0     2   -37.0   36.441  114.742      0.0   1006.1
     1     1    21     2    23     3     0     3   -38.0   36.351  114.840      0.0   1012.4
     1     1    21     2    23     2     0     2   -39.0   36.266  114.931      0.0   1017.1
     1     1    21     2    23     1     0     1   -40.0   36.195  115.011      0.0   1020.6
     1     1    21     2    23     0     0     0   -41.0   36.140  115.076      0.0   1021.3
     1     1    21     2    22    23     0     1   -42.0   36.090  115.137      0.0   1021.2
     1     1    21     2    22    22     0     2   -43.0   36.028  115.209      0.0   1021.0
     1     1    21     2    22    21     0     3   -44.0   35.953  115.295      0.0   1020.7
     1     1    21     2    22    20     0     2   -45.0   35.874  115.406      0.1   1020.7
     1     1    21     2    22    19     0     1   -46.0   35.802  115.545      0.2   1021.1
     1     1    21     2    22    18     0     0   -47.0   35.737  115.704      0.2   1021.8
     1     1    21     2    22    17     0     1   -48.0   35.684  115.875      0.1   1022.1
     1     1    21     2    22    16     0     2   -49.0   35.642  116.054      0.0   1022.1
     1     1    21     2    22    15     0     3   -50.0   35.608  116.237      0.3   1021.3
     1     1    21     2    22    14     0     2   -51.0   35.586  116.412      0.6   1019.6
     1     1    21     2    22    13     0     1   -52.0   35.580  116.573      0.8   1017.8
     1     1    21     2    22    12     0     0   -53.0   35.586  116.732      1.3   1015.7
     1     1    21     2    22    11     0     1   -54.0   35.608  116.907      2.7   1013.6
     1     1    21     2    22    10     0     2   -55.0   35.655  117.112      5.9   1008.8
     1     1    21     2    22     9     0     3   -56.0   35.735  117.343     11.0   1000.8
     1     1    21     2    22     8     0     2   -57.0   35.850  117.591     21.6    990.4
     1     1    21     2    22     7     0     1   -58.0   36.002  117.852     50.5    975.5
     1     1    21     2    22     6     0     0   -59.0   36.192  118.125    106.7    975.4
     1     1    21     2    22     5     0     1   -60.0   36.423  118.407    170.3    981.4
     1     1    21     2    22     4     0     2   -61.0   36.697  118.697    202.5    989.4
     1     1    21     2    22     3     0     3   -62.0   37.014  119.008    199.6    999.8
     1     1    21     2    22     2     0     2   -63.0   37.344  119.334    203.2    997.7
     1     1    21     2    22     1     0     1   -64.0   37.692  119.684    238.5    991.7
     1     1    21     2    22     0     0     0   -65.0   38.126  120.085    293.5    986.9
     1     1    21     2    21    23     0     1   -66.0   38.646  120.487    341.8    978.1
     1     1    21     2    21    22     0     2   -67.0   39.225  120.868    403.5    973.4
     1     1    21     2    21    21     0     3   -68.0   39.861  121.244    508.0    957.2
     1     1    21     2    21    20     0     2   -69.0   40.513  121.575    650.7    937.2
     1     1    21     2    21    19     0     1   -70.0   41.127  121.782    765.2    916.1
     1     1    21     2    21    18     0     0   -71.0   41.699  121.851    845.7    904.3
     1     1    21     2    21    17     0     1   -72.0   42.248  121.774    940.0    881.1
     1     1    21     2    21    16     0     2   -73.0   42.792  121.571   1002.4    861.2
     1     1    21     2    21    15     0     3   -74.0   43.342  121.279   1027.8    859.3
     1     1    21     2    21    14     0     2   -75.0   43.879  120.904   1096.4    856.5
     1     1    21     2    21    13     0     1   -76.0   44.400  120.360   1188.9    816.6
     1     1    21     2    21    12     0     0   -77.0   44.889  119.584   1353.9    764.3
     1     1    21     2    21    11     0     1   -78.0   45.297  118.700   1597.6    721.1
     1     1    21     2    21    10     0     2   -79.0   45.676  117.826   1720.5    717.7
     1     1    21     2    21     9     0     3   -80.0   46.042  116.887   1839.0    706.8
     1     1    21     2    21     8     0     2   -81.0   46.378  115.974   1783.2    719.9
     1     1    21     2    21     7     0     1   -82.0   46.705  115.197   1825.8    714.3
     1     1    21     2    21     6     0     0   -83.0   46.994  114.327   2067.2    678.0
     1     1    21     2    21     5     0     1   -84.0   47.268  113.484   1981.2    690.6
     1     1    21     2    21     4     0     2   -85.0   47.566  112.722   1808.9    706.7
     1     1    21     2    21     3     0     3   -86.0   47.882  112.037   1695.2    712.7
     1     1    21     2    21     2     0     2   -87.0   48.223  111.364   1723.6    709.6
     1     1    21     2    21     1     0     1   -88.0   48.560  110.512   1918.9    670.0
     1     1    21     2    21     0     0     0   -89.0   48.912  109.449   2211.8    625.1
     1     1    21     2    20    23     0     1   -90.0   49.328  108.267   2607.1    593.8
     1     1    21     2    20    22     0     2   -91.0   49.680  107.241   2608.8    628.8
     1     1    21     2    20    21     0     3   -92.0   49.949  106.363   2419.6    665.8
     1     1    21     2    20    20     0     2   -93.0   50.153  105.553   2216.3    674.4
     1     1    21     2    20    19     0     1   -94.0   50.372  104.675   2067.1    660.0
     1     1    21     2    20    18     0     0   -95.0   50.666  103.708   2124.7    635.0
     1     1    21     2    20    17     0     1   -96.0   51.015  102.629   2286.1    595.8
     1     1    21     2    20    16     0     2   -97.0   51.412  101.334   2598.3    545.0
     1     1    21     2    20    15     0     3   -98.0   51.788   99.885   2634.7    540.1
     1     1    21     2    20    14     0     2   -99.0   52.104   98.260   3101.0    517.4
     1     1    21     2    20    13     0     1  -100.0   52.320   96.692   3115.5    560.3
     1     1    21     2    20    12     0     0  -101.0   52.464   95.150   2927.5    579.0
     1     1    21     2    20    11     0     1  -102.0   52.584   93.597   3050.2    588.6
     1     1    21     2    20    10     0     2  -103.0   52.694   92.102   3167.7    591.1
     1     1    21     2    20     9     0     3  -104.0   52.776   90.675   3056.7    605.9
     1     1    21     2    20     8     0     2  -105.0   52.755   89.252   2972.0    612.4
     1     1    21     2    20     7     0     1  -106.0   52.685   87.835   3139.3    606.2
     1     1    21     2    20     6     0     0  -107.0   52.615   86.622   3090.0    648.2
     1     1    21     2    20     5     0     1  -108.0   52.551   85.506   3052.7    651.0
     1     1    21     2    20     4     0     2  -109.0   52.495   84.408   3002.9    660.5
     1     1    21     2    20     3     0     3  -110.0   52.446   83.350   2983.9    665.8
     1     1    21     2    20     2     0     2  -111.0   52.409   82.323   2962.8    669.0
     1     1    21     2    20     1     0     1  -112.0   52.386   81.313   2904.3    675.1
     1     1    21     2    20     0     0     0  -113.0   52.375   80.306   2855.4    682.8
     1     1    21     2    19    23     0     1  -114.0   52.370   79.311   2823.8    690.1
     1     1    21     2    19    22     0     2  -115.0   52.360   78.338   2798.6    691.0
     1     1    21     2    19    21     0     3  -116.0   52.340   77.398   2758.4    698.2
     1     1    21     2    19    20     0     2  -117.0   52.316   76.491   2742.5    699.3
     1     1    21     2    19    19     0     1  -118.0   52.289   75.605   2743.8    696.3
     1     1    21     2    19    18     0     0  -119.0   52.259   74.754   2744.6    694.3
     1     1    21     2    19    17     0     1  -120.0   52.229   73.931   2730.1    691.8
