     5     1
    GDAS    21     2     1     0     0
    GDAS    21     2     8     0     0
    GDAS    21     2    15     0     0
    GDAS    21     2    22     0     0
    GDAS    21     3     1     0     0
     1 BACKWARD OMEGA   
    21     2    21    18   37.820  111.540  1000.0
     1 PRESSURE
     1     1    21     2    21    18     0     0     0.0   37.820  111.540   1000.0    777.2
     1     1    21     2    21    17     0     1    -1.0   38.028  111.316   1028.6    780.4
     1     1    21     2    21    16     0     2    -2.0   38.245  111.116   1056.5    779.7
     1     1    21     2    21    15     0     3    -3.0   38.468  110.965   1041.8    786.7
     1     1    21     2    21    14     0     2    -4.0   38.690  110.842    976.0    793.4
     1     1    21     2    21    13     0     1    -5.0   38.912  110.713    884.1    802.2
     1     1    21     2    21    12     0     0    -6.0   39.143  110.571    799.2    806.1
     1     1    21     2    21    11     0     1    -7.0   39.363  110.377    740.7    802.5
     1     1    21     2    21    10     0     2    -8.0   39.562  110.120    715.2    797.5
     1     1    21     2    21     9     0     3    -9.0   39.757  109.813    738.6    789.1
     1     1    21     2    21     8     0     2   -10.0   39.937  109.479    791.0    774.8
     1     1    21     2    21     7     0     1   -11.0   40.088  109.152    846.8    767.4
     1     1    21     2    21     6     0     0   -12.0   40.216  108.834    889.2    768.8
     1     1    21     2    21     5     0     1   -13.0   40.352  108.537    907.1    778.4
     1     1    21     2    21     4     0     2   -14.0   40.509  108.282    902.4    786.0
     1     1    21     2    21     3     0     3   -15.0   40.686  108.074    856.5    796.1
     1     1    21     2    21     2     0     2   -16.0   40.889  107.875    759.6    807.3
     1     1    21     2    21     1     0     1   -17.0   41.086  107.647    656.8    819.3
     1     1    21     2    21     0     0     0   -18.0   41.276  107.386    600.5    821.1
     1     1    21     2    20    23     0     1   -19.0   41.461  107.099    561.9    818.4
     1     1    21     2    20    22     0     2   -20.0   41.608  106.769    493.5    824.0
     1     1    21     2    20    21     0     3   -21.0   41.692  106.361    420.8    839.9
     1     1    21     2    20    20     0     2   -22.0   41.755  105.929    391.5    848.7
     1     1    21     2    20    19     0     1   -23.0   41.854  105.493    415.3    841.8
     1     1    21     2    20    18     0     0   -24.0   41.994  105.034    443.6    829.0
     1     1    21     2    20    17     0     1   -25.0   42.193  104.582    480.2    821.3
     1     1    21     2    20    16     0     2   -26.0   42.471  104.142    552.7    805.3
     1     1    21     2    20    15     0     3   -27.0   42.781  103.679    580.8    791.3
     1     1    21     2    20    14     0     2   -28.0   43.086  103.173    515.4    801.9
     1     1    21     2    20    13     0     1   -29.0   43.335  102.615    534.2    807.7
     1     1    21     2    20    12     0     0   -30.0   43.593  102.018    671.3    789.2
     1     1    21     2    20    11     0     1   -31.0   43.819  101.396    752.5    789.9
     1     1    21     2    20    10     0     2   -32.0   44.004  100.734    863.7    789.3
     1     1    21     2    20     9     0     3   -33.0   44.217  100.175    759.2    754.7
     1     1    21     2    20     8     0     2   -34.0   44.395   99.654    620.4    781.8
     1     1    21     2    20     7     0     1   -35.0   44.653   99.072    804.6    753.0
     1     1    21     2    20     6     0     0   -36.0   45.074   98.416   1128.8    657.6
     1     1    21     2    20     5     0     1   -37.0   45.536   97.674   1266.6    664.0
     1     1    21     2    20     4     0     2   -38.0   45.925   96.902   1050.3    701.0
     1     1    21     2    20     3     0     3   -39.0   46.133   96.272    730.5    762.5
     1     1    21     2    20     2     0     2   -40.0   46.202   95.832    560.3    795.7
     1     1    21     2    20     1     0     1   -41.0   46.205   95.526    445.2    807.8
     1     1    21     2    20     0     0     0   -42.0   46.172   95.335    379.6    819.1
     1     1    21     2    19    23     0     1   -43.0   46.137   95.212    339.6    822.9
     1     1    21     2    19    22     0     2   -44.0   46.118   95.139    300.1    827.8
     1     1    21     2    19    21     0     3   -45.0   46.118   95.107    250.3    833.1
     1     1    21     2    19    20     0     2   -46.0   46.110   95.107    224.6    839.7
     1     1    21     2    19    19     0     1   -47.0   46.071   95.114    252.2    838.4
     1     1    21     2    19    18     0     0   -48.0   46.005   95.110    320.4    833.2
     1     1    21     2    19    17     0     1   -49.0   45.918   95.055    377.9    816.9
     1     1    21     2    19    16     0     2   -50.0   45.811   94.919    460.1    796.6
     1     1    21     2    19    15     0     3   -51.0   45.650   94.583    731.3    748.1
     1     1    21     2    19    14     0     2   -52.0   45.459   93.916   1142.6    687.0
     1     1    21     2    19    13     0     1   -53.0   45.262   93.247   1351.1    692.0
     1     1    21     2    19    12     0     0   -54.0   45.042   92.746   1402.7    709.6
     1     1    21     2    19    11     0     1   -55.0   44.798   92.338   1427.9    715.0
     1     1    21     2    19    10     0     2   -56.0   44.551   91.970   1467.7    702.6
     1     1    21     2    19     9     0     3   -57.0   44.323   91.616   1501.0    700.3
     1     1    21     2    19     8     0     2   -58.0   44.148   91.299   1564.9    710.7
     1     1    21     2    19     7     0     1   -59.0   44.008   91.065   1807.7    714.6
     1     1    21     2    19     6     0     0   -60.0   43.838   90.884   2267.4    685.7
     1     1    21     2    19     5     0     1   -61.0   43.616   90.640   2657.1    650.5
     1     1    21     2    19     4     0     2   -62.0   43.387   90.323   2810.6    653.4
     1     1    21     2    19     3     0     3   -63.0   43.161   89.992   2806.0    662.9
     1     1    21     2    19     2     0     2   -64.0   42.949   89.676   2774.6    685.0
     1     1    21     2    19     1     0     1   -65.0   42.775   89.378   2773.3    688.2
     1     1    21     2    19     0     0     0   -66.0   42.647   89.093   2803.7    686.6
     1     1    21     2    18    23     0     1   -67.0   42.543   88.807   2815.6    669.4
     1     1    21     2    18    22     0     2   -68.0   42.441   88.490   2794.8    646.6
     1     1    21     2    18    21     0     3   -69.0   42.344   88.139   2740.1    626.5
     1     1    21     2    18    20     0     2   -70.0   42.254   87.762   2717.6    616.9
     1     1    21     2    18    19     0     1   -71.0   42.175   87.366   2793.0    609.9
     1     1    21     2    18    18     0     0   -72.0   42.111   86.953   2939.1    603.8
     1     1    21     2    18    17     0     1   -73.0   42.076   86.556   2975.7    574.7
     1     1    21     2    18    16     0     2   -74.0   42.071   86.202   2901.1    563.1
     1     1    21     2    18    15     0     3   -75.0   42.075   85.886   2843.0    565.7
     1     1    21     2    18    14     0     2   -76.0   42.074   85.582   2855.0    585.6
     1     1    21     2    18    13     0     1   -77.0   42.064   85.275   2896.7    604.0
     1     1    21     2    18    12     0     0   -78.0   42.053   84.982   2955.4    618.7
     1     1    21     2    18    11     0     1   -79.0   42.041   84.700   2982.2    609.1
     1     1    21     2    18    10     0     2   -80.0   42.025   84.418   3013.6    600.3
     1     1    21     2    18     9     0     3   -81.0   42.000   84.146   3054.0    591.7
     1     1    21     2    18     8     0     2   -82.0   41.970   83.897   3105.0    582.9
     1     1    21     2    18     7     0     1   -83.0   41.945   83.682   3165.2    575.0
     1     1    21     2    18     6     0     0   -84.0   41.930   83.503   3227.0    568.2
     1     1    21     2    18     5     0     1   -85.0   41.931   83.354   3280.9    560.4
     1     1    21     2    18     4     0     2   -86.0   41.953   83.226   3313.8    554.3
     1     1    21     2    18     3     0     3   -87.0   41.999   83.120   3324.2    549.0
     1     1    21     2    18     2     0     2   -88.0   42.065   83.022   3314.8    542.6
     1     1    21     2    18     1     0     1   -89.0   42.150   82.914   3309.3    535.6
     1     1    21     2    18     0     0     0   -90.0   42.251   82.794   3320.4    528.0
     1     1    21     2    17    23     0     1   -91.0   42.367   82.661   3359.6    519.8
     1     1    21     2    17    22     0     2   -92.0   42.494   82.520   3429.7    510.9
     1     1    21     2    17    21     0     3   -93.0   42.636   82.368   3521.9    503.2
     1     1    21     2    17    20     0     2   -94.0   42.787   82.202   3620.1    498.5
     1     1    21     2    17    19     0     1   -95.0   42.940   82.018   3718.6    499.9
     1     1    21     2    17    18     0     0   -96.0   43.092   81.819   3807.6    501.0
     1     1    21     2    17    17     0     1   -97.0   43.239   81.602   3897.5    505.8
     1     1    21     2    17    16     0     2   -98.0   43.379   81.357   3973.4    514.4
     1     1    21     2    17    15     0     3   -99.0   43.518   81.086   4019.9    528.6
     1     1    21     2    17    14     0     2  -100.0   43.646   80.795   4027.1    542.1
     1     1    21     2    17    13     0     1  -101.0   43.756   80.495   4034.0    552.0
     1     1    21     2    17    12     0     0  -102.0   43.854   80.191   4061.1    560.8
     1     1    21     2    17    11     0     1  -103.0   43.945   79.894   4094.3    566.3
     1     1    21     2    17    10     0     2  -104.0   44.027   79.608   4096.0    562.2
     1     1    21     2    17     9     0     3  -105.0   44.100   79.330   4074.3    550.4
     1     1    21     2    17     8     0     2  -106.0   44.174   79.054   4075.5    542.2
     1     1    21     2    17     7     0     1  -107.0   44.253   78.774   4107.9    535.3
     1     1    21     2    17     6     0     0  -108.0   44.339   78.497   4173.3    531.9
     1     1    21     2    17     5     0     1  -109.0   44.427   78.216   4254.8    532.2
     1     1    21     2    17     4     0     2  -110.0   44.518   77.917   4331.7    539.4
     1     1    21     2    17     3     0     3  -111.0   44.614   77.601   4380.7    545.3
     1     1    21     2    17     2     0     2  -112.0   44.705   77.270   4417.5    550.9
     1     1    21     2    17     1     0     1  -113.0   44.780   76.926   4452.1    553.0
     1     1    21     2    17     0     0     0  -114.0   44.853   76.568   4478.8    551.3
     1     1    21     2    16    23     0     1  -115.0   44.932   76.191   4498.1    550.5
     1     1    21     2    16    22     0     2  -116.0   45.011   75.796   4510.7    552.2
     1     1    21     2    16    21     0     3  -117.0   45.084   75.388   4526.0    553.6
     1     1    21     2    16    20     0     2  -118.0   45.154   74.962   4546.5    553.4
     1     1    21     2    16    19     0     1  -119.0   45.221   74.501   4566.6    552.0
     1     1    21     2    16    18     0     0  -120.0   45.290   74.010   4604.5    550.1
