     5     1
    GDAS    21     2     1     0     0
    GDAS    21     2     8     0     0
    GDAS    21     2    15     0     0
    GDAS    21     2    22     0     0
    GDAS    21     3     1     0     0
     1 BACKWARD OMEGA   
    21     2    28    21   37.820  111.540  1000.0
     1 PRESSURE
     1     1    21     2    28    21     0     3     0.0   37.820  111.540   1000.0    777.9
     1     1    21     2    28    20     0     2    -1.0   38.147  111.677   1083.0    760.4
     1     1    21     2    28    19     0     1    -2.0   38.429  111.798   1054.0    747.8
     1     1    21     2    28    18     0     0    -3.0   38.695  111.909    911.6    749.6
     1     1    21     2    28    17     0     1    -4.0   38.974  112.042    761.5    755.9
     1     1    21     2    28    16     0     2    -5.0   39.236  112.169    669.8    773.7
     1     1    21     2    28    15     0     3    -6.0   39.459  112.266    614.0    787.6
     1     1    21     2    28    14     0     2    -7.0   39.666  112.357    598.7    795.0
     1     1    21     2    28    13     0     1    -8.0   39.870  112.465    618.1    797.6
     1     1    21     2    28    12     0     0    -9.0   40.070  112.597    651.3    795.3
     1     1    21     2    28    11     0     1   -10.0   40.246  112.738    664.8    790.9
     1     1    21     2    28    10     0     2   -11.0   40.391  112.888    629.4    792.4
     1     1    21     2    28     9     0     3   -12.0   40.524  113.072    520.0    802.3
     1     1    21     2    28     8     0     2   -13.0   40.649  113.268    400.4    822.7
     1     1    21     2    28     7     0     1   -14.0   40.774  113.440    335.7    830.3
     1     1    21     2    28     6     0     0   -15.0   40.904  113.587    324.2    829.9
     1     1    21     2    28     5     0     1   -16.0   41.049  113.716    348.5    824.3
     1     1    21     2    28     4     0     2   -17.0   41.214  113.828    386.9    819.2
     1     1    21     2    28     3     0     3   -18.0   41.396  113.914    430.8    813.2
     1     1    21     2    28     2     0     2   -19.0   41.596  113.965    484.9    805.3
     1     1    21     2    28     1     0     1   -20.0   41.815  113.970    559.0    795.1
     1     1    21     2    28     0     0     0   -21.0   42.045  113.918    655.0    784.8
     1     1    21     2    27    23     0     1   -22.0   42.250  113.832    732.6    782.6
     1     1    21     2    27    22     0     2   -23.0   42.429  113.739    768.3    788.2
     1     1    21     2    27    21     0     3   -24.0   42.602  113.631    774.9    796.0
     1     1    21     2    27    20     0     2   -25.0   42.781  113.510    767.2    806.9
     1     1    21     2    27    19     0     1   -26.0   42.976  113.375    790.8    818.0
     1     1    21     2    27    18     0     0   -27.0   43.179  113.215    872.5    811.6
     1     1    21     2    27    17     0     1   -28.0   43.359  113.047    945.3    800.4
     1     1    21     2    27    16     0     2   -29.0   43.513  112.909    954.2    799.3
     1     1    21     2    27    15     0     3   -30.0   43.657  112.810    911.3    804.8
     1     1    21     2    27    14     0     2   -31.0   43.801  112.744    846.9    813.2
     1     1    21     2    27    13     0     1   -32.0   43.953  112.701    776.3    820.1
     1     1    21     2    27    12     0     0   -33.0   44.117  112.692    700.1    825.7
     1     1    21     2    27    11     0     1   -34.0   44.297  112.708    639.7    830.7
     1     1    21     2    27    10     0     2   -35.0   44.492  112.717    609.2    829.2
     1     1    21     2    27     9     0     3   -36.0   44.703  112.703    609.2    824.8
     1     1    21     2    27     8     0     2   -37.0   44.908  112.656    619.8    817.5
     1     1    21     2    27     7     0     1   -38.0   45.095  112.592    626.4    817.1
     1     1    21     2    27     6     0     0   -39.0   45.267  112.527    630.4    817.8
     1     1    21     2    27     5     0     1   -40.0   45.431  112.469    610.7    819.8
     1     1    21     2    27     4     0     2   -41.0   45.603  112.433    548.3    827.3
     1     1    21     2    27     3     0     3   -42.0   45.794  112.419    440.5    839.9
     1     1    21     2    27     2     0     2   -43.0   46.008  112.421    340.6    856.8
     1     1    21     2    27     1     0     1   -44.0   46.256  112.405    293.5    857.5
     1     1    21     2    27     0     0     0   -45.0   46.534  112.340    280.1    850.3
     1     1    21     2    26    23     0     1   -46.0   46.836  112.200    278.5    842.7
     1     1    21     2    26    22     0     2   -47.0   47.175  111.993    316.9    837.6
     1     1    21     2    26    21     0     3   -48.0   47.543  111.732    412.0    829.1
     1     1    21     2    26    20     0     2   -49.0   47.915  111.411    504.3    814.9
     1     1    21     2    26    19     0     1   -50.0   48.307  111.072    589.4    803.6
     1     1    21     2    26    18     0     0   -51.0   48.702  110.697    723.6    788.3
     1     1    21     2    26    17     0     1   -52.0   49.077  110.186    941.3    756.7
     1     1    21     2    26    16     0     2   -53.0   49.398  109.544   1174.4    717.4
     1     1    21     2    26    15     0     3   -54.0   49.658  108.882   1344.4    716.5
     1     1    21     2    26    14     0     2   -55.0   49.836  108.252   1360.9    725.8
     1     1    21     2    26    13     0     1   -56.0   49.958  107.730   1249.0    765.0
     1     1    21     2    26    12     0     0   -57.0   50.092  107.283   1218.1    784.8
     1     1    21     2    26    11     0     1   -58.0   50.239  106.836   1295.3    772.8
     1     1    21     2    26    10     0     2   -59.0   50.358  106.397   1353.4    764.8
     1     1    21     2    26     9     0     3   -60.0   50.440  105.921   1376.6    761.2
     1     1    21     2    26     8     0     2   -61.0   50.495  105.338   1376.3    733.6
     1     1    21     2    26     7     0     1   -62.0   50.537  104.624   1370.5    713.3
     1     1    21     2    26     6     0     0   -63.0   50.565  103.812   1399.8    700.1
     1     1    21     2    26     5     0     1   -64.0   50.583  102.961   1450.1    680.1
     1     1    21     2    26     4     0     2   -65.0   50.615  102.009   1726.2    646.8
     1     1    21     2    26     3     0     3   -66.0   50.580  100.729   2051.3    606.5
     1     1    21     2    26     2     0     2   -67.0   50.408   99.205   2144.0    588.5
     1     1    21     2    26     1     0     1   -68.0   50.176   97.693   2088.7    580.6
     1     1    21     2    26     0     0     0   -69.0   49.793   96.054   2847.9    543.2
     1     1    21     2    25    23     0     1   -70.0   49.434   94.551   3415.1    543.6
     1     1    21     2    25    22     0     2   -71.0   49.073   92.939   3665.5    530.3
     1     1    21     2    25    21     0     3   -72.0   48.534   90.915   4098.9    446.2
     1     1    21     2    25    20     0     2   -73.0   47.432   88.841   5240.6    412.4
     1     1    21     2    25    19     0     1   -74.0   46.720   86.811   5357.0    440.8
     1     1    21     2    25    18     0     0   -75.0   45.995   84.962   5575.6    436.2
     1     1    21     2    25    17     0     1   -76.0   45.269   83.206   5731.4    434.6
     1     1    21     2    25    16     0     2   -77.0   44.618   81.525   5577.7    412.6
     1     1    21     2    25    15     0     3   -78.0   43.992   79.758   5719.6    435.2
     1     1    21     2    25    14     0     2   -79.0   43.422   77.932   5081.2    388.1
     1     1    21     2    25    13     0     1   -80.0   42.869   75.674   5006.2    409.9
     1     1    21     2    25    12     0     0   -81.0   42.300   73.394   4926.6    402.6
     1     1    21     2    25    11     0     1   -82.0   41.658   71.121   4291.0    424.1
     1     1    21     2    25    10     0     2   -83.0   40.984   69.436   4013.1    558.3
     1     1    21     2    25     9     0     3   -84.0   40.342   68.181   3929.8    575.4
     1     1    21     2    25     8     0     2   -85.0   39.775   66.956   3699.5    574.3
     1     1    21     2    25     7     0     1   -86.0   39.352   65.855   3531.3    620.0
     1     1    21     2    25     6     0     0   -87.0   39.057   64.831   3391.4    644.6
     1     1    21     2    25     5     0     1   -88.0   38.879   63.805   3364.4    651.2
     1     1    21     2    25     4     0     2   -89.0   38.789   62.766   3407.2    647.9
     1     1    21     2    25     3     0     3   -90.0   38.774   61.704   3495.7    643.4
     1     1    21     2    25     2     0     2   -91.0   38.821   60.639   3616.5    632.7
     1     1    21     2    25     1     0     1   -92.0   38.933   59.567   3701.4    627.4
     1     1    21     2    25     0     0     0   -93.0   39.114   58.497   3759.8    625.1
     1     1    21     2    24    23     0     1   -94.0   39.373   57.434   3846.2    623.4
     1     1    21     2    24    22     0     2   -95.0   39.729   56.355   4018.6    603.8
     1     1    21     2    24    21     0     3   -96.0   40.181   55.225   4216.1    580.5
     1     1    21     2    24    20     0     2   -97.0   40.685   54.095   4274.5    583.7
     1     1    21     2    24    19     0     1   -98.0   41.242   53.003   4271.7    590.7
     1     1    21     2    24    18     0     0   -99.0   41.875   51.957   4330.0    586.5
     1     1    21     2    24    17     0     1  -100.0   42.554   50.956   4512.8    572.5
     1     1    21     2    24    16     0     2  -101.0   43.285   50.033   4745.5    550.0
     1     1    21     2    24    15     0     3  -102.0   44.077   49.189   4812.0    544.9
     1     1    21     2    24    14     0     2  -103.0   44.926   48.470   4811.7    545.8
     1     1    21     2    24    13     0     1  -104.0   45.853   47.900   4834.1    543.5
     1     1    21     2    24    12     0     0  -105.0   46.851   47.450   4883.0    537.2
     1     1    21     2    24    11     0     1  -106.0   47.905   47.146   4953.3    529.2
     1     1    21     2    24    10     0     2  -107.0   48.991   46.976   5000.8    524.5
     1     1    21     2    24     9     0     3  -108.0   50.083   46.909   5080.2    519.2
     1     1    21     2    24     8     0     2  -109.0   51.192   46.952   5188.7    503.2
     1     1    21     2    24     7     0     1  -110.0   52.322   47.096   5270.4    492.4
     1     1    21     2    24     6     0     0  -111.0   53.436   47.315   5307.6    483.5
     1     1    21     2    24     5     0     1  -112.0   54.513   47.642   5364.1    485.4
     1     1    21     2    24     4     0     2  -113.0   55.581   48.062   5506.9    476.6
     1     1    21     2    24     3     0     3  -114.0   56.620   48.534   5583.2    469.5
     1     1    21     2    24     2     0     2  -115.0   57.610   49.080   5605.6    468.8
     1     1    21     2    24     1     0     1  -116.0   58.549   49.702   5682.0    461.3
     1     1    21     2    24     0     0     0  -117.0   59.442   50.350   5768.8    455.7
     1     1    21     2    23    23     0     1  -118.0   60.283   51.047   5884.1    446.7
     1     1    21     2    23    22     0     2  -119.0   61.068   51.770   6005.0    441.7
     1     1    21     2    23    21     0     3  -120.0   61.806   52.461   6060.5    437.3
