     5     1
    GDAS    21     2     1     0     0
    GDAS    21     2     8     0     0
    GDAS    21     2    15     0     0
    GDAS    21     2    22     0     0
    GDAS    21     3     1     0     0
     1 BACKWARD OMEGA   
    21     2     6    18   44.970  -93.230   500.0
     1 PRESSURE
     1     1    21     2     6    18     0     0     0.0   44.970  -93.230    500.0    920.7
     1     1    21     2     6    17     0     1    -1.0   45.115  -93.647    514.9    920.0
     1     1    21     2     6    16     0     2    -2.0   45.347  -94.112    555.3    908.7
     1     1    21     2     6    15     0     3    -3.0   45.674  -94.625    610.5    896.1
     1     1    21     2     6    14     0     2    -4.0   46.071  -95.168    671.8    883.3
     1     1    21     2     6    13     0     1    -5.0   46.485  -95.688    714.4    876.8
     1     1    21     2     6    12     0     0    -6.0   46.898  -96.182    745.7    876.6
     1     1    21     2     6    11     0     1    -7.0   47.310  -96.638    768.1    879.4
     1     1    21     2     6    10     0     2    -8.0   47.741  -97.049    780.0    884.0
     1     1    21     2     6     9     0     3    -9.0   48.184  -97.471    806.9    873.2
     1     1    21     2     6     8     0     2   -10.0   48.613  -97.904    840.9    863.4
     1     1    21     2     6     7     0     1   -11.0   49.036  -98.311    877.0    861.1
     1     1    21     2     6     6     0     0   -12.0   49.437  -98.677    914.3    853.5
     1     1    21     2     6     5     0     1   -13.0   49.834  -98.983    923.1    852.9
     1     1    21     2     6     4     0     2   -14.0   50.262  -99.231    891.6    858.5
     1     1    21     2     6     3     0     3   -15.0   50.718  -99.455    834.0    865.7
     1     1    21     2     6     2     0     2   -16.0   51.178  -99.697    757.5    875.6
     1     1    21     2     6     1     0     1   -17.0   51.621  -99.994    688.4    890.5
     1     1    21     2     6     0     0     0   -18.0   52.045 -100.349    659.4    890.6
     1     1    21     2     5    23     0     1   -19.0   52.444 -100.717    635.7    886.1
     1     1    21     2     5    22     0     2   -20.0   52.812 -101.106    613.7    899.1
     1     1    21     2     5    21     0     3   -21.0   53.145 -101.483    595.6    900.7
     1     1    21     2     5    20     0     2   -22.0   53.448 -101.801    563.7    904.7
     1     1    21     2     5    19     0     1   -23.0   53.750 -102.070    537.1    910.9
     1     1    21     2     5    18     0     0   -24.0   54.069 -102.301    527.4    913.8
     1     1    21     2     5    17     0     1   -25.0   54.425 -102.485    531.1    909.7
     1     1    21     2     5    16     0     2   -26.0   54.824 -102.625    540.1    904.7
     1     1    21     2     5    15     0     3   -27.0   55.266 -102.729    549.3    901.7
     1     1    21     2     5    14     0     2   -28.0   55.731 -102.823    556.6    900.4
     1     1    21     2     5    13     0     1   -29.0   56.192 -102.936    554.9    899.6
     1     1    21     2     5    12     0     0   -30.0   56.634 -103.090    550.4    900.7
     1     1    21     2     5    11     0     1   -31.0   57.064 -103.263    560.7    898.2
     1     1    21     2     5    10     0     2   -32.0   57.490 -103.430    579.1    892.0
     1     1    21     2     5     9     0     3   -33.0   57.904 -103.597    596.4    887.9
     1     1    21     2     5     8     0     2   -34.0   58.300 -103.766    608.8    885.6
     1     1    21     2     5     7     0     1   -35.0   58.671 -103.928    609.2    884.7
     1     1    21     2     5     6     0     0   -36.0   59.013 -104.073    589.1    886.8
     1     1    21     2     5     5     0     1   -37.0   59.337 -104.200    561.7    893.1
     1     1    21     2     5     4     0     2   -38.0   59.650 -104.315    546.5    895.1
     1     1    21     2     5     3     0     3   -39.0   59.949 -104.417    545.8    895.2
     1     1    21     2     5     2     0     2   -40.0   60.229 -104.507    546.3    893.7
     1     1    21     2     5     1     0     1   -41.0   60.493 -104.584    532.6    896.0
     1     1    21     2     5     0     0     0   -42.0   60.744 -104.643    508.1    899.7
     1     1    21     2     4    23     0     1   -43.0   60.973 -104.689    485.0    904.2
     1     1    21     2     4    22     0     2   -44.0   61.172 -104.739    470.3    905.7
     1     1    21     2     4    21     0     3   -45.0   61.343 -104.798    460.1    906.2
     1     1    21     2     4    20     0     2   -46.0   61.482 -104.854    449.0    906.8
     1     1    21     2     4    19     0     1   -47.0   61.582 -104.896    437.2    908.3
     1     1    21     2     4    18     0     0   -48.0   61.641 -104.922    428.2    909.4
     1     1    21     2     4    17     0     1   -49.0   61.679 -104.932    418.1    910.2
     1     1    21     2     4    16     0     2   -50.0   61.713 -104.917    402.0    912.4
     1     1    21     2     4    15     0     3   -51.0   61.741 -104.874    380.2    915.7
     1     1    21     2     4    14     0     2   -52.0   61.761 -104.817    357.4    919.4
     1     1    21     2     4    13     0     1   -53.0   61.773 -104.762    336.4    922.4
     1     1    21     2     4    12     0     0   -54.0   61.776 -104.710    316.6    925.3
     1     1    21     2     4    11     0     1   -55.0   61.773 -104.669    298.5    928.8
     1     1    21     2     4    10     0     2   -56.0   61.764 -104.652    282.7    931.8
     1     1    21     2     4     9     0     3   -57.0   61.750 -104.663    268.6    934.3
     1     1    21     2     4     8     0     2   -58.0   61.724 -104.682    257.4    935.7
     1     1    21     2     4     7     0     1   -59.0   61.682 -104.693    250.9    936.4
     1     1    21     2     4     6     0     0   -60.0   61.626 -104.697    248.7    936.5
     1     1    21     2     4     5     0     1   -61.0   61.563 -104.682    247.0    937.1
     1     1    21     2     4     4     0     2   -62.0   61.502 -104.628    242.1    938.9
     1     1    21     2     4     3     0     3   -63.0   61.441 -104.532    235.0    941.3
     1     1    21     2     4     2     0     2   -64.0   61.396 -104.401    228.6    943.5
     1     1    21     2     4     1     0     1   -65.0   61.382 -104.244    225.1    945.2
     1     1    21     2     4     0     0     0   -66.0   61.397 -104.058    223.9    946.9
     1     1    21     2     3    23     0     1   -67.0   61.433 -103.866    222.5    946.9
     1     1    21     2     3    22     0     2   -68.0   61.480 -103.685    218.8    946.9
     1     1    21     2     3    21     0     3   -69.0   61.539 -103.512    212.9    947.5
     1     1    21     2     3    20     0     2   -70.0   61.600 -103.327    207.2    948.3
     1     1    21     2     3    19     0     1   -71.0   61.655 -103.118    202.9    948.7
     1     1    21     2     3    18     0     0   -72.0   61.704 -102.901    200.8    949.8
     1     1    21     2     3    17     0     1   -73.0   61.752 -102.662    199.0    950.4
     1     1    21     2     3    16     0     2   -74.0   61.810 -102.372    195.3    951.7
     1     1    21     2     3    15     0     3   -75.0   61.880 -102.009    191.0    952.8
     1     1    21     2     3    14     0     2   -76.0   61.962 -101.612    191.1    956.5
     1     1    21     2     3    13     0     1   -77.0   62.051 -101.242    193.8    959.2
     1     1    21     2     3    12     0     0   -78.0   62.151 -100.896    193.6    961.0
     1     1    21     2     3    11     0     1   -79.0   62.261 -100.552    190.0    961.8
     1     1    21     2     3    10     0     2   -80.0   62.374 -100.191    186.9    962.9
     1     1    21     2     3     9     0     3   -81.0   62.488  -99.815    186.7    963.1
     1     1    21     2     3     8     0     2   -82.0   62.603  -99.438    185.4    962.9
     1     1    21     2     3     7     0     1   -83.0   62.720  -99.075    180.7    964.0
     1     1    21     2     3     6     0     0   -84.0   62.842  -98.732    174.7    969.4
     1     1    21     2     3     5     0     1   -85.0   62.970  -98.412    168.0    976.7
     1     1    21     2     3     4     0     2   -86.0   63.108  -98.114    160.9    983.7
     1     1    21     2     3     3     0     3   -87.0   63.246  -97.837    153.3    987.1
     1     1    21     2     3     2     0     2   -88.0   63.386  -97.581    144.3    988.3
     1     1    21     2     3     1     0     1   -89.0   63.532  -97.356    133.6    989.9
     1     1    21     2     3     0     0     0   -90.0   63.686  -97.170    122.7    991.3
     1     1    21     2     2    23     0     1   -91.0   63.841  -97.025    115.6    992.8
     1     1    21     2     2    22     0     2   -92.0   63.992  -96.912    113.4    993.7
     1     1    21     2     2    21     0     3   -93.0   64.140  -96.819    115.2    994.3
     1     1    21     2     2    20     0     2   -94.0   64.289  -96.738    119.5    993.7
     1     1    21     2     2    19     0     1   -95.0   64.438  -96.669    125.1    993.0
     1     1    21     2     2    18     0     0   -96.0   64.585  -96.610    132.9    991.8
     1     1    21     2     2    17     0     1   -97.0   64.732  -96.553    143.4    990.3
     1     1    21     2     2    16     0     2   -98.0   64.882  -96.491    156.4    987.9
     1     1    21     2     2    15     0     3   -99.0   65.034  -96.427    170.2    985.3
     1     1    21     2     2    14     0     2  -100.0   65.179  -96.381    181.6    983.4
     1     1    21     2     2    13     0     1  -101.0   65.310  -96.367    190.2    982.4
     1     1    21     2     2    12     0     0  -102.0   65.429  -96.379    197.7    981.4
     1     1    21     2     2    11     0     1  -103.0   65.538  -96.405    204.4    980.7
     1     1    21     2     2    10     0     2  -104.0   65.640  -96.436    209.4    980.2
     1     1    21     2     2     9     0     3  -105.0   65.735  -96.471    212.1    980.0
     1     1    21     2     2     8     0     2  -106.0   65.823  -96.522    213.3    980.0
     1     1    21     2     2     7     0     1  -107.0   65.904  -96.599    215.0    979.8
     1     1    21     2     2     6     0     0  -108.0   65.978  -96.701    217.7    979.4
     1     1    21     2     2     5     0     1  -109.0   66.050  -96.821    219.8    979.7
     1     1    21     2     2     4     0     2  -110.0   66.125  -96.951    220.2    980.6
     1     1    21     2     2     3     0     3  -111.0   66.201  -97.095    220.1    981.5
     1     1    21     2     2     2     0     2  -112.0   66.275  -97.254    221.2    982.4
     1     1    21     2     2     1     0     1  -113.0   66.342  -97.423    224.0    982.8
     1     1    21     2     2     0     0     0  -114.0   66.403  -97.597    227.6    983.1
     1     1    21     2     1    23     0     1  -115.0   66.462  -97.772    229.1    983.2
     1     1    21     2     1    22     0     2  -116.0   66.525  -97.951    226.5    984.3
     1     1    21     2     1    21     0     3  -117.0   66.593  -98.136    220.8    985.9
     1     1    21     2     1    20     0     2  -118.0   66.661  -98.333    215.8    987.5
     1     1    21     2     1    19     0     1  -119.0   66.726  -98.546    214.5    988.1
     1     1    21     2     1    18     0     0  -120.0   66.787  -98.773    215.6    988.4
