     5     1
    GDAS    21     2     1     0     0
    GDAS    21     2     8     0     0
    GDAS    21     2    15     0     0
    GDAS    21     2    22     0     0
    GDAS    21     3     1     0     0
     1 BACKWARD OMEGA   
    21     2    27    15   37.820  111.540  1000.0
     1 PRESSURE
     1     1    21     2    27    15     0     3     0.0   37.820  111.540   1000.0    775.8
     1     1    21     2    27    14     0     2    -1.0   37.596  111.468    864.2    792.3
     1     1    21     2    27    13     0     1    -2.0   37.381  111.441    788.7    797.1
     1     1    21     2    27    12     0     0    -3.0   37.184  111.444    733.9    798.8
     1     1    21     2    27    11     0     1    -4.0   37.008  111.468    690.1    803.4
     1     1    21     2    27    10     0     2    -5.0   36.830  111.513    695.0    807.8
     1     1    21     2    27     9     0     3    -6.0   36.627  111.578    754.8    802.3
     1     1    21     2    27     8     0     2    -7.0   36.391  111.659    852.2    793.6
     1     1    21     2    27     7     0     1    -8.0   36.110  111.762    974.4    783.3
     1     1    21     2    27     6     0     0    -9.0   35.797  111.897   1087.4    785.2
     1     1    21     2    27     5     0     1   -10.0   35.488  112.062   1158.0    801.8
     1     1    21     2    27     4     0     2   -11.0   35.209  112.251   1203.4    825.8
     1     1    21     2    27     3     0     3   -12.0   34.968  112.463   1255.9    845.2
     1     1    21     2    27     2     0     2   -13.0   34.744  112.675   1305.0    844.0
     1     1    21     2    27     1     0     1   -14.0   34.520  112.870   1347.1    846.8
     1     1    21     2    27     0     0     0   -15.0   34.299  113.048   1395.2    847.6
     1     1    21     2    26    23     0     1   -16.0   34.112  113.195   1457.6    841.3
     1     1    21     2    26    22     0     2   -17.0   33.973  113.315   1517.5    832.9
     1     1    21     2    26    21     0     3   -18.0   33.867  113.427   1539.8    829.9
     1     1    21     2    26    20     0     2   -19.0   33.774  113.548   1517.3    834.5
     1     1    21     2    26    19     0     1   -20.0   33.673  113.678   1463.9    840.9
     1     1    21     2    26    18     0     0   -21.0   33.569  113.820   1371.9    850.7
     1     1    21     2    26    17     0     1   -22.0   33.485  114.003   1260.5    866.9
     1     1    21     2    26    16     0     2   -23.0   33.423  114.238   1169.7    881.3
     1     1    21     2    26    15     0     3   -24.0   33.362  114.514   1121.8    890.3
     1     1    21     2    26    14     0     2   -25.0   33.298  114.826   1095.4    892.7
     1     1    21     2    26    13     0     1   -26.0   33.253  115.177   1057.1    897.9
     1     1    21     2    26    12     0     0   -27.0   33.226  115.571   1002.1    903.5
     1     1    21     2    26    11     0     1   -28.0   33.219  115.995    934.7    911.5
     1     1    21     2    26    10     0     2   -29.0   33.242  116.422    903.6    919.2
     1     1    21     2    26     9     0     3   -30.0   33.272  116.853    935.7    912.8
     1     1    21     2    26     8     0     2   -31.0   33.294  117.298    977.8    903.0
     1     1    21     2    26     7     0     1   -32.0   33.335  117.752    987.1    902.6
     1     1    21     2    26     6     0     0   -33.0   33.418  118.212    986.6    906.4
     1     1    21     2    26     5     0     1   -34.0   33.513  118.688   1019.3    904.7
     1     1    21     2    26     4     0     2   -35.0   33.598  119.190   1092.9    895.9
     1     1    21     2    26     3     0     3   -36.0   33.690  119.704   1192.6    884.9
     1     1    21     2    26     2     0     2   -37.0   33.819  120.230   1260.7    870.6
     1     1    21     2    26     1     0     1   -38.0   33.997  120.795   1275.8    872.1
     1     1    21     2    26     0     0     0   -39.0   34.217  121.378   1344.9    871.5
     1     1    21     2    25    23     0     1   -40.0   34.452  121.894   1448.4    851.4
     1     1    21     2    25    22     0     2   -41.0   34.697  122.333   1526.4    845.6
     1     1    21     2    25    21     0     3   -42.0   34.954  122.740   1597.5    837.0
     1     1    21     2    25    20     0     2   -43.0   35.207  123.116   1638.4    831.3
     1     1    21     2    25    19     0     1   -44.0   35.434  123.443   1666.8    831.6
     1     1    21     2    25    18     0     0   -45.0   35.630  123.725   1711.7    826.3
     1     1    21     2    25    17     0     1   -46.0   35.802  124.002   1784.0    820.9
     1     1    21     2    25    16     0     2   -47.0   35.959  124.313   1878.7    809.7
     1     1    21     2    25    15     0     3   -48.0   36.106  124.658   1938.2    800.9
     1     1    21     2    25    14     0     2   -49.0   36.253  125.001   1972.4    800.9
     1     1    21     2    25    13     0     1   -50.0   36.409  125.291   2068.5    795.7
     1     1    21     2    25    12     0     0   -51.0   36.590  125.511   2254.9    775.0
     1     1    21     2    25    11     0     1   -52.0   36.785  125.646   2435.2    750.5
     1     1    21     2    25    10     0     2   -53.0   36.975  125.740   2546.1    740.7
     1     1    21     2    25     9     0     3   -54.0   37.151  125.825   2605.5    736.3
     1     1    21     2    25     8     0     2   -55.0   37.302  125.880   2705.7    734.2
     1     1    21     2    25     7     0     1   -56.0   37.453  125.846   2893.1    713.1
     1     1    21     2    25     6     0     0   -57.0   37.625  125.705   3091.0    692.4
     1     1    21     2    25     5     0     1   -58.0   37.806  125.476   3266.1    676.2
     1     1    21     2    25     4     0     2   -59.0   37.965  125.160   3425.3    663.9
     1     1    21     2    25     3     0     3   -60.0   38.094  124.754   3572.2    650.7
     1     1    21     2    25     2     0     2   -61.0   38.203  124.300   3715.5    639.6
     1     1    21     2    25     1     0     1   -62.0   38.296  123.827   3838.7    627.1
     1     1    21     2    25     0     0     0   -63.0   38.365  123.358   3911.7    620.4
     1     1    21     2    24    23     0     1   -64.0   38.421  122.892   3936.3    619.4
     1     1    21     2    24    22     0     2   -65.0   38.474  122.419   3936.0    620.7
     1     1    21     2    24    21     0     3   -66.0   38.516  121.942   3924.7    621.8
     1     1    21     2    24    20     0     2   -67.0   38.557  121.479   3919.1    623.8
     1     1    21     2    24    19     0     1   -68.0   38.598  121.036   3918.0    622.7
     1     1    21     2    24    18     0     0   -69.0   38.629  120.611   3898.6    623.9
     1     1    21     2    24    17     0     1   -70.0   38.674  120.196   3869.5    627.8
     1     1    21     2    24    16     0     2   -71.0   38.758  119.776   3831.1    630.4
     1     1    21     2    24    15     0     3   -72.0   38.893  119.370   3751.9    635.4
     1     1    21     2    24    14     0     2   -73.0   39.066  118.991   3674.1    646.3
     1     1    21     2    24    13     0     1   -74.0   39.245  118.596   3662.6    645.8
     1     1    21     2    24    12     0     0   -75.0   39.419  118.148   3696.8    639.3
     1     1    21     2    24    11     0     1   -76.0   39.601  117.663   3724.4    634.7
     1     1    21     2    24    10     0     2   -77.0   39.800  117.173   3709.4    637.1
     1     1    21     2    24     9     0     3   -78.0   40.007  116.670   3630.1    632.4
     1     1    21     2    24     8     0     2   -79.0   40.233  116.108   3568.5    610.4
     1     1    21     2    24     7     0     1   -80.0   40.503  115.408   3635.3    563.7
     1     1    21     2    24     6     0     0   -81.0   40.814  114.544   3846.1    527.6
     1     1    21     2    24     5     0     1   -82.0   41.158  113.595   4068.9    502.6
     1     1    21     2    24     4     0     2   -83.0   41.503  112.577   4240.5    486.5
     1     1    21     2    24     3     0     3   -84.0   41.829  111.511   4401.9    479.7
     1     1    21     2    24     2     0     2   -85.0   42.161  110.441   4591.7    473.7
     1     1    21     2    24     1     0     1   -86.0   42.481  109.335   4712.1    464.8
     1     1    21     2    24     0     0     0   -87.0   42.784  108.258   4818.4    476.0
     1     1    21     2    23    23     0     1   -88.0   43.118  107.165   4936.7    462.2
     1     1    21     2    23    22     0     2   -89.0   43.484  105.938   5093.3    440.8
     1     1    21     2    23    21     0     3   -90.0   43.858  104.555   5292.0    419.2
     1     1    21     2    23    20     0     2   -91.0   44.269  103.099   5391.9    416.0
     1     1    21     2    23    19     0     1   -92.0   44.617  101.578   5481.8    415.3
     1     1    21     2    23    18     0     0   -93.0   44.910   99.961   5367.0    384.3
     1     1    21     2    23    17     0     1   -94.0   45.168   98.074   5456.9    358.5
     1     1    21     2    23    16     0     2   -95.0   45.313   96.211   5786.4    391.2
     1     1    21     2    23    15     0     3   -96.0   45.431   94.447   5533.7    377.7
     1     1    21     2    23    14     0     2   -97.0   45.538   92.672   5610.2    386.6
     1     1    21     2    23    13     0     1   -98.0   45.527   90.959   5670.0    397.5
     1     1    21     2    23    12     0     0   -99.0   45.418   89.417   5684.5    433.4
     1     1    21     2    23    11     0     1  -100.0   45.274   88.086   5659.8    449.7
     1     1    21     2    23    10     0     2  -101.0   45.138   86.812   5718.9    459.3
     1     1    21     2    23     9     0     3  -102.0   44.997   85.536   5773.7    460.8
     1     1    21     2    23     8     0     2  -103.0   44.839   84.259   5708.9    441.7
     1     1    21     2    23     7     0     1  -104.0   44.603   82.923   5687.8    417.8
     1     1    21     2    23     6     0     0  -105.0   44.347   81.535   5706.9    414.6
     1     1    21     2    23     5     0     1  -106.0   44.119   80.118   5779.3    430.0
     1     1    21     2    23     4     0     2  -107.0   43.861   78.723   5809.9    412.5
     1     1    21     2    23     3     0     3  -108.0   43.440   77.182   5558.6    369.0
     1     1    21     2    23     2     0     2  -109.0   42.930   75.550   5658.9    391.3
     1     1    21     2    23     1     0     1  -110.0   42.418   74.017   5566.8    377.6
     1     1    21     2    23     0     0     0  -111.0   41.774   72.384   5374.1    373.4
     1     1    21     2    22    23     0     1  -112.0   41.180   70.969   5406.4    421.2
     1     1    21     2    22    22     0     2  -113.0   40.626   69.739   5238.7    450.6
     1     1    21     2    22    21     0     3  -114.0   40.096   68.646   5152.4    481.5
     1     1    21     2    22    20     0     2  -115.0   39.586   67.576   4904.6    459.8
     1     1    21     2    22    19     0     1  -116.0   39.107   66.577   4892.6    496.2
     1     1    21     2    22    18     0     0  -117.0   38.727   65.663   4808.7    528.1
     1     1    21     2    22    17     0     1  -118.0   38.413   64.820   4794.8    539.6
     1     1    21     2    22    16     0     2  -119.0   38.115   63.985   4761.1    543.7
     1     1    21     2    22    15     0     3  -120.0   37.826   63.120   4722.2    544.6
