     5     1
    GDAS    21     2     1     0     0
    GDAS    21     2     8     0     0
    GDAS    21     2    15     0     0
    GDAS    21     2    22     0     0
    GDAS    21     3     1     0     0
     1 BACKWARD OMEGA   
    21     2    23    15   37.820  111.540  1000.0
     1 PRESSURE
     1     1    21     2    23    15     0     3     0.0   37.820  111.540   1000.0    776.6
     1     1    21     2    23    14     0     2    -1.0   37.712  111.511   1021.6    775.1
     1     1    21     2    23    13     0     1    -2.0   37.615  111.507   1053.6    770.8
     1     1    21     2    23    12     0     0    -3.0   37.520  111.520   1081.9    766.8
     1     1    21     2    23    11     0     1    -4.0   37.417  111.526   1073.7    765.1
     1     1    21     2    23    10     0     2    -5.0   37.301  111.520   1023.9    770.5
     1     1    21     2    23     9     0     3    -6.0   37.178  111.519    940.5    778.6
     1     1    21     2    23     8     0     2    -7.0   37.063  111.537    813.4    790.5
     1     1    21     2    23     7     0     1    -8.0   36.971  111.578    656.5    808.5
     1     1    21     2    23     6     0     0    -9.0   36.907  111.627    474.5    828.1
     1     1    21     2    23     5     0     1   -10.0   36.862  111.674    337.7    851.7
     1     1    21     2    23     4     0     2   -11.0   36.813  111.721    266.8    859.5
     1     1    21     2    23     3     0     3   -12.0   36.755  111.768    238.3    862.7
     1     1    21     2    23     2     0     2   -13.0   36.683  111.826    246.7    863.5
     1     1    21     2    23     1     0     1   -14.0   36.595  111.905    299.1    860.2
     1     1    21     2    23     0     0     0   -15.0   36.472  112.010    427.9    851.4
     1     1    21     2    22    23     0     1   -16.0   36.292  112.074    571.8    829.0
     1     1    21     2    22    22     0     2   -17.0   36.076  112.076    686.1    819.7
     1     1    21     2    22    21     0     3   -18.0   35.859  112.053    764.7    820.4
     1     1    21     2    22    20     0     2   -19.0   35.659  112.072    791.2    832.2
     1     1    21     2    22    19     0     1   -20.0   35.470  112.168    761.0    851.5
     1     1    21     2    22    18     0     0   -21.0   35.295  112.359    660.6    881.0
     1     1    21     2    22    17     0     1   -22.0   35.173  112.655    518.6    922.0
     1     1    21     2    22    16     0     2   -23.0   35.131  113.013    426.3    955.2
     1     1    21     2    22    15     0     3   -24.0   35.131  113.381    370.6    961.3
     1     1    21     2    22    14     0     2   -25.0   35.166  113.717    325.4    968.5
     1     1    21     2    22    13     0     1   -26.0   35.248  114.008    299.7    972.8
     1     1    21     2    22    12     0     0   -27.0   35.359  114.266    288.0    973.0
     1     1    21     2    22    11     0     1   -28.0   35.470  114.521    270.2    975.5
     1     1    21     2    22    10     0     2   -29.0   35.582  114.786    235.0    984.9
     1     1    21     2    22     9     0     3   -30.0   35.694  115.054    197.4    995.6
     1     1    21     2    22     8     0     2   -31.0   35.824  115.314    172.9   1000.9
     1     1    21     2    22     7     0     1   -32.0   35.990  115.562    166.7   1002.6
     1     1    21     2    22     6     0     0   -33.0   36.181  115.814    175.1   1001.7
     1     1    21     2    22     5     0     1   -34.0   36.374  116.097    190.6    999.0
     1     1    21     2    22     4     0     2   -35.0   36.557  116.424    209.0    996.6
     1     1    21     2    22     3     0     3   -36.0   36.735  116.803    236.1    994.2
     1     1    21     2    22     2     0     2   -37.0   36.905  117.249    269.2    989.6
     1     1    21     2    22     1     0     1   -38.0   37.067  117.728    287.7    986.6
     1     1    21     2    22     0     0     0   -39.0   37.251  118.205    278.2    986.9
     1     1    21     2    21    23     0     1   -40.0   37.514  118.687    242.2    990.2
     1     1    21     2    21    22     0     2   -41.0   37.881  119.181    213.8    995.2
     1     1    21     2    21    21     0     3   -42.0   38.354  119.708    227.6    993.5
     1     1    21     2    21    20     0     2   -43.0   38.909  120.231    281.1    985.1
     1     1    21     2    21    19     0     1   -44.0   39.513  120.682    352.6    974.7
     1     1    21     2    21    18     0     0   -45.0   40.135  121.054    431.4    962.5
     1     1    21     2    21    17     0     1   -46.0   40.742  121.343    516.4    950.5
     1     1    21     2    21    16     0     2   -47.0   41.327  121.533    607.0    930.6
     1     1    21     2    21    15     0     3   -48.0   41.908  121.604    682.9    912.1
     1     1    21     2    21    14     0     2   -49.0   42.491  121.549    749.3    893.0
     1     1    21     2    21    13     0     1   -50.0   43.047  121.377    753.6    882.8
     1     1    21     2    21    12     0     0   -51.0   43.583  121.150    736.1    894.0
     1     1    21     2    21    11     0     1   -52.0   44.083  120.879    750.9    888.6
     1     1    21     2    21    10     0     2   -53.0   44.522  120.518    816.4    862.9
     1     1    21     2    21     9     0     3   -54.0   44.975  120.030    947.5    809.8
     1     1    21     2    21     8     0     2   -55.0   45.389  119.477   1077.5    776.2
     1     1    21     2    21     7     0     1   -56.0   45.728  118.939   1206.6    763.5
     1     1    21     2    21     6     0     0   -57.0   46.030  118.404   1385.2    749.7
     1     1    21     2    21     5     0     1   -58.0   46.319  117.855   1562.2    734.6
     1     1    21     2    21     4     0     2   -59.0   46.600  117.334   1650.8    732.1
     1     1    21     2    21     3     0     3   -60.0   46.861  116.952   1611.0    744.4
     1     1    21     2    21     2     0     2   -61.0   47.144  116.728   1496.4    767.2
     1     1    21     2    21     1     0     1   -62.0   47.466  116.564   1393.8    778.7
     1     1    21     2    21     0     0     0   -63.0   47.834  116.422   1331.0    783.7
     1     1    21     2    20    23     0     1   -64.0   48.208  116.262   1286.7    782.6
     1     1    21     2    20    22     0     2   -65.0   48.578  116.062   1218.3    784.6
     1     1    21     2    20    21     0     3   -66.0   49.024  115.822   1109.2    794.3
     1     1    21     2    20    20     0     2   -67.0   49.473  115.489   1028.3    808.8
     1     1    21     2    20    19     0     1   -68.0   49.871  115.100   1009.3    807.9
     1     1    21     2    20    18     0     0   -69.0   50.262  114.658    981.3    800.8
     1     1    21     2    20    17     0     1   -70.0   50.618  114.132    941.8    798.3
     1     1    21     2    20    16     0     2   -71.0   50.963  113.535    918.3    786.5
     1     1    21     2    20    15     0     3   -72.0   51.294  112.881    913.9    782.5
     1     1    21     2    20    14     0     2   -73.0   51.603  112.224    908.2    781.7
     1     1    21     2    20    13     0     1   -74.0   51.898  111.590    878.2    784.4
     1     1    21     2    20    12     0     0   -75.0   52.140  110.975    766.9    798.2
     1     1    21     2    20    11     0     1   -76.0   52.310  110.437    690.5    822.2
     1     1    21     2    20    10     0     2   -77.0   52.519  109.920    712.2    803.9
     1     1    21     2    20     9     0     3   -78.0   52.723  109.461    625.8    803.5
     1     1    21     2    20     8     0     2   -79.0   52.836  109.135    458.9    839.3
     1     1    21     2    20     7     0     1   -80.0   52.889  108.925    352.6    861.0
     1     1    21     2    20     6     0     0   -81.0   52.909  108.794    314.9    868.7
     1     1    21     2    20     5     0     1   -82.0   52.907  108.698    313.9    869.6
     1     1    21     2    20     4     0     2   -83.0   52.890  108.620    321.0    872.0
     1     1    21     2    20     3     0     3   -84.0   52.855  108.555    334.2    873.0
     1     1    21     2    20     2     0     2   -85.0   52.816  108.503    350.4    872.7
     1     1    21     2    20     1     0     1   -86.0   52.783  108.468    365.6    871.8
     1     1    21     2    20     0     0     0   -87.0   52.756  108.445    377.4    870.9
     1     1    21     2    19    23     0     1   -88.0   52.728  108.414    383.4    871.0
     1     1    21     2    19    22     0     2   -89.0   52.693  108.358    381.0    872.7
     1     1    21     2    19    21     0     3   -90.0   52.656  108.282    370.9    875.6
     1     1    21     2    19    20     0     2   -91.0   52.626  108.209    353.1    879.0
     1     1    21     2    19    19     0     1   -92.0   52.615  108.160    328.7    883.0
     1     1    21     2    19    18     0     0   -93.0   52.625  108.138    299.5    887.8
     1     1    21     2    19    17     0     1   -94.0   52.647  108.158    272.7    892.7
     1     1    21     2    19    16     0     2   -95.0   52.666  108.223    254.9    894.0
     1     1    21     2    19    15     0     3   -96.0   52.679  108.324    247.4    892.6
     1     1    21     2    19    14     0     2   -97.0   52.681  108.423    245.9    889.8
     1     1    21     2    19    13     0     1   -98.0   52.674  108.494    243.4    888.4
     1     1    21     2    19    12     0     0   -99.0   52.663  108.535    237.9    888.3
     1     1    21     2    19    11     0     1  -100.0   52.644  108.543    240.5    889.7
     1     1    21     2    19    10     0     2  -101.0   52.608  108.509    263.6    888.9
     1     1    21     2    19     9     0     3  -102.0   52.552  108.427    311.5    885.6
     1     1    21     2    19     8     0     2  -103.0   52.485  108.295    374.4    879.2
     1     1    21     2    19     7     0     1  -104.0   52.432  108.118    441.8    874.2
     1     1    21     2    19     6     0     0  -105.0   52.411  107.900    523.1    867.1
     1     1    21     2    19     5     0     1  -106.0   52.423  107.644    604.3    858.5
     1     1    21     2    19     4     0     2  -107.0   52.458  107.367    658.3    854.5
     1     1    21     2    19     3     0     3  -108.0   52.504  107.087    677.2    855.8
     1     1    21     2    19     2     0     2  -109.0   52.555  106.824    674.0    858.9
     1     1    21     2    19     1     0     1  -110.0   52.624  106.575    668.5    858.6
     1     1    21     2    19     0     0     0  -111.0   52.730  106.316    670.6    853.6
     1     1    21     2    18    23     0     1  -112.0   52.914  106.012    691.8    837.3
     1     1    21     2    18    22     0     2  -113.0   53.180  105.653    741.3    834.7
     1     1    21     2    18    21     0     3  -114.0   53.465  105.268    782.4    829.2
     1     1    21     2    18    20     0     2  -115.0   53.762  104.839    812.9    821.4
     1     1    21     2    18    19     0     1  -116.0   54.067  104.356    867.9    821.8
     1     1    21     2    18    18     0     0  -117.0   54.376  103.827    920.6    825.2
     1     1    21     2    18    17     0     1  -118.0   54.689  103.287    947.3    836.0
     1     1    21     2    18    16     0     2  -119.0   55.000  102.720    960.6    836.7
     1     1    21     2    18    15     0     3  -120.0   55.313  102.069    973.7    841.3
