     5     1
    GDAS    21     2     1     0     0
    GDAS    21     2     8     0     0
    GDAS    21     2    15     0     0
    GDAS    21     2    22     0     0
    GDAS    21     3     1     0     0
     1 BACKWARD OMEGA   
    21     2     9     6   44.970  -93.230   500.0
     1 PRESSURE
     1     1    21     2     9     6     0     0     0.0   44.970  -93.230    500.0    927.4
     1     1    21     2     9     5     0     1    -1.0   45.022  -93.626    554.2    918.8
     1     1    21     2     9     4     0     2    -2.0   45.078  -94.025    580.3    915.2
     1     1    21     2     9     3     0     3    -3.0   45.120  -94.423    597.1    911.3
     1     1    21     2     9     2     0     2    -4.0   45.163  -94.808    627.6    905.5
     1     1    21     2     9     1     0     1    -5.0   45.226  -95.183    670.5    896.8
     1     1    21     2     9     0     0     0    -6.0   45.293  -95.546    707.3    891.4
     1     1    21     2     8    23     0     1    -7.0   45.349  -95.908    729.2    889.3
     1     1    21     2     8    22     0     2    -8.0   45.392  -96.278    746.8    884.2
     1     1    21     2     8    21     0     3    -9.0   45.432  -96.653    778.2    874.4
     1     1    21     2     8    20     0     2   -10.0   45.467  -97.026    823.9    864.5
     1     1    21     2     8    19     0     1   -11.0   45.501  -97.391    874.9    861.4
     1     1    21     2     8    18     0     0   -12.0   45.533  -97.739    917.6    859.3
     1     1    21     2     8    17     0     1   -13.0   45.566  -98.077    946.8    855.3
     1     1    21     2     8    16     0     2   -14.0   45.605  -98.419    957.2    848.4
     1     1    21     2     8    15     0     3   -15.0   45.651  -98.771    952.1    842.5
     1     1    21     2     8    14     0     2   -16.0   45.698  -99.125    939.9    839.4
     1     1    21     2     8    13     0     1   -17.0   45.748  -99.478    932.4    838.5
     1     1    21     2     8    12     0     0   -18.0   45.804  -99.832    933.8    836.9
     1     1    21     2     8    11     0     1   -19.0   45.861 -100.183    938.7    834.0
     1     1    21     2     8    10     0     2   -20.0   45.914 -100.520    939.8    831.7
     1     1    21     2     8     9     0     3   -21.0   45.967 -100.843    934.0    830.1
     1     1    21     2     8     8     0     2   -22.0   46.014 -101.155    921.6    829.6
     1     1    21     2     8     7     0     1   -23.0   46.049 -101.461    910.3    829.4
     1     1    21     2     8     6     0     0   -24.0   46.079 -101.767    911.1    827.8
     1     1    21     2     8     5     0     1   -25.0   46.111 -102.077    927.3    823.4
     1     1    21     2     8     4     0     2   -26.0   46.141 -102.394    948.7    816.0
     1     1    21     2     8     3     0     3   -27.0   46.170 -102.716    963.3    809.8
     1     1    21     2     8     2     0     2   -28.0   46.205 -103.027    962.2    805.3
     1     1    21     2     8     1     0     1   -29.0   46.244 -103.305    947.2    805.6
     1     1    21     2     8     0     0     0   -30.0   46.279 -103.555    920.9    806.7
     1     1    21     2     7    23     0     1   -31.0   46.300 -103.778    881.2    809.8
     1     1    21     2     7    22     0     2   -32.0   46.306 -103.958    833.2    814.5
     1     1    21     2     7    21     0     3   -33.0   46.314 -104.093    787.8    819.8
     1     1    21     2     7    20     0     2   -34.0   46.328 -104.189    748.2    824.5
     1     1    21     2     7    19     0     1   -35.0   46.342 -104.251    712.5    828.7
     1     1    21     2     7    18     0     0   -36.0   46.349 -104.276    678.5    832.7
     1     1    21     2     7    17     0     1   -37.0   46.339 -104.257    648.1    836.1
     1     1    21     2     7    16     0     2   -38.0   46.303 -104.189    624.3    838.2
     1     1    21     2     7    15     0     3   -39.0   46.241 -104.070    607.7    838.8
     1     1    21     2     7    14     0     2   -40.0   46.150 -103.902    586.9    839.6
     1     1    21     2     7    13     0     1   -41.0   46.035 -103.692    553.7    844.0
     1     1    21     2     7    12     0     0   -42.0   45.902 -103.444    515.6    849.7
     1     1    21     2     7    11     0     1   -43.0   45.763 -103.171    473.6    856.3
     1     1    21     2     7    10     0     2   -44.0   45.630 -102.883    423.9    865.8
     1     1    21     2     7     9     0     3   -45.0   45.519 -102.584    370.8    876.9
     1     1    21     2     7     8     0     2   -46.0   45.433 -102.288    325.6    887.7
     1     1    21     2     7     7     0     1   -47.0   45.361 -102.012    288.6    895.9
     1     1    21     2     7     6     0     0   -48.0   45.298 -101.760    250.1    902.7
     1     1    21     2     7     5     0     1   -49.0   45.257 -101.535    214.7    909.2
     1     1    21     2     7     4     0     2   -50.0   45.251 -101.337    188.8    913.9
     1     1    21     2     7     3     0     3   -51.0   45.280 -101.164    170.3    917.5
     1     1    21     2     7     2     0     2   -52.0   45.335 -101.040    159.5    920.3
     1     1    21     2     7     1     0     1   -53.0   45.403 -100.985    160.4    920.8
     1     1    21     2     7     0     0     0   -54.0   45.482 -101.002    176.1    918.6
     1     1    21     2     6    23     0     1   -55.0   45.573 -101.074    202.9    914.6
     1     1    21     2     6    22     0     2   -56.0   45.676 -101.185    233.0    910.6
     1     1    21     2     6    21     0     3   -57.0   45.785 -101.333    263.3    906.3
     1     1    21     2     6    20     0     2   -58.0   45.896 -101.503    291.2    901.6
     1     1    21     2     6    19     0     1   -59.0   46.012 -101.684    315.5    897.7
     1     1    21     2     6    18     0     0   -60.0   46.134 -101.880    335.4    895.1
     1     1    21     2     6    17     0     1   -61.0   46.279 -102.092    353.4    892.3
     1     1    21     2     6    16     0     2   -62.0   46.467 -102.323    376.8    887.9
     1     1    21     2     6    15     0     3   -63.0   46.701 -102.571    410.0    882.4
     1     1    21     2     6    14     0     2   -64.0   46.972 -102.831    444.3    874.6
     1     1    21     2     6    13     0     1   -65.0   47.268 -103.105    462.3    872.6
     1     1    21     2     6    12     0     0   -66.0   47.572 -103.402    458.9    878.9
     1     1    21     2     6    11     0     1   -67.0   47.865 -103.706    452.2    890.1
     1     1    21     2     6    10     0     2   -68.0   48.160 -103.991    457.9    894.3
     1     1    21     2     6     9     0     3   -69.0   48.482 -104.257    469.0    887.4
     1     1    21     2     6     8     0     2   -70.0   48.841 -104.498    485.6    880.6
     1     1    21     2     6     7     0     1   -71.0   49.232 -104.706    514.7    877.0
     1     1    21     2     6     6     0     0   -72.0   49.637 -104.889    542.4    876.5
     1     1    21     2     6     5     0     1   -73.0   50.034 -105.071    550.2    879.8
     1     1    21     2     6     4     0     2   -74.0   50.430 -105.245    545.1    883.2
     1     1    21     2     6     3     0     3   -75.0   50.847 -105.391    545.2    885.5
     1     1    21     2     6     2     0     2   -76.0   51.280 -105.514    544.4    884.9
     1     1    21     2     6     1     0     1   -77.0   51.712 -105.613    528.0    886.7
     1     1    21     2     6     0     0     0   -78.0   52.148 -105.698    493.6    892.9
     1     1    21     2     5    23     0     1   -79.0   52.560 -105.793    463.2    902.5
     1     1    21     2     5    22     0     2   -80.0   52.926 -105.909    445.2    906.5
     1     1    21     2     5    21     0     3   -81.0   53.252 -106.049    436.5    906.1
     1     1    21     2     5    20     0     2   -82.0   53.571 -106.189    446.7    901.5
     1     1    21     2     5    19     0     1   -83.0   53.906 -106.303    468.3    894.6
     1     1    21     2     5    18     0     0   -84.0   54.248 -106.387    479.2    894.3
     1     1    21     2     5    17     0     1   -85.0   54.599 -106.459    475.7    899.7
     1     1    21     2     5    16     0     2   -86.0   54.971 -106.534    468.1    904.9
     1     1    21     2     5    15     0     3   -87.0   55.373 -106.604    468.1    906.1
     1     1    21     2     5    14     0     2   -88.0   55.805 -106.663    482.4    904.4
     1     1    21     2     5    13     0     1   -89.0   56.246 -106.722    504.1    898.3
     1     1    21     2     5    12     0     0   -90.0   56.693 -106.790    526.7    888.8
     1     1    21     2     5    11     0     1   -91.0   57.144 -106.873    542.8    882.8
     1     1    21     2     5    10     0     2   -92.0   57.592 -106.997    541.3    885.8
     1     1    21     2     5     9     0     3   -93.0   58.023 -107.189    521.4    891.0
     1     1    21     2     5     8     0     2   -94.0   58.419 -107.427    504.9    898.7
     1     1    21     2     5     7     0     1   -95.0   58.771 -107.674    489.4    905.0
     1     1    21     2     5     6     0     0   -96.0   59.094 -107.916    459.3    913.5
     1     1    21     2     5     5     0     1   -97.0   59.417 -108.152    428.3    916.7
     1     1    21     2     5     4     0     2   -98.0   59.760 -108.379    424.9    914.1
     1     1    21     2     5     3     0     3   -99.0   60.121 -108.582    457.5    907.7
     1     1    21     2     5     2     0     2  -100.0   60.468 -108.779    495.5    900.5
     1     1    21     2     5     1     0     1  -101.0   60.788 -108.995    507.0    900.2
     1     1    21     2     5     0     0     0  -102.0   61.087 -109.221    490.0    904.3
     1     1    21     2     4    23     0     1  -103.0   61.359 -109.447    465.1    911.8
     1     1    21     2     4    22     0     2  -104.0   61.607 -109.662    452.1    915.1
     1     1    21     2     4    21     0     3  -105.0   61.837 -109.855    448.5    916.8
     1     1    21     2     4    20     0     2  -106.0   62.051 -109.999    449.0    917.6
     1     1    21     2     4    19     0     1  -107.0   62.247 -110.073    450.9    918.3
     1     1    21     2     4    18     0     0  -108.0   62.426 -110.075    452.9    918.7
     1     1    21     2     4    17     0     1  -109.0   62.597 -110.024    454.3    920.3
     1     1    21     2     4    16     0     2  -110.0   62.769 -109.932    454.8    921.2
     1     1    21     2     4    15     0     3  -111.0   62.947 -109.793    456.6    921.5
     1     1    21     2     4    14     0     2  -112.0   63.113 -109.637    460.2    918.3
     1     1    21     2     4    13     0     1  -113.0   63.250 -109.511    462.2    914.9
     1     1    21     2     4    12     0     0  -114.0   63.362 -109.418    460.4    913.0
     1     1    21     2     4    11     0     1  -115.0   63.459 -109.335    458.9    912.6
     1     1    21     2     4    10     0     2  -116.0   63.553 -109.246    461.9    911.2
     1     1    21     2     4     9     0     3  -117.0   63.640 -109.149    468.9    909.4
     1     1    21     2     4     8     0     2  -118.0   63.714 -109.050    476.0    907.0
     1     1    21     2     4     7     0     1  -119.0   63.771 -108.949    479.9    905.9
     1     1    21     2     4     6     0     0  -120.0   63.810 -108.842    481.0    905.3
