     5     1
    GDAS    21     2     1     0     0
    GDAS    21     2     8     0     0
    GDAS    21     2    15     0     0
    GDAS    21     2    22     0     0
    GDAS    21     3     1     0     0
     1 BACKWARD OMEGA   
    21     2     4    17   37.820  111.540  1000.0
     1 PRESSURE
     1     1    21     2     4    17     0     1     0.0   37.820  111.540   1000.0    777.2
     1     1    21     2     4    16     0     2    -1.0   38.063  111.058   1098.1    766.2
     1     1    21     2     4    15     0     3    -2.0   38.255  110.634   1059.7    784.0
     1     1    21     2     4    14     0     2    -3.0   38.419  110.224   1001.4    789.2
     1     1    21     2     4    13     0     1    -4.0   38.577  109.795    947.9    787.4
     1     1    21     2     4    12     0     0    -5.0   38.743  109.328    899.2    785.6
     1     1    21     2     4    11     0     1    -6.0   38.928  108.809    868.3    782.4
     1     1    21     2     4    10     0     2    -7.0   39.108  108.260    893.1    775.8
     1     1    21     2     4     9     0     3    -8.0   39.274  107.691    967.3    769.3
     1     1    21     2     4     8     0     2    -9.0   39.426  107.108   1025.2    766.7
     1     1    21     2     4     7     0     1   -10.0   39.555  106.505   1070.2    754.0
     1     1    21     2     4     6     0     0   -11.0   39.652  105.889   1137.1    744.9
     1     1    21     2     4     5     0     1   -12.0   39.757  105.292   1179.7    742.2
     1     1    21     2     4     4     0     2   -13.0   39.885  104.713   1178.9    738.0
     1     1    21     2     4     3     0     3   -14.0   39.977  104.172   1076.8    748.7
     1     1    21     2     4     2     0     2   -15.0   40.054  103.665    925.4    769.9
     1     1    21     2     4     1     0     1   -16.0   40.147  103.152    871.9    769.9
     1     1    21     2     4     0     0     0   -17.0   40.226  102.654    892.2    768.4
     1     1    21     2     3    23     0     1   -18.0   40.283  102.199    900.4    778.3
     1     1    21     2     3    22     0     2   -19.0   40.345  101.779    890.6    787.3
     1     1    21     2     3    21     0     3   -20.0   40.412  101.383    877.4    791.9
     1     1    21     2     3    20     0     2   -21.0   40.469  101.008    866.5    797.2
     1     1    21     2     3    19     0     1   -22.0   40.526  100.644    869.8    795.5
     1     1    21     2     3    18     0     0   -23.0   40.578  100.284    889.2    789.2
     1     1    21     2     3    17     0     1   -24.0   40.623   99.931    919.3    783.4
     1     1    21     2     3    16     0     2   -25.0   40.677   99.579    962.9    774.4
     1     1    21     2     3    15     0     3   -26.0   40.734   99.241   1023.7    762.9
     1     1    21     2     3    14     0     2   -27.0   40.796   98.933   1089.8    748.8
     1     1    21     2     3    13     0     1   -28.0   40.870   98.652   1132.4    740.6
     1     1    21     2     3    12     0     0   -29.0   40.956   98.399   1123.6    739.1
     1     1    21     2     3    11     0     1   -30.0   41.040   98.163   1083.7    746.4
     1     1    21     2     3    10     0     2   -31.0   41.128   97.908   1071.4    745.4
     1     1    21     2     3     9     0     3   -32.0   41.230   97.615   1112.1    733.5
     1     1    21     2     3     8     0     2   -33.0   41.322   97.280   1188.4    715.1
     1     1    21     2     3     7     0     1   -34.0   41.393   96.925   1263.8    700.2
     1     1    21     2     3     6     0     0   -35.0   41.447   96.565   1325.5    691.6
     1     1    21     2     3     5     0     1   -36.0   41.490   96.212   1373.9    683.9
     1     1    21     2     3     4     0     2   -37.0   41.536   95.876   1418.5    680.0
     1     1    21     2     3     3     0     3   -38.0   41.599   95.575   1444.9    686.0
     1     1    21     2     3     2     0     2   -39.0   41.682   95.313   1441.5    698.3
     1     1    21     2     3     1     0     1   -40.0   41.776   95.083   1428.4    713.2
     1     1    21     2     3     0     0     0   -41.0   41.877   94.886   1420.3    726.6
     1     1    21     2     2    23     0     1   -42.0   41.973   94.715   1425.6    736.0
     1     1    21     2     2    22     0     2   -43.0   42.058   94.559   1439.3    737.0
     1     1    21     2     2    21     0     3   -44.0   42.137   94.415   1448.9    734.9
     1     1    21     2     2    20     0     2   -45.0   42.219   94.278   1442.5    733.8
     1     1    21     2     2    19     0     1   -46.0   42.311   94.148   1419.4    733.6
     1     1    21     2     2    18     0     0   -47.0   42.413   94.028   1387.6    732.5
     1     1    21     2     2    17     0     1   -48.0   42.533   93.909   1362.4    732.3
     1     1    21     2     2    16     0     2   -49.0   42.680   93.791   1359.1    730.9
     1     1    21     2     2    15     0     3   -50.0   42.851   93.681   1386.3    727.7
     1     1    21     2     2    14     0     2   -51.0   43.035   93.571   1434.7    724.9
     1     1    21     2     2    13     0     1   -52.0   43.224   93.406   1468.4    732.4
     1     1    21     2     2    12     0     0   -53.0   43.414   93.166   1434.3    737.9
     1     1    21     2     2    11     0     1   -54.0   43.602   92.879   1331.8    739.5
     1     1    21     2     2    10     0     2   -55.0   43.795   92.538   1224.4    733.4
     1     1    21     2     2     9     0     3   -56.0   44.016   92.113   1178.1    712.1
     1     1    21     2     2     8     0     2   -57.0   44.256   91.655   1218.6    727.0
     1     1    21     2     2     7     0     1   -58.0   44.477   91.214   1252.6    739.0
     1     1    21     2     2     6     0     0   -59.0   44.677   90.783   1295.7    744.6
     1     1    21     2     2     5     0     1   -60.0   44.860   90.394   1342.9    750.5
     1     1    21     2     2     4     0     2   -61.0   45.024   90.080   1375.2    760.5
     1     1    21     2     2     3     0     3   -62.0   45.178   89.821   1409.6    766.2
     1     1    21     2     2     2     0     2   -63.0   45.328   89.588   1444.4    767.4
     1     1    21     2     2     1     0     1   -64.0   45.464   89.369   1470.7    769.6
     1     1    21     2     2     0     0     0   -65.0   45.579   89.164   1487.1    772.1
     1     1    21     2     1    23     0     1   -66.0   45.670   88.983   1496.0    775.2
     1     1    21     2     1    22     0     2   -67.0   45.745   88.836   1506.6    775.4
     1     1    21     2     1    21     0     3   -68.0   45.809   88.722   1526.8    773.8
     1     1    21     2     1    20     0     2   -69.0   45.863   88.626   1549.7    771.6
     1     1    21     2     1    19     0     1   -70.0   45.905   88.533   1567.5    770.4
     1     1    21     2     1    18     0     0   -71.0   45.933   88.436   1576.6    770.4
     1     1    21     2     1    17     0     1   -72.0   45.943   88.344   1577.6    771.5
     1     1    21     2     1    16     0     2   -73.0   45.928   88.270   1573.9    772.8
     1     1    21     2     1    15     0     3   -74.0   45.886   88.218   1566.1    774.5
     1     1    21     2     1    14     0     2   -75.0   45.826   88.189   1557.1    776.2
     1     1    21     2     1    13     0     1   -76.0   45.759   88.184   1545.6    777.5
     1     1    21     2     1    12     0     0   -77.0   45.688   88.203   1526.5    779.4
     1     1    21     2     1    11     0     1   -78.0   45.615   88.249   1504.8    782.2
     1     1    21     2     1    10     0     2   -79.0   45.545   88.319   1488.7    783.5
     1     1    21     2     1     9     0     3   -80.0   45.478   88.421   1478.7    783.9
     1     1    21     2     1     8     0     2   -81.0   45.415   88.543   1467.7    783.8
     1     1    21     2     1     7     0     1   -82.0   45.357   88.676   1451.2    785.1
     1     1    21     2     1     6     0     0   -83.0   45.304   88.817   1434.4    786.5
     1     1    21     2     1     5     0     1   -84.0   45.254   88.959   1422.8    787.0
     1     1    21     2     1     4     0     2   -85.0   45.205   89.097   1417.9    784.7
     1     1    21     2     1     3     0     3   -86.0   45.157   89.225   1420.4    780.9
     1     1    21     2     1     2     0     2   -87.0   45.114   89.342   1428.9    776.6
     1     1    21     2     1     1     0     1   -88.0   45.081   89.447   1441.5    772.3
     1     1    21     2     1     0     0     0   -89.0   45.057   89.539   1458.0    767.8
