     5     1
    GDAS    21     2     1     0     0
    GDAS    21     2     8     0     0
    GDAS    21     2    15     0     0
    GDAS    21     2    22     0     0
    GDAS    21     3     1     0     0
     1 BACKWARD OMEGA   
    21     2     9     6   37.820  111.540  1000.0
     1 PRESSURE
     1     1    21     2     9     6     0     0     0.0   37.820  111.540   1000.0    776.9
     1     1    21     2     9     5     0     1    -1.0   37.835  111.295    974.8    782.7
     1     1    21     2     9     4     0     2    -2.0   37.860  111.060    942.5    789.1
     1     1    21     2     9     3     0     3    -3.0   37.890  110.834    898.7    797.5
     1     1    21     2     9     2     0     2    -4.0   37.924  110.615    854.0    805.4
     1     1    21     2     9     1     0     1    -5.0   37.962  110.399    815.5    811.0
     1     1    21     2     9     0     0     0    -6.0   38.008  110.181    782.0    815.8
     1     1    21     2     8    23     0     1    -7.0   38.057  109.954    771.1    818.2
     1     1    21     2     8    22     0     2    -8.0   38.102  109.702    788.5    811.3
     1     1    21     2     8    21     0     3    -9.0   38.133  109.414    814.3    804.0
     1     1    21     2     8    20     0     2   -10.0   38.151  109.102    820.3    797.8
     1     1    21     2     8    19     0     1   -11.0   38.157  108.791    796.5    796.2
     1     1    21     2     8    18     0     0   -12.0   38.141  108.486    760.6    795.3
     1     1    21     2     8    17     0     1   -13.0   38.102  108.196    729.8    794.8
     1     1    21     2     8    16     0     2   -14.0   38.050  107.921    703.6    793.0
     1     1    21     2     8    15     0     3   -15.0   37.990  107.660    670.8    795.1
     1     1    21     2     8    14     0     2   -16.0   37.924  107.409    625.9    796.9
     1     1    21     2     8    13     0     1   -17.0   37.857  107.175    560.9    800.9
     1     1    21     2     8    12     0     0   -18.0   37.793  106.976    480.8    807.9
     1     1    21     2     8    11     0     1   -19.0   37.747  106.815    414.3    820.1
     1     1    21     2     8    10     0     2   -20.0   37.737  106.661    379.9    826.1
     1     1    21     2     8     9     0     3   -21.0   37.757  106.500    380.4    830.0
     1     1    21     2     8     8     0     2   -22.0   37.788  106.327    405.4    830.8
     1     1    21     2     8     7     0     1   -23.0   37.807  106.151    430.5    832.1
     1     1    21     2     8     6     0     0   -24.0   37.808  105.979    443.2    833.4
     1     1    21     2     8     5     0     1   -25.0   37.803  105.817    451.4    830.9
     1     1    21     2     8     4     0     2   -26.0   37.809  105.660    466.0    826.3
     1     1    21     2     8     3     0     3   -27.0   37.826  105.504    479.9    822.3
     1     1    21     2     8     2     0     2   -28.0   37.858  105.356    486.4    819.2
     1     1    21     2     8     1     0     1   -29.0   37.896  105.225    485.1    818.2
     1     1    21     2     8     0     0     0   -30.0   37.933  105.107    480.4    817.7
     1     1    21     2     7    23     0     1   -31.0   37.964  104.995    465.9    817.2
     1     1    21     2     7    22     0     2   -32.0   37.995  104.892    440.3    820.3
     1     1    21     2     7    21     0     3   -33.0   38.024  104.807    412.9    823.0
     1     1    21     2     7    20     0     2   -34.0   38.031  104.754    392.7    824.8
     1     1    21     2     7    19     0     1   -35.0   37.997  104.743    381.0    825.1
     1     1    21     2     7    18     0     0   -36.0   37.923  104.777    376.2    822.9
     1     1    21     2     7    17     0     1   -37.0   37.818  104.849    376.4    819.2
     1     1    21     2     7    16     0     2   -38.0   37.696  104.973    380.9    816.4
     1     1    21     2     7    15     0     3   -39.0   37.564  105.140    396.4    813.7
     1     1    21     2     7    14     0     2   -40.0   37.452  105.295    410.5    810.6
     1     1    21     2     7    13     0     1   -41.0   37.384  105.416    406.4    810.9
     1     1    21     2     7    12     0     0   -42.0   37.365  105.520    376.7    815.6
     1     1    21     2     7    11     0     1   -43.0   37.375  105.622    340.1    823.4
     1     1    21     2     7    10     0     2   -44.0   37.392  105.722    313.9    828.9
     1     1    21     2     7     9     0     3   -45.0   37.412  105.818    298.5    833.3
     1     1    21     2     7     8     0     2   -46.0   37.440  105.903    286.6    836.7
     1     1    21     2     7     7     0     1   -47.0   37.482  105.973    270.6    841.5
     1     1    21     2     7     6     0     0   -48.0   37.535  106.034    252.1    845.6
     1     1    21     2     7     5     0     1   -49.0   37.591  106.092    233.1    848.8
     1     1    21     2     7     4     0     2   -50.0   37.645  106.150    214.5    852.0
     1     1    21     2     7     3     0     3   -51.0   37.695  106.208    197.9    854.8
     1     1    21     2     7     2     0     2   -52.0   37.747  106.272    188.9    855.8
     1     1    21     2     7     1     0     1   -53.0   37.805  106.349    189.9    854.7
     1     1    21     2     7     0     0     0   -54.0   37.862  106.437    198.7    852.3
     1     1    21     2     6    23     0     1   -55.0   37.905  106.511    207.7    849.5
     1     1    21     2     6    22     0     2   -56.0   37.931  106.544    208.3    848.7
     1     1    21     2     6    21     0     3   -57.0   37.944  106.532    198.9    849.9
     1     1    21     2     6    20     0     2   -58.0   37.952  106.495    179.9    853.1
     1     1    21     2     6    19     0     1   -59.0   37.953  106.456    154.1    857.3
     1     1    21     2     6    18     0     0   -60.0   37.948  106.412    125.4    861.8
     1     1    21     2     6    17     0     1   -61.0   37.953  106.366    100.1    865.9
     1     1    21     2     6    16     0     2   -62.0   37.978  106.318     80.3    869.9
     1     1    21     2     6    15     0     3   -63.0   38.020  106.265     65.0    872.5
     1     1    21     2     6    14     0     2   -64.0   38.074  106.184     56.1    871.4
     1     1    21     2     6    13     0     1   -65.0   38.136  106.055     56.9    867.7
     1     1    21     2     6    12     0     0   -66.0   38.210  105.895     71.6    858.9
     1     1    21     2     6    11     0     1   -67.0   38.309  105.717     95.7    848.5
     1     1    21     2     6    10     0     2   -68.0   38.432  105.524    120.8    842.1
     1     1    21     2     6     9     0     3   -69.0   38.571  105.320    148.3    840.4
     1     1    21     2     6     8     0     2   -70.0   38.715  105.103    172.4    844.1
     1     1    21     2     6     7     0     1   -71.0   38.853  104.868    180.0    849.4
     1     1    21     2     6     6     0     0   -72.0   38.982  104.602    184.0    850.9
     1     1    21     2     6     5     0     1   -73.0   39.110  104.284    204.3    848.9
     1     1    21     2     6     4     0     2   -74.0   39.252  103.913    248.7    842.7
     1     1    21     2     6     3     0     3   -75.0   39.404  103.511    305.8    828.3
     1     1    21     2     6     2     0     2   -76.0   39.564  103.085    378.3    812.8
     1     1    21     2     6     1     0     1   -77.0   39.733  102.637    451.3    805.2
     1     1    21     2     6     0     0     0   -78.0   39.896  102.219    481.8    809.8
     1     1    21     2     5    23     0     1   -79.0   40.051  101.820    469.6    819.0
     1     1    21     2     5    22     0     2   -80.0   40.202  101.390    437.9    827.4
     1     1    21     2     5    21     0     3   -81.0   40.357  100.919    418.9    835.2
     1     1    21     2     5    20     0     2   -82.0   40.522  100.421    456.5    832.1
     1     1    21     2     5    19     0     1   -83.0   40.723   99.898    534.2    817.0
     1     1    21     2     5    18     0     0   -84.0   40.931   99.372    549.2    799.3
     1     1    21     2     5    17     0     1   -85.0   41.104   98.792    486.8    797.1
     1     1    21     2     5    16     0     2   -86.0   41.231   98.098    323.2    809.5
     1     1    21     2     5    15     0     3   -87.0   41.286   97.484    239.2    820.8
     1     1    21     2     5    14     0     2   -88.0   41.308   96.838    328.4    791.2
     1     1    21     2     5    13     0     1   -89.0   41.322   96.207    462.2    766.3
     1     1    21     2     5    12     0     0   -90.0   41.334   95.631    545.5    767.0
     1     1    21     2     5    11     0     1   -91.0   41.333   95.084    602.0    773.8
     1     1    21     2     5    10     0     2   -92.0   41.325   94.587    634.5    788.9
     1     1    21     2     5     9     0     3   -93.0   41.323   94.169    641.9    806.4
     1     1    21     2     5     8     0     2   -94.0   41.310   93.803    622.0    815.3
     1     1    21     2     5     7     0     1   -95.0   41.266   93.449    590.6    819.6
     1     1    21     2     5     6     0     0   -96.0   41.186   93.078    587.1    817.3
     1     1    21     2     5     5     0     1   -97.0   41.074   92.662    619.9    814.7
     1     1    21     2     5     4     0     2   -98.0   40.951   92.191    636.1    819.1
     1     1    21     2     5     3     0     3   -99.0   40.832   91.701    598.7    839.1
     1     1    21     2     5     2     0     2  -100.0   40.714   91.238    538.6    863.4
     1     1    21     2     5     1     0     1  -101.0   40.603   90.813    496.6    873.4
     1     1    21     2     5     0     0     0  -102.0   40.512   90.405    493.9    868.2
     1     1    21     2     4    23     0     1  -103.0   40.453   90.011    532.2    858.1
     1     1    21     2     4    22     0     2  -104.0   40.422   89.637    569.5    851.9
     1     1    21     2     4    21     0     3  -105.0   40.411   89.286    579.2    852.2
     1     1    21     2     4    20     0     2  -106.0   40.420   88.958    577.2    853.4
     1     1    21     2     4    19     0     1  -107.0   40.452   88.649    579.4    853.7
     1     1    21     2     4    18     0     0  -108.0   40.506   88.352    592.1    852.2
     1     1    21     2     4    17     0     1  -109.0   40.574   88.056    607.0    850.4
     1     1    21     2     4    16     0     2  -110.0   40.647   87.767    616.4    850.5
     1     1    21     2     4    15     0     3  -111.0   40.712   87.498    622.5    852.0
     1     1    21     2     4    14     0     2  -112.0   40.770   87.247    634.0    853.4
     1     1    21     2     4    13     0     1  -113.0   40.821   87.004    652.5    853.3
     1     1    21     2     4    12     0     0  -114.0   40.869   86.760    670.0    850.2
     1     1    21     2     4    11     0     1  -115.0   40.911   86.504    688.2    847.4
     1     1    21     2     4    10     0     2  -116.0   40.944   86.234    709.1    843.7
     1     1    21     2     4     9     0     3  -117.0   40.966   85.947    732.1    840.1
     1     1    21     2     4     8     0     2  -118.0   40.980   85.650    754.2    837.8
     1     1    21     2     4     7     0     1  -119.0   40.990   85.354    769.8    836.5
     1     1    21     2     4     6     0     0  -120.0   40.995   85.061    775.6    836.2
