     5     1
    GDAS    21     2     1     0     0
    GDAS    21     2     8     0     0
    GDAS    21     2    15     0     0
    GDAS    21     2    22     0     0
    GDAS    21     3     1     0     0
     1 BACKWARD OMEGA   
    21     2     5    18   37.820  111.540  1000.0
     1 PRESSURE
     1     1    21     2     5    18     0     0     0.0   37.820  111.540   1000.0    773.6
     1     1    21     2     5    17     0     1    -1.0   38.138  110.979    963.8    786.9
     1     1    21     2     5    16     0     2    -2.0   38.417  110.453    908.4    797.2
     1     1    21     2     5    15     0     3    -3.0   38.676  109.861    870.7    790.2
     1     1    21     2     5    14     0     2    -4.0   38.943  109.185    849.4    783.8
     1     1    21     2     5    13     0     1    -5.0   39.195  108.457    863.9    774.8
     1     1    21     2     5    12     0     0    -6.0   39.415  107.750    863.9    770.9
     1     1    21     2     5    11     0     1    -7.0   39.578  107.083    753.9    782.3
     1     1    21     2     5    10     0     2    -8.0   39.692  106.441    662.1    801.7
     1     1    21     2     5     9     0     3    -9.0   39.831  105.771    766.6    799.1
     1     1    21     2     5     8     0     2   -10.0   40.047  105.050    873.2    755.0
     1     1    21     2     5     7     0     1   -11.0   40.273  104.337    915.2    765.6
     1     1    21     2     5     6     0     0   -12.0   40.482  103.641    944.9    761.7
     1     1    21     2     5     5     0     1   -13.0   40.713  102.910    970.4    755.5
     1     1    21     2     5     4     0     2   -14.0   40.975  102.183   1024.9    771.8
     1     1    21     2     5     3     0     3   -15.0   41.270  101.508   1064.7    781.7
     1     1    21     2     5     2     0     2   -16.0   41.589  100.844   1074.2    790.4
     1     1    21     2     5     1     0     1   -17.0   41.912  100.142    920.9    794.6
     1     1    21     2     5     0     0     0   -18.0   42.241   99.358    915.3    813.8
     1     1    21     2     4    23     0     1   -19.0   42.635   98.565   1208.0    727.0
     1     1    21     2     4    22     0     2   -20.0   43.028   97.712   1020.9    753.4
     1     1    21     2     4    21     0     3   -21.0   43.309   96.836   1048.2    763.0
     1     1    21     2     4    20     0     2   -22.0   43.495   96.049   1129.2    776.8
     1     1    21     2     4    19     0     1   -23.0   43.653   95.357   1127.8    781.5
     1     1    21     2     4    18     0     0   -24.0   43.838   94.714   1006.4    805.8
     1     1    21     2     4    17     0     1   -25.0   43.983   94.218    741.2    838.0
     1     1    21     2     4    16     0     2   -26.0   44.047   93.938    514.5    864.0
     1     1    21     2     4    15     0     3   -27.0   44.050   93.799    336.1    874.6
     1     1    21     2     4    14     0     2   -28.0   44.021   93.715    217.3    880.4
     1     1    21     2     4    13     0     1   -29.0   43.972   93.660    141.9    882.5
     1     1    21     2     4    12     0     0   -30.0   43.913   93.608     98.4    880.9
     1     1    21     2     4    11     0     1   -31.0   43.860   93.544     60.5    878.2
     1     1    21     2     4    10     0     2   -32.0   43.815   93.477     29.5    879.8
     1     1    21     2     4     9     0     3   -33.0   43.781   93.383      9.5    877.8
     1     1    21     2     4     8     0     2   -34.0   43.733   93.264      1.9    875.0
     1     1    21     2     4     7     0     1   -35.0   43.660   93.142      0.0    876.1
     1     1    21     2     4     6     0     0   -36.0   43.567   93.032      0.0    882.3
     1     1    21     2     4     5     0     1   -37.0   43.469   92.965      0.0    891.8
     1     1    21     2     4     4     0     2   -38.0   43.379   92.965      1.3    900.2
     1     1    21     2     4     3     0     3   -39.0   43.301   93.032      6.4    905.0
     1     1    21     2     4     2     0     2   -40.0   43.244   93.120     12.5    903.9
     1     1    21     2     4     1     0     1   -41.0   43.202   93.188     18.7    901.1
     1     1    21     2     4     0     0     0   -42.0   43.171   93.231     22.8    898.8
     1     1    21     2     3    23     0     1   -43.0   43.148   93.258     24.6    897.4
     1     1    21     2     3    22     0     2   -44.0   43.131   93.277     26.9    895.8
     1     1    21     2     3    21     0     3   -45.0   43.120   93.290     30.2    894.5
     1     1    21     2     3    20     0     2   -46.0   43.110   93.293     32.3    894.2
     1     1    21     2     3    19     0     1   -47.0   43.100   93.286     30.5    895.5
     1     1    21     2     3    18     0     0   -48.0   43.089   93.269     25.5    898.3
     1     1    21     2     3    17     0     1   -49.0   43.082   93.248     21.8    901.9
     1     1    21     2     3    16     0     2   -50.0   43.081   93.227     22.9    904.1
     1     1    21     2     3    15     0     3   -51.0   43.087   93.203     29.7    905.7
     1     1    21     2     3    14     0     2   -52.0   43.092   93.163     36.8    907.6
     1     1    21     2     3    13     0     1   -53.0   43.093   93.097     34.2    913.8
     1     1    21     2     3    12     0     0   -54.0   43.086   93.004     22.0    924.9
     1     1    21     2     3    11     0     1   -55.0   43.070   92.896      9.8    932.5
     1     1    21     2     3    10     0     2   -56.0   43.042   92.780      0.0    938.9
     1     1    21     2     3     9     0     3   -57.0   42.998   92.655      0.0    947.7
     1     1    21     2     3     8     0     2   -58.0   42.954   92.546      0.0    951.7
     1     1    21     2     3     7     0     1   -59.0   42.924   92.471      0.0    954.5
     1     1    21     2     3     6     0     0   -60.0   42.909   92.427      0.0    956.4
     1     1    21     2     3     5     0     1   -61.0   42.904   92.410      0.0    957.0
     1     1    21     2     3     4     0     2   -62.0   42.903   92.416      0.0    956.9
     1     1    21     2     3     3     0     3   -63.0   42.906   92.447      0.0    955.9
     1     1    21     2     3     2     0     2   -64.0   42.911   92.492      0.3    953.8
     1     1    21     2     3     1     0     1   -65.0   42.919   92.538      1.2    951.9
     1     1    21     2     3     0     0     0   -66.0   42.931   92.584      2.9    950.1
     1     1    21     2     2    23     0     1   -67.0   42.944   92.639      5.9    948.4
     1     1    21     2     2    22     0     2   -68.0   42.953   92.711     10.1    945.8
     1     1    21     2     2    21     0     3   -69.0   42.957   92.805     18.2    941.1
     1     1    21     2     2    20     0     2   -70.0   42.954   92.908     32.1    934.6
     1     1    21     2     2    19     0     1   -71.0   42.946   92.998     41.9    929.4
     1     1    21     2     2    18     0     0   -72.0   42.934   93.062     40.0    922.6
     1     1    21     2     2    17     0     1   -73.0   42.923   93.105     37.5    919.6
     1     1    21     2     2    16     0     2   -74.0   42.918   93.132     45.8    915.8
     1     1    21     2     2    15     0     3   -75.0   42.916   93.145     68.3    912.0
     1     1    21     2     2    14     0     2   -76.0   42.915   93.141     94.3    907.2
     1     1    21     2     2    13     0     1   -77.0   42.913   93.120    108.3    907.3
     1     1    21     2     2    12     0     0   -78.0   42.911   93.084    105.0    910.6
     1     1    21     2     2    11     0     1   -79.0   42.909   93.030     83.3    918.5
     1     1    21     2     2    10     0     2   -80.0   42.909   92.953     49.2    928.0
     1     1    21     2     2     9     0     3   -81.0   42.905   92.858     23.4    936.0
     1     1    21     2     2     8     0     2   -82.0   42.892   92.752      3.6    940.6
     1     1    21     2     2     7     0     1   -83.0   42.868   92.646      0.0    944.2
     1     1    21     2     2     6     0     0   -84.0   42.836   92.540      0.0    947.1
     1     1    21     2     2     5     0     1   -85.0   42.804   92.448      0.0    948.9
     1     1    21     2     2     4     0     2   -86.0   42.777   92.380      0.0    949.9
     1     1    21     2     2     3     0     3   -87.0   42.750   92.332      3.6    950.1
     1     1    21     2     2     2     0     2   -88.0   42.724   92.289      9.3    949.9
     1     1    21     2     2     1     0     1   -89.0   42.699   92.236     14.2    949.2
     1     1    21     2     2     0     0     0   -90.0   42.677   92.175     19.9    948.6
     1     1    21     2     1    23     0     1   -91.0   42.658   92.117     28.5    948.0
     1     1    21     2     1    22     0     2   -92.0   42.642   92.077     41.0    946.8
     1     1    21     2     1    21     0     3   -93.0   42.630   92.059     56.1    945.2
     1     1    21     2     1    20     0     2   -94.0   42.620   92.049     66.8    942.7
     1     1    21     2     1    19     0     1   -95.0   42.609   92.036     66.3    942.4
     1     1    21     2     1    18     0     0   -96.0   42.596   92.021     54.3    943.7
     1     1    21     2     1    17     0     1   -97.0   42.583   92.009     42.2    945.1
     1     1    21     2     1    16     0     2   -98.0   42.572   92.003     38.7    944.5
     1     1    21     2     1    15     0     3   -99.0   42.564   92.002     42.3    943.6
     1     1    21     2     1    14     0     2  -100.0   42.557   91.997     46.3    942.2
     1     1    21     2     1    13     0     1  -101.0   42.554   91.981     43.3    941.6
     1     1    21     2     1    12     0     0  -102.0   42.554   91.954     34.2    941.7
     1     1    21     2     1    11     0     1  -103.0   42.555   91.927     21.2    942.4
     1     1    21     2     1    10     0     2  -104.0   42.554   91.915      6.9    943.6
     1     1    21     2     1     9     0     3  -105.0   42.550   91.917      0.0    943.1
     1     1    21     2     1     8     0     2  -106.0   42.546   91.926      0.0    943.2
     1     1    21     2     1     7     0     1  -107.0   42.545   91.939      0.0    943.5
     1     1    21     2     1     6     0     0  -108.0   42.545   91.954      0.0    944.0
     1     1    21     2     1     5     0     1  -109.0   42.546   91.968      0.0    944.3
     1     1    21     2     1     4     0     2  -110.0   42.549   91.978      0.3    944.7
     1     1    21     2     1     3     0     3  -111.0   42.554   91.984      5.1    945.1
     1     1    21     2     1     2     0     2  -112.0   42.558   91.996     10.3    944.8
     1     1    21     2     1     1     0     1  -113.0   42.559   92.023     11.1    944.0
     1     1    21     2     1     0     0     0  -114.0   42.556   92.064      8.4    943.3
