     5     1
    GDAS    21     2     1     0     0
    GDAS    21     2     8     0     0
    GDAS    21     2    15     0     0
    GDAS    21     2    22     0     0
    GDAS    21     3     1     0     0
     1 BACKWARD OMEGA   
    21     2     1    21   37.820  111.540  1000.0
     1 PRESSURE
     1     1    21     2     1    21     0     3     0.0   37.820  111.540   1000.0    776.9
     1     1    21     2     1    20     0     2    -1.0   38.083  111.073   1036.3    778.1
     1     1    21     2     1    19     0     1    -2.0   38.315  110.681   1025.5    788.2
     1     1    21     2     1    18     0     0    -3.0   38.526  110.296   1009.6    787.1
     1     1    21     2     1    17     0     1    -4.0   38.720  109.909    999.3    780.7
     1     1    21     2     1    16     0     2    -5.0   38.902  109.518   1008.0    774.6
     1     1    21     2     1    15     0     3    -6.0   39.087  109.102   1049.9    765.1
     1     1    21     2     1    14     0     2    -7.0   39.290  108.656   1113.0    751.7
     1     1    21     2     1    13     0     1    -8.0   39.500  108.213   1180.5    746.1
     1     1    21     2     1    12     0     0    -9.0   39.709  107.803   1249.0    743.2
     1     1    21     2     1    11     0     1   -10.0   39.939  107.427   1304.6    733.0
     1     1    21     2     1    10     0     2   -11.0   40.190  107.069   1325.0    726.7
     1     1    21     2     1     9     0     3   -12.0   40.418  106.749   1304.8    737.3
     1     1    21     2     1     8     0     2   -13.0   40.627  106.467   1280.3    746.2
     1     1    21     2     1     7     0     1   -14.0   40.849  106.188   1305.0    741.3
     1     1    21     2     1     6     0     0   -15.0   41.112  105.880   1410.4    728.6
     1     1    21     2     1     5     0     1   -16.0   41.415  105.517   1556.5    717.0
     1     1    21     2     1     4     0     2   -17.0   41.719  105.139   1663.4    708.4
     1     1    21     2     1     3     0     3   -18.0   41.994  104.788   1731.1    705.9
     1     1    21     2     1     2     0     2   -19.0   42.268  104.443   1756.2    693.7
     1     1    21     2     1     1     0     1   -20.0   42.570  104.074   1759.7    685.9
     1     1    21     2     1     0     0     0   -21.0   42.889  103.678   1757.8    682.1
