     5     1
    GDAS    21     2     1     0     0
    GDAS    21     2     8     0     0
    GDAS    21     2    15     0     0
    GDAS    21     2    22     0     0
    GDAS    21     3     1     0     0
     1 BACKWARD OMEGA   
    21     2    25    11   37.820  111.540  1000.0
     1 PRESSURE
     1     1    21     2    25    11     0     1     0.0   37.820  111.540   1000.0    777.8
     1     1    21     2    25    10     0     2    -1.0   37.819  111.683   1025.9    775.0
     1     1    21     2    25     9     0     3    -2.0   37.848  111.821   1095.1    767.5
     1     1    21     2    25     8     0     2    -3.0   37.910  111.953   1186.4    752.5
     1     1    21     2    25     7     0     1    -4.0   37.996  112.074   1254.8    743.8
     1     1    21     2    25     6     0     0    -5.0   38.096  112.181   1298.8    737.1
     1     1    21     2    25     5     0     1    -6.0   38.200  112.280   1321.1    733.3
     1     1    21     2    25     4     0     2    -7.0   38.309  112.381   1330.6    732.1
     1     1    21     2    25     3     0     3    -8.0   38.425  112.485   1344.0    731.4
     1     1    21     2    25     2     0     2    -9.0   38.554  112.582   1382.2    728.9
     1     1    21     2    25     1     0     1   -10.0   38.699  112.658   1462.1    721.9
     1     1    21     2    25     0     0     0   -11.0   38.859  112.700   1598.4    709.5
     1     1    21     2    24    23     0     1   -12.0   39.030  112.671   1749.4    688.3
     1     1    21     2    24    22     0     2   -13.0   39.203  112.570   1838.0    675.0
     1     1    21     2    24    21     0     3   -14.0   39.374  112.428   1851.9    670.6
     1     1    21     2    24    20     0     2   -15.0   39.534  112.268   1836.6    672.0
     1     1    21     2    24    19     0     1   -16.0   39.681  112.088   1835.8    670.2
     1     1    21     2    24    18     0     0   -17.0   39.818  111.880   1860.9    672.5
     1     1    21     2    24    17     0     1   -18.0   39.951  111.658   1885.4    676.3
     1     1    21     2    24    16     0     2   -19.0   40.076  111.446   1879.6    679.4
     1     1    21     2    24    15     0     3   -20.0   40.188  111.257   1841.6    682.1
     1     1    21     2    24    14     0     2   -21.0   40.297  111.089   1766.0    685.4
     1     1    21     2    24    13     0     1   -22.0   40.417  110.934   1664.3    690.7
     1     1    21     2    24    12     0     0   -23.0   40.547  110.782   1570.5    695.5
     1     1    21     2    24    11     0     1   -24.0   40.671  110.627   1510.2    699.5
     1     1    21     2    24    10     0     2   -25.0   40.784  110.459   1485.8    700.7
     1     1    21     2    24     9     0     3   -26.0   40.904  110.277   1487.1    702.2
     1     1    21     2    24     8     0     2   -27.0   41.030  110.068   1502.3    705.3
     1     1    21     2    24     7     0     1   -28.0   41.134  109.834   1516.4    710.8
     1     1    21     2    24     6     0     0   -29.0   41.206  109.590   1524.4    716.2
     1     1    21     2    24     5     0     1   -30.0   41.257  109.353   1530.6    721.1
     1     1    21     2    24     4     0     2   -31.0   41.293  109.129   1536.7    725.0
     1     1    21     2    24     3     0     3   -32.0   41.314  108.914   1544.5    727.4
     1     1    21     2    24     2     0     2   -33.0   41.334  108.703   1561.5    726.5
     1     1    21     2    24     1     0     1   -34.0   41.367  108.488   1584.2    723.3
     1     1    21     2    24     0     0     0   -35.0   41.416  108.263   1592.2    721.4
     1     1    21     2    23    23     0     1   -36.0   41.476  108.021   1595.8    723.2
     1     1    21     2    23    22     0     2   -37.0   41.543  107.757   1622.1    720.2
     1     1    21     2    23    21     0     3   -38.0   41.613  107.463   1681.0    714.3
     1     1    21     2    23    20     0     2   -39.0   41.686  107.128   1756.0    706.9
     1     1    21     2    23    19     0     1   -40.0   41.763  106.756   1813.4    703.2
     1     1    21     2    23    18     0     0   -41.0   41.837  106.380   1833.6    706.3
     1     1    21     2    23    17     0     1   -42.0   41.907  106.029   1793.5    714.8
     1     1    21     2    23    16     0     2   -43.0   41.974  105.699   1685.2    724.4
     1     1    21     2    23    15     0     3   -44.0   42.045  105.363   1535.5    732.0
     1     1    21     2    23    14     0     2   -45.0   42.127  105.032   1400.5    739.6
     1     1    21     2    23    13     0     1   -46.0   42.221  104.726   1333.1    742.2
     1     1    21     2    23    12     0     0   -47.0   42.326  104.421   1314.5    738.6
     1     1    21     2    23    11     0     1   -48.0   42.431  104.095   1324.0    735.6
     1     1    21     2    23    10     0     2   -49.0   42.533  103.750   1362.9    732.0
     1     1    21     2    23     9     0     3   -50.0   42.632  103.397   1442.4    727.2
     1     1    21     2    23     8     0     2   -51.0   42.723  103.026   1544.0    717.6
     1     1    21     2    23     7     0     1   -52.0   42.800  102.636   1597.8    701.8
     1     1    21     2    23     6     0     0   -53.0   42.847  102.250   1605.3    690.7
     1     1    21     2    23     5     0     1   -54.0   42.878  101.896   1622.0    685.5
     1     1    21     2    23     4     0     2   -55.0   42.915  101.582   1667.8    681.5
     1     1    21     2    23     3     0     3   -56.0   42.956  101.303   1706.6    677.8
     1     1    21     2    23     2     0     2   -57.0   42.989  101.046   1730.4    677.1
     1     1    21     2    23     1     0     1   -58.0   43.013  100.799   1737.7    679.1
     1     1    21     2    23     0     0     0   -59.0   43.026  100.568   1718.4    685.1
     1     1    21     2    22    23     0     1   -60.0   43.022  100.368   1709.6    692.2
     1     1    21     2    22    22     0     2   -61.0   42.999  100.201   1764.9    691.6
     1     1    21     2    22    21     0     3   -62.0   42.969  100.042   1906.5    683.2
     1     1    21     2    22    20     0     2   -63.0   42.946   99.877   2059.8    665.5
     1     1    21     2    22    19     0     1   -64.0   42.926   99.729   2176.6    656.7
     1     1    21     2    22    18     0     0   -65.0   42.897   99.582   2269.9    649.8
     1     1    21     2    22    17     0     1   -66.0   42.868   99.399   2303.0    643.9
     1     1    21     2    22    16     0     2   -67.0   42.849   99.216   2250.1    648.9
     1     1    21     2    22    15     0     3   -68.0   42.843   99.073   2148.1    659.2
     1     1    21     2    22    14     0     2   -69.0   42.865   98.961   2078.1    669.6
     1     1    21     2    22    13     0     1   -70.0   42.916   98.838   2085.2    667.6
     1     1    21     2    22    12     0     0   -71.0   42.989   98.696   2191.2    659.2
     1     1    21     2    22    11     0     1   -72.0   43.077   98.454   2346.0    637.9
     1     1    21     2    22    10     0     2   -73.0   43.173   98.100   2423.7    624.3
     1     1    21     2    22     9     0     3   -74.0   43.279   97.701   2396.1    629.3
     1     1    21     2    22     8     0     2   -75.0   43.397   97.302   2406.6    642.0
     1     1    21     2    22     7     0     1   -76.0   43.523   96.891   2502.6    639.3
     1     1    21     2    22     6     0     0   -77.0   43.672   96.476   2608.3    638.1
     1     1    21     2    22     5     0     1   -78.0   43.841   96.026   2706.5    639.1
     1     1    21     2    22     4     0     2   -79.0   44.026   95.534   2850.2    647.2
     1     1    21     2    22     3     0     3   -80.0   44.216   94.986   3060.5    626.3
     1     1    21     2    22     2     0     2   -81.0   44.340   94.277   3281.8    578.3
     1     1    21     2    22     1     0     1   -82.0   44.380   93.450   3301.8    563.2
     1     1    21     2    22     0     0     0   -83.0   44.433   92.496   3284.7    550.5
     1     1    21     2    21    23     0     1   -84.0   44.468   91.533   3321.1    556.6
     1     1    21     2    21    22     0     2   -85.0   44.490   90.659   3348.7    575.9
     1     1    21     2    21    21     0     3   -86.0   44.484   89.907   3443.1    590.4
     1     1    21     2    21    20     0     2   -87.0   44.465   89.241   3446.2    596.7
     1     1    21     2    21    19     0     1   -88.0   44.452   88.669   3351.8    604.5
     1     1    21     2    21    18     0     0   -89.0   44.462   88.170   3213.0    610.7
     1     1    21     2    21    17     0     1   -90.0   44.517   87.737   3126.0    631.5
     1     1    21     2    21    16     0     2   -91.0   44.593   87.342   3153.1    641.2
     1     1    21     2    21    15     0     3   -92.0   44.684   86.960   3254.9    640.0
     1     1    21     2    21    14     0     2   -93.0   44.742   86.598   3278.3    628.1
     1     1    21     2    21    13     0     1   -94.0   44.783   86.265   3234.8    639.3
     1     1    21     2    21    12     0     0   -95.0   44.841   85.953   3233.5    646.3
     1     1    21     2    21    11     0     1   -96.0   44.885   85.628   3192.4    641.8
     1     1    21     2    21    10     0     2   -97.0   44.874   85.273   3108.3    650.0
     1     1    21     2    21     9     0     3   -98.0   44.784   84.855   3114.3    637.9
     1     1    21     2    21     8     0     2   -99.0   44.645   84.218   3117.2    583.2
     1     1    21     2    21     7     0     1  -100.0   44.476   83.431   2961.1    574.9
     1     1    21     2    21     6     0     0  -101.0   44.270   82.646   2865.8    577.8
     1     1    21     2    21     5     0     1  -102.0   44.068   81.935   2790.5    608.2
     1     1    21     2    21     4     0     2  -103.0   43.901   81.372   2715.4    640.4
     1     1    21     2    21     3     0     3  -104.0   43.761   80.929   2622.0    657.5
     1     1    21     2    21     2     0     2  -105.0   43.636   80.518   2521.2    656.3
     1     1    21     2    21     1     0     1  -106.0   43.539   79.999   2498.1    646.6
     1     1    21     2    21     0     0     0  -107.0   43.451   79.374   2572.1    623.9
     1     1    21     2    20    23     0     1  -108.0   43.315   78.627   2610.7    579.5
     1     1    21     2    20    22     0     2  -109.0   43.140   77.695   2502.1    528.3
     1     1    21     2    20    21     0     3  -110.0   42.934   76.716   2491.7    516.0
     1     1    21     2    20    20     0     2  -111.0   42.691   75.857   2754.8    544.9
     1     1    21     2    20    19     0     1  -112.0   42.428   75.042   2803.1    563.8
     1     1    21     2    20    18     0     0  -113.0   42.112   74.169   2821.4    515.8
     1     1    21     2    20    17     0     1  -114.0   41.757   73.133   3031.5    535.0
     1     1    21     2    20    16     0     2  -115.0   41.533   72.109   3058.2    562.6
     1     1    21     2    20    15     0     3  -116.0   41.301   71.062   3294.4    558.7
     1     1    21     2    20    14     0     2  -117.0   41.034   70.066   3367.6    572.8
     1     1    21     2    20    13     0     1  -118.0   40.742   69.332   3227.7    628.7
     1     1    21     2    20    12     0     0  -119.0   40.426   68.730   3159.4    645.1
     1     1    21     2    20    11     0     1  -120.0   40.101   68.205   3094.6    648.7
