     5     1
    GDAS    21     2     1     0     0
    GDAS    21     2     8     0     0
    GDAS    21     2    15     0     0
    GDAS    21     2    22     0     0
    GDAS    21     3     1     0     0
     1 BACKWARD OMEGA   
    21     2    14    18   37.820  111.540  1000.0
     1 PRESSURE
     1     1    21     2    14    18     0     0     0.0   37.820  111.540   1000.0    776.0
     1     1    21     2    14    17     0     1    -1.0   38.273  111.162   1193.5    760.9
     1     1    21     2    14    16     0     2    -2.0   38.705  110.836   1277.8    759.3
     1     1    21     2    14    15     0     3    -3.0   39.106  110.517   1289.6    756.3
     1     1    21     2    14    14     0     2    -4.0   39.523  110.141   1318.3    740.8
     1     1    21     2    14    13     0     1    -5.0   39.965  109.698   1383.8    721.2
     1     1    21     2    14    12     0     0    -6.0   40.399  109.211   1439.3    718.7
     1     1    21     2    14    11     0     1    -7.0   40.781  108.757   1435.2    737.5
     1     1    21     2    14    10     0     2    -8.0   41.109  108.372   1421.6    749.8
     1     1    21     2    14     9     0     3    -9.0   41.432  108.003   1482.2    739.2
     1     1    21     2    14     8     0     2   -10.0   41.785  107.589   1569.8    715.8
     1     1    21     2    14     7     0     1   -11.0   42.141  107.183   1642.0    714.0
     1     1    21     2    14     6     0     0   -12.0   42.483  106.784   1698.9    709.0
     1     1    21     2    14     5     0     1   -13.0   42.808  106.394   1749.4    702.6
     1     1    21     2    14     4     0     2   -14.0   43.133  106.007   1820.0    686.5
     1     1    21     2    14     3     0     3   -15.0   43.482  105.594   1881.2    667.8
     1     1    21     2    14     2     0     2   -16.0   43.857  105.146   1948.6    658.1
     1     1    21     2    14     1     0     1   -17.0   44.242  104.689   2038.1    654.9
     1     1    21     2    14     0     0     0   -18.0   44.621  104.245   2107.3    659.2
     1     1    21     2    13    23     0     1   -19.0   44.965  103.827   2145.4    663.2
     1     1    21     2    13    22     0     2   -20.0   45.285  103.421   2144.5    650.6
     1     1    21     2    13    21     0     3   -21.0   45.603  103.010   2129.4    639.3
     1     1    21     2    13    20     0     2   -22.0   45.928  102.573   2102.4    615.1
     1     1    21     2    13    19     0     1   -23.0   46.279  102.105   2091.8    597.0
     1     1    21     2    13    18     0     0   -24.0   46.666  101.645   2141.0    587.2
     1     1    21     2    13    17     0     1   -25.0   47.108  101.166   2280.3    555.4
     1     1    21     2    13    16     0     2   -26.0   47.592  100.659   2433.1    541.2
     1     1    21     2    13    15     0     3   -27.0   48.089  100.215   2439.6    553.5
     1     1    21     2    13    14     0     2   -28.0   48.565   99.803   2359.2    568.5
     1     1    21     2    13    13     0     1   -29.0   49.002   99.389   2257.0    580.6
     1     1    21     2    13    12     0     0   -30.0   49.424   99.003   2215.7    585.4
     1     1    21     2    13    11     0     1   -31.0   49.849   98.623   2272.4    577.6
     1     1    21     2    13    10     0     2   -32.0   50.276   98.223   2358.3    565.4
     1     1    21     2    13     9     0     3   -33.0   50.700   97.826   2491.9    569.7
     1     1    21     2    13     8     0     2   -34.0   51.084   97.445   2656.7    579.4
     1     1    21     2    13     7     0     1   -35.0   51.417   97.079   2792.2    584.6
     1     1    21     2    13     6     0     0   -36.0   51.722   96.732   2887.5    577.9
     1     1    21     2    13     5     0     1   -37.0   52.012   96.404   2949.1    564.9
     1     1    21     2    13     4     0     2   -38.0   52.291   96.073   2992.3    561.9
     1     1    21     2    13     3     0     3   -39.0   52.557   95.726   3020.0    569.3
     1     1    21     2    13     2     0     2   -40.0   52.789   95.358   3031.9    579.5
     1     1    21     2    13     1     0     1   -41.0   52.982   94.976   3043.7    587.3
     1     1    21     2    13     0     0     0   -42.0   53.151   94.581   3036.4    588.8
     1     1    21     2    12    23     0     1   -43.0   53.285   94.157   3024.3    597.0
     1     1    21     2    12    22     0     2   -44.0   53.368   93.708   3035.6    609.5
     1     1    21     2    12    21     0     3   -45.0   53.411   93.228   3062.7    620.8
     1     1    21     2    12    20     0     2   -46.0   53.437   92.730   3066.3    626.8
     1     1    21     2    12    19     0     1   -47.0   53.453   92.227   3040.4    632.0
     1     1    21     2    12    18     0     0   -48.0   53.453   91.709   2998.2    635.6
     1     1    21     2    12    17     0     1   -49.0   53.438   91.180   2937.0    639.8
     1     1    21     2    12    16     0     2   -50.0   53.411   90.639   2866.4    642.7
     1     1    21     2    12    15     0     3   -51.0   53.353   90.061   2803.1    644.0
     1     1    21     2    12    14     0     2   -52.0   53.286   89.460   2750.8    637.6
     1     1    21     2    12    13     0     1   -53.0   53.231   88.889   2734.6    631.6
     1     1    21     2    12    12     0     0   -54.0   53.164   88.327   2741.9    645.3
     1     1    21     2    12    11     0     1   -55.0   53.064   87.764   2712.5    663.1
     1     1    21     2    12    10     0     2   -56.0   52.929   87.207   2671.0    682.4
     1     1    21     2    12     9     0     3   -57.0   52.778   86.655   2617.4    694.0
     1     1    21     2    12     8     0     2   -58.0   52.634   86.118   2558.8    702.0
     1     1    21     2    12     7     0     1   -59.0   52.510   85.614   2506.5    705.2
     1     1    21     2    12     6     0     0   -60.0   52.396   85.130   2458.7    706.0
     1     1    21     2    12     5     0     1   -61.0   52.293   84.652   2416.8    711.9
     1     1    21     2    12     4     0     2   -62.0   52.201   84.180   2372.7    720.0
     1     1    21     2    12     3     0     3   -63.0   52.115   83.711   2318.9    727.4
     1     1    21     2    12     2     0     2   -64.0   52.041   83.240   2262.1    735.1
     1     1    21     2    12     1     0     1   -65.0   51.987   82.774   2210.5    742.5
     1     1    21     2    12     0     0     0   -66.0   51.954   82.322   2178.7    749.1
     1     1    21     2    11    23     0     1   -67.0   51.951   81.869   2161.3    751.0
     1     1    21     2    11    22     0     2   -68.0   51.983   81.395   2127.7    750.6
     1     1    21     2    11    21     0     3   -69.0   52.044   80.906   2080.2    754.7
     1     1    21     2    11    20     0     2   -70.0   52.121   80.441   2050.3    763.8
     1     1    21     2    11    19     0     1   -71.0   52.210   80.016   2051.0    767.5
     1     1    21     2    11    18     0     0   -72.0   52.310   79.634   2077.5    767.4
     1     1    21     2    11    17     0     1   -73.0   52.416   79.288   2122.7    764.6
     1     1    21     2    11    16     0     2   -74.0   52.526   78.962   2180.6    759.9
     1     1    21     2    11    15     0     3   -75.0   52.649   78.640   2240.1    752.2
     1     1    21     2    11    14     0     2   -76.0   52.789   78.280   2286.5    745.1
     1     1    21     2    11    13     0     1   -77.0   52.949   77.837   2316.8    741.5
     1     1    21     2    11    12     0     0   -78.0   53.121   77.342   2357.4    742.6
     1     1    21     2    11    11     0     1   -79.0   53.278   76.892   2418.3    737.9
     1     1    21     2    11    10     0     2   -80.0   53.407   76.530   2480.5    730.0
     1     1    21     2    11     9     0     3   -81.0   53.512   76.232   2529.7    724.8
     1     1    21     2    11     8     0     2   -82.0   53.607   75.954   2570.9    720.9
     1     1    21     2    11     7     0     1   -83.0   53.712   75.655   2612.6    716.7
     1     1    21     2    11     6     0     0   -84.0   53.832   75.320   2662.9    711.8
     1     1    21     2    11     5     0     1   -85.0   53.974   74.934   2714.5    705.1
     1     1    21     2    11     4     0     2   -86.0   54.128   74.526   2751.2    700.9
     1     1    21     2    11     3     0     3   -87.0   54.272   74.140   2773.0    698.7
     1     1    21     2    11     2     0     2   -88.0   54.413   73.771   2793.6    697.5
     1     1    21     2    11     1     0     1   -89.0   54.565   73.405   2823.4    694.1
     1     1    21     2    11     0     0     0   -90.0   54.735   73.021   2857.4    690.0
     1     1    21     2    10    23     0     1   -91.0   54.928   72.596   2882.5    686.4
     1     1    21     2    10    22     0     2   -92.0   55.136   72.142   2895.4    685.4
     1     1    21     2    10    21     0     3   -93.0   55.335   71.709   2898.6    683.0
     1     1    21     2    10    20     0     2   -94.0   55.522   71.292   2908.1    680.6
     1     1    21     2    10    19     0     1   -95.0   55.714   70.857   2937.0    675.1
     1     1    21     2    10    18     0     0   -96.0   55.923   70.395   2986.8    670.4
     1     1    21     2    10    17     0     1   -97.0   56.155   69.935   3060.6    663.9
     1     1    21     2    10    16     0     2   -98.0   56.403   69.537   3133.0    655.9
     1     1    21     2    10    15     0     3   -99.0   56.666   69.217   3199.6    652.4
     1     1    21     2    10    14     0     2  -100.0   56.962   68.925   3282.4    646.2
     1     1    21     2    10    13     0     1  -101.0   57.282   68.633   3368.2    637.6
     1     1    21     2    10    12     0     0  -102.0   57.607   68.373   3448.8    632.5
     1     1    21     2    10    11     0     1  -103.0   57.929   68.154   3539.4    627.4
     1     1    21     2    10    10     0     2  -104.0   58.247   67.944   3636.1    618.6
     1     1    21     2    10     9     0     3  -105.0   58.554   67.759   3719.4    609.6
     1     1    21     2    10     8     0     2  -106.0   58.845   67.649   3783.8    603.2
     1     1    21     2    10     7     0     1  -107.0   59.121   67.631   3837.9    598.4
     1     1    21     2    10     6     0     0  -108.0   59.383   67.691   3896.2    593.1
     1     1    21     2    10     5     0     1  -109.0   59.635   67.825   3963.5    586.3
     1     1    21     2    10     4     0     2  -110.0   59.889   68.064   4038.3    579.0
     1     1    21     2    10     3     0     3  -111.0   60.139   68.427   4113.5    571.2
     1     1    21     2    10     2     0     2  -112.0   60.371   68.867   4175.6    564.6
     1     1    21     2    10     1     0     1  -113.0   60.578   69.337   4210.2    560.0
     1     1    21     2    10     0     0     0  -114.0   60.762   69.827   4208.5    558.5
     1     1    21     2     9    23     0     1  -115.0   60.908   70.331   4190.6    562.3
     1     1    21     2     9    22     0     2  -116.0   61.004   70.839   4182.6    563.2
     1     1    21     2     9    21     0     3  -117.0   61.062   71.337   4179.2    561.8
     1     1    21     2     9    20     0     2  -118.0   61.089   71.820   4176.0    561.4
     1     1    21     2     9    19     0     1  -119.0   61.084   72.294   4174.6    561.2
     1     1    21     2     9    18     0     0  -120.0   61.048   72.748   4175.1    560.8
