     5     1
    GDAS    21     2     1     0     0
    GDAS    21     2     8     0     0
    GDAS    21     2    15     0     0
    GDAS    21     2    22     0     0
    GDAS    21     3     1     0     0
     1 BACKWARD OMEGA   
    21     2     8    21   37.820  111.540  1000.0
     1 PRESSURE
     1     1    21     2     8    21     0     3     0.0   37.820  111.540   1000.0    777.8
     1     1    21     2     8    20     0     2    -1.0   37.794  111.198    953.4    784.9
     1     1    21     2     8    19     0     1    -2.0   37.731  110.893    887.6    794.5
     1     1    21     2     8    18     0     0    -3.0   37.645  110.616    819.6    805.3
     1     1    21     2     8    17     0     1    -4.0   37.551  110.368    758.4    814.4
     1     1    21     2     8    16     0     2    -5.0   37.438  110.141    695.8    824.4
     1     1    21     2     8    15     0     3    -6.0   37.289  109.914    625.8    832.9
     1     1    21     2     8    14     0     2    -7.0   37.129  109.702    558.0    834.1
     1     1    21     2     8    13     0     1    -8.0   36.980  109.533    490.6    833.5
     1     1    21     2     8    12     0     0    -9.0   36.835  109.406    416.1    838.6
     1     1    21     2     8    11     0     1   -10.0   36.698  109.314    346.6    845.1
     1     1    21     2     8    10     0     2   -11.0   36.581  109.250    285.8    851.0
     1     1    21     2     8     9     0     3   -12.0   36.479  109.227    228.8    857.7
     1     1    21     2     8     8     0     2   -13.0   36.379  109.229    182.6    865.2
     1     1    21     2     8     7     0     1   -14.0   36.276  109.236    152.0    870.0
     1     1    21     2     8     6     0     0   -15.0   36.179  109.244    131.4    873.5
     1     1    21     2     8     5     0     1   -16.0   36.095  109.259    116.6    875.9
     1     1    21     2     8     4     0     2   -17.0   36.029  109.288    106.0    878.1
     1     1    21     2     8     3     0     3   -18.0   35.975  109.323    101.8    880.2
     1     1    21     2     8     2     0     2   -19.0   35.937  109.365     99.5    881.8
     1     1    21     2     8     1     0     1   -20.0   35.916  109.414     94.2    883.5
     1     1    21     2     8     0     0     0   -21.0   35.911  109.466     87.0    884.7
     1     1    21     2     7    23     0     1   -22.0   35.912  109.515     80.2    885.8
     1     1    21     2     7    22     0     2   -23.0   35.908  109.560     76.4    886.5
     1     1    21     2     7    21     0     3   -24.0   35.902  109.600     75.4    887.0
     1     1    21     2     7    20     0     2   -25.0   35.898  109.643     75.6    887.1
     1     1    21     2     7    19     0     1   -26.0   35.901  109.692     75.4    887.0
     1     1    21     2     7    18     0     0   -27.0   35.909  109.744     74.9    886.5
     1     1    21     2     7    17     0     1   -28.0   35.923  109.798     73.9    885.7
     1     1    21     2     7    16     0     2   -29.0   35.945  109.855     72.4    884.4
     1     1    21     2     7    15     0     3   -30.0   35.974  109.911     70.8    882.4
     1     1    21     2     7    14     0     2   -31.0   36.012  109.968     67.6    880.5
     1     1    21     2     7    13     0     1   -32.0   36.060  110.027     62.1    881.5
     1     1    21     2     7    12     0     0   -33.0   36.122  110.090     56.2    882.3
     1     1    21     2     7    11     0     1   -34.0   36.196  110.155     52.4    882.8
     1     1    21     2     7    10     0     2   -35.0   36.285  110.218     51.4    882.7
     1     1    21     2     7     9     0     3   -36.0   36.388  110.278     52.0    882.4
     1     1    21     2     7     8     0     2   -37.0   36.502  110.325     51.9    882.3
     1     1    21     2     7     7     0     1   -38.0   36.627  110.356     49.3    882.8
     1     1    21     2     7     6     0     0   -39.0   36.760  110.369     44.3    884.0
     1     1    21     2     7     5     0     1   -40.0   36.898  110.369     39.6    886.8
     1     1    21     2     7     4     0     2   -41.0   37.036  110.363     38.0    889.4
     1     1    21     2     7     3     0     3   -42.0   37.175  110.360     44.4    891.0
     1     1    21     2     7     2     0     2   -43.0   37.317  110.362     63.9    888.7
     1     1    21     2     7     1     0     1   -44.0   37.463  110.360     91.5    885.4
     1     1    21     2     7     0     0     0   -45.0   37.611  110.349    121.0    883.1
     1     1    21     2     6    23     0     1   -46.0   37.753  110.326    150.5    880.9
     1     1    21     2     6    22     0     2   -47.0   37.888  110.287    180.1    878.4
     1     1    21     2     6    21     0     3   -48.0   38.017  110.226    210.1    875.8
     1     1    21     2     6    20     0     2   -49.0   38.155  110.146    246.0    871.3
     1     1    21     2     6    19     0     1   -50.0   38.314  110.055    293.5    863.3
     1     1    21     2     6    18     0     0   -51.0   38.491  109.954    349.5    852.3
     1     1    21     2     6    17     0     1   -52.0   38.681  109.848    397.1    841.4
     1     1    21     2     6    16     0     2   -53.0   38.880  109.722    428.9    833.3
     1     1    21     2     6    15     0     3   -54.0   39.088  109.537    458.6    825.9
     1     1    21     2     6    14     0     2   -55.0   39.301  109.294    494.5    815.7
     1     1    21     2     6    13     0     1   -56.0   39.505  109.031    536.4    805.2
     1     1    21     2     6    12     0     0   -57.0   39.690  108.774    576.3    798.9
     1     1    21     2     6    11     0     1   -58.0   39.864  108.522    590.4    799.3
     1     1    21     2     6    10     0     2   -59.0   40.040  108.253    560.9    809.7
     1     1    21     2     6     9     0     3   -60.0   40.230  107.965    507.4    826.6
     1     1    21     2     6     8     0     2   -61.0   40.415  107.691    454.8    830.9
     1     1    21     2     6     7     0     1   -62.0   40.573  107.443    393.9    835.5
     1     1    21     2     6     6     0     0   -63.0   40.696  107.215    322.7    842.8
     1     1    21     2     6     5     0     1   -64.0   40.782  107.010    277.4    850.0
     1     1    21     2     6     4     0     2   -65.0   40.858  106.804    263.7    848.1
     1     1    21     2     6     3     0     3   -66.0   40.953  106.554    220.2    846.4
     1     1    21     2     6     2     0     2   -67.0   41.062  106.255     80.9    855.2
     1     1    21     2     6     1     0     1   -68.0   41.137  105.991      2.2    864.4
     1     1    21     2     6     0     0     0   -69.0   41.162  105.755      0.0    864.8
     1     1    21     2     5    23     0     1   -70.0   41.163  105.508      0.0    864.8
     1     1    21     2     5    22     0     2   -71.0   41.162  105.236      0.0    864.2
     1     1    21     2     5    21     0     3   -72.0   41.161  104.932      9.8    863.4
     1     1    21     2     5    20     0     2   -73.0   41.163  104.596     32.8    863.6
     1     1    21     2     5    19     0     1   -74.0   41.177  104.197     71.7    860.7
     1     1    21     2     5    18     0     0   -75.0   41.197  103.725    109.0    854.6
     1     1    21     2     5    17     0     1   -76.0   41.230  103.209    146.5    846.3
     1     1    21     2     5    16     0     2   -77.0   41.280  102.702    176.5    848.9
     1     1    21     2     5    15     0     3   -78.0   41.341  102.251    181.6    861.1
     1     1    21     2     5    14     0     2   -79.0   41.404  101.881    165.4    872.9
     1     1    21     2     5    13     0     1   -80.0   41.468  101.570    144.7    881.6
     1     1    21     2     5    12     0     0   -81.0   41.537  101.282    134.3    886.9
     1     1    21     2     5    11     0     1   -82.0   41.614  100.973    134.1    890.4
     1     1    21     2     5    10     0     2   -83.0   41.713  100.604    135.5    888.9
     1     1    21     2     5     9     0     3   -84.0   41.845  100.188    130.9    890.4
     1     1    21     2     5     8     0     2   -85.0   42.008   99.757    130.6    885.3
     1     1    21     2     5     7     0     1   -86.0   42.215   99.287    202.2    860.0
     1     1    21     2     5     6     0     0   -87.0   42.444   98.696    388.8    821.9
     1     1    21     2     5     5     0     1   -88.0   42.640   98.026    457.8    791.1
     1     1    21     2     5     4     0     2   -89.0   42.749   97.355    503.9    805.2
     1     1    21     2     5     3     0     3   -90.0   42.797   96.698    645.8    792.3
     1     1    21     2     5     2     0     2   -91.0   42.814   96.171    724.1    787.5
     1     1    21     2     5     1     0     1   -92.0   42.810   95.748    729.4    783.4
     1     1    21     2     5     0     0     0   -93.0   42.818   95.414    717.6    768.0
     1     1    21     2     4    23     0     1   -94.0   42.841   95.152    728.7    752.3
     1     1    21     2     4    22     0     2   -95.0   42.872   94.924    766.0    738.3
     1     1    21     2     4    21     0     3   -96.0   42.915   94.705    816.1    733.7
     1     1    21     2     4    20     0     2   -97.0   42.975   94.490    876.9    728.4
     1     1    21     2     4    19     0     1   -98.0   43.064   94.269    964.4    728.3
     1     1    21     2     4    18     0     0   -99.0   43.181   94.001   1062.6    731.9
     1     1    21     2     4    17     0     1  -100.0   43.307   93.658   1102.4    749.6
     1     1    21     2     4    16     0     2  -101.0   43.411   93.277   1023.3    774.4
     1     1    21     2     4    15     0     3  -102.0   43.486   92.878    923.9    793.4
     1     1    21     2     4    14     0     2  -103.0   43.546   92.474    854.3    798.8
     1     1    21     2     4    13     0     1  -104.0   43.605   92.079    817.4    797.7
     1     1    21     2     4    12     0     0  -105.0   43.661   91.706    802.3    801.2
     1     1    21     2     4    11     0     1  -106.0   43.707   91.384    786.5    810.5
     1     1    21     2     4    10     0     2  -107.0   43.755   91.114    754.0    820.4
     1     1    21     2     4     9     0     3  -108.0   43.813   90.886    697.7    830.6
     1     1    21     2     4     8     0     2  -109.0   43.863   90.701    654.3    840.7
     1     1    21     2     4     7     0     1  -110.0   43.894   90.549    648.4    843.1
     1     1    21     2     4     6     0     0  -111.0   43.913   90.416    666.1    843.3
     1     1    21     2     4     5     0     1  -112.0   43.926   90.290    694.0    842.7
     1     1    21     2     4     4     0     2  -113.0   43.933   90.165    724.0    842.9
     1     1    21     2     4     3     0     3  -114.0   43.936   90.044    752.4    843.4
     1     1    21     2     4     2     0     2  -115.0   43.930   89.925    782.6    842.5
     1     1    21     2     4     1     0     1  -116.0   43.913   89.802    820.2    839.5
     1     1    21     2     4     0     0     0  -117.0   43.891   89.670    867.0    836.1
     1     1    21     2     3    23     0     1  -118.0   43.875   89.531    912.0    831.4
     1     1    21     2     3    22     0     2  -119.0   43.873   89.396    944.7    828.9
     1     1    21     2     3    21     0     3  -120.0   43.879   89.274    964.9    827.2
