     5     1
    GDAS    21     2     1     0     0
    GDAS    21     2     8     0     0
    GDAS    21     2    15     0     0
    GDAS    21     2    22     0     0
    GDAS    21     3     1     0     0
     1 BACKWARD OMEGA   
    21     2     7    17   37.820  111.540  1000.0
     1 PRESSURE
     1     1    21     2     7    17     0     1     0.0   37.820  111.540   1000.0    781.8
     1     1    21     2     7    16     0     2    -1.0   37.857  111.420   1003.2    783.5
     1     1    21     2     7    15     0     3    -2.0   37.917  111.324   1012.9    784.6
     1     1    21     2     7    14     0     2    -3.0   38.010  111.247   1045.9    784.9
     1     1    21     2     7    13     0     1    -4.0   38.145  111.182   1101.8    779.8
     1     1    21     2     7    12     0     0    -5.0   38.325  111.119   1166.4    775.1
     1     1    21     2     7    11     0     1    -6.0   38.535  111.040   1235.2    773.0
     1     1    21     2     7    10     0     2    -7.0   38.756  110.937   1315.1    769.4
     1     1    21     2     7     9     0     3    -8.0   38.982  110.799   1412.7    758.9
     1     1    21     2     7     8     0     2    -9.0   39.211  110.604   1502.7    738.5
     1     1    21     2     7     7     0     1   -10.0   39.441  110.343   1573.2    722.5
     1     1    21     2     7     6     0     0   -11.0   39.669  110.020   1633.7    708.2
     1     1    21     2     7     5     0     1   -12.0   39.892  109.647   1683.4    696.5
     1     1    21     2     7     4     0     2   -13.0   40.115  109.254   1725.1    691.0
     1     1    21     2     7     3     0     3   -14.0   40.343  108.876   1777.8    696.2
     1     1    21     2     7     2     0     2   -15.0   40.575  108.524   1836.0    702.4
     1     1    21     2     7     1     0     1   -16.0   40.814  108.185   1897.4    705.0
     1     1    21     2     7     0     0     0   -17.0   41.069  107.837   1954.9    699.3
     1     1    21     2     6    23     0     1   -18.0   41.332  107.461   1991.3    688.2
     1     1    21     2     6    22     0     2   -19.0   41.582  107.069   2015.7    684.5
     1     1    21     2     6    21     0     3   -20.0   41.813  106.686   2031.0    686.0
     1     1    21     2     6    20     0     2   -21.0   42.045  106.322   2036.3    693.3
     1     1    21     2     6    19     0     1   -22.0   42.306  105.944   2040.5    690.7
     1     1    21     2     6    18     0     0   -23.0   42.591  105.503   2082.6    670.0
     1     1    21     2     6    17     0     1   -24.0   42.883  104.967   2194.0    636.8
     1     1    21     2     6    16     0     2   -25.0   43.167  104.373   2323.0    623.5
     1     1    21     2     6    15     0     3   -26.0   43.435  103.791   2360.9    626.8
     1     1    21     2     6    14     0     2   -27.0   43.674  103.259   2282.4    633.7
     1     1    21     2     6    13     0     1   -28.0   43.889  102.774   2159.2    650.6
     1     1    21     2     6    12     0     0   -29.0   44.096  102.288   2109.6    674.7
     1     1    21     2     6    11     0     1   -30.0   44.304  101.776   2128.0    671.4
     1     1    21     2     6    10     0     2   -31.0   44.505  101.264   2158.7    656.7
     1     1    21     2     6     9     0     3   -32.0   44.704  100.747   2183.3    639.5
     1     1    21     2     6     8     0     2   -33.0   44.911  100.211   2172.3    605.7
     1     1    21     2     6     7     0     1   -34.0   45.109   99.681   2103.6    596.9
     1     1    21     2     6     6     0     0   -35.0   45.275   99.195   1987.5    614.6
     1     1    21     2     6     5     0     1   -36.0   45.442   98.748   1881.5    627.3
     1     1    21     2     6     4     0     2   -37.0   45.647   98.324   1832.1    631.8
     1     1    21     2     6     3     0     3   -38.0   45.884   97.926   1823.8    640.6
     1     1    21     2     6     2     0     2   -39.0   46.138   97.532   1828.5    632.8
     1     1    21     2     6     1     0     1   -40.0   46.402   97.103   1849.3    615.4
     1     1    21     2     6     0     0     0   -41.0   46.671   96.656   1896.7    621.1
     1     1    21     2     5    23     0     1   -42.0   46.943   96.220   1963.9    634.0
     1     1    21     2     5    22     0     2   -43.0   47.217   95.786   2026.8    633.8
     1     1    21     2     5    21     0     3   -44.0   47.484   95.341   2075.7    625.8
     1     1    21     2     5    20     0     2   -45.0   47.735   94.887   2125.8    622.9
     1     1    21     2     5    19     0     1   -46.0   47.974   94.431   2180.6    637.6
     1     1    21     2     5    18     0     0   -47.0   48.208   93.981   2243.5    653.0
     1     1    21     2     5    17     0     1   -48.0   48.426   93.546   2280.5    647.5
     1     1    21     2     5    16     0     2   -49.0   48.623   93.139   2299.7    650.8
     1     1    21     2     5    15     0     3   -50.0   48.835   92.738   2302.6    642.2
     1     1    21     2     5    14     0     2   -51.0   49.101   92.282   2267.3    624.8
     1     1    21     2     5    13     0     1   -52.0   49.402   91.740   2234.5    627.2
     1     1    21     2     5    12     0     0   -53.0   49.739   91.108   2132.5    603.2
     1     1    21     2     5    11     0     1   -54.0   50.104   90.365   2044.6    604.6
     1     1    21     2     5    10     0     2   -55.0   50.444   89.543   2092.3    597.2
     1     1    21     2     5     9     0     3   -56.0   50.727   88.722   2065.8    590.2
     1     1    21     2     5     8     0     2   -57.0   50.953   87.964   2110.4    612.4
     1     1    21     2     5     7     0     1   -58.0   51.121   87.262   2120.3    629.3
     1     1    21     2     5     6     0     0   -59.0   51.243   86.595   2085.3    659.4
     1     1    21     2     5     5     0     1   -60.0   51.331   85.996   2019.8    689.6
     1     1    21     2     5     4     0     2   -61.0   51.403   85.427   1936.2    707.3
     1     1    21     2     5     3     0     3   -62.0   51.471   84.849   1869.1    720.7
     1     1    21     2     5     2     0     2   -63.0   51.521   84.268   1810.6    729.5
     1     1    21     2     5     1     0     1   -64.0   51.541   83.700   1759.9    744.0
     1     1    21     2     5     0     0     0   -65.0   51.539   83.162   1722.0    760.0
     1     1    21     2     4    23     0     1   -66.0   51.516   82.666   1696.1    775.2
     1     1    21     2     4    22     0     2   -67.0   51.481   82.221   1677.4    789.4
     1     1    21     2     4    21     0     3   -68.0   51.447   81.816   1658.9    798.6
     1     1    21     2     4    20     0     2   -69.0   51.424   81.422   1641.1    800.5
     1     1    21     2     4    19     0     1   -70.0   51.415   81.017   1630.4    802.3
     1     1    21     2     4    18     0     0   -71.0   51.421   80.599   1627.2    805.0
     1     1    21     2     4    17     0     1   -72.0   51.443   80.172   1625.4    807.9
     1     1    21     2     4    16     0     2   -73.0   51.483   79.731   1621.1    810.2
     1     1    21     2     4    15     0     3   -74.0   51.536   79.273   1618.3    812.9
     1     1    21     2     4    14     0     2   -75.0   51.600   78.800   1623.4    814.4
     1     1    21     2     4    13     0     1   -76.0   51.671   78.316   1633.9    814.4
     1     1    21     2     4    12     0     0   -77.0   51.747   77.822   1652.0    814.3
     1     1    21     2     4    11     0     1   -78.0   51.828   77.325   1671.7    813.3
     1     1    21     2     4    10     0     2   -79.0   51.911   76.840   1683.3    813.7
     1     1    21     2     4     9     0     3   -80.0   51.998   76.369   1702.6    811.1
     1     1    21     2     4     8     0     2   -81.0   52.094   75.884   1730.4    804.6
     1     1    21     2     4     7     0     1   -82.0   52.197   75.373   1742.3    803.1
     1     1    21     2     4     6     0     0   -83.0   52.309   74.840   1738.6    804.4
     1     1    21     2     4     5     0     1   -84.0   52.423   74.276   1732.3    803.8
     1     1    21     2     4     4     0     2   -85.0   52.530   73.681   1728.5    803.5
     1     1    21     2     4     3     0     3   -86.0   52.636   73.066   1729.6    803.5
     1     1    21     2     4     2     0     2   -87.0   52.740   72.447   1722.6    798.7
     1     1    21     2     4     1     0     1   -88.0   52.838   71.833   1713.1    796.0
     1     1    21     2     4     0     0     0   -89.0   52.927   71.231   1711.2    792.8
     1     1    21     2     3    23     0     1   -90.0   53.014   70.643   1712.0    790.1
     1     1    21     2     3    22     0     2   -91.0   53.109   70.058   1714.6    787.7
     1     1    21     2     3    21     0     3   -92.0   53.214   69.473   1721.4    788.8
     1     1    21     2     3    20     0     2   -93.0   53.324   68.881   1733.8    789.7
     1     1    21     2     3    19     0     1   -94.0   53.430   68.272   1750.3    789.9
     1     1    21     2     3    18     0     0   -95.0   53.535   67.652   1768.7    792.0
     1     1    21     2     3    17     0     1   -96.0   53.637   67.025   1777.0    794.5
     1     1    21     2     3    16     0     2   -97.0   53.743   66.403   1770.4    796.5
     1     1    21     2     3    15     0     3   -98.0   53.858   65.789   1757.8    798.5
     1     1    21     2     3    14     0     2   -99.0   53.972   65.178   1741.6    801.2
     1     1    21     2     3    13     0     1  -100.0   54.077   64.569   1727.2    803.2
     1     1    21     2     3    12     0     0  -101.0   54.181   63.960   1713.7    803.9
     1     1    21     2     3    11     0     1  -102.0   54.279   63.360   1713.2    805.2
     1     1    21     2     3    10     0     2  -103.0   54.367   62.764   1729.3    801.3
     1     1    21     2     3     9     0     3  -104.0   54.451   62.153   1748.9    796.8
     1     1    21     2     3     8     0     2  -105.0   54.542   61.524   1770.0    789.9
     1     1    21     2     3     7     0     1  -106.0   54.650   60.870   1787.0    780.7
     1     1    21     2     3     6     0     0  -107.0   54.776   60.190   1768.5    772.2
     1     1    21     2     3     5     0     1  -108.0   54.913   59.466   1742.7    766.2
     1     1    21     2     3     4     0     2  -109.0   55.047   58.636   1806.1    755.4
     1     1    21     2     3     3     0     3  -110.0   55.160   57.850   1892.2    762.7
     1     1    21     2     3     2     0     2  -111.0   55.262   57.134   1952.2    770.7
     1     1    21     2     3     1     0     1  -112.0   55.354   56.448   1978.8    772.1
     1     1    21     2     3     0     0     0  -113.0   55.436   55.759   2002.4    772.5
     1     1    21     2     2    23     0     1  -114.0   55.515   55.050   2027.6    769.6
     1     1    21     2     2    22     0     2  -115.0   55.594   54.333   2065.2    767.4
     1     1    21     2     2    21     0     3  -116.0   55.665   53.629   2110.2    762.7
     1     1    21     2     2    20     0     2  -117.0   55.735   52.925   2162.5    759.2
     1     1    21     2     2    19     0     1  -118.0   55.826   52.196   2240.6    749.2
     1     1    21     2     2    18     0     0  -119.0   55.946   51.445   2344.6    737.2
     1     1    21     2     2    17     0     1  -120.0   56.073   50.684   2434.9    727.5
