     5     1
    GDAS    21     2     1     0     0
    GDAS    21     2     8     0     0
    GDAS    21     2    15     0     0
    GDAS    21     2    22     0     0
    GDAS    21     3     1     0     0
     1 BACKWARD OMEGA   
    21     2    15    21   37.820  111.540  1000.0
     1 PRESSURE
     1     1    21     2    15    21     0     3     0.0   37.820  111.540   1000.0    773.7
     1     1    21     2    15    20     0     2    -1.0   38.246  111.135   1194.2    759.1
     1     1    21     2    15    19     0     1    -2.0   38.649  110.780   1278.1    755.3
     1     1    21     2    15    18     0     0    -3.0   39.040  110.487   1281.1    755.2
     1     1    21     2    15    17     0     1    -4.0   39.452  110.171   1279.7    743.4
     1     1    21     2    15    16     0     2    -5.0   39.902  109.766   1292.2    729.2
     1     1    21     2    15    15     0     3    -6.0   40.375  109.350   1257.0    730.9
     1     1    21     2    15    14     0     2    -7.0   40.823  109.022   1064.2    763.4
     1     1    21     2    15    13     0     1    -8.0   41.231  108.843    821.8    804.5
     1     1    21     2    15    12     0     0    -9.0   41.646  108.731    601.8    803.4
     1     1    21     2    15    11     0     1   -10.0   42.050  108.653    358.2    817.9
     1     1    21     2    15    10     0     2   -11.0   42.394  108.544    201.4    859.5
     1     1    21     2    15     9     0     3   -12.0   42.727  108.391    115.4    877.6
     1     1    21     2    15     8     0     2   -13.0   43.033  108.233     64.3    898.3
     1     1    21     2    15     7     0     1   -14.0   43.308  108.052     64.8    903.4
     1     1    21     2    15     6     0     0   -15.0   43.610  107.796    126.4    886.2
     1     1    21     2    15     5     0     1   -16.0   43.972  107.445    236.6    854.5
     1     1    21     2    15     4     0     2   -17.0   44.415  107.004    394.8    826.5
     1     1    21     2    15     3     0     3   -18.0   44.906  106.509    475.5    813.3
     1     1    21     2    15     2     0     2   -19.0   45.348  105.993    413.2    816.3
     1     1    21     2    15     1     0     1   -20.0   45.689  105.495    355.7    825.6
     1     1    21     2    15     0     0     0   -21.0   45.968  105.008    376.9    821.5
     1     1    21     2    14    23     0     1   -22.0   46.277  104.487    433.3    803.1
     1     1    21     2    14    22     0     2   -23.0   46.661  103.889    355.3    785.4
     1     1    21     2    14    21     0     3   -24.0   46.943  103.361    164.6    812.8
     1     1    21     2    14    20     0     2   -25.0   47.076  103.010     68.4    827.9
     1     1    21     2    14    19     0     1   -26.0   47.136  102.743     37.3    820.8
     1     1    21     2    14    18     0     0   -27.0   47.161  102.507     28.6    812.5
     1     1    21     2    14    17     0     1   -28.0   47.162  102.294     41.0    807.4
     1     1    21     2    14    16     0     2   -29.0   47.166  102.068    104.5    797.9
     1     1    21     2    14    15     0     3   -30.0   47.219  101.753    228.1    772.1
     1     1    21     2    14    14     0     2   -31.0   47.343  101.309    380.5    738.6
     1     1    21     2    14    13     0     1   -32.0   47.555  100.711    550.4    713.6
     1     1    21     2    14    12     0     0   -33.0   47.869   99.881    830.8    691.6
     1     1    21     2    14    11     0     1   -34.0   48.344   98.916    931.5    670.0
     1     1    21     2    14    10     0     2   -35.0   48.828   97.996    948.7    678.7
     1     1    21     2    14     9     0     3   -36.0   49.230   97.108   1008.0    692.7
     1     1    21     2    14     8     0     2   -37.0   49.602   96.273   1118.9    692.1
     1     1    21     2    14     7     0     1   -38.0   49.872   95.577   1138.9    725.7
     1     1    21     2    14     6     0     0   -39.0   50.004   95.025   1107.7    760.8
     1     1    21     2    14     5     0     1   -40.0   50.055   94.586   1054.2    777.3
     1     1    21     2    14     4     0     2   -41.0   50.081   94.208   1013.1    785.5
     1     1    21     2    14     3     0     3   -42.0   50.093   93.877    982.4    793.4
     1     1    21     2    14     2     0     2   -43.0   50.092   93.594    958.2    802.1
     1     1    21     2    14     1     0     1   -44.0   50.075   93.365    939.0    811.3
     1     1    21     2    14     0     0     0   -45.0   50.044   93.180    929.4    820.1
     1     1    21     2    13    23     0     1   -46.0   49.998   93.037    928.6    828.6
     1     1    21     2    13    22     0     2   -47.0   49.944   92.917    926.8    824.9
     1     1    21     2    13    21     0     3   -48.0   49.893   92.800    925.4    819.2
     1     1    21     2    13    20     0     2   -49.0   49.849   92.678    923.1    813.1
     1     1    21     2    13    19     0     1   -50.0   49.815   92.546    916.8    807.3
     1     1    21     2    13    18     0     0   -51.0   49.791   92.405    903.4    802.3
     1     1    21     2    13    17     0     1   -52.0   49.770   92.260    887.0    798.4
     1     1    21     2    13    16     0     2   -53.0   49.744   92.109    874.0    792.9
     1     1    21     2    13    15     0     3   -54.0   49.713   91.948    869.2    784.0
     1     1    21     2    13    14     0     2   -55.0   49.686   91.772    875.4    769.1
     1     1    21     2    13    13     0     1   -56.0   49.670   91.580    890.9    753.7
     1     1    21     2    13    12     0     0   -57.0   49.666   91.368    911.6    737.2
     1     1    21     2    13    11     0     1   -58.0   49.673   91.139    940.3    719.3
     1     1    21     2    13    10     0     2   -59.0   49.690   90.894    979.5    703.2
     1     1    21     2    13     9     0     3   -60.0   49.722   90.638   1022.3    693.1
     1     1    21     2    13     8     0     2   -61.0   49.782   90.365   1063.3    683.5
     1     1    21     2    13     7     0     1   -62.0   49.883   90.063   1105.2    672.9
     1     1    21     2    13     6     0     0   -63.0   50.014   89.738   1147.1    667.6
     1     1    21     2    13     5     0     1   -64.0   50.144   89.412   1179.8    668.3
     1     1    21     2    13     4     0     2   -65.0   50.274   89.078   1198.6    664.1
     1     1    21     2    13     3     0     3   -66.0   50.411   88.738   1216.2    659.8
     1     1    21     2    13     2     0     2   -67.0   50.545   88.396   1236.5    661.2
     1     1    21     2    13     1     0     1   -68.0   50.658   88.066   1252.2    668.4
     1     1    21     2    13     0     0     0   -69.0   50.753   87.742   1262.5    676.3
     1     1    21     2    12    23     0     1   -70.0   50.835   87.390   1271.0    682.7
     1     1    21     2    12    22     0     2   -71.0   50.905   86.975   1267.0    689.1
     1     1    21     2    12    21     0     3   -72.0   50.947   86.552   1260.1    708.4
     1     1    21     2    12    20     0     2   -73.0   50.956   86.175   1260.3    722.9
     1     1    21     2    12    19     0     1   -74.0   50.948   85.831   1262.8    730.2
     1     1    21     2    12    18     0     0   -75.0   50.940   85.499   1267.6    734.4
     1     1    21     2    12    17     0     1   -76.0   50.937   85.172   1289.2    737.8
     1     1    21     2    12    16     0     2   -77.0   50.941   84.842   1321.6    734.6
     1     1    21     2    12    15     0     3   -78.0   50.960   84.489   1345.4    727.9
     1     1    21     2    12    14     0     2   -79.0   50.996   84.107   1350.7    722.4
     1     1    21     2    12    13     0     1   -80.0   51.023   83.701   1351.6    736.7
     1     1    21     2    12    12     0     0   -81.0   51.005   83.295   1339.8    753.7
     1     1    21     2    12    11     0     1   -82.0   50.940   82.929   1322.7    775.6
     1     1    21     2    12    10     0     2   -83.0   50.852   82.631   1311.6    796.0
     1     1    21     2    12     9     0     3   -84.0   50.760   82.395   1303.1    810.3
     1     1    21     2    12     8     0     2   -85.0   50.666   82.191   1296.7    821.8
     1     1    21     2    12     7     0     1   -86.0   50.571   81.997   1295.1    830.7
     1     1    21     2    12     6     0     0   -87.0   50.477   81.803   1299.5    831.3
     1     1    21     2    12     5     0     1   -88.0   50.395   81.612   1309.3    830.0
     1     1    21     2    12     4     0     2   -89.0   50.327   81.430   1316.1    830.0
     1     1    21     2    12     3     0     3   -90.0   50.271   81.255   1318.9    830.3
     1     1    21     2    12     2     0     2   -91.0   50.223   81.081   1327.5    831.4
     1     1    21     2    12     1     0     1   -92.0   50.183   80.902   1346.8    829.1
     1     1    21     2    12     0     0     0   -93.0   50.147   80.716   1367.9    826.2
     1     1    21     2    11    23     0     1   -94.0   50.115   80.526   1385.2    824.1
     1     1    21     2    11    22     0     2   -95.0   50.090   80.336   1397.6    822.7
     1     1    21     2    11    21     0     3   -96.0   50.073   80.147   1405.0    821.9
     1     1    21     2    11    20     0     2   -97.0   50.071   79.958   1410.5    821.9
     1     1    21     2    11    19     0     1   -98.0   50.090   79.766   1419.4    822.5
     1     1    21     2    11    18     0     0   -99.0   50.127   79.572   1431.0    822.6
     1     1    21     2    11    17     0     1  -100.0   50.184   79.359   1446.1    823.2
     1     1    21     2    11    16     0     2  -101.0   50.265   79.109   1466.2    823.0
     1     1    21     2    11    15     0     3  -102.0   50.374   78.812   1490.1    819.8
     1     1    21     2    11    14     0     2  -103.0   50.493   78.463   1508.3    815.0
     1     1    21     2    11    13     0     1  -104.0   50.609   78.075   1502.5    815.8
     1     1    21     2    11    12     0     0  -105.0   50.725   77.659   1470.5    819.8
     1     1    21     2    11    11     0     1  -106.0   50.832   77.240   1448.1    825.3
     1     1    21     2    11    10     0     2  -107.0   50.925   76.830   1458.3    824.4
     1     1    21     2    11     9     0     3  -108.0   51.008   76.429   1483.4    820.6
     1     1    21     2    11     8     0     2  -109.0   51.093   76.031   1489.8    815.8
     1     1    21     2    11     7     0     1  -110.0   51.184   75.634   1477.1    817.9
     1     1    21     2    11     6     0     0  -111.0   51.279   75.231   1466.8    818.7
     1     1    21     2    11     5     0     1  -112.0   51.379   74.820   1465.5    818.6
     1     1    21     2    11     4     0     2  -113.0   51.486   74.400   1471.5    816.6
     1     1    21     2    11     3     0     3  -114.0   51.602   73.966   1480.4    814.5
     1     1    21     2    11     2     0     2  -115.0   51.730   73.506   1489.1    810.9
     1     1    21     2    11     1     0     1  -116.0   51.872   73.012   1494.3    809.4
     1     1    21     2    11     0     0     0  -117.0   52.026   72.497   1506.6    810.5
     1     1    21     2    10    23     0     1  -118.0   52.182   71.962   1530.9    805.2
     1     1    21     2    10    22     0     2  -119.0   52.324   71.399   1547.3    799.5
     1     1    21     2    10    21     0     3  -120.0   52.453   70.817   1549.4    799.0
