     5     1
    GDAS    21     2     1     0     0
    GDAS    21     2     8     0     0
    GDAS    21     2    15     0     0
    GDAS    21     2    22     0     0
    GDAS    21     3     1     0     0
     1 BACKWARD OMEGA   
    21     2    26     6   44.970  -93.230   500.0
     1 PRESSURE
     1     1    21     2    26     6     0     0     0.0   44.970  -93.230    500.0    924.7
     1     1    21     2    26     5     0     1    -1.0   44.618  -93.682    536.0    919.5
     1     1    21     2    26     4     0     2    -2.0   44.288  -94.120    576.7    917.3
     1     1    21     2    26     3     0     3    -3.0   43.999  -94.550    667.0    905.6
     1     1    21     2    26     2     0     2    -4.0   43.771  -94.986    802.9    879.0
     1     1    21     2    26     1     0     1    -5.0   43.580  -95.406    915.7    860.5
     1     1    21     2    26     0     0     0    -6.0   43.414  -95.798    991.1    852.8
     1     1    21     2    25    23     0     1    -7.0   43.270  -96.189   1056.0    848.7
     1     1    21     2    25    22     0     2    -8.0   43.134  -96.585   1114.7    844.2
     1     1    21     2    25    21     0     3    -9.0   43.014  -96.969   1141.5    842.1
     1     1    21     2    25    20     0     2   -10.0   42.918  -97.341   1168.5    842.3
     1     1    21     2    25    19     0     1   -11.0   42.856  -97.719   1236.9    831.6
     1     1    21     2    25    18     0     0   -12.0   42.828  -98.111   1339.0    817.0
     1     1    21     2    25    17     0     1   -13.0   42.830  -98.516   1449.1    798.5
     1     1    21     2    25    16     0     2   -14.0   42.861  -98.917   1553.2    783.6
     1     1    21     2    25    15     0     3   -15.0   42.920  -99.302   1641.5    769.0
     1     1    21     2    25    14     0     2   -16.0   42.992  -99.693   1705.6    759.4
     1     1    21     2    25    13     0     1   -17.0   43.073 -100.105   1772.6    750.4
     1     1    21     2    25    12     0     0   -18.0   43.163 -100.518   1858.5    736.2
     1     1    21     2    25    11     0     1   -19.0   43.255 -100.924   1942.2    721.7
     1     1    21     2    25    10     0     2   -20.0   43.357 -101.320   2007.2    713.2
     1     1    21     2    25     9     0     3   -21.0   43.475 -101.697   2034.9    707.4
     1     1    21     2    25     8     0     2   -22.0   43.613 -102.047   2023.3    709.4
     1     1    21     2    25     7     0     1   -23.0   43.770 -102.375   1993.2    714.2
     1     1    21     2    25     6     0     0   -24.0   43.948 -102.675   1939.0    718.2
     1     1    21     2    25     5     0     1   -25.0   44.147 -102.955   1919.1    724.9
     1     1    21     2    25     4     0     2   -26.0   44.360 -103.246   1986.1    703.1
     1     1    21     2    25     3     0     3   -27.0   44.593 -103.560   2111.4    681.1
     1     1    21     2    25     2     0     2   -28.0   44.835 -103.884   2229.3    670.2
     1     1    21     2    25     1     0     1   -29.0   45.079 -104.206   2320.4    670.8
     1     1    21     2    25     0     0     0   -30.0   45.333 -104.531   2408.5    662.5
     1     1    21     2    24    23     0     1   -31.0   45.599 -104.862   2506.6    653.3
     1     1    21     2    24    22     0     2   -32.0   45.876 -105.187   2588.6    651.2
     1     1    21     2    24    21     0     3   -33.0   46.162 -105.498   2653.2    651.7
     1     1    21     2    24    20     0     2   -34.0   46.450 -105.810   2717.7    648.2
     1     1    21     2    24    19     0     1   -35.0   46.744 -106.142   2807.5    639.6
     1     1    21     2    24    18     0     0   -36.0   47.051 -106.502   2931.7    625.1
     1     1    21     2    24    17     0     1   -37.0   47.357 -106.877   3035.8    614.0
     1     1    21     2    24    16     0     2   -38.0   47.658 -107.253   3084.2    616.3
     1     1    21     2    24    15     0     3   -39.0   47.953 -107.638   3092.3    619.2
     1     1    21     2    24    14     0     2   -40.0   48.229 -108.017   3053.2    618.4
     1     1    21     2    24    13     0     1   -41.0   48.486 -108.377   2994.1    620.0
     1     1    21     2    24    12     0     0   -42.0   48.732 -108.734   2957.0    620.3
     1     1    21     2    24    11     0     1   -43.0   48.965 -109.098   2940.4    620.0
     1     1    21     2    24    10     0     2   -44.0   49.196 -109.457   2954.7    624.1
     1     1    21     2    24     9     0     3   -45.0   49.441 -109.804   3012.7    621.7
     1     1    21     2    24     8     0     2   -46.0   49.703 -110.157   3071.6    614.5
     1     1    21     2    24     7     0     1   -47.0   49.984 -110.513   3107.9    614.4
     1     1    21     2    24     6     0     0   -48.0   50.288 -110.871   3142.7    613.3
     1     1    21     2    24     5     0     1   -49.0   50.606 -111.252   3162.4    611.6
     1     1    21     2    24     4     0     2   -50.0   50.940 -111.678   3108.1    614.4
     1     1    21     2    24     3     0     3   -51.0   51.290 -112.133   2946.2    625.8
     1     1    21     2    24     2     0     2   -52.0   51.639 -112.608   2843.5    638.4
     1     1    21     2    24     1     0     1   -53.0   51.983 -113.133   2891.5    628.8
     1     1    21     2    24     0     0     0   -54.0   52.328 -113.729   2999.1    612.2
     1     1    21     2    23    23     0     1   -55.0   52.666 -114.359   3050.7    598.6
     1     1    21     2    23    22     0     2   -56.0   52.992 -115.008   2869.5    606.2
     1     1    21     2    23    21     0     3   -57.0   53.300 -115.690   2728.4    643.6
     1     1    21     2    23    20     0     2   -58.0   53.583 -116.379   2775.9    613.8
     1     1    21     2    23    19     0     1   -59.0   53.854 -117.088   2702.1    602.9
     1     1    21     2    23    18     0     0   -60.0   54.103 -117.828   2608.3    632.1
     1     1    21     2    23    17     0     1   -61.0   54.351 -118.592   2720.9    616.1
     1     1    21     2    23    16     0     2   -62.0   54.600 -119.382   2773.4    617.7
     1     1    21     2    23    15     0     3   -63.0   54.848 -120.216   3062.0    589.2
     1     1    21     2    23    14     0     2   -64.0   55.092 -121.063   3059.2    582.7
     1     1    21     2    23    13     0     1   -65.0   55.303 -121.905   2888.5    602.5
     1     1    21     2    23    12     0     0   -66.0   55.487 -122.720   2706.9    625.1
     1     1    21     2    23    11     0     1   -67.0   55.681 -123.461   2539.4    644.0
     1     1    21     2    23    10     0     2   -68.0   55.880 -124.172   2409.9    653.6
     1     1    21     2    23     9     0     3   -69.0   56.082 -124.918   2301.7    646.7
     1     1    21     2    23     8     0     2   -70.0   56.268 -125.735   2321.0    623.6
     1     1    21     2    23     7     0     1   -71.0   56.429 -126.575   2342.1    617.1
     1     1    21     2    23     6     0     0   -72.0   56.581 -127.396   2349.3    619.7
     1     1    21     2    23     5     0     1   -73.0   56.702 -128.247   2268.1    634.9
     1     1    21     2    23     4     0     2   -74.0   56.756 -129.168   2266.7    639.7
     1     1    21     2    23     3     0     3   -75.0   56.758 -130.168   2448.5    624.6
     1     1    21     2    23     2     0     2   -76.0   56.731 -131.143   2586.5    620.3
     1     1    21     2    23     1     0     1   -77.0   56.670 -132.063   2430.7    655.6
     1     1    21     2    23     0     0     0   -78.0   56.609 -132.886   2060.8    756.1
     1     1    21     2    22    23     0     1   -79.0   56.562 -133.646   1885.3    784.5
     1     1    21     2    22    22     0     2   -80.0   56.509 -134.435   1826.1    786.2
     1     1    21     2    22    21     0     3   -81.0   56.447 -135.295   1968.1    762.5
     1     1    21     2    22    20     0     2   -82.0   56.408 -136.143   2009.0    776.1
     1     1    21     2    22    19     0     1   -83.0   56.365 -137.003   1944.7    785.1
     1     1    21     2    22    18     0     0   -84.0   56.327 -137.907   1891.5    789.0
     1     1    21     2    22    17     0     1   -85.0   56.313 -138.821   1838.5    794.4
     1     1    21     2    22    16     0     2   -86.0   56.292 -139.747   1798.6    797.7
     1     1    21     2    22    15     0     3   -87.0   56.255 -140.710   1756.6    801.2
     1     1    21     2    22    14     0     2   -88.0   56.216 -141.707   1730.3    803.9
     1     1    21     2    22    13     0     1   -89.0   56.164 -142.710   1710.5    805.4
     1     1    21     2    22    12     0     0   -90.0   56.081 -143.725   1688.8    808.1
     1     1    21     2    22    11     0     1   -91.0   55.988 -144.742   1684.6    807.4
     1     1    21     2    22    10     0     2   -92.0   55.896 -145.735   1654.4    810.0
     1     1    21     2    22     9     0     3   -93.0   55.785 -146.719   1602.3    816.3
     1     1    21     2    22     8     0     2   -94.0   55.682 -147.700   1587.9    816.8
     1     1    21     2    22     7     0     1   -95.0   55.584 -148.666   1585.3    816.5
     1     1    21     2    22     6     0     0   -96.0   55.485 -149.627   1605.9    814.2
     1     1    21     2    22     5     0     1   -97.0   55.387 -150.602   1637.2    808.8
     1     1    21     2    22     4     0     2   -98.0   55.285 -151.578   1625.4    810.3
     1     1    21     2    22     3     0     3   -99.0   55.172 -152.561   1610.0    812.3
     1     1    21     2    22     2     0     2  -100.0   55.048 -153.540   1640.9    807.7
     1     1    21     2    22     1     0     1  -101.0   54.912 -154.495   1684.5    802.7
     1     1    21     2    22     0     0     0  -102.0   54.763 -155.410   1726.5    797.2
     1     1    21     2    21    23     0     1  -103.0   54.614 -156.282   1739.5    796.2
     1     1    21     2    21    22     0     2  -104.0   54.457 -157.122   1731.6    796.8
     1     1    21     2    21    21     0     3  -105.0   54.294 -157.950   1721.8    797.9
     1     1    21     2    21    20     0     2  -106.0   54.130 -158.765   1712.8    797.8
     1     1    21     2    21    19     0     1  -107.0   53.964 -159.556   1707.4    798.5
     1     1    21     2    21    18     0     0  -108.0   53.792 -160.327   1738.7    794.3
     1     1    21     2    21    17     0     1  -109.0   53.616 -161.090   1763.0    791.2
     1     1    21     2    21    16     0     2  -110.0   53.418 -161.845   1767.7    790.6
     1     1    21     2    21    15     0     3  -111.0   53.203 -162.600   1748.2    792.3
     1     1    21     2    21    14     0     2  -112.0   52.975 -163.369   1721.6    794.5
     1     1    21     2    21    13     0     1  -113.0   52.721 -164.141   1667.1    800.8
     1     1    21     2    21    12     0     0  -114.0   52.466 -164.921   1614.6    805.9
     1     1    21     2    21    11     0     1  -115.0   52.188 -165.709   1555.0    813.1
     1     1    21     2    21    10     0     2  -116.0   51.872 -166.514   1523.8    817.2
     1     1    21     2    21     9     0     3  -117.0   51.555 -167.332   1517.2    817.5
     1     1    21     2    21     8     0     2  -118.0   51.229 -168.189   1516.1    817.8
     1     1    21     2    21     7     0     1  -119.0   50.915 -169.108   1533.8    815.1
     1     1    21     2    21     6     0     0  -120.0   50.629 -170.060   1525.8    816.2
