     5     1
    GDAS    21     2     1     0     0
    GDAS    21     2     8     0     0
    GDAS    21     2    15     0     0
    GDAS    21     2    22     0     0
    GDAS    21     3     1     0     0
     1 BACKWARD OMEGA   
    21     2    20    18   44.970  -93.230   500.0
     1 PRESSURE
     1     1    21     2    20    18     0     0     0.0   44.970  -93.230    500.0    925.9
     1     1    21     2    20    17     0     1    -1.0   44.699  -93.322    517.9    920.1
     1     1    21     2    20    16     0     2    -2.0   44.441  -93.421    522.2    918.1
     1     1    21     2    20    15     0     3    -3.0   44.200  -93.520    519.1    918.0
     1     1    21     2    20    14     0     2    -4.0   43.984  -93.609    519.1    919.0
     1     1    21     2    20    13     0     1    -5.0   43.800  -93.684    526.0    918.4
     1     1    21     2    20    12     0     0    -6.0   43.650  -93.744    533.3    917.5
     1     1    21     2    20    11     0     1    -7.0   43.522  -93.812    539.5    917.3
     1     1    21     2    20    10     0     2    -8.0   43.404  -93.905    545.4    917.0
     1     1    21     2    20     9     0     3    -9.0   43.299  -94.016    552.0    916.2
     1     1    21     2    20     8     0     2   -10.0   43.198  -94.128    557.4    913.7
     1     1    21     2    20     7     0     1   -11.0   43.095  -94.226    559.4    912.2
     1     1    21     2    20     6     0     0   -12.0   42.989  -94.312    558.3    911.5
     1     1    21     2    20     5     0     1   -13.0   42.892  -94.392    567.3    911.4
     1     1    21     2    20     4     0     2   -14.0   42.819  -94.475    598.9    907.4
     1     1    21     2    20     3     0     3   -15.0   42.776  -94.564    656.0    900.5
     1     1    21     2    20     2     0     2   -16.0   42.767  -94.667    715.1    889.4
     1     1    21     2    20     1     0     1   -17.0   42.784  -94.781    746.4    884.5
     1     1    21     2    20     0     0     0   -18.0   42.824  -94.895    741.5    883.5
     1     1    21     2    19    23     0     1   -19.0   42.868  -95.014    731.2    888.0
     1     1    21     2    19    22     0     2   -20.0   42.912  -95.157    760.9    885.0
     1     1    21     2    19    21     0     3   -21.0   42.968  -95.329    834.2    876.3
     1     1    21     2    19    20     0     2   -22.0   43.049  -95.522    909.6    863.0
     1     1    21     2    19    19     0     1   -23.0   43.144  -95.713    945.8    858.1
     1     1    21     2    19    18     0     0   -24.0   43.250  -95.896    949.6    856.8
     1     1    21     2    19    17     0     1   -25.0   43.370  -96.094    956.2    857.2
     1     1    21     2    19    16     0     2   -26.0   43.521  -96.339    988.1    850.3
     1     1    21     2    19    15     0     3   -27.0   43.709  -96.625   1033.9    841.8
     1     1    21     2    19    14     0     2   -28.0   43.918  -96.936   1085.3    832.5
     1     1    21     2    19    13     0     1   -29.0   44.116  -97.264   1131.9    828.9
     1     1    21     2    19    12     0     0   -30.0   44.303  -97.616   1167.6    829.6
     1     1    21     2    19    11     0     1   -31.0   44.488  -97.979   1198.1    832.7
     1     1    21     2    19    10     0     2   -32.0   44.678  -98.331   1225.3    827.0
     1     1    21     2    19     9     0     3   -33.0   44.885  -98.660   1259.3    821.9
     1     1    21     2    19     8     0     2   -34.0   45.111  -98.976   1295.6    813.9
     1     1    21     2    19     7     0     1   -35.0   45.350  -99.294   1318.7    805.1
     1     1    21     2    19     6     0     0   -36.0   45.607  -99.618   1342.4    800.0
     1     1    21     2    19     5     0     1   -37.0   45.888  -99.952   1365.1    794.1
     1     1    21     2    19     4     0     2   -38.0   46.195 -100.293   1375.8    792.7
     1     1    21     2    19     3     0     3   -39.0   46.527 -100.641   1382.6    792.5
     1     1    21     2    19     2     0     2   -40.0   46.876 -101.011   1392.6    791.6
     1     1    21     2    19     1     0     1   -41.0   47.228 -101.411   1411.2    788.9
     1     1    21     2    19     0     0     0   -42.0   47.587 -101.839   1440.4    782.9
     1     1    21     2    18    23     0     1   -43.0   47.931 -102.288   1472.9    776.4
     1     1    21     2    18    22     0     2   -44.0   48.252 -102.737   1506.7    775.9
     1     1    21     2    18    21     0     3   -45.0   48.561 -103.193   1535.4    773.3
     1     1    21     2    18    20     0     2   -46.0   48.866 -103.658   1534.0    771.1
     1     1    21     2    18    19     0     1   -47.0   49.177 -104.112   1507.0    773.9
     1     1    21     2    18    18     0     0   -48.0   49.490 -104.557   1486.1    778.3
     1     1    21     2    18    17     0     1   -49.0   49.805 -105.021   1476.8    781.2
     1     1    21     2    18    16     0     2   -50.0   50.130 -105.511   1458.5    781.9
     1     1    21     2    18    15     0     3   -51.0   50.449 -106.032   1414.4    784.6
     1     1    21     2    18    14     0     2   -52.0   50.753 -106.576   1346.5    793.2
     1     1    21     2    18    13     0     1   -53.0   51.045 -107.140   1276.2    804.5
     1     1    21     2    18    12     0     0   -54.0   51.318 -107.737   1229.2    807.0
     1     1    21     2    18    11     0     1   -55.0   51.581 -108.332   1204.9    805.8
     1     1    21     2    18    10     0     2   -56.0   51.834 -108.895   1204.1    808.0
     1     1    21     2    18     9     0     3   -57.0   52.066 -109.451   1235.6    801.8
     1     1    21     2    18     8     0     2   -58.0   52.307 -109.988   1264.2    794.9
     1     1    21     2    18     7     0     1   -59.0   52.569 -110.493   1259.1    796.0
     1     1    21     2    18     6     0     0   -60.0   52.823 -110.983   1229.1    799.7
     1     1    21     2    18     5     0     1   -61.0   53.079 -111.475   1183.7    807.3
     1     1    21     2    18     4     0     2   -62.0   53.361 -111.988   1134.2    814.1
     1     1    21     2    18     3     0     3   -63.0   53.668 -112.537   1100.5    817.2
     1     1    21     2    18     2     0     2   -64.0   53.990 -113.119   1081.0    818.9
     1     1    21     2    18     1     0     1   -65.0   54.307 -113.726   1049.5    821.5
     1     1    21     2    18     0     0     0   -66.0   54.614 -114.395   1047.1    819.3
     1     1    21     2    17    23     0     1   -67.0   54.943 -115.149   1238.8    791.2
     1     1    21     2    17    22     0     2   -68.0   55.258 -115.838   1399.5    752.0
     1     1    21     2    17    21     0     3   -69.0   55.514 -116.485   1375.4    780.6
     1     1    21     2    17    20     0     2   -70.0   55.747 -117.110   1320.5    794.5
     1     1    21     2    17    19     0     1   -71.0   55.980 -117.700   1225.5    806.5
     1     1    21     2    17    18     0     0   -72.0   56.219 -118.246   1139.5    819.2
     1     1    21     2    17    17     0     1   -73.0   56.469 -118.790   1121.8    813.8
     1     1    21     2    17    16     0     2   -74.0   56.730 -119.371   1168.5    799.5
     1     1    21     2    17    15     0     3   -75.0   57.003 -119.950   1196.2    793.1
     1     1    21     2    17    14     0     2   -76.0   57.268 -120.505   1201.4    800.7
     1     1    21     2    17    13     0     1   -77.0   57.527 -121.062   1205.7    804.2
     1     1    21     2    17    12     0     0   -78.0   57.799 -121.654   1167.3    802.4
     1     1    21     2    17    11     0     1   -79.0   58.066 -122.254   1096.2    812.5
     1     1    21     2    17    10     0     2   -80.0   58.282 -122.857   1052.6    821.6
     1     1    21     2    17     9     0     3   -81.0   58.460 -123.503   1045.7    799.2
     1     1    21     2    17     8     0     2   -82.0   58.649 -124.274   1071.4    774.7
     1     1    21     2    17     7     0     1   -83.0   58.866 -125.192   1170.4    750.4
     1     1    21     2    17     6     0     0   -84.0   59.134 -126.115   1120.6    733.3
     1     1    21     2    17     5     0     1   -85.0   59.347 -126.934   1039.4    778.7
     1     1    21     2    17     4     0     2   -86.0   59.491 -127.691   1024.4    788.2
     1     1    21     2    17     3     0     3   -87.0   59.650 -128.446   1051.5    788.2
     1     1    21     2    17     2     0     2   -88.0   59.822 -129.186   1000.7    796.7
     1     1    21     2    17     1     0     1   -89.0   60.004 -129.910   1000.3    784.0
     1     1    21     2    17     0     0     0   -90.0   60.230 -130.571   1040.8    759.4
     1     1    21     2    16    23     0     1   -91.0   60.445 -131.173   1075.9    754.9
     1     1    21     2    16    22     0     2   -92.0   60.637 -131.760   1078.7    762.2
     1     1    21     2    16    21     0     3   -93.0   60.798 -132.354   1050.3    771.4
     1     1    21     2    16    20     0     2   -94.0   60.930 -132.928   1051.8    775.7
     1     1    21     2    16    19     0     1   -95.0   61.058 -133.497   1068.6    762.1
     1     1    21     2    16    18     0     0   -96.0   61.183 -134.062   1034.2    756.1
     1     1    21     2    16    17     0     1   -97.0   61.267 -134.560    971.8    778.1
     1     1    21     2    16    16     0     2   -98.0   61.302 -134.989    908.1    796.0
     1     1    21     2    16    15     0     3   -99.0   61.302 -135.347    861.3    801.5
     1     1    21     2    16    14     0     2  -100.0   61.290 -135.646    853.2    798.7
     1     1    21     2    16    13     0     1  -101.0   61.279 -135.914    871.0    793.1
     1     1    21     2    16    12     0     0  -102.0   61.279 -136.174    896.9    786.5
     1     1    21     2    16    11     0     1  -103.0   61.284 -136.434    916.6    781.4
     1     1    21     2    16    10     0     2  -104.0   61.283 -136.695    928.6    777.7
     1     1    21     2    16     9     0     3  -105.0   61.280 -136.965    936.7    774.3
     1     1    21     2    16     8     0     2  -106.0   61.279 -137.238    943.8    772.2
     1     1    21     2    16     7     0     1  -107.0   61.279 -137.503    948.9    770.5
     1     1    21     2    16     6     0     0  -108.0   61.282 -137.760    951.7    769.2
     1     1    21     2    16     5     0     1  -109.0   61.284 -137.993    952.4    768.4
     1     1    21     2    16     4     0     2  -110.0   61.278 -138.179    947.7    758.4
     1     1    21     2    16     3     0     3  -111.0   61.259 -138.316    942.5    750.1
     1     1    21     2    16     2     0     2  -112.0   61.229 -138.420    937.4    743.0
     1     1    21     2    16     1     0     1  -113.0   61.187 -138.502    932.8    736.0
     1     1    21     2    16     0     0     0  -114.0   61.135 -138.569    929.2    728.8
     1     1    21     2    15    23     0     1  -115.0   61.077 -138.612    927.4    722.3
     1     1    21     2    15    22     0     2  -116.0   61.019 -138.620    928.7    717.8
     1     1    21     2    15    21     0     3  -117.0   60.961 -138.593    935.0    719.8
     1     1    21     2    15    20     0     2  -118.0   60.911 -138.541    943.2    724.9
     1     1    21     2    15    19     0     1  -119.0   60.875 -138.475    951.3    730.4
     1     1    21     2    15    18     0     0  -120.0   60.853 -138.391    960.8    736.2
