     5     1
    GDAS    21     2     1     0     0
    GDAS    21     2     8     0     0
    GDAS    21     2    15     0     0
    GDAS    21     2    22     0     0
    GDAS    21     3     1     0     0
     1 BACKWARD OMEGA   
    21     2     6    21   37.820  111.540  1000.0
     1 PRESSURE
     1     1    21     2     6    21     0     3     0.0   37.820  111.540   1000.0    777.9
     1     1    21     2     6    20     0     2    -1.0   37.995  111.297    980.1    783.8
     1     1    21     2     6    19     0     1    -2.0   38.167  111.065    958.5    793.2
     1     1    21     2     6    18     0     0    -3.0   38.344  110.839    949.9    798.0
     1     1    21     2     6    17     0     1    -4.0   38.524  110.615    954.2    796.0
     1     1    21     2     6    16     0     2    -5.0   38.705  110.387    954.6    790.9
     1     1    21     2     6    15     0     3    -6.0   38.898  110.126    932.4    785.2
     1     1    21     2     6    14     0     2    -7.0   39.109  109.806    934.0    782.1
     1     1    21     2     6    13     0     1    -8.0   39.323  109.406    989.2    767.7
     1     1    21     2     6    12     0     0    -9.0   39.519  108.963   1042.7    752.4
     1     1    21     2     6    11     0     1   -10.0   39.691  108.529   1072.8    752.7
     1     1    21     2     6    10     0     2   -11.0   39.853  108.132   1064.4    758.8
     1     1    21     2     6     9     0     3   -12.0   40.029  107.738   1019.0    766.3
     1     1    21     2     6     8     0     2   -13.0   40.190  107.311    995.4    766.8
     1     1    21     2     6     7     0     1   -14.0   40.316  106.876    986.4    763.5
     1     1    21     2     6     6     0     0   -15.0   40.436  106.476    932.3    775.0
     1     1    21     2     6     5     0     1   -16.0   40.589  106.095    830.2    787.9
     1     1    21     2     6     4     0     2   -17.0   40.784  105.673    716.8    792.1
     1     1    21     2     6     3     0     3   -18.0   41.008  105.153    705.7    797.2
     1     1    21     2     6     2     0     2   -19.0   41.226  104.623    761.7    785.1
     1     1    21     2     6     1     0     1   -20.0   41.419  104.134    759.3    790.1
     1     1    21     2     6     0     0     0   -21.0   41.598  103.672    754.0    797.4
     1     1    21     2     5    23     0     1   -22.0   41.784  103.231    760.1    793.7
     1     1    21     2     5    22     0     2   -23.0   41.995  102.787    692.3    804.9
     1     1    21     2     5    21     0     3   -24.0   42.225  102.301    568.7    821.9
     1     1    21     2     5    20     0     2   -25.0   42.469  101.822    577.0    818.8
     1     1    21     2     5    19     0     1   -26.0   42.753  101.348    664.5    781.6
     1     1    21     2     5    18     0     0   -27.0   43.074  100.842    653.6    767.6
     1     1    21     2     5    17     0     1   -28.0   43.360  100.340    678.4    793.4
     1     1    21     2     5    16     0     2   -29.0   43.589   99.887    731.6    789.1
     1     1    21     2     5    15     0     3   -30.0   43.807   99.420    810.4    782.6
     1     1    21     2     5    14     0     2   -31.0   44.074   98.793   1046.4    753.2
     1     1    21     2     5    13     0     1   -32.0   44.330   98.100   1245.2    679.9
     1     1    21     2     5    12     0     0   -33.0   44.558   97.422   1345.3    691.4
     1     1    21     2     5    11     0     1   -34.0   44.799   96.701   1367.4    709.4
     1     1    21     2     5    10     0     2   -35.0   45.033   95.935    902.0    725.8
     1     1    21     2     5     9     0     3   -36.0   45.172   95.308    663.4    741.9
     1     1    21     2     5     8     0     2   -37.0   45.260   94.724    820.3    721.3
     1     1    21     2     5     7     0     1   -38.0   45.411   94.070   1118.3    694.6
     1     1    21     2     5     6     0     0   -39.0   45.626   93.392   1372.6    660.3
     1     1    21     2     5     5     0     1   -40.0   45.872   92.648   1546.5    660.1
     1     1    21     2     5     4     0     2   -41.0   46.130   91.806   1603.8    680.8
     1     1    21     2     5     3     0     3   -42.0   46.362   91.031   1609.5    664.1
     1     1    21     2     5     2     0     2   -43.0   46.572   90.338   1675.8    672.1
     1     1    21     2     5     1     0     1   -44.0   46.779   89.701   1754.9    689.6
     1     1    21     2     5     0     0     0   -45.0   46.992   89.125   1830.2    717.1
     1     1    21     2     4    23     0     1   -46.0   47.207   88.562   1867.1    714.0
     1     1    21     2     4    22     0     2   -47.0   47.426   87.933   1956.4    705.0
     1     1    21     2     4    21     0     3   -48.0   47.617   87.247   2064.2    702.4
     1     1    21     2     4    20     0     2   -49.0   47.759   86.558   2110.4    708.9
     1     1    21     2     4    19     0     1   -50.0   47.867   85.854   2135.7    718.7
     1     1    21     2     4    18     0     0   -51.0   47.950   85.151   2150.3    733.6
     1     1    21     2     4    17     0     1   -52.0   48.007   84.460   2128.3    742.1
     1     1    21     2     4    16     0     2   -53.0   48.032   83.780   2066.8    748.3
     1     1    21     2     4    15     0     3   -54.0   48.027   83.109   1990.1    757.1
     1     1    21     2     4    14     0     2   -55.0   48.003   82.452   1864.4    751.4
     1     1    21     2     4    13     0     1   -56.0   47.978   81.803   1711.4    753.2
     1     1    21     2     4    12     0     0   -57.0   47.952   81.148   1572.7    760.2
     1     1    21     2     4    11     0     1   -58.0   47.920   80.502   1493.1    775.6
     1     1    21     2     4    10     0     2   -59.0   47.882   79.865   1499.7    780.2
     1     1    21     2     4     9     0     3   -60.0   47.841   79.229   1527.2    780.2
     1     1    21     2     4     8     0     2   -61.0   47.796   78.613   1527.8    783.3
     1     1    21     2     4     7     0     1   -62.0   47.749   78.020   1524.5    784.9
     1     1    21     2     4     6     0     0   -63.0   47.699   77.429   1526.8    782.1
     1     1    21     2     4     5     0     1   -64.0   47.644   76.834   1509.4    782.7
     1     1    21     2     4     4     0     2   -65.0   47.583   76.260   1450.3    794.7
     1     1    21     2     4     3     0     3   -66.0   47.512   75.726   1359.2    808.3
     1     1    21     2     4     2     0     2   -67.0   47.434   75.229   1287.7    818.6
     1     1    21     2     4     1     0     1   -68.0   47.351   74.755   1252.4    822.0
     1     1    21     2     4     0     0     0   -69.0   47.259   74.304   1218.9    825.6
     1     1    21     2     3    23     0     1   -70.0   47.157   73.890   1179.5    831.6
     1     1    21     2     3    22     0     2   -71.0   47.045   73.517   1150.8    833.9
     1     1    21     2     3    21     0     3   -72.0   46.919   73.182   1137.1    833.4
     1     1    21     2     3    20     0     2   -73.0   46.788   72.887   1125.8    834.5
     1     1    21     2     3    19     0     1   -74.0   46.660   72.628   1106.8    839.6
     1     1    21     2     3    18     0     0   -75.0   46.532   72.410   1080.6    844.7
     1     1    21     2     3    17     0     1   -76.0   46.413   72.231   1057.9    849.5
     1     1    21     2     3    16     0     2   -77.0   46.312   72.088   1045.6    851.4
     1     1    21     2     3    15     0     3   -78.0   46.228   71.977   1039.9    852.6
     1     1    21     2     3    14     0     2   -79.0   46.161   71.885   1039.7    853.9
     1     1    21     2     3    13     0     1   -80.0   46.107   71.799   1044.1    854.3
     1     1    21     2     3    12     0     0   -81.0   46.066   71.717   1047.5    854.6
     1     1    21     2     3    11     0     1   -82.0   46.034   71.642   1049.3    855.5
     1     1    21     2     3    10     0     2   -83.0   46.009   71.576   1051.7    856.1
     1     1    21     2     3     9     0     3   -84.0   45.990   71.517   1055.4    856.5
     1     1    21     2     3     8     0     2   -85.0   45.974   71.465   1062.4    856.8
     1     1    21     2     3     7     0     1   -86.0   45.960   71.419   1074.8    856.4
     1     1    21     2     3     6     0     0   -87.0   45.947   71.377   1093.9    855.3
     1     1    21     2     3     5     0     1   -88.0   45.943   71.334   1113.9    852.8
     1     1    21     2     3     4     0     2   -89.0   45.955   71.282   1127.1    851.5
     1     1    21     2     3     3     0     3   -90.0   45.982   71.223   1131.6    850.9
     1     1    21     2     3     2     0     2   -91.0   46.018   71.156   1140.6    851.4
     1     1    21     2     3     1     0     1   -92.0   46.054   71.078   1171.0    848.7
     1     1    21     2     3     0     0     0   -93.0   46.092   70.985   1230.1    842.9
     1     1    21     2     2    23     0     1   -94.0   46.133   70.886   1300.2    833.7
     1     1    21     2     2    22     0     2   -95.0   46.175   70.791   1361.6    827.9
     1     1    21     2     2    21     0     3   -96.0   46.219   70.702   1415.0    823.1
     1     1    21     2     2    20     0     2   -97.0   46.269   70.622   1458.1    819.0
     1     1    21     2     2    19     0     1   -98.0   46.334   70.547   1487.4    816.4
     1     1    21     2     2    18     0     0   -99.0   46.409   70.478   1503.3    815.1
     1     1    21     2     2    17     0     1  -100.0   46.496   70.405   1507.8    815.2
     1     1    21     2     2    16     0     2  -101.0   46.598   70.316   1506.4    816.5
     1     1    21     2     2    15     0     3  -102.0   46.715   70.213   1505.8    818.0
     1     1    21     2     2    14     0     2  -103.0   46.843   70.092   1509.1    819.2
     1     1    21     2     2    13     0     1  -104.0   46.978   69.956   1512.5    820.0
     1     1    21     2     2    12     0     0  -105.0   47.119   69.805   1518.8    819.3
     1     1    21     2     2    11     0     1  -106.0   47.264   69.642   1536.9    816.6
     1     1    21     2     2    10     0     2  -107.0   47.411   69.471   1562.3    813.0
     1     1    21     2     2     9     0     3  -108.0   47.561   69.299   1587.2    810.0
     1     1    21     2     2     8     0     2  -109.0   47.716   69.125   1607.2    808.3
     1     1    21     2     2     7     0     1  -110.0   47.881   68.946   1621.0    807.2
     1     1    21     2     2     6     0     0  -111.0   48.058   68.757   1626.8    804.5
     1     1    21     2     2     5     0     1  -112.0   48.240   68.541   1632.4    800.5
     1     1    21     2     2     4     0     2  -113.0   48.421   68.287   1646.5    794.8
     1     1    21     2     2     3     0     3  -114.0   48.591   67.992   1669.1    788.1
     1     1    21     2     2     2     0     2  -115.0   48.756   67.672   1696.2    782.1
     1     1    21     2     2     1     0     1  -116.0   48.920   67.338   1717.6    777.4
     1     1    21     2     2     0     0     0  -117.0   49.078   66.989   1726.5    776.6
     1     1    21     2     1    23     0     1  -118.0   49.232   66.637   1737.7    786.7
     1     1    21     2     1    22     0     2  -119.0   49.385   66.295   1759.0    793.9
     1     1    21     2     1    21     0     3  -120.0   49.522   65.959   1788.4    798.2
