     5     1
    GDAS    21     2     1     0     0
    GDAS    21     2     8     0     0
    GDAS    21     2    15     0     0
    GDAS    21     2    22     0     0
    GDAS    21     3     1     0     0
     1 BACKWARD OMEGA   
    21     2    14     6   37.820  111.540  1000.0
     1 PRESSURE
     1     1    21     2    14     6     0     0     0.0   37.820  111.540   1000.0    773.0
     1     1    21     2    14     5     0     1    -1.0   38.049  111.093   1216.7    749.0
     1     1    21     2    14     4     0     2    -2.0   38.275  110.699   1273.5    756.0
     1     1    21     2    14     3     0     3    -3.0   38.489  110.348   1260.5    757.1
     1     1    21     2    14     2     0     2    -4.0   38.715  109.975   1228.3    755.5
     1     1    21     2    14     1     0     1    -5.0   38.955  109.533   1229.5    749.4
     1     1    21     2    14     0     0     0    -6.0   39.191  109.008   1284.7    737.4
     1     1    21     2    13    23     0     1    -7.0   39.408  108.404   1376.8    723.7
     1     1    21     2    13    22     0     2    -8.0   39.612  107.788   1478.8    718.8
     1     1    21     2    13    21     0     3    -9.0   39.806  107.152   1633.9    704.9
     1     1    21     2    13    20     0     2   -10.0   39.970  106.465   1813.2    691.3
     1     1    21     2    13    19     0     1   -11.0   40.118  105.786   1894.2    691.4
     1     1    21     2    13    18     0     0   -12.0   40.250  105.081   1853.3    670.6
     1     1    21     2    13    17     0     1   -13.0   40.389  104.360   1823.6    687.3
     1     1    21     2    13    16     0     2   -14.0   40.574  103.622   1829.3    681.7
     1     1    21     2    13    15     0     3   -15.0   40.785  102.843   1782.8    679.8
     1     1    21     2    13    14     0     2   -16.0   40.974  102.095   1735.4    708.0
     1     1    21     2    13    13     0     1   -17.0   41.114  101.396   1689.7    722.2
     1     1    21     2    13    12     0     0   -18.0   41.209  100.756   1608.8    732.9
     1     1    21     2    13    11     0     1   -19.0   41.287  100.186   1552.6    738.9
     1     1    21     2    13    10     0     2   -20.0   41.372   99.635   1540.8    727.5
     1     1    21     2    13     9     0     3   -21.0   41.463   99.045   1585.7    707.6
     1     1    21     2    13     8     0     2   -22.0   41.553   98.412   1669.9    688.5
     1     1    21     2    13     7     0     1   -23.0   41.648   97.755   1744.1    672.9
     1     1    21     2    13     6     0     0   -24.0   41.751   97.010   1787.2    651.7
     1     1    21     2    13     5     0     1   -25.0   41.870   96.178   1749.0    636.3
     1     1    21     2    13     4     0     2   -26.0   42.043   95.362   1798.9    665.1
     1     1    21     2    13     3     0     3   -27.0   42.276   94.715   1906.2    674.0
     1     1    21     2    13     2     0     2   -28.0   42.524   94.114   2042.5    659.8
     1     1    21     2    13     1     0     1   -29.0   42.796   93.495   2198.2    666.4
     1     1    21     2    13     0     0     0   -30.0   43.125   92.843   2397.0    683.0
     1     1    21     2    12    23     0     1   -31.0   43.475   92.116   2486.3    647.9
     1     1    21     2    12    22     0     2   -32.0   43.792   91.315   2539.7    640.1
     1     1    21     2    12    21     0     3   -33.0   44.101   90.410   2645.2    643.0
     1     1    21     2    12    20     0     2   -34.0   44.357   89.522   2622.5    660.9
     1     1    21     2    12    19     0     1   -35.0   44.557   88.661   2551.6    673.2
     1     1    21     2    12    18     0     0   -36.0   44.733   87.839   2464.9    688.8
     1     1    21     2    12    17     0     1   -37.0   44.879   87.130   2452.8    710.6
     1     1    21     2    12    16     0     2   -38.0   45.007   86.519   2472.2    717.3
     1     1    21     2    12    15     0     3   -39.0   45.134   85.968   2481.9    718.7
     1     1    21     2    12    14     0     2   -40.0   45.268   85.386   2461.9    716.2
     1     1    21     2    12    13     0     1   -41.0   45.416   84.671   2404.7    706.5
     1     1    21     2    12    12     0     0   -42.0   45.578   83.822   2511.0    668.4
     1     1    21     2    12    11     0     1   -43.0   45.735   82.886   2831.5    616.8
     1     1    21     2    12    10     0     2   -44.0   45.839   81.903   3137.3    648.3
     1     1    21     2    12     9     0     3   -45.0   45.899   80.899   3135.8    610.4
     1     1    21     2    12     8     0     2   -46.0   45.972   79.956   3176.2    640.7
     1     1    21     2    12     7     0     1   -47.0   46.037   79.128   3159.5    653.1
     1     1    21     2    12     6     0     0   -48.0   46.093   78.370   3119.0    659.2
     1     1    21     2    12     5     0     1   -49.0   46.150   77.645   3065.1    665.2
     1     1    21     2    12     4     0     2   -50.0   46.245   76.915   3032.3    666.8
     1     1    21     2    12     3     0     3   -51.0   46.371   76.185   3020.2    668.9
     1     1    21     2    12     2     0     2   -52.0   46.506   75.452   3013.9    668.4
     1     1    21     2    12     1     0     1   -53.0   46.638   74.714   3007.0    667.7
     1     1    21     2    12     0     0     0   -54.0   46.768   73.967   3004.3    663.7
     1     1    21     2    11    23     0     1   -55.0   46.891   73.221   3004.8    654.4
     1     1    21     2    11    22     0     2   -56.0   47.007   72.488   3013.1    651.8
     1     1    21     2    11    21     0     3   -57.0   47.117   71.778   3013.6    653.4
     1     1    21     2    11    20     0     2   -58.0   47.231   71.077   3007.6    655.2
     1     1    21     2    11    19     0     1   -59.0   47.351   70.381   3014.8    664.2
     1     1    21     2    11    18     0     0   -60.0   47.467   69.696   3021.8    669.0
     1     1    21     2    11    17     0     1   -61.0   47.576   69.021   3024.2    670.4
     1     1    21     2    11    16     0     2   -62.0   47.679   68.368   3028.4    669.4
     1     1    21     2    11    15     0     3   -63.0   47.781   67.728   3039.1    665.0
     1     1    21     2    11    14     0     2   -64.0   47.876   67.086   3046.0    658.8
     1     1    21     2    11    13     0     1   -65.0   47.971   66.429   3045.3    660.0
     1     1    21     2    11    12     0     0   -66.0   48.066   65.773   3032.1    668.3
     1     1    21     2    11    11     0     1   -67.0   48.151   65.153   3029.7    683.2
     1     1    21     2    11    10     0     2   -68.0   48.230   64.559   3029.8    687.5
     1     1    21     2    11     9     0     3   -69.0   48.312   63.970   3028.9    691.5
     1     1    21     2    11     8     0     2   -70.0   48.398   63.376   3027.3    692.8
     1     1    21     2    11     7     0     1   -71.0   48.489   62.771   3026.1    692.1
     1     1    21     2    11     6     0     0   -72.0   48.593   62.152   3042.3    690.7
     1     1    21     2    11     5     0     1   -73.0   48.705   61.503   3057.7    682.5
     1     1    21     2    11     4     0     2   -74.0   48.816   60.808   3052.5    677.8
     1     1    21     2    11     3     0     3   -75.0   48.942   60.073   3040.2    676.7
     1     1    21     2    11     2     0     2   -76.0   49.073   59.330   3010.3    672.2
     1     1    21     2    11     1     0     1   -77.0   49.190   58.579   2994.1    672.5
     1     1    21     2    11     0     0     0   -78.0   49.295   57.794   2989.9    673.5
     1     1    21     2    10    23     0     1   -79.0   49.402   57.006   2976.7    679.5
     1     1    21     2    10    22     0     2   -80.0   49.518   56.241   2974.2    681.7
     1     1    21     2    10    21     0     3   -81.0   49.620   55.495   3002.3    683.4
     1     1    21     2    10    20     0     2   -82.0   49.706   54.752   3037.2    684.8
     1     1    21     2    10    19     0     1   -83.0   49.792   53.996   3062.3    685.6
     1     1    21     2    10    18     0     0   -84.0   49.881   53.231   3094.8    688.4
     1     1    21     2    10    17     0     1   -85.0   49.982   52.455   3169.8    682.3
     1     1    21     2    10    16     0     2   -86.0   50.087   51.650   3229.5    675.5
     1     1    21     2    10    15     0     3   -87.0   50.176   50.815   3249.4    674.1
     1     1    21     2    10    14     0     2   -88.0   50.267   49.942   3277.6    669.7
     1     1    21     2    10    13     0     1   -89.0   50.350   49.041   3304.5    665.9
     1     1    21     2    10    12     0     0   -90.0   50.412   48.131   3310.8    664.8
     1     1    21     2    10    11     0     1   -91.0   50.461   47.216   3326.1    663.3
     1     1    21     2    10    10     0     2   -92.0   50.494   46.288   3371.0    658.5
     1     1    21     2    10     9     0     3   -93.0   50.513   45.348   3393.7    647.8
     1     1    21     2    10     8     0     2   -94.0   50.527   44.400   3392.9    645.7
     1     1    21     2    10     7     0     1   -95.0   50.546   43.413   3407.2    645.4
     1     1    21     2    10     6     0     0   -96.0   50.568   42.384   3435.2    643.9
     1     1    21     2    10     5     0     1   -97.0   50.595   41.348   3460.3    640.6
     1     1    21     2    10     4     0     2   -98.0   50.606   40.278   3535.8    633.3
     1     1    21     2    10     3     0     3   -99.0   50.597   39.157   3664.3    622.1
     1     1    21     2    10     2     0     2  -100.0   50.576   38.007   3754.1    613.6
     1     1    21     2    10     1     0     1  -101.0   50.521   36.832   3797.4    608.2
     1     1    21     2    10     0     0     0  -102.0   50.440   35.630   3815.8    607.4
     1     1    21     2     9    23     0     1  -103.0   50.342   34.424   3838.3    607.5
     1     1    21     2     9    22     0     2  -104.0   50.197   33.245   3883.4    603.2
     1     1    21     2     9    21     0     3  -105.0   50.016   32.095   3949.3    603.8
     1     1    21     2     9    20     0     2  -106.0   49.833   30.956   4012.3    592.3
     1     1    21     2     9    19     0     1  -107.0   49.637   29.829   4045.0    584.6
     1     1    21     2     9    18     0     0  -108.0   49.408   28.719   4059.3    579.9
     1     1    21     2     9    17     0     1  -109.0   49.150   27.626   4052.1    579.6
     1     1    21     2     9    16     0     2  -110.0   48.907   26.551   4108.4    576.7
     1     1    21     2     9    15     0     3  -111.0   48.652   25.483   4208.4    556.1
     1     1    21     2     9    14     0     2  -112.0   48.380   24.430   4124.4    548.2
     1     1    21     2     9    13     0     1  -113.0   48.115   23.433   4012.0    578.3
     1     1    21     2     9    12     0     0  -114.0   47.822   22.461   4052.4    585.6
     1     1    21     2     9    11     0     1  -115.0   47.542   21.565   4016.5    593.4
     1     1    21     2     9    10     0     2  -116.0   47.271   20.677   3941.1    600.7
     1     1    21     2     9     9     0     3  -117.0   47.002   19.780   3873.4    608.6
     1     1    21     2     9     8     0     2  -118.0   46.774   18.901   3841.9    609.4
     1     1    21     2     9     7     0     1  -119.0   46.545   18.024   3773.7    609.5
     1     1    21     2     9     6     0     0  -120.0   46.295   17.128   3659.4    619.1
