     5     1
    GDAS    21     2     1     0     0
    GDAS    21     2     8     0     0
    GDAS    21     2    15     0     0
    GDAS    21     2    22     0     0
    GDAS    21     3     1     0     0
     1 BACKWARD OMEGA   
    21     2     6    21   44.970  -93.230   500.0
     1 PRESSURE
     1     1    21     2     6    21     0     3     0.0   44.970  -93.230    500.0    920.6
     1     1    21     2     6    20     0     2    -1.0   45.170  -93.732    538.0    915.1
     1     1    21     2     6    19     0     1    -2.0   45.369  -94.204    589.2    904.2
     1     1    21     2     6    18     0     0    -3.0   45.575  -94.648    645.0    892.2
     1     1    21     2     6    17     0     1    -4.0   45.831  -95.106    700.0    883.0
     1     1    21     2     6    16     0     2    -5.0   46.165  -95.602    731.8    877.5
     1     1    21     2     6    15     0     3    -6.0   46.535  -96.095    714.0    880.4
     1     1    21     2     6    14     0     2    -7.0   46.925  -96.543    677.1    892.7
     1     1    21     2     6    13     0     1    -8.0   47.330  -96.936    655.0    901.4
     1     1    21     2     6    12     0     0    -9.0   47.750  -97.323    640.9    896.2
     1     1    21     2     6    11     0     1   -10.0   48.185  -97.732    645.8    888.7
     1     1    21     2     6    10     0     2   -11.0   48.636  -98.147    668.0    884.0
     1     1    21     2     6     9     0     3   -12.0   49.092  -98.542    685.9    880.8
     1     1    21     2     6     8     0     2   -13.0   49.539  -98.892    690.2    880.9
     1     1    21     2     6     7     0     1   -14.0   49.987  -99.211    681.6    884.5
     1     1    21     2     6     6     0     0   -15.0   50.435  -99.518    672.0    885.6
     1     1    21     2     6     5     0     1   -16.0   50.871  -99.808    638.0    884.3
     1     1    21     2     6     4     0     2   -17.0   51.305 -100.081    548.2    896.8
     1     1    21     2     6     3     0     3   -18.0   51.743 -100.335    432.0    914.4
     1     1    21     2     6     2     0     2   -19.0   52.151 -100.605    316.5    925.7
     1     1    21     2     6     1     0     1   -20.0   52.472 -100.923    203.4    943.9
     1     1    21     2     6     0     0     0   -21.0   52.710 -101.257    143.9    963.1
     1     1    21     2     5    23     0     1   -22.0   52.924 -101.575    143.1    962.1
     1     1    21     2     5    22     0     2   -23.0   53.126 -101.853    154.4    957.0
     1     1    21     2     5    21     0     3   -24.0   53.315 -102.114    155.3    955.3
     1     1    21     2     5    20     0     2   -25.0   53.508 -102.365    157.9    955.5
     1     1    21     2     5    19     0     1   -26.0   53.716 -102.602    171.1    955.1
     1     1    21     2     5    18     0     0   -27.0   53.938 -102.826    191.5    956.6
     1     1    21     2     5    17     0     1   -28.0   54.187 -103.049    215.6    952.8
     1     1    21     2     5    16     0     2   -29.0   54.481 -103.288    241.7    944.0
     1     1    21     2     5    15     0     3   -30.0   54.817 -103.545    269.2    936.0
     1     1    21     2     5    14     0     2   -31.0   55.179 -103.814    303.4    928.8
     1     1    21     2     5    13     0     1   -32.0   55.562 -104.057    349.9    920.9
     1     1    21     2     5    12     0     0   -33.0   55.977 -104.241    403.4    912.9
     1     1    21     2     5    11     0     1   -34.0   56.413 -104.387    450.9    903.7
     1     1    21     2     5    10     0     2   -35.0   56.862 -104.535    490.5    894.5
     1     1    21     2     5     9     0     3   -36.0   57.312 -104.695    527.2    886.2
     1     1    21     2     5     8     0     2   -37.0   57.750 -104.893    562.2    878.7
     1     1    21     2     5     7     0     1   -38.0   58.164 -105.125    584.6    877.4
     1     1    21     2     5     6     0     0   -39.0   58.544 -105.344    573.0    888.7
     1     1    21     2     5     5     0     1   -40.0   58.896 -105.536    532.0    905.4
     1     1    21     2     5     4     0     2   -41.0   59.232 -105.728    490.1    912.9
     1     1    21     2     5     3     0     3   -42.0   59.565 -105.903    470.3    909.3
     1     1    21     2     5     2     0     2   -43.0   59.898 -106.032    461.4    900.1
     1     1    21     2     5     1     0     1   -44.0   60.226 -106.134    450.6    900.4
     1     1    21     2     5     0     0     0   -45.0   60.541 -106.236    440.7    903.8
     1     1    21     2     4    23     0     1   -46.0   60.829 -106.342    431.1    905.6
     1     1    21     2     4    22     0     2   -47.0   61.080 -106.453    415.3    907.5
     1     1    21     2     4    21     0     3   -48.0   61.296 -106.561    393.0    910.5
     1     1    21     2     4    20     0     2   -49.0   61.480 -106.651    371.8    914.0
     1     1    21     2     4    19     0     1   -50.0   61.630 -106.702    356.3    916.3
     1     1    21     2     4    18     0     0   -51.0   61.746 -106.708    346.0    917.9
     1     1    21     2     4    17     0     1   -52.0   61.840 -106.673    338.8    919.4
     1     1    21     2     4    16     0     2   -53.0   61.928 -106.601    332.6    920.8
     1     1    21     2     4    15     0     3   -54.0   62.008 -106.492    327.0    922.0
     1     1    21     2     4    14     0     2   -55.0   62.076 -106.377    320.1    923.0
     1     1    21     2     4    13     0     1   -56.0   62.128 -106.287    309.2    924.5
     1     1    21     2     4    12     0     0   -57.0   62.165 -106.219    293.1    926.8
     1     1    21     2     4    11     0     1   -58.0   62.189 -106.160    277.3    930.7
     1     1    21     2     4    10     0     2   -59.0   62.203 -106.107    267.6    933.0
     1     1    21     2     4     9     0     3   -60.0   62.207 -106.063    264.3    934.2
     1     1    21     2     4     8     0     2   -61.0   62.198 -106.027    264.2    933.6
     1     1    21     2     4     7     0     1   -62.0   62.170 -105.991    264.0    933.4
     1     1    21     2     4     6     0     0   -63.0   62.123 -105.958    263.9    932.9
     1     1    21     2     4     5     0     1   -64.0   62.064 -105.917    261.4    933.2
     1     1    21     2     4     4     0     2   -65.0   62.001 -105.852    254.2    934.2
     1     1    21     2     4     3     0     3   -66.0   61.937 -105.760    243.1    936.4
     1     1    21     2     4     2     0     2   -67.0   61.883 -105.642    231.8    938.0
     1     1    21     2     4     1     0     1   -68.0   61.849 -105.499    222.3    939.1
     1     1    21     2     4     0     0     0   -69.0   61.840 -105.333    214.3    940.1
     1     1    21     2     3    23     0     1   -70.0   61.844 -105.158    208.3    941.4
     1     1    21     2     3    22     0     2   -71.0   61.851 -104.993    204.8    942.3
     1     1    21     2     3    21     0     3   -72.0   61.863 -104.841    203.5    944.1
     1     1    21     2     3    20     0     2   -73.0   61.876 -104.674    199.5    945.6
     1     1    21     2     3    19     0     1   -74.0   61.887 -104.466    190.8    948.9
     1     1    21     2     3    18     0     0   -75.0   61.900 -104.215    182.0    952.7
     1     1    21     2     3    17     0     1   -76.0   61.920 -103.944    174.6    955.5
     1     1    21     2     3    16     0     2   -77.0   61.950 -103.674    161.5    956.8
     1     1    21     2     3    15     0     3   -78.0   61.993 -103.391    138.3    960.4
     1     1    21     2     3    14     0     2   -79.0   62.052 -103.088    110.4    964.3
     1     1    21     2     3    13     0     1   -80.0   62.127 -102.783     86.8    968.3
     1     1    21     2     3    12     0     0   -81.0   62.208 -102.490     70.4    971.9
     1     1    21     2     3    11     0     1   -82.0   62.298 -102.203     59.9    975.8
     1     1    21     2     3    10     0     2   -83.0   62.396 -101.915     53.5    979.7
     1     1    21     2     3     9     0     3   -84.0   62.501 -101.630     48.1    982.4
     1     1    21     2     3     8     0     2   -85.0   62.602 -101.350     44.0    983.9
     1     1    21     2     3     7     0     1   -86.0   62.690 -101.070     43.3    984.5
     1     1    21     2     3     6     0     0   -87.0   62.768 -100.788     45.7    983.8
     1     1    21     2     3     5     0     1   -88.0   62.846 -100.498     49.3    982.8
     1     1    21     2     3     4     0     2   -89.0   62.933 -100.194     51.9    981.7
     1     1    21     2     3     3     0     3   -90.0   63.030  -99.884     52.6    981.9
     1     1    21     2     3     2     0     2   -91.0   63.137  -99.587     51.8    984.6
     1     1    21     2     3     1     0     1   -92.0   63.253  -99.317     49.8    987.1
     1     1    21     2     3     0     0     0   -93.0   63.379  -99.075     46.8    989.8
     1     1    21     2     2    23     0     1   -94.0   63.509  -98.860     44.2    994.5
     1     1    21     2     2    22     0     2   -95.0   63.637  -98.665     43.6    998.4
     1     1    21     2     2    21     0     3   -96.0   63.760  -98.488     44.8   1000.9
     1     1    21     2     2    20     0     2   -97.0   63.877  -98.330     46.6   1002.1
     1     1    21     2     2    19     0     1   -98.0   63.989  -98.192     47.4   1002.8
     1     1    21     2     2    18     0     0   -99.0   64.099  -98.074     47.6   1002.6
     1     1    21     2     2    17     0     1  -100.0   64.209  -97.966     48.5   1002.7
     1     1    21     2     2    16     0     2  -101.0   64.320  -97.859     51.0   1002.6
     1     1    21     2     2    15     0     3  -102.0   64.433  -97.753     55.0   1002.3
     1     1    21     2     2    14     0     2  -103.0   64.546  -97.658     60.4   1001.3
     1     1    21     2     2    13     0     1  -104.0   64.653  -97.582     66.4   1000.2
     1     1    21     2     2    12     0     0  -105.0   64.755  -97.525     72.0    999.3
     1     1    21     2     2    11     0     1  -106.0   64.853  -97.468     77.2    998.8
     1     1    21     2     2    10     0     2  -107.0   64.951  -97.393     83.4    998.2
     1     1    21     2     2     9     0     3  -108.0   65.049  -97.300     91.7    997.3
     1     1    21     2     2     8     0     2  -109.0   65.141  -97.217    101.0    995.8
     1     1    21     2     2     7     0     1  -110.0   65.223  -97.163    109.4    994.7
     1     1    21     2     2     6     0     0  -111.0   65.295  -97.136    117.0    993.7
     1     1    21     2     2     5     0     1  -112.0   65.364  -97.119    123.8    993.0
     1     1    21     2     2     4     0     2  -113.0   65.438  -97.102    129.7    992.5
     1     1    21     2     2     3     0     3  -114.0   65.517  -97.087    134.5    992.2
     1     1    21     2     2     2     0     2  -115.0   65.598  -97.086    139.8    991.9
     1     1    21     2     2     1     0     1  -116.0   65.676  -97.109    146.9    991.0
     1     1    21     2     2     0     0     0  -117.0   65.751  -97.153    155.5    989.8
     1     1    21     2     1    23     0     1  -118.0   65.822  -97.211    162.9    988.5
     1     1    21     2     1    22     0     2  -119.0   65.887  -97.271    167.0    988.1
     1     1    21     2     1    21     0     3  -120.0   65.947  -97.331    168.5    988.1
