     5     1
    GDAS    21     2     1     0     0
    GDAS    21     2     8     0     0
    GDAS    21     2    15     0     0
    GDAS    21     2    22     0     0
    GDAS    21     3     1     0     0
     1 BACKWARD OMEGA   
    21     2     1    15   37.820  111.540  1000.0
     1 PRESSURE
     1     1    21     2     1    15     0     3     0.0   37.820  111.540   1000.0    777.6
     1     1    21     2     1    14     0     2    -1.0   38.074  111.146   1092.7    776.4
     1     1    21     2     1    13     0     1    -2.0   38.322  110.805   1155.2    773.2
     1     1    21     2     1    12     0     0    -3.0   38.561  110.497   1193.7    769.8
     1     1    21     2     1    11     0     1    -4.0   38.824  110.180   1239.0    758.1
     1     1    21     2     1    10     0     2    -5.0   39.133  109.824   1313.1    741.6
     1     1    21     2     1     9     0     3    -6.0   39.488  109.386   1439.4    721.0
     1     1    21     2     1     8     0     2    -7.0   39.887  108.843   1583.0    694.6
     1     1    21     2     1     7     0     1    -8.0   40.268  108.297   1670.5    701.0
     1     1    21     2     1     6     0     0    -9.0   40.611  107.808   1672.5    712.6
     1     1    21     2     1     5     0     1   -10.0   40.919  107.375   1628.3    718.4
     1     1    21     2     1     4     0     2   -11.0   41.194  106.999   1587.1    722.6
     1     1    21     2     1     3     0     3   -12.0   41.490  106.649   1625.4    723.2
     1     1    21     2     1     2     0     2   -13.0   41.834  106.288   1810.0    714.2
     1     1    21     2     1     1     0     1   -14.0   42.194  105.868   2070.5    683.7
     1     1    21     2     1     0     0     0   -15.0   42.578  105.322   2215.7    636.9
