     5     1
    GDAS    21     2     1     0     0
    GDAS    21     2     8     0     0
    GDAS    21     2    15     0     0
    GDAS    21     2    22     0     0
    GDAS    21     3     1     0     0
     1 BACKWARD OMEGA   
    21     2     7    15   37.820  111.540  1000.0
     1 PRESSURE
     1     1    21     2     7    15     0     3     0.0   37.820  111.540   1000.0    782.0
     1     1    21     2     7    14     0     2    -1.0   37.909  111.447   1012.7    784.0
     1     1    21     2     7    13     0     1    -2.0   38.043  111.367   1060.4    780.4
     1     1    21     2     7    12     0     0    -3.0   38.222  111.292   1125.9    773.6
     1     1    21     2     7    11     0     1    -4.0   38.431  111.201   1195.3    768.8
     1     1    21     2     7    10     0     2    -5.0   38.652  111.089   1274.4    768.1
     1     1    21     2     7     9     0     3    -6.0   38.880  110.959   1371.8    765.5
     1     1    21     2     7     8     0     2    -7.0   39.113  110.789   1463.5    749.1
     1     1    21     2     7     7     0     1    -8.0   39.349  110.556   1536.8    731.6
     1     1    21     2     7     6     0     0    -9.0   39.585  110.259   1597.8    716.5
     1     1    21     2     7     5     0     1   -10.0   39.818  109.905   1653.6    703.5
     1     1    21     2     7     4     0     2   -11.0   40.050  109.512   1704.0    693.0
     1     1    21     2     7     3     0     3   -12.0   40.289  109.117   1758.8    693.3
     1     1    21     2     7     2     0     2   -13.0   40.530  108.747   1817.1    700.0
     1     1    21     2     7     1     0     1   -14.0   40.773  108.396   1874.4    705.0
     1     1    21     2     7     0     0     0   -15.0   41.031  108.047   1936.9    704.1
     1     1    21     2     6    23     0     1   -16.0   41.301  107.669   1980.6    690.2
     1     1    21     2     6    22     0     2   -17.0   41.561  107.266   2008.4    684.6
     1     1    21     2     6    21     0     3   -18.0   41.800  106.867   2025.3    684.4
     1     1    21     2     6    20     0     2   -19.0   42.034  106.488   2031.5    691.0
     1     1    21     2     6    19     0     1   -20.0   42.294  106.102   2035.5    691.5
     1     1    21     2     6    18     0     0   -21.0   42.582  105.664   2071.0    674.7
     1     1    21     2     6    17     0     1   -22.0   42.879  105.141   2166.4    642.6
     1     1    21     2     6    16     0     2   -23.0   43.170  104.552   2291.5    625.2
     1     1    21     2     6    15     0     3   -24.0   43.446  103.960   2347.3    627.3
     1     1    21     2     6    14     0     2   -25.0   43.694  103.411   2285.3    633.4
     1     1    21     2     6    13     0     1   -26.0   43.915  102.917   2153.8    645.4
     1     1    21     2     6    12     0     0   -27.0   44.129  102.435   2088.1    672.3
     1     1    21     2     6    11     0     1   -28.0   44.344  101.919   2115.0    673.4
     1     1    21     2     6    10     0     2   -29.0   44.557  101.389   2164.5    655.4
     1     1    21     2     6     9     0     3   -30.0   44.768  100.855   2205.0    638.6
     1     1    21     2     6     8     0     2   -31.0   44.987  100.306   2197.0    603.4
     1     1    21     2     6     7     0     1   -32.0   45.194   99.768   2135.3    596.4
     1     1    21     2     6     6     0     0   -33.0   45.372   99.278   2029.3    614.3
     1     1    21     2     6     5     0     1   -34.0   45.551   98.830   1936.7    628.1
     1     1    21     2     6     4     0     2   -35.0   45.765   98.409   1894.1    633.7
     1     1    21     2     6     3     0     3   -36.0   46.012   98.014   1891.4    641.7
     1     1    21     2     6     2     0     2   -37.0   46.281   97.604   1901.3    619.4
     1     1    21     2     6     1     0     1   -38.0   46.562   97.137   1951.6    600.4
     1     1    21     2     6     0     0     0   -39.0   46.848   96.651   2025.6    605.7
     1     1    21     2     5    23     0     1   -40.0   47.136   96.172   2110.7    619.3
     1     1    21     2     5    22     0     2   -41.0   47.420   95.693   2171.1    616.6
     1     1    21     2     5    21     0     3   -42.0   47.688   95.214   2217.3    610.5
     1     1    21     2     5    20     0     2   -43.0   47.940   94.736   2269.8    615.1
     1     1    21     2     5    19     0     1   -44.0   48.179   94.267   2329.5    633.2
     1     1    21     2     5    18     0     0   -45.0   48.408   93.816   2381.3    639.2
     1     1    21     2     5    17     0     1   -46.0   48.624   93.386   2419.3    637.0
     1     1    21     2     5    16     0     2   -47.0   48.830   92.977   2449.9    639.6
     1     1    21     2     5    15     0     3   -48.0   49.075   92.553   2440.3    622.0
     1     1    21     2     5    14     0     2   -49.0   49.371   92.060   2413.8    618.9
     1     1    21     2     5    13     0     1   -50.0   49.693   91.488   2367.3    610.8
     1     1    21     2     5    12     0     0   -51.0   50.079   90.799   2210.6    582.4
     1     1    21     2     5    11     0     1   -52.0   50.459   89.999   2184.7    604.8
     1     1    21     2     5    10     0     2   -53.0   50.773   89.178   2136.5    586.2
     1     1    21     2     5     9     0     3   -54.0   51.034   88.371   2135.3    601.5
     1     1    21     2     5     8     0     2   -55.0   51.223   87.648   2184.3    627.7
     1     1    21     2     5     7     0     1   -56.0   51.356   86.944   2180.1    653.6
     1     1    21     2     5     6     0     0   -57.0   51.446   86.296   2139.5    682.6
     1     1    21     2     5     5     0     1   -58.0   51.515   85.698   2073.0    701.8
     1     1    21     2     5     4     0     2   -59.0   51.575   85.114   2005.8    715.1
     1     1    21     2     5     3     0     3   -60.0   51.629   84.535   1947.2    724.7
     1     1    21     2     5     2     0     2   -61.0   51.662   83.969   1885.6    736.7
     1     1    21     2     5     1     0     1   -62.0   51.672   83.424   1835.1    753.3
     1     1    21     2     5     0     0     0   -63.0   51.669   82.908   1796.6    766.7
     1     1    21     2     4    23     0     1   -64.0   51.656   82.426   1769.0    779.8
     1     1    21     2     4    22     0     2   -65.0   51.639   81.984   1748.2    791.6
     1     1    21     2     4    21     0     3   -66.0   51.629   81.566   1733.3    792.9
     1     1    21     2     4    20     0     2   -67.0   51.635   81.143   1730.9    791.6
     1     1    21     2     4    19     0     1   -68.0   51.656   80.705   1731.9    793.1
     1     1    21     2     4    18     0     0   -69.0   51.693   80.254   1738.6    795.9
     1     1    21     2     4    17     0     1   -70.0   51.751   79.785   1746.4    797.0
     1     1    21     2     4    16     0     2   -71.0   51.823   79.298   1749.4    799.7
     1     1    21     2     4    15     0     3   -72.0   51.909   78.791   1749.4    802.0
     1     1    21     2     4    14     0     2   -73.0   52.005   78.275   1745.0    803.0
     1     1    21     2     4    13     0     1   -74.0   52.104   77.760   1745.8    805.1
     1     1    21     2     4    12     0     0   -75.0   52.204   77.241   1755.0    807.1
     1     1    21     2     4    11     0     1   -76.0   52.307   76.716   1764.3    806.2
     1     1    21     2     4    10     0     2   -77.0   52.413   76.178   1779.2    803.2
     1     1    21     2     4     9     0     3   -78.0   52.523   75.614   1799.2    800.1
     1     1    21     2     4     8     0     2   -79.0   52.635   75.028   1808.1    799.3
     1     1    21     2     4     7     0     1   -80.0   52.752   74.426   1808.9    799.8
     1     1    21     2     4     6     0     0   -81.0   52.876   73.811   1816.1    800.2
     1     1    21     2     4     5     0     1   -82.0   53.004   73.193   1842.1    800.0
     1     1    21     2     4     4     0     2   -83.0   53.140   72.574   1856.3    790.1
     1     1    21     2     4     3     0     3   -84.0   53.276   71.946   1834.2    787.6
     1     1    21     2     4     2     0     2   -85.0   53.407   71.308   1815.8    791.9
     1     1    21     2     4     1     0     1   -86.0   53.535   70.661   1814.8    789.4
     1     1    21     2     4     0     0     0   -87.0   53.669   69.988   1817.5    787.5
     1     1    21     2     3    23     0     1   -88.0   53.812   69.302   1822.1    789.0
     1     1    21     2     3    22     0     2   -89.0   53.957   68.628   1823.7    792.2
     1     1    21     2     3    21     0     3   -90.0   54.098   67.961   1827.6    792.6
     1     1    21     2     3    20     0     2   -91.0   54.238   67.291   1840.0    791.7
     1     1    21     2     3    19     0     1   -92.0   54.387   66.609   1862.2    788.9
     1     1    21     2     3    18     0     0   -93.0   54.552   65.907   1897.2    786.1
     1     1    21     2     3    17     0     1   -94.0   54.728   65.174   1949.1    783.6
     1     1    21     2     3    16     0     2   -95.0   54.909   64.419   2002.4    776.1
     1     1    21     2     3    15     0     3   -96.0   55.104   63.650   2039.0    770.1
     1     1    21     2     3    14     0     2   -97.0   55.308   62.877   2075.7    766.1
     1     1    21     2     3    13     0     1   -98.0   55.520   62.072   2119.7    761.2
     1     1    21     2     3    12     0     0   -99.0   55.740   61.226   2159.8    751.5
     1     1    21     2     3    11     0     1  -100.0   55.983   60.301   2226.1    732.3
     1     1    21     2     3    10     0     2  -101.0   56.264   59.231   2355.6    713.9
     1     1    21     2     3     9     0     3  -102.0   56.531   58.070   2517.5    708.6
     1     1    21     2     3     8     0     2  -103.0   56.811   56.859   2691.5    696.2
     1     1    21     2     3     7     0     1  -104.0   57.108   55.597   2778.6    687.0
     1     1    21     2     3     6     0     0  -105.0   57.411   54.298   2872.3    683.4
     1     1    21     2     3     5     0     1  -106.0   57.727   52.935   2994.2    675.2
     1     1    21     2     3     4     0     2  -107.0   58.034   51.464   3149.4    657.2
     1     1    21     2     3     3     0     3  -108.0   58.322   49.930   3268.9    644.9
     1     1    21     2     3     2     0     2  -109.0   58.607   48.362   3383.0    639.4
     1     1    21     2     3     1     0     1  -110.0   58.877   46.768   3500.4    628.5
     1     1    21     2     3     0     0     0  -111.0   59.120   45.151   3635.2    616.3
     1     1    21     2     2    23     0     1  -112.0   59.316   43.573   3769.8    604.3
     1     1    21     2     2    22     0     2  -113.0   59.469   42.045   3831.2    596.8
     1     1    21     2     2    21     0     3  -114.0   59.601   40.577   3844.8    598.5
     1     1    21     2     2    20     0     2  -115.0   59.718   39.186   3884.5    595.1
     1     1    21     2     2    19     0     1  -116.0   59.804   37.837   3920.4    592.0
     1     1    21     2     2    18     0     0  -117.0   59.871   36.541   3926.5    589.0
     1     1    21     2     2    17     0     1  -118.0   59.914   35.294   3925.9    586.0
     1     1    21     2     2    16     0     2  -119.0   59.924   34.089   3955.9    591.5
     1     1    21     2     2    15     0     3  -120.0   59.905   32.916   3978.1    597.5
