     5     1
    GDAS    21     2     1     0     0
    GDAS    21     2     8     0     0
    GDAS    21     2    15     0     0
    GDAS    21     2    22     0     0
    GDAS    21     3     1     0     0
     1 BACKWARD OMEGA   
    21     2     1    17   37.820  111.540  1000.0
     1 PRESSURE
     1     1    21     2     1    17     0     1     0.0   37.820  111.540   1000.0    777.2
     1     1    21     2     1    16     0     2    -1.0   38.069  111.116   1075.9    779.3
     1     1    21     2     1    15     0     3    -2.0   38.311  110.730   1132.4    776.5
     1     1    21     2     1    14     0     2    -3.0   38.536  110.370   1159.1    771.2
     1     1    21     2     1    13     0     1    -4.0   38.768  110.027   1185.3    762.8
     1     1    21     2     1    12     0     0    -5.0   39.024  109.669   1239.4    749.3
     1     1    21     2     1    11     0     1    -6.0   39.312  109.255   1321.9    733.5
     1     1    21     2     1    10     0     2    -7.0   39.648  108.773   1441.5    716.4
     1     1    21     2     1     9     0     3    -8.0   40.004  108.294   1542.0    708.5
     1     1    21     2     1     8     0     2    -9.0   40.335  107.861   1579.7    716.3
     1     1    21     2     1     7     0     1   -10.0   40.632  107.448   1555.1    720.3
     1     1    21     2     1     6     0     0   -11.0   40.885  107.073   1500.6    726.9
     1     1    21     2     1     5     0     1   -12.0   41.117  106.741   1468.9    732.9
     1     1    21     2     1     4     0     2   -13.0   41.390  106.412   1531.3    729.8
     1     1    21     2     1     3     0     3   -14.0   41.716  106.062   1746.0    721.1
     1     1    21     2     1     2     0     2   -15.0   42.071  105.643   2029.6    685.1
     1     1    21     2     1     1     0     1   -16.0   42.455  105.131   2155.3    642.3
     1     1    21     2     1     0     0     0   -17.0   42.866  104.551   2193.7    633.4
