     5     1
    GDAS    21     2     1     0     0
    GDAS    21     2     8     0     0
    GDAS    21     2    15     0     0
    GDAS    21     2    22     0     0
    GDAS    21     3     1     0     0
     1 BACKWARD OMEGA   
    21     2     9    21   44.970  -93.230   500.0
     1 PRESSURE
     1     1    21     2     9    21     0     3     0.0   44.970  -93.230    500.0    927.5
     1     1    21     2     9    20     0     2    -1.0   44.961  -93.694    514.7    926.4
     1     1    21     2     9    19     0     1    -2.0   44.961  -94.158    535.0    923.2
     1     1    21     2     9    18     0     0    -3.0   44.978  -94.629    565.7    916.6
     1     1    21     2     9    17     0     1    -4.0   45.029  -95.120    598.7    907.9
     1     1    21     2     9    16     0     2    -5.0   45.125  -95.633    603.8    905.3
     1     1    21     2     9    15     0     3    -6.0   45.261  -96.173    583.9    906.0
     1     1    21     2     9    14     0     2    -7.0   45.417  -96.756    592.6    899.1
     1     1    21     2     9    13     0     1    -8.0   45.583  -97.373    627.6    892.5
     1     1    21     2     9    12     0     0    -9.0   45.766  -97.995    630.6    893.8
     1     1    21     2     9    11     0     1   -10.0   45.964  -98.656    693.0    884.3
     1     1    21     2     9    10     0     2   -11.0   46.169  -99.378    843.9    848.5
     1     1    21     2     9     9     0     3   -12.0   46.387 -100.113    933.8    834.0
     1     1    21     2     9     8     0     2   -13.0   46.626 -100.852    971.3    831.6
     1     1    21     2     9     7     0     1   -14.0   46.877 -101.615   1005.9    824.7
     1     1    21     2     9     6     0     0   -15.0   47.134 -102.401   1070.4    809.8
     1     1    21     2     9     5     0     1   -16.0   47.397 -103.171   1127.6    800.0
     1     1    21     2     9     4     0     2   -17.0   47.672 -103.904   1173.3    800.8
     1     1    21     2     9     3     0     3   -18.0   47.966 -104.612   1189.6    802.5
     1     1    21     2     9     2     0     2   -19.0   48.280 -105.285   1200.1    798.8
     1     1    21     2     9     1     0     1   -20.0   48.608 -105.935   1234.8    785.7
     1     1    21     2     9     0     0     0   -21.0   48.950 -106.600   1261.7    775.0
     1     1    21     2     8    23     0     1   -22.0   49.306 -107.237   1256.3    778.5
     1     1    21     2     8    22     0     2   -23.0   49.682 -107.844   1285.2    777.4
     1     1    21     2     8    21     0     3   -24.0   50.091 -108.459   1410.0    764.0
     1     1    21     2     8    20     0     2   -25.0   50.498 -109.048   1540.1    753.1
     1     1    21     2     8    19     0     1   -26.0   50.884 -109.613   1605.9    750.9
     1     1    21     2     8    18     0     0   -27.0   51.261 -110.147   1625.1    750.8
     1     1    21     2     8    17     0     1   -28.0   51.648 -110.633   1634.4    744.1
     1     1    21     2     8    16     0     2   -29.0   52.052 -111.082   1639.2    738.2
     1     1    21     2     8    15     0     3   -30.0   52.472 -111.494   1651.0    742.5
     1     1    21     2     8    14     0     2   -31.0   52.909 -111.878   1677.0    746.7
     1     1    21     2     8    13     0     1   -32.0   53.347 -112.239   1698.7    743.7
     1     1    21     2     8    12     0     0   -33.0   53.779 -112.581   1701.5    742.7
     1     1    21     2     8    11     0     1   -34.0   54.205 -112.911   1692.3    747.2
     1     1    21     2     8    10     0     2   -35.0   54.614 -113.217   1684.9    750.1
     1     1    21     2     8     9     0     3   -36.0   55.012 -113.512   1688.4    750.9
     1     1    21     2     8     8     0     2   -37.0   55.404 -113.777   1698.0    748.5
     1     1    21     2     8     7     0     1   -38.0   55.793 -113.998   1689.1    750.0
     1     1    21     2     8     6     0     0   -39.0   56.172 -114.189   1646.0    754.4
     1     1    21     2     8     5     0     1   -40.0   56.536 -114.347   1575.6    764.3
     1     1    21     2     8     4     0     2   -41.0   56.897 -114.479   1493.6    776.3
     1     1    21     2     8     3     0     3   -42.0   57.258 -114.593   1432.5    793.7
     1     1    21     2     8     2     0     2   -43.0   57.605 -114.695   1414.9    803.9
     1     1    21     2     8     1     0     1   -44.0   57.919 -114.798   1421.9    808.9
     1     1    21     2     8     0     0     0   -45.0   58.208 -114.918   1421.3    798.4
     1     1    21     2     7    23     0     1   -46.0   58.488 -115.057   1412.5    782.9
     1     1    21     2     7    22     0     2   -47.0   58.772 -115.215   1407.1    767.4
     1     1    21     2     7    21     0     3   -48.0   59.054 -115.385   1410.0    758.1
     1     1    21     2     7    20     0     2   -49.0   59.322 -115.532   1429.1    772.7
     1     1    21     2     7    19     0     1   -50.0   59.568 -115.630   1455.4    785.7
     1     1    21     2     7    18     0     0   -51.0   59.794 -115.690   1492.7    795.2
     1     1    21     2     7    17     0     1   -52.0   60.010 -115.733   1526.4    802.8
     1     1    21     2     7    16     0     2   -53.0   60.228 -115.775   1541.1    804.6
     1     1    21     2     7    15     0     3   -54.0   60.455 -115.820   1545.1    807.4
     1     1    21     2     7    14     0     2   -55.0   60.681 -115.883   1544.2    811.2
     1     1    21     2     7    13     0     1   -56.0   60.891 -115.984   1542.4    814.2
     1     1    21     2     7    12     0     0   -57.0   61.083 -116.128   1539.9    814.6
     1     1    21     2     7    11     0     1   -58.0   61.264 -116.300   1537.7    812.6
     1     1    21     2     7    10     0     2   -59.0   61.435 -116.480   1535.8    811.1
     1     1    21     2     7     9     0     3   -60.0   61.590 -116.669   1534.0    810.1
     1     1    21     2     7     8     0     2   -61.0   61.733 -116.852   1533.4    809.4
     1     1    21     2     7     7     0     1   -62.0   61.870 -117.019   1535.7    808.6
     1     1    21     2     7     6     0     0   -63.0   62.003 -117.176   1539.8    806.6
     1     1    21     2     7     5     0     1   -64.0   62.154 -117.349   1545.8    804.2
     1     1    21     2     7     4     0     2   -65.0   62.332 -117.557   1559.6    801.4
     1     1    21     2     7     3     0     3   -66.0   62.530 -117.795   1590.6    797.0
     1     1    21     2     7     2     0     2   -67.0   62.737 -118.058   1629.4    789.8
     1     1    21     2     7     1     0     1   -68.0   62.951 -118.344   1653.8    786.2
     1     1    21     2     7     0     0     0   -69.0   63.163 -118.663   1656.6    785.2
     1     1    21     2     6    23     0     1   -70.0   63.367 -119.005   1655.0    785.7
     1     1    21     2     6    22     0     2   -71.0   63.566 -119.346   1666.9    783.3
     1     1    21     2     6    21     0     3   -72.0   63.765 -119.671   1694.7    779.0
     1     1    21     2     6    20     0     2   -73.0   63.970 -119.971   1729.1    772.7
     1     1    21     2     6    19     0     1   -74.0   64.194 -120.246   1759.5    769.8
     1     1    21     2     6    18     0     0   -75.0   64.435 -120.506   1784.8    769.5
     1     1    21     2     6    17     0     1   -76.0   64.691 -120.769   1809.8    771.9
     1     1    21     2     6    16     0     2   -77.0   64.963 -121.044   1832.2    774.9
     1     1    21     2     6    15     0     3   -78.0   65.250 -121.329   1851.3    775.1
     1     1    21     2     6    14     0     2   -79.0   65.545 -121.632   1880.7    770.4
     1     1    21     2     6    13     0     1   -80.0   65.848 -121.961   1925.6    761.4
     1     1    21     2     6    12     0     0   -81.0   66.162 -122.307   1977.4    752.8
     1     1    21     2     6    11     0     1   -82.0   66.474 -122.658   2012.9    745.6
     1     1    21     2     6    10     0     2   -83.0   66.786 -123.008   2037.1    737.8
     1     1    21     2     6     9     0     3   -84.0   67.105 -123.349   2069.1    733.0
     1     1    21     2     6     8     0     2   -85.0   67.429 -123.676   2104.2    728.5
     1     1    21     2     6     7     0     1   -86.0   67.755 -123.990   2127.9    725.1
     1     1    21     2     6     6     0     0   -87.0   68.082 -124.290   2145.3    726.3
     1     1    21     2     6     5     0     1   -88.0   68.402 -124.579   2153.3    732.4
     1     1    21     2     6     4     0     2   -89.0   68.711 -124.865   2141.0    738.9
     1     1    21     2     6     3     0     3   -90.0   69.011 -125.150   2101.4    746.6
     1     1    21     2     6     2     0     2   -91.0   69.299 -125.442   2068.6    760.0
     1     1    21     2     6     1     0     1   -92.0   69.577 -125.750   2061.7    766.3
     1     1    21     2     6     0     0     0   -93.0   69.850 -126.080   2065.8    771.6
     1     1    21     2     5    23     0     1   -94.0   70.113 -126.414   2068.6    774.7
     1     1    21     2     5    22     0     2   -95.0   70.370 -126.720   2067.1    775.3
     1     1    21     2     5    21     0     3   -96.0   70.628 -126.983   2066.2    775.9
     1     1    21     2     5    20     0     2   -97.0   70.889 -127.185   2062.4    775.6
     1     1    21     2     5    19     0     1   -98.0   71.155 -127.319   2051.6    776.7
     1     1    21     2     5    18     0     0   -99.0   71.428 -127.396   2035.8    778.3
     1     1    21     2     5    17     0     1  -100.0   71.713 -127.442   2022.7    780.6
     1     1    21     2     5    16     0     2  -101.0   72.009 -127.475   2017.5    781.0
     1     1    21     2     5    15     0     3  -102.0   72.309 -127.488   2016.3    781.0
     1     1    21     2     5    14     0     2  -103.0   72.605 -127.480   2016.3    780.7
     1     1    21     2     5    13     0     1  -104.0   72.894 -127.445   2016.3    780.7
     1     1    21     2     5    12     0     0  -105.0   73.181 -127.381   2016.3    780.6
     1     1    21     2     5    11     0     1  -106.0   73.461 -127.276   2016.3    780.8
     1     1    21     2     5    10     0     2  -107.0   73.730 -127.114   2016.3    780.9
     1     1    21     2     5     9     0     3  -108.0   73.991 -126.875   2016.3    781.0
     1     1    21     2     5     8     0     2  -109.0   74.244 -126.554   2016.3    780.5
     1     1    21     2     5     7     0     1  -110.0   74.490 -126.155   2016.3    780.0
     1     1    21     2     5     6     0     0  -111.0   74.732 -125.678   2016.3    779.5
     1     1    21     2     5     5     0     1  -112.0   74.977 -125.128   2016.3    779.5
     1     1    21     2     5     4     0     2  -113.0   75.228 -124.501   2019.6    779.4
     1     1    21     2     5     3     0     3  -114.0   75.479 -123.768   2034.7    778.3
     1     1    21     2     5     2     0     2  -115.0   75.720 -122.955   2062.9    773.8
     1     1    21     2     5     1     0     1  -116.0   75.951 -122.103   2082.0    770.9
     1     1    21     2     5     0     0     0  -117.0   76.172 -121.215   2085.4    770.5
     1     1    21     2     4    23     0     1  -118.0   76.374 -120.232   2084.0    766.0
     1     1    21     2     4    22     0     2  -119.0   76.553 -119.115   2094.8    769.6
     1     1    21     2     4    21     0     3  -120.0   76.708 -117.885   2125.7    760.0
