     5     1
    GDAS    21     2     1     0     0
    GDAS    21     2     8     0     0
    GDAS    21     2    15     0     0
    GDAS    21     2    22     0     0
    GDAS    21     3     1     0     0
     1 BACKWARD OMEGA   
    21     2    23    18   37.820  111.540  1000.0
     1 PRESSURE
     1     1    21     2    23    18     0     0     0.0   37.820  111.540   1000.0    775.9
     1     1    21     2    23    17     0     1    -1.0   37.725  111.486    994.7    777.4
     1     1    21     2    23    16     0     2    -2.0   37.626  111.431    998.0    777.0
     1     1    21     2    23    15     0     3    -3.0   37.523  111.367   1004.6    775.4
     1     1    21     2    23    14     0     2    -4.0   37.418  111.312   1023.7    773.1
     1     1    21     2    23    13     0     1    -5.0   37.316  111.283   1059.7    767.5
     1     1    21     2    23    12     0     0    -6.0   37.210  111.269   1101.5    761.2
     1     1    21     2    23    11     0     1    -7.0   37.095  111.232   1111.1    754.9
     1     1    21     2    23    10     0     2    -8.0   36.966  111.146   1081.7    756.0
     1     1    21     2    23     9     0     3    -9.0   36.819  111.015   1053.6    757.6
     1     1    21     2    23     8     0     2   -10.0   36.656  110.852   1014.8    763.8
     1     1    21     2    23     7     0     1   -11.0   36.487  110.697    970.4    773.9
     1     1    21     2    23     6     0     0   -12.0   36.312  110.543    934.6    780.5
     1     1    21     2    23     5     0     1   -13.0   36.122  110.385    911.8    785.6
     1     1    21     2    23     4     0     2   -14.0   35.913  110.227    911.7    794.4
     1     1    21     2    23     3     0     3   -15.0   35.702  110.096    931.9    809.1
     1     1    21     2    23     2     0     2   -16.0   35.499  110.023    910.1    821.1
     1     1    21     2    23     1     0     1   -17.0   35.301  110.058    814.6    845.8
     1     1    21     2    23     0     0     0   -18.0   35.111  110.246    739.0    871.9
     1     1    21     2    22    23     0     1   -19.0   34.881  110.526    805.5    873.6
     1     1    21     2    22    22     0     2   -20.0   34.582  110.692    944.1    836.8
     1     1    21     2    22    21     0     3   -21.0   34.261  110.737   1022.8    810.4
     1     1    21     2    22    20     0     2   -22.0   33.939  110.764   1013.0    804.0
     1     1    21     2    22    19     0     1   -23.0   33.653  110.849    971.1    823.7
     1     1    21     2    22    18     0     0   -24.0   33.411  111.022    914.6    841.0
     1     1    21     2    22    17     0     1   -25.0   33.230  111.297    826.4    867.5
     1     1    21     2    22    16     0     2   -26.0   33.156  111.696    744.7    899.0
     1     1    21     2    22    15     0     3   -27.0   33.186  112.170    712.9    915.7
     1     1    21     2    22    14     0     2   -28.0   33.219  112.664    653.7    920.4
     1     1    21     2    22    13     0     1   -29.0   33.243  113.173    556.9    939.2
     1     1    21     2    22    12     0     0   -30.0   33.275  113.666    456.0    956.2
     1     1    21     2    22    11     0     1   -31.0   33.337  114.126    364.0    969.5
     1     1    21     2    22    10     0     2   -32.0   33.448  114.557    297.3    983.9
     1     1    21     2    22     9     0     3   -33.0   33.586  114.983    263.9    989.8
     1     1    21     2    22     8     0     2   -34.0   33.748  115.391    251.8    991.0
     1     1    21     2    22     7     0     1   -35.0   33.933  115.794    265.9    989.6
     1     1    21     2    22     6     0     0   -36.0   34.136  116.208    305.8    982.3
     1     1    21     2    22     5     0     1   -37.0   34.356  116.605    346.2    973.2
     1     1    21     2    22     4     0     2   -38.0   34.571  116.980    371.9    970.9
     1     1    21     2    22     3     0     3   -39.0   34.801  117.361    409.8    968.9
     1     1    21     2    22     2     0     2   -40.0   35.098  117.768    498.1    953.0
     1     1    21     2    22     1     0     1   -41.0   35.434  118.185    602.4    922.8
     1     1    21     2    22     0     0     0   -42.0   35.766  118.567    673.2    911.5
     1     1    21     2    21    23     0     1   -43.0   36.108  118.915    721.2    914.3
     1     1    21     2    21    22     0     2   -44.0   36.456  119.229    727.6    916.0
     1     1    21     2    21    21     0     3   -45.0   36.803  119.571    715.4    922.4
     1     1    21     2    21    20     0     2   -46.0   37.139  119.854    810.5    915.9
     1     1    21     2    21    19     0     1   -47.0   37.429  119.990    930.9    894.6
     1     1    21     2    21    18     0     0   -48.0   37.672  120.126   1013.2    886.5
     1     1    21     2    21    17     0     1   -49.0   37.885  120.260   1019.7    887.3
     1     1    21     2    21    16     0     2   -50.0   38.106  120.359    965.2    898.1
     1     1    21     2    21    15     0     3   -51.0   38.351  120.442    893.7    907.6
     1     1    21     2    21    14     0     2   -52.0   38.612  120.544    821.3    914.6
     1     1    21     2    21    13     0     1   -53.0   38.876  120.647    731.6    921.9
     1     1    21     2    21    12     0     0   -54.0   39.128  120.742    610.1    934.9
     1     1    21     2    21    11     0     1   -55.0   39.368  120.873    503.1    952.5
     1     1    21     2    21    10     0     2   -56.0   39.620  121.055    448.3    957.1
     1     1    21     2    21     9     0     3   -57.0   39.869  121.253    432.8    955.5
     1     1    21     2    21     8     0     2   -58.0   40.083  121.403    421.1    950.9
     1     1    21     2    21     7     0     1   -59.0   40.256  121.488    383.6    952.7
     1     1    21     2    21     6     0     0   -60.0   40.390  121.524    327.4    959.0
     1     1    21     2    21     5     0     1   -61.0   40.491  121.540    283.3    967.5
     1     1    21     2    21     4     0     2   -62.0   40.555  121.543    267.4    968.8
     1     1    21     2    21     3     0     3   -63.0   40.580  121.528    272.9    967.9
     1     1    21     2    21     2     0     2   -64.0   40.575  121.493    286.8    964.1
     1     1    21     2    21     1     0     1   -65.0   40.553  121.452    300.8    961.7
     1     1    21     2    21     0     0     0   -66.0   40.513  121.404    317.0    959.3
     1     1    21     2    20    23     0     1   -67.0   40.472  121.352    323.3    956.8
     1     1    21     2    20    22     0     2   -68.0   40.446  121.308    306.1    958.8
     1     1    21     2    20    21     0     3   -69.0   40.437  121.278    268.1    963.7
     1     1    21     2    20    20     0     2   -70.0   40.420  121.252    228.2    970.0
     1     1    21     2    20    19     0     1   -71.0   40.370  121.201    195.9    973.8
     1     1    21     2    20    18     0     0   -72.0   40.277  121.112    166.0    978.0
     1     1    21     2    20    17     0     1   -73.0   40.137  120.969    132.2    984.0
     1     1    21     2    20    16     0     2   -74.0   39.955  120.781    103.5    989.9
     1     1    21     2    20    15     0     3   -75.0   39.751  120.577     83.9    992.6
     1     1    21     2    20    14     0     2   -76.0   39.551  120.362     69.7    994.5
     1     1    21     2    20    13     0     1   -77.0   39.376  120.130     59.5    995.9
     1     1    21     2    20    12     0     0   -78.0   39.228  119.889     53.1    996.2
     1     1    21     2    20    11     0     1   -79.0   39.081  119.648     48.7    996.5
     1     1    21     2    20    10     0     2   -80.0   38.902  119.404     45.9    997.4
     1     1    21     2    20     9     0     3   -81.0   38.700  119.147     46.6    997.6
     1     1    21     2    20     8     0     2   -82.0   38.499  118.891     47.9    997.8
     1     1    21     2    20     7     0     1   -83.0   38.305  118.652     45.7    998.3
     1     1    21     2    20     6     0     0   -84.0   38.115  118.413     39.9    999.1
     1     1    21     2    20     5     0     1   -85.0   37.931  118.174     35.6   1001.0
     1     1    21     2    20     4     0     2   -86.0   37.757  117.955     36.3   1002.2
     1     1    21     2    20     3     0     3   -87.0   37.591  117.773     40.1   1003.1
     1     1    21     2    20     2     0     2   -88.0   37.442  117.622     44.4   1003.1
     1     1    21     2    20     1     0     1   -89.0   37.319  117.489     48.9   1003.0
     1     1    21     2    20     0     0     0   -90.0   37.214  117.367     53.8   1002.7
     1     1    21     2    19    23     0     1   -91.0   37.120  117.250     58.4   1002.0
     1     1    21     2    19    22     0     2   -92.0   37.037  117.134     61.5   1001.6
     1     1    21     2    19    21     0     3   -93.0   36.968  117.028     62.1   1001.1
     1     1    21     2    19    20     0     2   -94.0   36.914  116.921     61.5   1000.8
     1     1    21     2    19    19     0     1   -95.0   36.874  116.792     60.8   1000.6
     1     1    21     2    19    18     0     0   -96.0   36.848  116.632     60.1   1000.7
     1     1    21     2    19    17     0     1   -97.0   36.836  116.438     58.5   1001.2
     1     1    21     2    19    16     0     2   -98.0   36.844  116.210     56.6   1002.1
     1     1    21     2    19    15     0     3   -99.0   36.886  115.957     55.4   1002.8
     1     1    21     2    19    14     0     2  -100.0   36.935  115.715     53.5   1002.5
     1     1    21     2    19    13     0     1  -101.0   36.971  115.508     49.5   1002.4
     1     1    21     2    19    12     0     0  -102.0   37.021  115.316     44.2   1002.5
     1     1    21     2    19    11     0     1  -103.0   37.087  115.127     38.4   1002.7
     1     1    21     2    19    10     0     2  -104.0   37.156  114.937     40.2    998.5
     1     1    21     2    19     9     0     3  -105.0   37.220  114.726     95.4    983.1
     1     1    21     2    19     8     0     2  -106.0   37.309  114.416    315.2    943.1
     1     1    21     2    19     7     0     1  -107.0   37.455  113.974    649.4    873.6
     1     1    21     2    19     6     0     0  -108.0   37.648  113.437    863.4    805.7
     1     1    21     2    19     5     0     1  -109.0   37.870  112.830   1048.6    775.4
     1     1    21     2    19     4     0     2  -110.0   38.207  112.154   1386.3    727.6
     1     1    21     2    19     3     0     3  -111.0   38.573  111.516   1719.3    694.6
     1     1    21     2    19     2     0     2  -112.0   38.880  110.988   1756.0    699.3
     1     1    21     2    19     1     0     1  -113.0   39.162  110.491   1418.4    749.5
     1     1    21     2    19     0     0     0  -114.0   39.480  109.915   1327.7    750.7
     1     1    21     2    18    23     0     1  -115.0   39.809  109.312   1425.3    719.3
     1     1    21     2    18    22     0     2  -116.0   40.128  108.698   1541.4    708.8
     1     1    21     2    18    21     0     3  -117.0   40.439  108.071   1569.3    720.5
     1     1    21     2    18    20     0     2  -118.0   40.744  107.448   1621.5    733.1
     1     1    21     2    18    19     0     1  -119.0   41.040  106.908   1748.2    706.6
     1     1    21     2    18    18     0     0  -120.0   41.324  106.383   1795.0    696.1
