     5     1
    GDAS    21     2     1     0     0
    GDAS    21     2     8     0     0
    GDAS    21     2    15     0     0
    GDAS    21     2    22     0     0
    GDAS    21     3     1     0     0
     1 BACKWARD OMEGA   
    21     2     2    17   37.820  111.540  1000.0
     1 PRESSURE
     1     1    21     2     2    17     0     1     0.0   37.820  111.540   1000.0    775.1
     1     1    21     2     2    16     0     2    -1.0   37.826  111.007    898.6    788.4
     1     1    21     2     2    15     0     3    -2.0   37.751  110.574    786.6    810.6
     1     1    21     2     2    14     0     2    -3.0   37.647  110.210    716.1    821.0
     1     1    21     2     2    13     0     1    -4.0   37.541  109.910    670.4    826.3
     1     1    21     2     2    12     0     0    -5.0   37.433  109.664    635.8    823.3
     1     1    21     2     2    11     0     1    -6.0   37.337  109.445    618.5    820.3
     1     1    21     2     2    10     0     2    -7.0   37.261  109.206    624.4    812.0
     1     1    21     2     2     9     0     3    -8.0   37.206  108.937    643.1    802.0
     1     1    21     2     2     8     0     2    -9.0   37.162  108.644    657.5    794.5
     1     1    21     2     2     7     0     1   -10.0   37.118  108.341    652.4    790.0
     1     1    21     2     2     6     0     0   -11.0   37.071  108.037    619.7    788.3
     1     1    21     2     2     5     0     1   -12.0   37.016  107.745    577.5    792.9
     1     1    21     2     2     4     0     2   -13.0   36.968  107.466    556.3    794.8
     1     1    21     2     2     3     0     3   -14.0   36.936  107.192    563.5    793.7
     1     1    21     2     2     2     0     2   -15.0   36.922  106.916    579.2    789.0
     1     1    21     2     2     1     0     1   -16.0   36.917  106.643    574.0    789.1
     1     1    21     2     2     0     0     0   -17.0   36.918  106.376    545.8    792.5
     1     1    21     2     1    23     0     1   -18.0   36.911  106.128    509.7    797.0
     1     1    21     2     1    22     0     2   -19.0   36.879  105.898    475.9    796.7
     1     1    21     2     1    21     0     3   -20.0   36.823  105.684    450.0    793.5
     1     1    21     2     1    20     0     2   -21.0   36.756  105.487    438.4    789.8
     1     1    21     2     1    19     0     1   -22.0   36.688  105.311    439.0    785.7
     1     1    21     2     1    18     0     0   -23.0   36.614  105.157    448.4    782.0
     1     1    21     2     1    17     0     1   -24.0   36.540  105.041    460.2    778.8
     1     1    21     2     1    16     0     2   -25.0   36.480  104.972    467.3    776.9
     1     1    21     2     1    15     0     3   -26.0   36.436  104.945    464.3    776.4
     1     1    21     2     1    14     0     2   -27.0   36.422  104.940    448.2    777.5
     1     1    21     2     1    13     0     1   -28.0   36.452  104.933    422.7    780.2
     1     1    21     2     1    12     0     0   -29.0   36.524  104.922    392.5    783.6
     1     1    21     2     1    11     0     1   -30.0   36.620  104.907    372.6    786.5
     1     1    21     2     1    10     0     2   -31.0   36.723  104.892    368.8    786.2
     1     1    21     2     1     9     0     3   -32.0   36.839  104.880    368.6    785.6
     1     1    21     2     1     8     0     2   -33.0   36.964  104.856    356.9    785.8
     1     1    21     2     1     7     0     1   -34.0   37.089  104.812    329.3    791.5
     1     1    21     2     1     6     0     0   -35.0   37.211  104.753    293.6    799.2
     1     1    21     2     1     5     0     1   -36.0   37.333  104.690    253.7    807.6
     1     1    21     2     1     4     0     2   -37.0   37.454  104.626    210.7    816.0
     1     1    21     2     1     3     0     3   -38.0   37.569  104.553    166.5    824.4
     1     1    21     2     1     2     0     2   -39.0   37.677  104.459    125.4    832.4
     1     1    21     2     1     1     0     1   -40.0   37.776  104.340     93.1    838.1
     1     1    21     2     1     0     0     0   -41.0   37.868  104.198     70.0    842.7
