     5     1
    GDAS    21     2     1     0     0
    GDAS    21     2     8     0     0
    GDAS    21     2    15     0     0
    GDAS    21     2    22     0     0
    GDAS    21     3     1     0     0
     1 BACKWARD OMEGA   
    21     2     8    18   37.820  111.540  1000.0
     1 PRESSURE
     1     1    21     2     8    18     0     0     0.0   37.820  111.540   1000.0    779.1
     1     1    21     2     8    17     0     1    -1.0   37.732  111.258    931.1    787.3
     1     1    21     2     8    16     0     2    -2.0   37.616  111.011    841.8    795.8
     1     1    21     2     8    15     0     3    -3.0   37.482  110.800    743.0    807.6
     1     1    21     2     8    14     0     2    -4.0   37.337  110.616    656.7    818.9
     1     1    21     2     8    13     0     1    -5.0   37.175  110.460    591.1    827.1
     1     1    21     2     8    12     0     0    -6.0   36.990  110.339    540.5    833.8
     1     1    21     2     8    11     0     1    -7.0   36.811  110.251    486.3    838.8
     1     1    21     2     8    10     0     2    -8.0   36.667  110.198    397.3    847.5
     1     1    21     2     8     9     0     3    -9.0   36.571  110.185    273.9    860.1
     1     1    21     2     8     8     0     2   -10.0   36.503  110.194    168.2    875.1
     1     1    21     2     8     7     0     1   -11.0   36.437  110.200     99.9    881.0
     1     1    21     2     8     6     0     0   -12.0   36.376  110.203     59.8    884.3
     1     1    21     2     8     5     0     1   -13.0   36.325  110.216     37.5    885.3
     1     1    21     2     8     4     0     2   -14.0   36.285  110.250     26.3    885.3
     1     1    21     2     8     3     0     3   -15.0   36.252  110.304     21.8    884.6
     1     1    21     2     8     2     0     2   -16.0   36.223  110.363     20.3    883.2
     1     1    21     2     8     1     0     1   -17.0   36.201  110.415     19.2    882.4
     1     1    21     2     8     0     0     0   -18.0   36.187  110.460     18.3    881.7
     1     1    21     2     7    23     0     1   -19.0   36.175  110.500     17.6    881.1
     1     1    21     2     7    22     0     2   -20.0   36.160  110.539     17.0    880.4
     1     1    21     2     7    21     0     3   -21.0   36.141  110.576     16.3    879.8
     1     1    21     2     7    20     0     2   -22.0   36.124  110.610     15.4    879.3
     1     1    21     2     7    19     0     1   -23.0   36.118  110.637     14.6    879.0
     1     1    21     2     7    18     0     0   -24.0   36.122  110.657     13.7    878.8
     1     1    21     2     7    17     0     1   -25.0   36.138  110.668     13.3    878.9
     1     1    21     2     7    16     0     2   -26.0   36.165  110.669     13.4    879.0
     1     1    21     2     7    15     0     3   -27.0   36.202  110.662     14.2    879.2
     1     1    21     2     7    14     0     2   -28.0   36.250  110.653     15.7    879.3
     1     1    21     2     7    13     0     1   -29.0   36.310  110.649     18.3    879.2
     1     1    21     2     7    12     0     0   -30.0   36.384  110.650     22.0    879.0
     1     1    21     2     7    11     0     1   -31.0   36.472  110.656     26.3    878.2
     1     1    21     2     7    10     0     2   -32.0   36.571  110.661     29.7    877.6
     1     1    21     2     7     9     0     3   -33.0   36.682  110.665     31.0    877.0
     1     1    21     2     7     8     0     2   -34.0   36.805  110.662     29.2    877.4
     1     1    21     2     7     7     0     1   -35.0   36.937  110.648     24.3    878.8
     1     1    21     2     7     6     0     0   -36.0   37.076  110.623     19.7    881.9
     1     1    21     2     7     5     0     1   -37.0   37.212  110.601     19.1    885.8
     1     1    21     2     7     4     0     2   -38.0   37.341  110.592     25.3    887.7
     1     1    21     2     7     3     0     3   -39.0   37.469  110.597     42.7    888.0
     1     1    21     2     7     2     0     2   -40.0   37.600  110.610     73.6    884.7
     1     1    21     2     7     1     0     1   -41.0   37.734  110.624    110.6    881.4
     1     1    21     2     7     0     0     0   -42.0   37.866  110.632    149.0    878.8
     1     1    21     2     6    23     0     1   -43.0   37.990  110.632    186.9    875.7
     1     1    21     2     6    22     0     2   -44.0   38.108  110.621    219.8    871.8
     1     1    21     2     6    21     0     3   -45.0   38.227  110.600    244.1    869.2
     1     1    21     2     6    20     0     2   -46.0   38.352  110.570    264.7    867.4
     1     1    21     2     6    19     0     1   -47.0   38.483  110.533    284.4    864.4
     1     1    21     2     6    18     0     0   -48.0   38.618  110.491    297.7    861.6
     1     1    21     2     6    17     0     1   -49.0   38.758  110.449    308.2    859.7
     1     1    21     2     6    16     0     2   -50.0   38.901  110.400    318.4    856.2
     1     1    21     2     6    15     0     3   -51.0   39.047  110.325    326.4    851.5
     1     1    21     2     6    14     0     2   -52.0   39.209  110.215    338.0    844.7
     1     1    21     2     6    13     0     1   -53.0   39.393  110.063    350.0    835.8
     1     1    21     2     6    12     0     0   -54.0   39.575  109.872    351.0    829.7
     1     1    21     2     6    11     0     1   -55.0   39.755  109.654    351.7    825.3
     1     1    21     2     6    10     0     2   -56.0   39.941  109.416    367.8    817.9
     1     1    21     2     6     9     0     3   -57.0   40.141  109.178    399.4    815.3
     1     1    21     2     6     8     0     2   -58.0   40.341  108.940    409.2    819.9
     1     1    21     2     6     7     0     1   -59.0   40.525  108.688    388.5    835.6
     1     1    21     2     6     6     0     0   -60.0   40.699  108.421    372.7    846.9
     1     1    21     2     6     5     0     1   -61.0   40.877  108.159    363.4    853.1
     1     1    21     2     6     4     0     2   -62.0   41.053  107.928    339.3    855.5
     1     1    21     2     6     3     0     3   -63.0   41.199  107.696    305.0    854.9
     1     1    21     2     6     2     0     2   -64.0   41.301  107.435    298.1    853.7
     1     1    21     2     6     1     0     1   -65.0   41.369  107.125    337.7    846.2
     1     1    21     2     6     0     0     0   -66.0   41.426  106.736    383.6    835.3
     1     1    21     2     5    23     0     1   -67.0   41.488  106.276    325.0    837.5
     1     1    21     2     5    22     0     2   -68.0   41.526  105.859    221.2    857.3
     1     1    21     2     5    21     0     3   -69.0   41.556  105.480    178.4    862.3
     1     1    21     2     5    20     0     2   -70.0   41.633  105.040    256.6    850.7
     1     1    21     2     5    19     0     1   -71.0   41.787  104.496    406.7    829.3
     1     1    21     2     5    18     0     0   -72.0   41.983  103.916    463.4    822.2
     1     1    21     2     5    17     0     1   -73.0   42.184  103.318    436.4    826.6
     1     1    21     2     5    16     0     2   -74.0   42.357  102.742    420.0    832.9
     1     1    21     2     5    15     0     3   -75.0   42.516  102.216    497.9    819.4
     1     1    21     2     5    14     0     2   -76.0   42.733  101.642    655.8    783.0
     1     1    21     2     5    13     0     1   -77.0   43.037  100.947    518.5    759.7
     1     1    21     2     5    12     0     0   -78.0   43.297  100.255    491.9    817.2
     1     1    21     2     5    11     0     1   -79.0   43.536   99.530    571.6    805.5
     1     1    21     2     5    10     0     2   -80.0   43.768   98.823    696.7    785.9
     1     1    21     2     5     9     0     3   -81.0   44.002   98.137    890.5    755.3
     1     1    21     2     5     8     0     2   -82.0   44.254   97.400   1126.9    732.5
     1     1    21     2     5     7     0     1   -83.0   44.531   96.549   1331.3    726.6
     1     1    21     2     5     6     0     0   -84.0   44.780   95.679   1142.9    734.1
     1     1    21     2     5     5     0     1   -85.0   44.954   94.866   1059.1    675.3
     1     1    21     2     5     4     0     2   -86.0   45.137   94.043   1327.7    690.0
     1     1    21     2     5     3     0     3   -87.0   45.361   93.268   1585.4    664.5
     1     1    21     2     5     2     0     2   -88.0   45.619   92.446   1745.5    665.4
     1     1    21     2     5     1     0     1   -89.0   45.871   91.575   1758.6    684.3
     1     1    21     2     5     0     0     0   -90.0   46.092   90.813   1808.2    678.3
     1     1    21     2     4    23     0     1   -91.0   46.281   90.143   1894.1    681.6
     1     1    21     2     4    22     0     2   -92.0   46.463   89.504   1938.4    695.3
     1     1    21     2     4    21     0     3   -93.0   46.650   88.898   1962.2    721.5
     1     1    21     2     4    20     0     2   -94.0   46.841   88.327   1999.6    733.2
     1     1    21     2     4    19     0     1   -95.0   47.024   87.770   2071.7    727.5
     1     1    21     2     4    18     0     0   -96.0   47.171   87.215   2100.2    708.3
     1     1    21     2     4    17     0     1   -97.0   47.295   86.619   2085.9    689.3
     1     1    21     2     4    16     0     2   -98.0   47.429   85.872   2108.9    662.8
     1     1    21     2     4    15     0     3   -99.0   47.566   85.032   2221.2    674.1
     1     1    21     2     4    14     0     2  -100.0   47.669   84.205   2278.1    693.2
     1     1    21     2     4    13     0     1  -101.0   47.724   83.425   2223.4    714.9
     1     1    21     2     4    12     0     0  -102.0   47.740   82.685   2144.2    723.9
     1     1    21     2     4    11     0     1  -103.0   47.743   81.952   2055.5    723.0
     1     1    21     2     4    10     0     2  -104.0   47.743   81.234   1982.7    728.7
     1     1    21     2     4     9     0     3  -105.0   47.748   80.536   1932.7    735.7
     1     1    21     2     4     8     0     2  -106.0   47.754   79.847   1886.2    743.1
     1     1    21     2     4     7     0     1  -107.0   47.742   79.174   1854.7    755.8
     1     1    21     2     4     6     0     0  -108.0   47.713   78.512   1847.5    756.1
     1     1    21     2     4     5     0     1  -109.0   47.677   77.850   1842.3    753.3
     1     1    21     2     4     4     0     2  -110.0   47.634   77.189   1817.9    753.1
     1     1    21     2     4     3     0     3  -111.0   47.580   76.544   1756.3    762.0
     1     1    21     2     4     2     0     2  -112.0   47.515   75.939   1661.7    779.2
     1     1    21     2     4     1     0     1  -113.0   47.443   75.375   1581.1    789.6
     1     1    21     2     4     0     0     0  -114.0   47.361   74.838   1540.4    793.1
     1     1    21     2     3    23     0     1  -115.0   47.268   74.339   1504.9    796.8
     1     1    21     2     3    22     0     2  -116.0   47.167   73.891   1461.4    802.8
     1     1    21     2     3    21     0     3  -117.0   47.057   73.490   1425.0    805.3
     1     1    21     2     3    20     0     2  -118.0   46.943   73.120   1394.4    805.1
     1     1    21     2     3    19     0     1  -119.0   46.830   72.781   1360.3    810.2
     1     1    21     2     3    18     0     0  -120.0   46.719   72.480   1322.9    817.3
