     5     1
    GDAS    21     2     1     0     0
    GDAS    21     2     8     0     0
    GDAS    21     2    15     0     0
    GDAS    21     2    22     0     0
    GDAS    21     3     1     0     0
     1 BACKWARD OMEGA   
    21     2    20    18   37.820  111.540  1000.0
     1 PRESSURE
     1     1    21     2    20    18     0     0     0.0   37.820  111.540   1000.0    772.6
     1     1    21     2    20    17     0     1    -1.0   37.956  111.050    872.9    795.6
     1     1    21     2    20    16     0     2    -2.0   38.077  110.639    804.0    809.3
     1     1    21     2    20    15     0     3    -3.0   38.178  110.200    797.3    807.9
     1     1    21     2    20    14     0     2    -4.0   38.256  109.705    806.4    800.3
     1     1    21     2    20    13     0     1    -5.0   38.323  109.184    801.0    794.1
     1     1    21     2    20    12     0     0    -6.0   38.357  108.668    780.7    787.8
     1     1    21     2    20    11     0     1    -7.0   38.368  108.171    756.2    783.0
     1     1    21     2    20    10     0     2    -8.0   38.379  107.699    757.0    783.6
     1     1    21     2    20     9     0     3    -9.0   38.380  107.276    810.4    782.3
     1     1    21     2    20     8     0     2   -10.0   38.380  106.881    912.5    770.8
     1     1    21     2    20     7     0     1   -11.0   38.402  106.483   1046.4    750.3
     1     1    21     2    20     6     0     0   -12.0   38.443  106.098   1210.0    724.3
     1     1    21     2    20     5     0     1   -13.0   38.490  105.723   1378.7    708.8
     1     1    21     2    20     4     0     2   -14.0   38.543  105.354   1491.6    704.7
     1     1    21     2    20     3     0     3   -15.0   38.609  105.017   1501.4    713.7
     1     1    21     2    20     2     0     2   -16.0   38.705  104.705   1451.2    723.9
     1     1    21     2    20     1     0     1   -17.0   38.827  104.380   1406.6    728.7
     1     1    21     2    20     0     0     0   -18.0   38.984  104.027   1373.3    733.5
     1     1    21     2    19    23     0     1   -19.0   39.163  103.614   1344.3    730.3
     1     1    21     2    19    22     0     2   -20.0   39.343  103.133   1364.5    723.8
     1     1    21     2    19    21     0     3   -21.0   39.509  102.612   1460.7    714.4
     1     1    21     2    19    20     0     2   -22.0   39.654  102.096   1549.8    709.3
     1     1    21     2    19    19     0     1   -23.0   39.797  101.562   1596.4    706.2
     1     1    21     2    19    18     0     0   -24.0   39.949  100.974   1677.9    705.2
     1     1    21     2    19    17     0     1   -25.0   40.096  100.330   1848.2    693.2
     1     1    21     2    19    16     0     2   -26.0   40.212   99.686   2060.6    669.1
     1     1    21     2    19    15     0     3   -27.0   40.287   99.056   2315.9    653.9
     1     1    21     2    19    14     0     2   -28.0   40.314   98.476   2547.0    615.2
     1     1    21     2    19    13     0     1   -29.0   40.317   97.962   2671.8    593.3
     1     1    21     2    19    12     0     0   -30.0   40.303   97.496   2728.4    581.2
     1     1    21     2    19    11     0     1   -31.0   40.274   97.082   2802.1    564.8
     1     1    21     2    19    10     0     2   -32.0   40.245   96.719   2875.6    556.3
     1     1    21     2    19     9     0     3   -33.0   40.219   96.372   2916.1    557.3
     1     1    21     2    19     8     0     2   -34.0   40.200   96.027   2949.5    559.7
     1     1    21     2    19     7     0     1   -35.0   40.202   95.690   3008.8    561.7
     1     1    21     2    19     6     0     0   -36.0   40.227   95.374   3092.5    561.4
     1     1    21     2    19     5     0     1   -37.0   40.267   95.061   3172.6    558.7
     1     1    21     2    19     4     0     2   -38.0   40.309   94.724   3235.2    563.4
     1     1    21     2    19     3     0     3   -39.0   40.352   94.367   3288.9    570.7
     1     1    21     2    19     2     0     2   -40.0   40.391   94.005   3346.3    577.5
     1     1    21     2    19     1     0     1   -41.0   40.421   93.652   3388.8    575.0
     1     1    21     2    19     0     0     0   -42.0   40.447   93.313   3427.0    572.9
     1     1    21     2    18    23     0     1   -43.0   40.470   92.986   3458.5    570.9
     1     1    21     2    18    22     0     2   -44.0   40.484   92.667   3483.0    572.2
     1     1    21     2    18    21     0     3   -45.0   40.488   92.351   3490.5    575.1
     1     1    21     2    18    20     0     2   -46.0   40.495   92.048   3494.1    579.7
     1     1    21     2    18    19     0     1   -47.0   40.511   91.769   3515.7    584.2
     1     1    21     2    18    18     0     0   -48.0   40.537   91.512   3555.8    587.2
     1     1    21     2    18    17     0     1   -49.0   40.572   91.267   3607.3    588.2
     1     1    21     2    18    16     0     2   -50.0   40.613   91.025   3663.1    589.7
     1     1    21     2    18    15     0     3   -51.0   40.661   90.791   3709.4    583.5
     1     1    21     2    18    14     0     2   -52.0   40.714   90.565   3750.0    575.3
     1     1    21     2    18    13     0     1   -53.0   40.769   90.337   3778.3    568.5
     1     1    21     2    18    12     0     0   -54.0   40.830   90.110   3801.8    561.5
     1     1    21     2    18    11     0     1   -55.0   40.890   89.887   3839.1    555.5
     1     1    21     2    18    10     0     2   -56.0   40.938   89.668   3900.3    549.7
     1     1    21     2    18     9     0     3   -57.0   40.975   89.453   3980.7    542.8
     1     1    21     2    18     8     0     2   -58.0   41.009   89.247   4066.2    535.4
     1     1    21     2    18     7     0     1   -59.0   41.052   89.061   4143.4    530.9
     1     1    21     2    18     6     0     0   -60.0   41.103   88.896   4210.6    527.9
     1     1    21     2    18     5     0     1   -61.0   41.160   88.739   4266.0    524.8
     1     1    21     2    18     4     0     2   -62.0   41.227   88.579   4307.9    521.6
     1     1    21     2    18     3     0     3   -63.0   41.305   88.420   4334.2    518.3
     1     1    21     2    18     2     0     2   -64.0   41.392   88.264   4359.1    514.8
     1     1    21     2    18     1     0     1   -65.0   41.484   88.111   4397.6    507.8
     1     1    21     2    18     0     0     0   -66.0   41.590   87.970   4451.5    499.2
     1     1    21     2    17    23     0     1   -67.0   41.702   87.839   4510.8    493.0
     1     1    21     2    17    22     0     2   -68.0   41.807   87.703   4547.8    490.5
     1     1    21     2    17    21     0     3   -69.0   41.904   87.557   4566.1    490.3
     1     1    21     2    17    20     0     2   -70.0   41.992   87.400   4587.2    492.2
     1     1    21     2    17    19     0     1   -71.0   42.075   87.231   4606.5    486.7
     1     1    21     2    17    18     0     0   -72.0   42.155   87.053   4629.5    475.9
     1     1    21     2    17    17     0     1   -73.0   42.249   86.888   4624.0    456.0
     1     1    21     2    17    16     0     2   -74.0   42.366   86.751   4591.1    436.8
     1     1    21     2    17    15     0     3   -75.0   42.504   86.646   4540.9    419.1
     1     1    21     2    17    14     0     2   -76.0   42.662   86.574   4498.5    402.2
     1     1    21     2    17    13     0     1   -77.0   42.845   86.546   4483.2    381.1
     1     1    21     2    17    12     0     0   -78.0   43.057   86.579   4542.7    368.0
     1     1    21     2    17    11     0     1   -79.0   43.263   86.590   4755.8    385.2
     1     1    21     2    17    10     0     2   -80.0   43.431   86.518   4934.0    399.7
     1     1    21     2    17     9     0     3   -81.0   43.566   86.385   5084.0    409.7
     1     1    21     2    17     8     0     2   -82.0   43.679   86.219   5216.8    416.0
     1     1    21     2    17     7     0     1   -83.0   43.778   86.044   5333.9    419.5
     1     1    21     2    17     6     0     0   -84.0   43.870   85.881   5409.4    418.7
     1     1    21     2    17     5     0     1   -85.0   43.968   85.733   5466.0    417.5
     1     1    21     2    17     4     0     2   -86.0   44.085   85.593   5530.4    413.7
     1     1    21     2    17     3     0     3   -87.0   44.219   85.447   5622.7    410.4
     1     1    21     2    17     2     0     2   -88.0   44.364   85.270   5727.6    408.4
     1     1    21     2    17     1     0     1   -89.0   44.509   85.039   5833.2    409.1
     1     1    21     2    17     0     0     0   -90.0   44.648   84.754   5940.8    412.3
     1     1    21     2    16    23     0     1   -91.0   44.787   84.449   6047.1    420.2
     1     1    21     2    16    22     0     2   -92.0   44.920   84.137   6153.5    432.9
     1     1    21     2    16    21     0     3   -93.0   45.050   83.802   6205.7    439.8
     1     1    21     2    16    20     0     2   -94.0   45.181   83.441   6170.6    433.4
     1     1    21     2    16    19     0     1   -95.0   45.313   83.050   6163.5    423.1
     1     1    21     2    16    18     0     0   -96.0   45.435   82.618   6225.1    415.2
     1     1    21     2    16    17     0     1   -97.0   45.541   82.160   6313.1    416.2
     1     1    21     2    16    16     0     2   -98.0   45.639   81.681   6289.9    412.4
     1     1    21     2    16    15     0     3   -99.0   45.719   81.149   6232.7    399.4
     1     1    21     2    16    14     0     2  -100.0   45.787   80.577   6270.5    393.8
     1     1    21     2    16    13     0     1  -101.0   45.858   80.002   6358.4    400.1
     1     1    21     2    16    12     0     0  -102.0   45.903   79.394   6442.6    407.7
     1     1    21     2    16    11     0     1  -103.0   45.923   78.761   6478.5    413.5
     1     1    21     2    16    10     0     2  -104.0   45.948   78.129   6493.2    420.2
     1     1    21     2    16     9     0     3  -105.0   45.973   77.495   6491.4    422.0
     1     1    21     2    16     8     0     2  -106.0   45.985   76.844   6501.2    421.5
     1     1    21     2    16     7     0     1  -107.0   45.980   76.181   6517.5    420.0
     1     1    21     2    16     6     0     0  -108.0   45.964   75.518   6525.7    419.1
     1     1    21     2    16     5     0     1  -109.0   45.948   74.835   6513.8    419.5
     1     1    21     2    16     4     0     2  -110.0   45.928   74.109   6481.4    421.7
     1     1    21     2    16     3     0     3  -111.0   45.907   73.344   6403.5    422.4
     1     1    21     2    16     2     0     2  -112.0   45.884   72.553   6305.7    427.9
     1     1    21     2    16     1     0     1  -113.0   45.853   71.737   6272.6    429.5
     1     1    21     2    16     0     0     0  -114.0   45.795   70.900   6278.0    432.3
     1     1    21     2    15    23     0     1  -115.0   45.725   70.033   6292.6    435.6
     1     1    21     2    15    22     0     2  -116.0   45.659   69.132   6326.2    436.0
     1     1    21     2    15    21     0     3  -117.0   45.588   68.229   6353.7    438.0
     1     1    21     2    15    20     0     2  -118.0   45.505   67.334   6327.9    440.1
     1     1    21     2    15    19     0     1  -119.0   45.410   66.446   6248.0    449.1
     1     1    21     2    15    18     0     0  -120.0   45.294   65.561   6228.3    451.0
