     5     1
    GDAS    21     2     1     0     0
    GDAS    21     2     8     0     0
    GDAS    21     2    15     0     0
    GDAS    21     2    22     0     0
    GDAS    21     3     1     0     0
     1 BACKWARD OMEGA   
    21     2    18    21   44.970  -93.230   500.0
     1 PRESSURE
     1     1    21     2    18    21     0     3     0.0   44.970  -93.230    500.0    929.0
     1     1    21     2    18    20     0     2    -1.0   44.893  -93.370    440.5    938.7
     1     1    21     2    18    19     0     1    -2.0   44.831  -93.490    406.3    941.9
     1     1    21     2    18    18     0     0    -3.0   44.781  -93.588    386.1    944.2
     1     1    21     2    18    17     0     1    -4.0   44.739  -93.675    374.6    945.7
     1     1    21     2    18    16     0     2    -5.0   44.705  -93.762    369.3    946.6
     1     1    21     2    18    15     0     3    -6.0   44.679  -93.849    368.3    947.1
     1     1    21     2    18    14     0     2    -7.0   44.660  -93.936    365.2    946.7
     1     1    21     2    18    13     0     1    -8.0   44.646  -94.025    354.4    947.6
     1     1    21     2    18    12     0     0    -9.0   44.638  -94.118    337.2    948.3
     1     1    21     2    18    11     0     1   -10.0   44.628  -94.229    321.6    950.1
     1     1    21     2    18    10     0     2   -11.0   44.604  -94.367    314.0    949.7
     1     1    21     2    18     9     0     3   -12.0   44.563  -94.529    316.1    947.7
     1     1    21     2    18     8     0     2   -13.0   44.502  -94.699    324.9    943.5
     1     1    21     2    18     7     0     1   -14.0   44.415  -94.866    337.5    939.3
     1     1    21     2    18     6     0     0   -15.0   44.300  -95.029    356.3    934.1
     1     1    21     2    18     5     0     1   -16.0   44.172  -95.182    382.0    928.0
     1     1    21     2    18     4     0     2   -17.0   44.045  -95.325    412.7    920.8
     1     1    21     2    18     3     0     3   -18.0   43.922  -95.463    443.7    914.2
     1     1    21     2    18     2     0     2   -19.0   43.803  -95.596    461.6    909.1
     1     1    21     2    18     1     0     1   -20.0   43.685  -95.724    459.1    908.7
     1     1    21     2    18     0     0     0   -21.0   43.562  -95.846    438.5    910.9
     1     1    21     2    17    23     0     1   -22.0   43.419  -95.947    411.5    916.6
     1     1    21     2    17    22     0     2   -23.0   43.247  -96.022    391.6    921.1
     1     1    21     2    17    21     0     3   -24.0   43.054  -96.070    381.7    925.0
     1     1    21     2    17    20     0     2   -25.0   42.849  -96.104    377.8    926.8
     1     1    21     2    17    19     0     1   -26.0   42.638  -96.136    375.7    928.5
     1     1    21     2    17    18     0     0   -27.0   42.417  -96.169    375.8    929.6
     1     1    21     2    17    17     0     1   -28.0   42.182  -96.210    376.8    929.9
     1     1    21     2    17    16     0     2   -29.0   41.932  -96.256    374.9    929.9
     1     1    21     2    17    15     0     3   -30.0   41.670  -96.299    367.3    929.8
     1     1    21     2    17    14     0     2   -31.0   41.411  -96.330    357.8    930.6
     1     1    21     2    17    13     0     1   -32.0   41.167  -96.352    351.4    930.6
     1     1    21     2    17    12     0     0   -33.0   40.938  -96.367    348.4    930.5
     1     1    21     2    17    11     0     1   -34.0   40.716  -96.381    346.2    930.8
     1     1    21     2    17    10     0     2   -35.0   40.491  -96.396    341.1    931.8
     1     1    21     2    17     9     0     3   -36.0   40.257  -96.403    331.7    933.6
     1     1    21     2    17     8     0     2   -37.0   40.016  -96.394    319.1    936.3
     1     1    21     2    17     7     0     1   -38.0   39.785  -96.365    307.0    938.9
     1     1    21     2    17     6     0     0   -39.0   39.577  -96.317    294.8    940.9
     1     1    21     2    17     5     0     1   -40.0   39.382  -96.241    283.1    943.7
     1     1    21     2    17     4     0     2   -41.0   39.187  -96.126    275.9    945.5
     1     1    21     2    17     3     0     3   -42.0   38.990  -95.968    273.7    946.6
     1     1    21     2    17     2     0     2   -43.0   38.819  -95.792    271.8    947.2
     1     1    21     2    17     1     0     1   -44.0   38.701  -95.617    266.4    949.0
     1     1    21     2    17     0     0     0   -45.0   38.631  -95.435    259.2    951.0
     1     1    21     2    16    23     0     1   -46.0   38.592  -95.276    253.5    953.5
     1     1    21     2    16    22     0     2   -47.0   38.562  -95.174    248.5    954.8
     1     1    21     2    16    21     0     3   -48.0   38.538  -95.132    241.2    956.1
     1     1    21     2    16    20     0     2   -49.0   38.512  -95.125    235.4    957.7
     1     1    21     2    16    19     0     1   -50.0   38.479  -95.131    234.6    958.1
     1     1    21     2    16    18     0     0   -51.0   38.437  -95.150    239.1    957.8
     1     1    21     2    16    17     0     1   -52.0   38.393  -95.171    245.7    956.4
     1     1    21     2    16    16     0     2   -53.0   38.358  -95.181    252.0    955.4
     1     1    21     2    16    15     0     3   -54.0   38.333  -95.179    258.0    954.6
     1     1    21     2    16    14     0     2   -55.0   38.330  -95.165    263.0    953.6
     1     1    21     2    16    13     0     1   -56.0   38.361  -95.139    266.3    953.0
     1     1    21     2    16    12     0     0   -57.0   38.428  -95.102    267.7    952.7
     1     1    21     2    16    11     0     1   -58.0   38.518  -95.073    270.1    953.2
     1     1    21     2    16    10     0     2   -59.0   38.621  -95.069    275.8    952.5
     1     1    21     2    16     9     0     3   -60.0   38.734  -95.092    282.6    951.4
     1     1    21     2    16     8     0     2   -61.0   38.861  -95.121    289.0    950.3
     1     1    21     2    16     7     0     1   -62.0   39.004  -95.136    294.3    949.5
     1     1    21     2    16     6     0     0   -63.0   39.161  -95.136    299.6    949.1
     1     1    21     2    16     5     0     1   -64.0   39.329  -95.119    304.9    948.6
     1     1    21     2    16     4     0     2   -65.0   39.506  -95.082    308.5    948.9
     1     1    21     2    16     3     0     3   -66.0   39.691  -95.023    312.5    949.3
     1     1    21     2    16     2     0     2   -67.0   39.880  -94.958    314.0    949.0
     1     1    21     2    16     1     0     1   -68.0   40.073  -94.908    308.4    949.6
     1     1    21     2    16     0     0     0   -69.0   40.270  -94.872    297.7    949.9
     1     1    21     2    15    23     0     1   -70.0   40.467  -94.837    288.5    951.1
     1     1    21     2    15    22     0     2   -71.0   40.659  -94.792    284.7    950.5
     1     1    21     2    15    21     0     3   -72.0   40.848  -94.740    283.7    949.7
     1     1    21     2    15    20     0     2   -73.0   41.034  -94.676    288.6    949.3
     1     1    21     2    15    19     0     1   -74.0   41.215  -94.588    302.1    947.4
     1     1    21     2    15    18     0     0   -75.0   41.393  -94.466    320.5    945.3
     1     1    21     2    15    17     0     1   -76.0   41.568  -94.296    340.8    943.1
     1     1    21     2    15    16     0     2   -77.0   41.738  -94.070    357.0    941.9
     1     1    21     2    15    15     0     3   -78.0   41.901  -93.798    350.6    943.4
     1     1    21     2    15    14     0     2   -79.0   42.083  -93.519    327.0    950.6
     1     1    21     2    15    13     0     1   -80.0   42.303  -93.265    310.8    954.3
     1     1    21     2    15    12     0     0   -81.0   42.539  -93.036    304.2    954.7
     1     1    21     2    15    11     0     1   -82.0   42.774  -92.841    302.5    953.4
     1     1    21     2    15    10     0     2   -83.0   43.008  -92.687    300.7    951.6
     1     1    21     2    15     9     0     3   -84.0   43.250  -92.579    295.0    951.0
     1     1    21     2    15     8     0     2   -85.0   43.494  -92.519    292.2    952.1
     1     1    21     2    15     7     0     1   -86.0   43.728  -92.496    304.3    950.4
     1     1    21     2    15     6     0     0   -87.0   43.947  -92.493    341.4    945.7
     1     1    21     2    15     5     0     1   -88.0   44.156  -92.495    387.7    938.7
     1     1    21     2    15     4     0     2   -89.0   44.371  -92.513    420.2    937.7
     1     1    21     2    15     3     0     3   -90.0   44.598  -92.551    450.6    937.5
     1     1    21     2    15     2     0     2   -91.0   44.816  -92.612    488.5    935.1
     1     1    21     2    15     1     0     1   -92.0   45.010  -92.700    524.9    931.5
     1     1    21     2    15     0     0     0   -93.0   45.187  -92.821    542.5    926.6
     1     1    21     2    14    23     0     1   -94.0   45.353  -92.970    540.2    926.5
     1     1    21     2    14    22     0     2   -95.0   45.513  -93.133    532.6    926.4
     1     1    21     2    14    21     0     3   -96.0   45.670  -93.310    526.2    924.8
     1     1    21     2    14    20     0     2   -97.0   45.830  -93.481    521.1    923.1
     1     1    21     2    14    19     0     1   -98.0   46.000  -93.622    523.1    920.8
     1     1    21     2    14    18     0     0   -99.0   46.183  -93.733    544.7    917.9
     1     1    21     2    14    17     0     1  -100.0   46.390  -93.833    579.0    910.6
     1     1    21     2    14    16     0     2  -101.0   46.626  -93.936    612.3    905.5
     1     1    21     2    14    15     0     3  -102.0   46.897  -94.038    649.4    900.5
     1     1    21     2    14    14     0     2  -103.0   47.177  -94.142    690.8    893.6
     1     1    21     2    14    13     0     1  -104.0   47.446  -94.251    720.8    888.6
     1     1    21     2    14    12     0     0  -105.0   47.715  -94.363    723.2    888.7
     1     1    21     2    14    11     0     1  -106.0   47.981  -94.492    698.2    895.0
     1     1    21     2    14    10     0     2  -107.0   48.233  -94.643    658.4    903.1
     1     1    21     2    14     9     0     3  -108.0   48.476  -94.797    613.0    910.2
     1     1    21     2    14     8     0     2  -109.0   48.716  -94.946    560.9    916.8
     1     1    21     2    14     7     0     1  -110.0   48.959  -95.075    516.2    924.2
     1     1    21     2    14     6     0     0  -111.0   49.207  -95.167    494.5    927.1
     1     1    21     2    14     5     0     1  -112.0   49.469  -95.233    480.1    927.3
     1     1    21     2    14     4     0     2  -113.0   49.755  -95.285    460.6    931.3
     1     1    21     2    14     3     0     3  -114.0   50.062  -95.309    442.8    934.8
     1     1    21     2    14     2     0     2  -115.0   50.363  -95.327    421.2    936.4
     1     1    21     2    14     1     0     1  -116.0   50.639  -95.364    391.7    940.5
     1     1    21     2    14     0     0     0  -117.0   50.898  -95.409    361.8    944.8
     1     1    21     2    13    23     0     1  -118.0   51.135  -95.448    333.5    948.8
     1     1    21     2    13    22     0     2  -119.0   51.341  -95.478    305.4    952.9
     1     1    21     2    13    21     0     3  -120.0   51.518  -95.497    279.7    957.2
