     5     1
    GDAS    21     2     1     0     0
    GDAS    21     2     8     0     0
    GDAS    21     2    15     0     0
    GDAS    21     2    22     0     0
    GDAS    21     3     1     0     0
     1 BACKWARD OMEGA   
    21     2    16     6   44.970  -93.230   500.0
     1 PRESSURE
     1     1    21     2    16     6     0     0     0.0   44.970  -93.230    500.0    925.3
     1     1    21     2    16     5     0     1    -1.0   45.012  -92.932    503.5    926.1
     1     1    21     2    16     4     0     2    -2.0   45.075  -92.649    510.1    924.8
     1     1    21     2    16     3     0     3    -3.0   45.161  -92.381    513.8    923.8
     1     1    21     2    16     2     0     2    -4.0   45.271  -92.145    513.7    923.4
     1     1    21     2    16     1     0     1    -5.0   45.396  -91.951    508.8    922.7
     1     1    21     2    16     0     0     0    -6.0   45.527  -91.796    495.2    922.6
     1     1    21     2    15    23     0     1    -7.0   45.653  -91.685    484.2    924.2
     1     1    21     2    15    22     0     2    -8.0   45.772  -91.620    484.5    922.8
     1     1    21     2    15    21     0     3    -9.0   45.888  -91.601    489.1    921.3
     1     1    21     2    15    20     0     2   -10.0   45.994  -91.600    494.1    920.4
     1     1    21     2    15    19     0     1   -11.0   46.079  -91.591    501.6    921.2
     1     1    21     2    15    18     0     0   -12.0   46.147  -91.574    516.0    920.2
     1     1    21     2    15    17     0     1   -13.0   46.223  -91.555    533.2    918.3
     1     1    21     2    15    16     0     2   -14.0   46.327  -91.546    544.7    917.2
     1     1    21     2    15    15     0     3   -15.0   46.454  -91.549    539.6    918.2
     1     1    21     2    15    14     0     2   -16.0   46.591  -91.585    528.4    922.1
     1     1    21     2    15    13     0     1   -17.0   46.730  -91.665    534.7    921.7
     1     1    21     2    15    12     0     0   -18.0   46.874  -91.783    575.5    915.7
     1     1    21     2    15    11     0     1   -19.0   47.001  -91.918    629.6    902.2
     1     1    21     2    15    10     0     2   -20.0   47.100  -92.067    665.6    894.5
     1     1    21     2    15     9     0     3   -21.0   47.175  -92.243    684.5    892.4
     1     1    21     2    15     8     0     2   -22.0   47.239  -92.421    700.5    891.8
     1     1    21     2    15     7     0     1   -23.0   47.307  -92.578    720.1    889.0
     1     1    21     2    15     6     0     0   -24.0   47.375  -92.712    736.8    886.8
     1     1    21     2    15     5     0     1   -25.0   47.455  -92.837    756.4    885.8
     1     1    21     2    15     4     0     2   -26.0   47.560  -92.962    788.2    882.6
     1     1    21     2    15     3     0     3   -27.0   47.694  -93.087    834.0    877.4
     1     1    21     2    15     2     0     2   -28.0   47.849  -93.220    884.0    869.9
     1     1    21     2    15     1     0     1   -29.0   48.014  -93.371    929.2    864.2
     1     1    21     2    15     0     0     0   -30.0   48.190  -93.533    972.9    859.5
     1     1    21     2    14    23     0     1   -31.0   48.370  -93.709   1015.3    855.4
     1     1    21     2    14    22     0     2   -32.0   48.544  -93.904   1055.3    852.5
     1     1    21     2    14    21     0     3   -33.0   48.714  -94.116   1093.0    850.0
     1     1    21     2    14    20     0     2   -34.0   48.879  -94.334   1119.7    847.5
     1     1    21     2    14    19     0     1   -35.0   49.033  -94.544   1131.0    847.2
     1     1    21     2    14    18     0     0   -36.0   49.177  -94.744   1135.9    847.3
     1     1    21     2    14    17     0     1   -37.0   49.322  -94.930   1143.3    846.7
     1     1    21     2    14    16     0     2   -38.0   49.476  -95.095   1153.2    845.6
     1     1    21     2    14    15     0     3   -39.0   49.639  -95.237   1159.6    845.0
     1     1    21     2    14    14     0     2   -40.0   49.810  -95.372   1164.3    845.9
     1     1    21     2    14    13     0     1   -41.0   49.988  -95.520   1178.1    846.1
     1     1    21     2    14    12     0     0   -42.0   50.171  -95.682   1202.4    843.7
     1     1    21     2    14    11     0     1   -43.0   50.356  -95.847   1227.0    841.1
     1     1    21     2    14    10     0     2   -44.0   50.535  -96.010   1248.1    840.1
     1     1    21     2    14     9     0     3   -45.0   50.703  -96.172   1271.5    838.8
     1     1    21     2    14     8     0     2   -46.0   50.857  -96.315   1296.8    836.3
     1     1    21     2    14     7     0     1   -47.0   51.000  -96.425   1320.8    833.9
     1     1    21     2    14     6     0     0   -48.0   51.136  -96.509   1339.7    831.8
     1     1    21     2    14     5     0     1   -49.0   51.277  -96.575   1353.1    831.1
     1     1    21     2    14     4     0     2   -50.0   51.434  -96.626   1366.0    830.3
     1     1    21     2    14     3     0     3   -51.0   51.602  -96.656   1384.2    828.8
     1     1    21     2    14     2     0     2   -52.0   51.769  -96.668   1404.5    825.5
     1     1    21     2    14     1     0     1   -53.0   51.926  -96.670   1418.7    823.5
     1     1    21     2    14     0     0     0   -54.0   52.074  -96.673   1423.8    822.4
     1     1    21     2    13    23     0     1   -55.0   52.210  -96.677   1422.5    823.2
     1     1    21     2    13    22     0     2   -56.0   52.329  -96.678   1420.8    823.5
     1     1    21     2    13    21     0     3   -57.0   52.427  -96.676   1420.0    823.6
     1     1    21     2    13    20     0     2   -58.0   52.510  -96.666   1419.9    823.7
     1     1    21     2    13    19     0     1   -59.0   52.585  -96.640   1419.8    823.7
     1     1    21     2    13    18     0     0   -60.0   52.653  -96.600   1419.7    823.7
     1     1    21     2    13    17     0     1   -61.0   52.719  -96.544   1422.2    823.3
     1     1    21     2    13    16     0     2   -62.0   52.786  -96.473   1430.2    821.8
     1     1    21     2    13    15     0     3   -63.0   52.857  -96.391   1443.0    819.7
     1     1    21     2    13    14     0     2   -64.0   52.924  -96.306   1454.9    817.0
     1     1    21     2    13    13     0     1   -65.0   52.974  -96.226   1461.5    815.7
     1     1    21     2    13    12     0     0   -66.0   53.005  -96.152   1463.4    814.9
     1     1    21     2    13    11     0     1   -67.0   53.017  -96.074   1463.1    814.8
     1     1    21     2    13    10     0     2   -68.0   53.015  -95.981   1462.8    814.5
     1     1    21     2    13     9     0     3   -69.0   52.997  -95.874   1462.8    814.8
     1     1    21     2    13     8     0     2   -70.0   52.968  -95.755   1462.8    814.6
     1     1    21     2    13     7     0     1   -71.0   52.933  -95.625   1462.8    814.4
     1     1    21     2    13     6     0     0   -72.0   52.891  -95.489   1462.7    814.1
     1     1    21     2    13     5     0     1   -73.0   52.843  -95.354   1462.5    813.7
     1     1    21     2    13     4     0     2   -74.0   52.788  -95.225   1462.3    813.1
     1     1    21     2    13     3     0     3   -75.0   52.725  -95.100   1461.9    812.5
     1     1    21     2    13     2     0     2   -76.0   52.649  -94.985   1463.5    811.6
     1     1    21     2    13     1     0     1   -77.0   52.552  -94.888   1468.4    810.1
     1     1    21     2    13     0     0     0   -78.0   52.435  -94.808   1474.9    808.2
     1     1    21     2    12    23     0     1   -79.0   52.292  -94.737   1485.1    806.1
     1     1    21     2    12    22     0     2   -80.0   52.121  -94.669   1504.0    802.6
     1     1    21     2    12    21     0     3   -81.0   51.924  -94.608   1532.7    797.8
     1     1    21     2    12    20     0     2   -82.0   51.705  -94.550   1555.7    792.5
     1     1    21     2    12    19     0     1   -83.0   51.470  -94.490   1563.1    790.9
     1     1    21     2    12    18     0     0   -84.0   51.222  -94.427   1560.3    790.2
     1     1    21     2    12    17     0     1   -85.0   50.984  -94.382   1553.2    790.0
     1     1    21     2    12    16     0     2   -86.0   50.780  -94.377   1548.0    790.7
     1     1    21     2    12    15     0     3   -87.0   50.609  -94.409   1547.9    791.0
     1     1    21     2    12    14     0     2   -88.0   50.460  -94.489   1558.2    790.7
     1     1    21     2    12    13     0     1   -89.0   50.319  -94.633   1584.7    788.7
     1     1    21     2    12    12     0     0   -90.0   50.186  -94.850   1629.0    785.0
     1     1    21     2    12    11     0     1   -91.0   50.053  -95.133   1672.5    780.1
     1     1    21     2    12    10     0     2   -92.0   49.924  -95.461   1687.5    780.0
     1     1    21     2    12     9     0     3   -93.0   49.805  -95.833   1675.8    784.1
     1     1    21     2    12     8     0     2   -94.0   49.698  -96.232   1662.2    789.4
     1     1    21     2    12     7     0     1   -95.0   49.608  -96.642   1669.5    791.6
     1     1    21     2    12     6     0     0   -96.0   49.536  -97.070   1700.9    789.4
     1     1    21     2    12     5     0     1   -97.0   49.481  -97.499   1733.9    780.6
     1     1    21     2    12     4     0     2   -98.0   49.444  -97.909   1752.8    775.4
     1     1    21     2    12     3     0     3   -99.0   49.430  -98.312   1763.8    771.2
     1     1    21     2    12     2     0     2  -100.0   49.440  -98.734   1776.8    765.3
     1     1    21     2    12     1     0     1  -101.0   49.479  -99.198   1783.2    757.8
     1     1    21     2    12     0     0     0  -102.0   49.535  -99.702   1766.7    751.4
     1     1    21     2    11    23     0     1  -103.0   49.598 -100.254   1755.4    753.9
     1     1    21     2    11    22     0     2  -104.0   49.679 -100.852   1772.8    757.1
     1     1    21     2    11    21     0     3  -105.0   49.775 -101.488   1786.8    746.9
     1     1    21     2    11    20     0     2  -106.0   49.877 -102.129   1781.6    736.6
     1     1    21     2    11    19     0     1  -107.0   49.992 -102.749   1770.0    737.8
     1     1    21     2    11    18     0     0  -108.0   50.114 -103.361   1757.9    742.1
     1     1    21     2    11    17     0     1  -109.0   50.251 -103.946   1742.8    747.7
     1     1    21     2    11    16     0     2  -110.0   50.417 -104.498   1746.1    751.3
     1     1    21     2    11    15     0     3  -111.0   50.602 -105.038   1785.2    749.5
     1     1    21     2    11    14     0     2  -112.0   50.806 -105.566   1819.4    740.0
     1     1    21     2    11    13     0     1  -113.0   51.034 -106.069   1826.3    738.7
     1     1    21     2    11    12     0     0  -114.0   51.274 -106.560   1821.1    741.6
     1     1    21     2    11    11     0     1  -115.0   51.521 -107.053   1825.0    744.6
     1     1    21     2    11    10     0     2  -116.0   51.779 -107.543   1844.4    737.5
     1     1    21     2    11     9     0     3  -117.0   52.038 -108.049   1853.9    729.8
     1     1    21     2    11     8     0     2  -118.0   52.313 -108.536   1858.0    733.9
     1     1    21     2    11     7     0     1  -119.0   52.614 -108.967   1866.5    737.7
     1     1    21     2    11     6     0     0  -120.0   52.928 -109.386   1871.5    738.4
