     5     1
    GDAS    21     2     1     0     0
    GDAS    21     2     8     0     0
    GDAS    21     2    15     0     0
    GDAS    21     2    22     0     0
    GDAS    21     3     1     0     0
     1 BACKWARD OMEGA   
    21     2     4    18   44.970  -93.230   500.0
     1 PRESSURE
     1     1    21     2     4    18     0     0     0.0   44.970  -93.230    500.0    907.0
     1     1    21     2     4    17     0     1    -1.0   45.325  -93.602    555.1    892.9
     1     1    21     2     4    16     0     2    -2.0   45.686  -93.986    552.3    891.0
     1     1    21     2     4    15     0     3    -3.0   46.054  -94.394    555.0    890.1
     1     1    21     2     4    14     0     2    -4.0   46.419  -94.821    589.2    882.7
     1     1    21     2     4    13     0     1    -5.0   46.776  -95.233    620.1    875.5
     1     1    21     2     4    12     0     0    -6.0   47.131  -95.628    616.8    877.1
     1     1    21     2     4    11     0     1    -7.0   47.485  -96.050    577.6    888.8
     1     1    21     2     4    10     0     2    -8.0   47.852  -96.504    532.6    903.1
     1     1    21     2     4     9     0     3    -9.0   48.230  -96.965    493.9    911.1
     1     1    21     2     4     8     0     2   -10.0   48.617  -97.465    487.1    910.0
     1     1    21     2     4     7     0     1   -11.0   49.029  -97.967    542.3    900.9
     1     1    21     2     4     6     0     0   -12.0   49.449  -98.409    591.4    888.1
     1     1    21     2     4     5     0     1   -13.0   49.845  -98.780    566.5    888.8
     1     1    21     2     4     4     0     2   -14.0   50.201  -99.126    470.6    903.8
     1     1    21     2     4     3     0     3   -15.0   50.526  -99.527    384.2    917.8
     1     1    21     2     4     2     0     2   -16.0   50.819  -99.984    306.6    915.8
     1     1    21     2     4     1     0     1   -17.0   51.065 -100.436    216.9    921.0
     1     1    21     2     4     0     0     0   -18.0   51.283 -100.859    128.4    925.1
     1     1    21     2     3    23     0     1   -19.0   51.452 -101.232     73.9    934.7
     1     1    21     2     3    22     0     2   -20.0   51.592 -101.572     50.4    939.8
     1     1    21     2     3    21     0     3   -21.0   51.722 -101.893     47.6    941.4
     1     1    21     2     3    20     0     2   -22.0   51.851 -102.206     61.0    938.6
     1     1    21     2     3    19     0     1   -23.0   51.990 -102.536     97.5    930.2
     1     1    21     2     3    18     0     0   -24.0   52.146 -102.894    150.7    919.7
     1     1    21     2     3    17     0     1   -25.0   52.323 -103.254    188.4    915.2
     1     1    21     2     3    16     0     2   -26.0   52.513 -103.601    190.7    920.8
     1     1    21     2     3    15     0     3   -27.0   52.700 -103.950    158.9    932.3
     1     1    21     2     3    14     0     2   -28.0   52.860 -104.291    126.3    941.1
     1     1    21     2     3    13     0     1   -29.0   53.006 -104.611    107.7    941.6
     1     1    21     2     3    12     0     0   -30.0   53.151 -104.901     98.0    937.9
     1     1    21     2     3    11     0     1   -31.0   53.304 -105.157     95.7    935.2
     1     1    21     2     3    10     0     2   -32.0   53.461 -105.389     98.5    933.3
     1     1    21     2     3     9     0     3   -33.0   53.620 -105.614    104.1    931.3
     1     1    21     2     3     8     0     2   -34.0   53.783 -105.832    108.8    929.6
     1     1    21     2     3     7     0     1   -35.0   53.954 -106.037    110.2    928.7
     1     1    21     2     3     6     0     0   -36.0   54.125 -106.221    106.4    930.6
     1     1    21     2     3     5     0     1   -37.0   54.289 -106.361     95.8    933.8
     1     1    21     2     3     4     0     2   -38.0   54.445 -106.438     78.5    938.1
     1     1    21     2     3     3     0     3   -39.0   54.595 -106.460     56.9    943.0
     1     1    21     2     3     2     0     2   -40.0   54.726 -106.449     37.2    946.1
     1     1    21     2     3     1     0     1   -41.0   54.833 -106.426     24.1    948.1
     1     1    21     2     3     0     0     0   -42.0   54.918 -106.394     16.9    949.5
     1     1    21     2     2    23     0     1   -43.0   54.995 -106.338     12.6    951.2
     1     1    21     2     2    22     0     2   -44.0   55.076 -106.247      9.9    952.4
     1     1    21     2     2    21     0     3   -45.0   55.164 -106.127      8.8    953.1
     1     1    21     2     2    20     0     2   -46.0   55.253 -106.005      8.6    954.4
     1     1    21     2     2    19     0     1   -47.0   55.342 -105.906      8.6    955.6
     1     1    21     2     2    18     0     0   -48.0   55.437 -105.821      8.0    956.4
     1     1    21     2     2    17     0     1   -49.0   55.530 -105.741      7.2    956.7
     1     1    21     2     2    16     0     2   -50.0   55.613 -105.656      7.1    957.0
     1     1    21     2     2    15     0     3   -51.0   55.685 -105.569      7.9    957.5
     1     1    21     2     2    14     0     2   -52.0   55.747 -105.486      9.2    958.3
     1     1    21     2     2    13     0     1   -53.0   55.802 -105.412     11.0    958.9
     1     1    21     2     2    12     0     0   -54.0   55.850 -105.346     13.5    959.1
     1     1    21     2     2    11     0     1   -55.0   55.890 -105.286     16.8    958.6
     1     1    21     2     2    10     0     2   -56.0   55.924 -105.235     19.8    958.1
     1     1    21     2     2     9     0     3   -57.0   55.952 -105.193     22.0    957.8
     1     1    21     2     2     8     0     2   -58.0   55.961 -105.155     22.7    958.0
     1     1    21     2     2     7     0     1   -59.0   55.935 -105.113     21.6    958.7
     1     1    21     2     2     6     0     0   -60.0   55.876 -105.068     19.6    959.8
     1     1    21     2     2     5     0     1   -61.0   55.802 -105.012     17.8    961.0
     1     1    21     2     2     4     0     2   -62.0   55.726 -104.934     16.8    962.0
     1     1    21     2     2     3     0     3   -63.0   55.651 -104.836     15.7    962.9
     1     1    21     2     2     2     0     2   -64.0   55.575 -104.720     14.5    964.1
     1     1    21     2     2     1     0     1   -65.0   55.496 -104.585     13.1    965.3
     1     1    21     2     2     0     0     0   -66.0   55.413 -104.432     11.6    966.5
     1     1    21     2     1    23     0     1   -67.0   55.327 -104.261     10.2    967.5
     1     1    21     2     1    22     0     2   -68.0   55.241 -104.078      8.9    967.6
     1     1    21     2     1    21     0     3   -69.0   55.155 -103.885      8.1    968.8
     1     1    21     2     1    20     0     2   -70.0   55.070 -103.691      7.8    972.2
     1     1    21     2     1    19     0     1   -71.0   54.987 -103.502      7.8    975.0
     1     1    21     2     1    18     0     0   -72.0   54.911 -103.317      7.8    977.5
     1     1    21     2     1    17     0     1   -73.0   54.848 -103.144      7.4    979.5
     1     1    21     2     1    16     0     2   -74.0   54.800 -102.990      6.1    981.3
     1     1    21     2     1    15     0     3   -75.0   54.762 -102.853      4.1    982.0
     1     1    21     2     1    14     0     2   -76.0   54.725 -102.729      2.2    983.4
     1     1    21     2     1    13     0     1   -77.0   54.689 -102.620      0.8    984.6
     1     1    21     2     1    12     0     0   -78.0   54.654 -102.525      0.0    985.6
     1     1    21     2     1    11     0     1   -79.0   54.616 -102.446      0.0    985.6
     1     1    21     2     1    10     0     2   -80.0   54.574 -102.383      0.0    985.5
     1     1    21     2     1     9     0     3   -81.0   54.529 -102.336      0.0    985.4
     1     1    21     2     1     8     0     2   -82.0   54.483 -102.296      0.0    985.6
     1     1    21     2     1     7     0     1   -83.0   54.439 -102.256      0.0    985.8
     1     1    21     2     1     6     0     0   -84.0   54.399 -102.215      0.0    985.9
     1     1    21     2     1     5     0     1   -85.0   54.364 -102.178      0.0    987.4
     1     1    21     2     1     4     0     2   -86.0   54.335 -102.148      0.0    988.9
     1     1    21     2     1     3     0     3   -87.0   54.314 -102.127      0.0    990.3
     1     1    21     2     1     2     0     2   -88.0   54.296 -102.112      0.1    989.4
     1     1    21     2     1     1     0     1   -89.0   54.275 -102.103      0.6    988.6
     1     1    21     2     1     0     0     0   -90.0   54.250 -102.099      1.5    987.7
