     5     1
    GDAS    21     2     1     0     0
    GDAS    21     2     8     0     0
    GDAS    21     2    15     0     0
    GDAS    21     2    22     0     0
    GDAS    21     3     1     0     0
     1 BACKWARD OMEGA   
    21     2     2    23   37.820  111.540  1000.0
     1 PRESSURE
     1     1    21     2     2    23     0     1     0.0   37.820  111.540   1000.0    775.0
     1     1    21     2     2    22     0     2    -1.0   38.154  111.063   1074.6    762.6
     1     1    21     2     2    21     0     3    -2.0   38.472  110.613    995.6    785.7
     1     1    21     2     2    20     0     2    -3.0   38.782  110.063    918.7    788.7
     1     1    21     2     2    19     0     1    -4.0   39.091  109.423    888.2    779.6
     1     1    21     2     2    18     0     0    -5.0   39.374  108.713    895.4    771.2
     1     1    21     2     2    17     0     1    -6.0   39.601  107.986    882.8    772.2
     1     1    21     2     2    16     0     2    -7.0   39.745  107.294    865.0    780.5
     1     1    21     2     2    15     0     3    -8.0   39.804  106.634    928.9    772.6
     1     1    21     2     2    14     0     2    -9.0   39.846  106.042    999.4    772.4
     1     1    21     2     2    13     0     1   -10.0   39.933  105.495    981.7    766.1
     1     1    21     2     2    12     0     0   -11.0   40.061  104.942    898.6    757.8
     1     1    21     2     2    11     0     1   -12.0   40.201  104.401    797.7    776.5
     1     1    21     2     2    10     0     2   -13.0   40.317  103.909    678.9    792.3
     1     1    21     2     2     9     0     3   -14.0   40.382  103.467    568.8    800.3
     1     1    21     2     2     8     0     2   -15.0   40.414  103.026    518.3    799.3
     1     1    21     2     2     7     0     1   -16.0   40.436  102.590    508.5    807.5
     1     1    21     2     2     6     0     0   -17.0   40.440  102.195    492.3    819.5
     1     1    21     2     2     5     0     1   -18.0   40.424  101.848    476.8    828.6
     1     1    21     2     2     4     0     2   -19.0   40.394  101.540    472.7    830.7
     1     1    21     2     2     3     0     3   -20.0   40.352  101.261    475.3    830.6
     1     1    21     2     2     2     0     2   -21.0   40.309  101.007    475.5    830.4
     1     1    21     2     2     1     0     1   -22.0   40.277  100.765    478.3    827.2
     1     1    21     2     2     0     0     0   -23.0   40.261  100.526    493.2    822.1
     1     1    21     2     1    23     0     1   -24.0   40.260  100.294    522.7    816.3
     1     1    21     2     1    22     0     2   -25.0   40.272  100.072    567.9    809.2
     1     1    21     2     1    21     0     3   -26.0   40.292   99.864    621.1    802.9
     1     1    21     2     1    20     0     2   -27.0   40.322   99.645    672.6    797.7
     1     1    21     2     1    19     0     1   -28.0   40.371   99.397    719.4    792.9
     1     1    21     2     1    18     0     0   -29.0   40.438   99.132    761.6    787.2
     1     1    21     2     1    17     0     1   -30.0   40.515   98.848    794.9    778.6
     1     1    21     2     1    16     0     2   -31.0   40.588   98.534    821.2    770.8
     1     1    21     2     1    15     0     3   -32.0   40.657   98.184    856.1    763.8
     1     1    21     2     1    14     0     2   -33.0   40.725   97.805    907.2    751.0
     1     1    21     2     1    13     0     1   -34.0   40.795   97.406    972.1    733.5
     1     1    21     2     1    12     0     0   -35.0   40.873   96.973   1046.5    715.5
     1     1    21     2     1    11     0     1   -36.0   40.942   96.542   1099.1    714.1
     1     1    21     2     1    10     0     2   -37.0   40.986   96.152   1111.8    719.8
     1     1    21     2     1     9     0     3   -38.0   41.016   95.797   1120.7    721.3
     1     1    21     2     1     8     0     2   -39.0   41.039   95.456   1144.1    717.1
     1     1    21     2     1     7     0     1   -40.0   41.053   95.120   1171.5    713.1
     1     1    21     2     1     6     0     0   -41.0   41.055   94.794   1190.4    719.1
     1     1    21     2     1     5     0     1   -42.0   41.047   94.487   1197.9    731.6
     1     1    21     2     1     4     0     2   -43.0   41.038   94.205   1197.0    742.9
     1     1    21     2     1     3     0     3   -44.0   41.032   93.942   1182.8    752.2
     1     1    21     2     1     2     0     2   -45.0   41.028   93.677   1157.1    753.4
     1     1    21     2     1     1     0     1   -46.0   41.026   93.389   1135.0    754.0
     1     1    21     2     1     0     0     0   -47.0   41.026   93.081   1122.7    753.4
