     5     1
    GDAS    21     2     1     0     0
    GDAS    21     2     8     0     0
    GDAS    21     2    15     0     0
    GDAS    21     2    22     0     0
    GDAS    21     3     1     0     0
     1 BACKWARD OMEGA   
    21     2    16     6   37.820  111.540  1000.0
     1 PRESSURE
     1     1    21     2    16     6     0     0     0.0   37.820  111.540   1000.0    775.9
     1     1    21     2    16     5     0     1    -1.0   38.148  111.283   1078.6    776.7
     1     1    21     2    16     4     0     2    -2.0   38.550  111.040   1173.6    772.7
     1     1    21     2    16     3     0     3    -3.0   39.017  110.811   1222.1    770.3
     1     1    21     2    16     2     0     2    -4.0   39.552  110.527   1254.7    752.7
     1     1    21     2    16     1     0     1    -5.0   40.185  110.094   1325.7    729.0
     1     1    21     2    16     0     0     0    -6.0   40.871  109.578   1331.8    726.7
     1     1    21     2    15    23     0     1    -7.0   41.526  109.102   1271.0    741.5
     1     1    21     2    15    22     0     2    -8.0   42.162  108.612   1296.0    736.9
     1     1    21     2    15    21     0     3    -9.0   42.774  108.138   1398.9    749.0
     1     1    21     2    15    20     0     2   -10.0   43.347  107.732   1452.6    746.8
     1     1    21     2    15    19     0     1   -11.0   43.944  107.288   1486.4    723.3
     1     1    21     2    15    18     0     0   -12.0   44.565  106.740   1531.8    713.8
     1     1    21     2    15    17     0     1   -13.0   45.166  106.162   1535.3    714.5
     1     1    21     2    15    16     0     2   -14.0   45.777  105.558   1496.0    708.3
     1     1    21     2    15    15     0     3   -15.0   46.381  104.976   1478.7    714.3
     1     1    21     2    15    14     0     2   -16.0   46.975  104.397   1518.3    697.2
     1     1    21     2    15    13     0     1   -17.0   47.560  103.797   1573.1    698.4
     1     1    21     2    15    12     0     0   -18.0   48.110  103.182   1604.3    694.1
     1     1    21     2    15    11     0     1   -19.0   48.695  102.556   1648.0    675.4
     1     1    21     2    15    10     0     2   -20.0   49.247  101.933   1662.9    684.8
     1     1    21     2    15     9     0     3   -21.0   49.840  101.320   1636.5    670.0
     1     1    21     2    15     8     0     2   -22.0   50.515  100.697   1552.1    661.7
     1     1    21     2    15     7     0     1   -23.0   51.301   99.951   1726.9    643.5
     1     1    21     2    15     6     0     0   -24.0   52.231   99.136   1882.6    599.9
     1     1    21     2    15     5     0     1   -25.0   53.025   98.377   1793.0    649.5
     1     1    21     2    15     4     0     2   -26.0   53.593   97.706   1647.9    679.2
     1     1    21     2    15     3     0     3   -27.0   54.161   96.967   1598.3    674.8
     1     1    21     2    15     2     0     2   -28.0   54.623   96.284   1623.1    728.5
     1     1    21     2    15     1     0     1   -29.0   54.915   95.694   1594.4    764.8
     1     1    21     2    15     0     0     0   -30.0   55.148   95.158   1531.7    783.4
     1     1    21     2    14    23     0     1   -31.0   55.362   94.657   1465.5    795.1
     1     1    21     2    14    22     0     2   -32.0   55.567   94.164   1410.1    802.8
     1     1    21     2    14    21     0     3   -33.0   55.761   93.685   1375.2    815.3
     1     1    21     2    14    20     0     2   -34.0   55.941   93.215   1366.5    826.9
     1     1    21     2    14    19     0     1   -35.0   56.121   92.733   1366.5    825.0
     1     1    21     2    14    18     0     0   -36.0   56.313   92.214   1352.4    818.4
     1     1    21     2    14    17     0     1   -37.0   56.507   91.700   1333.2    826.3
     1     1    21     2    14    16     0     2   -38.0   56.692   91.231   1322.3    836.1
     1     1    21     2    14    15     0     3   -39.0   56.875   90.809   1314.1    840.1
     1     1    21     2    14    14     0     2   -40.0   57.064   90.399   1309.2    841.8
     1     1    21     2    14    13     0     1   -41.0   57.264   89.966   1312.7    842.6
     1     1    21     2    14    12     0     0   -42.0   57.471   89.532   1324.3    843.7
     1     1    21     2    14    11     0     1   -43.0   57.674   89.104   1335.5    842.7
     1     1    21     2    14    10     0     2   -44.0   57.870   88.664   1341.5    841.6
     1     1    21     2    14     9     0     3   -45.0   58.072   88.197   1344.4    840.7
     1     1    21     2    14     8     0     2   -46.0   58.263   87.707   1338.3    841.5
     1     1    21     2    14     7     0     1   -47.0   58.425   87.205   1320.1    842.7
     1     1    21     2    14     6     0     0   -48.0   58.565   86.695   1298.9    845.9
     1     1    21     2    14     5     0     1   -49.0   58.678   86.202   1277.4    850.7
     1     1    21     2    14     4     0     2   -50.0   58.765   85.739   1250.9    855.1
     1     1    21     2    14     3     0     3   -51.0   58.835   85.293   1220.8    859.2
     1     1    21     2    14     2     0     2   -52.0   58.889   84.843   1192.1    863.4
     1     1    21     2    14     1     0     1   -53.0   58.923   84.368   1169.2    867.0
     1     1    21     2    14     0     0     0   -54.0   58.947   83.847   1159.6    868.7
     1     1    21     2    13    23     0     1   -55.0   58.965   83.273   1147.1    867.9
     1     1    21     2    13    22     0     2   -56.0   58.971   82.674   1117.3    872.0
     1     1    21     2    13    21     0     3   -57.0   58.970   82.060   1084.8    876.8
     1     1    21     2    13    20     0     2   -58.0   58.957   81.429   1041.5    885.6
     1     1    21     2    13    19     0     1   -59.0   58.916   80.761    967.8    896.8
     1     1    21     2    13    18     0     0   -60.0   58.846   80.019    896.5    901.8
     1     1    21     2    13    17     0     1   -61.0   58.750   79.271    844.2    906.2
     1     1    21     2    13    16     0     2   -62.0   58.606   78.581    792.8    911.5
     1     1    21     2    13    15     0     3   -63.0   58.413   77.915    742.0    914.6
     1     1    21     2    13    14     0     2   -64.0   58.187   77.267    699.0    924.3
     1     1    21     2    13    13     0     1   -65.0   57.945   76.646    677.9    929.8
     1     1    21     2    13    12     0     0   -66.0   57.694   76.034    680.2    927.5
     1     1    21     2    13    11     0     1   -67.0   57.439   75.425    681.4    923.4
     1     1    21     2    13    10     0     2   -68.0   57.154   74.856    674.4    929.0
     1     1    21     2    13     9     0     3   -69.0   56.834   74.341    671.4    930.5
     1     1    21     2    13     8     0     2   -70.0   56.504   73.888    666.4    931.2
     1     1    21     2    13     7     0     1   -71.0   56.182   73.520    658.4    933.5
     1     1    21     2    13     6     0     0   -72.0   55.872   73.237    655.1    934.6
     1     1    21     2    13     5     0     1   -73.0   55.575   73.024    655.1    934.5
     1     1    21     2    13     4     0     2   -74.0   55.290   72.860    654.6    934.8
     1     1    21     2    13     3     0     3   -75.0   55.016   72.741    654.0    935.3
     1     1    21     2    13     2     0     2   -76.0   54.752   72.647    664.6    935.5
     1     1    21     2    13     1     0     1   -77.0   54.506   72.560    692.0    931.3
     1     1    21     2    13     0     0     0   -78.0   54.277   72.477    723.8    926.5
     1     1    21     2    12    23     0     1   -79.0   54.061   72.396    750.6    923.1
     1     1    21     2    12    22     0     2   -80.0   53.861   72.307    770.2    919.7
     1     1    21     2    12    21     0     3   -81.0   53.677   72.201    783.5    915.9
     1     1    21     2    12    20     0     2   -82.0   53.511   72.077    789.8    912.2
     1     1    21     2    12    19     0     1   -83.0   53.357   71.942    788.8    909.0
     1     1    21     2    12    18     0     0   -84.0   53.215   71.799    782.8    906.8
     1     1    21     2    12    17     0     1   -85.0   53.081   71.649    773.1    904.6
     1     1    21     2    12    16     0     2   -86.0   52.952   71.493    764.3    902.8
     1     1    21     2    12    15     0     3   -87.0   52.830   71.327    764.4    900.0
     1     1    21     2    12    14     0     2   -88.0   52.722   71.148    776.6    895.6
     1     1    21     2    12    13     0     1   -89.0   52.634   70.951    796.6    890.3
     1     1    21     2    12    12     0     0   -90.0   52.565   70.737    820.4    886.4
     1     1    21     2    12    11     0     1   -91.0   52.512   70.508    840.1    882.8
     1     1    21     2    12    10     0     2   -92.0   52.472   70.274    847.6    881.7
     1     1    21     2    12     9     0     3   -93.0   52.442   70.042    841.7    882.2
     1     1    21     2    12     8     0     2   -94.0   52.410   69.810    828.5    884.5
     1     1    21     2    12     7     0     1   -95.0   52.372   69.569    815.7    885.8
     1     1    21     2    12     6     0     0   -96.0   52.329   69.321    802.4    887.1
     1     1    21     2    12     5     0     1   -97.0   52.282   69.074    790.2    888.6
     1     1    21     2    12     4     0     2   -98.0   52.232   68.829    782.3    889.4
     1     1    21     2    12     3     0     3   -99.0   52.179   68.583    780.5    889.6
     1     1    21     2    12     2     0     2  -100.0   52.122   68.330    781.2    888.9
     1     1    21     2    12     1     0     1  -101.0   52.056   68.070    776.2    889.1
     1     1    21     2    12     0     0     0  -102.0   51.978   67.804    764.4    890.8
     1     1    21     2    11    23     0     1  -103.0   51.896   67.546    749.1    893.5
     1     1    21     2    11    22     0     2  -104.0   51.821   67.313    727.4    896.4
     1     1    21     2    11    21     0     3  -105.0   51.749   67.108    694.3    900.8
     1     1    21     2    11    20     0     2  -106.0   51.674   66.925    663.0    907.4
     1     1    21     2    11    19     0     1  -107.0   51.594   66.741    647.7    910.4
     1     1    21     2    11    18     0     0  -108.0   51.510   66.548    643.9    911.6
     1     1    21     2    11    17     0     1  -109.0   51.417   66.342    635.6    912.1
     1     1    21     2    11    16     0     2  -110.0   51.304   66.128    605.8    916.1
     1     1    21     2    11    15     0     3  -111.0   51.168   65.923    549.8    923.9
     1     1    21     2    11    14     0     2  -112.0   51.015   65.756    494.4    936.6
     1     1    21     2    11    13     0     1  -113.0   50.860   65.626    465.1    943.3
     1     1    21     2    11    12     0     0  -114.0   50.705   65.517    459.2    945.7
     1     1    21     2    11    11     0     1  -115.0   50.556   65.425    464.7    945.8
     1     1    21     2    11    10     0     2  -116.0   50.415   65.354    473.5    946.0
     1     1    21     2    11     9     0     3  -117.0   50.282   65.301    487.0    945.4
     1     1    21     2    11     8     0     2  -118.0   50.159   65.249    504.5    943.5
     1     1    21     2    11     7     0     1  -119.0   50.048   65.180    524.4    941.6
     1     1    21     2    11     6     0     0  -120.0   49.952   65.094    546.3    939.0
