     5     1
    GDAS    21     2     1     0     0
    GDAS    21     2     8     0     0
    GDAS    21     2    15     0     0
    GDAS    21     2    22     0     0
    GDAS    21     3     1     0     0
     1 BACKWARD OMEGA   
    21     2    27     6   37.820  111.540  1000.0
     1 PRESSURE
     1     1    21     2    27     6     0     0     0.0   37.820  111.540   1000.0    773.8
     1     1    21     2    27     5     0     1    -1.0   37.521  111.571   1000.9    772.2
     1     1    21     2    27     4     0     2    -2.0   37.239  111.605   1008.5    775.8
     1     1    21     2    27     3     0     3    -3.0   36.969  111.629   1078.2    772.9
     1     1    21     2    27     2     0     2    -4.0   36.690  111.642   1174.8    758.1
     1     1    21     2    27     1     0     1    -5.0   36.404  111.666   1231.0    753.7
     1     1    21     2    27     0     0     0    -6.0   36.109  111.700   1262.2    753.1
     1     1    21     2    26    23     0     1    -7.0   35.809  111.751   1298.5    764.7
     1     1    21     2    26    22     0     2    -8.0   35.515  111.831   1337.9    781.1
     1     1    21     2    26    21     0     3    -9.0   35.237  111.949   1362.7    797.4
     1     1    21     2    26    20     0     2   -10.0   34.985  112.117   1366.0    817.5
     1     1    21     2    26    19     0     1   -11.0   34.772  112.310   1368.0    823.7
     1     1    21     2    26    18     0     0   -12.0   34.586  112.491   1398.3    825.5
     1     1    21     2    26    17     0     1   -13.0   34.417  112.670   1428.5    826.6
     1     1    21     2    26    16     0     2   -14.0   34.277  112.865   1413.8    835.8
     1     1    21     2    26    15     0     3   -15.0   34.183  113.089   1333.1    851.9
     1     1    21     2    26    14     0     2   -16.0   34.135  113.341   1212.9    868.6
     1     1    21     2    26    13     0     1   -17.0   34.128  113.611   1070.9    884.2
     1     1    21     2    26    12     0     0   -18.0   34.176  113.895    878.8    905.8
     1     1    21     2    26    11     0     1   -19.0   34.274  114.179    696.1    937.1
     1     1    21     2    26    10     0     2   -20.0   34.391  114.452    602.3    949.2
     1     1    21     2    26     9     0     3   -21.0   34.522  114.714    576.0    950.6
     1     1    21     2    26     8     0     2   -22.0   34.662  114.952    573.8    947.6
     1     1    21     2    26     7     0     1   -23.0   34.810  115.157    565.0    948.2
     1     1    21     2    26     6     0     0   -24.0   34.969  115.328    546.8    950.7
     1     1    21     2    26     5     0     1   -25.0   35.130  115.485    526.7    956.3
     1     1    21     2    26     4     0     2   -26.0   35.282  115.647    510.1    960.8
     1     1    21     2    26     3     0     3   -27.0   35.436  115.809    498.1    964.2
     1     1    21     2    26     2     0     2   -28.0   35.606  115.974    495.1    965.7
     1     1    21     2    26     1     0     1   -29.0   35.802  116.147    510.3    963.2
     1     1    21     2    26     0     0     0   -30.0   36.014  116.326    553.0    956.1
     1     1    21     2    25    23     0     1   -31.0   36.212  116.507    590.8    946.8
     1     1    21     2    25    22     0     2   -32.0   36.382  116.692    587.3    946.7
     1     1    21     2    25    21     0     3   -33.0   36.533  116.882    540.5    951.6
     1     1    21     2    25    20     0     2   -34.0   36.667  117.083    482.3    962.5
     1     1    21     2    25    19     0     1   -35.0   36.801  117.301    447.2    967.4
     1     1    21     2    25    18     0     0   -36.0   36.943  117.524    421.3    971.6
     1     1    21     2    25    17     0     1   -37.0   37.087  117.734    385.4    977.4
     1     1    21     2    25    16     0     2   -38.0   37.227  117.924    346.3    983.8
     1     1    21     2    25    15     0     3   -39.0   37.372  118.092    318.5    988.5
     1     1    21     2    25    14     0     2   -40.0   37.517  118.253    309.7    989.5
     1     1    21     2    25    13     0     1   -41.0   37.656  118.418    317.6    987.1
     1     1    21     2    25    12     0     0   -42.0   37.784  118.585    333.3    984.2
     1     1    21     2    25    11     0     1   -43.0   37.899  118.763    353.5    981.7
     1     1    21     2    25    10     0     2   -44.0   37.996  118.963    376.1    978.8
     1     1    21     2    25     9     0     3   -45.0   38.072  119.186    400.5    976.1
     1     1    21     2    25     8     0     2   -46.0   38.149  119.418    425.8    972.7
     1     1    21     2    25     7     0     1   -47.0   38.253  119.646    451.2    969.3
     1     1    21     2    25     6     0     0   -48.0   38.384  119.863    480.7    965.4
     1     1    21     2    25     5     0     1   -49.0   38.515  120.069    507.4    961.8
     1     1    21     2    25     4     0     2   -50.0   38.620  120.267    521.0    960.6
     1     1    21     2    25     3     0     3   -51.0   38.703  120.461    519.4    961.4
     1     1    21     2    25     2     0     2   -52.0   38.782  120.644    513.9    963.4
     1     1    21     2    25     1     0     1   -53.0   38.870  120.810    518.8    963.0
     1     1    21     2    25     0     0     0   -54.0   38.976  120.955    537.7    960.7
     1     1    21     2    24    23     0     1   -55.0   39.085  121.077    551.2    956.5
     1     1    21     2    24    22     0     2   -56.0   39.187  121.177    536.9    957.4
     1     1    21     2    24    21     0     3   -57.0   39.290  121.258    496.3    961.9
     1     1    21     2    24    20     0     2   -58.0   39.385  121.309    451.8    969.5
     1     1    21     2    24    19     0     1   -59.0   39.459  121.316    415.8    973.0
     1     1    21     2    24    18     0     0   -60.0   39.505  121.273    381.3    976.7
     1     1    21     2    24    17     0     1   -61.0   39.519  121.208    355.4    980.9
     1     1    21     2    24    16     0     2   -62.0   39.505  121.148    346.0    982.1
     1     1    21     2    24    15     0     3   -63.0   39.467  121.096    353.3    981.3
     1     1    21     2    24    14     0     2   -64.0   39.412  121.031    367.2    978.6
     1     1    21     2    24    13     0     1   -65.0   39.342  120.932    376.3    977.6
     1     1    21     2    24    12     0     0   -66.0   39.258  120.808    384.1    977.0
     1     1    21     2    24    11     0     1   -67.0   39.159  120.693    401.6    975.6
     1     1    21     2    24    10     0     2   -68.0   39.050  120.622    429.9    971.6
     1     1    21     2    24     9     0     3   -69.0   38.937  120.593    459.1    967.0
     1     1    21     2    24     8     0     2   -70.0   38.828  120.578    486.8    963.9
     1     1    21     2    24     7     0     1   -71.0   38.730  120.547    514.5    961.0
     1     1    21     2    24     6     0     0   -72.0   38.639  120.499    545.6    957.6
     1     1    21     2    24     5     0     1   -73.0   38.549  120.447    575.4    954.1
     1     1    21     2    24     4     0     2   -74.0   38.458  120.406    597.9    952.2
     1     1    21     2    24     3     0     3   -75.0   38.368  120.383    612.2    951.2
     1     1    21     2    24     2     0     2   -76.0   38.285  120.382    627.0    950.7
     1     1    21     2    24     1     0     1   -77.0   38.213  120.402    653.9    947.8
     1     1    21     2    24     0     0     0   -78.0   38.155  120.441    695.0    942.8
     1     1    21     2    23    23     0     1   -79.0   38.124  120.479    747.6    936.0
     1     1    21     2    23    22     0     2   -80.0   38.132  120.490    806.1    929.1
     1     1    21     2    23    21     0     3   -81.0   38.175  120.458    867.2    922.1
     1     1    21     2    23    20     0     2   -82.0   38.236  120.387    921.0    914.7
     1     1    21     2    23    19     0     1   -83.0   38.299  120.289    964.1    910.0
     1     1    21     2    23    18     0     0   -84.0   38.370  120.156   1001.8    905.9
     1     1    21     2    23    17     0     1   -85.0   38.440  120.006   1041.6    902.3
     1     1    21     2    23    16     0     2   -86.0   38.484  119.872   1078.9    897.5
     1     1    21     2    23    15     0     3   -87.0   38.493  119.771   1105.5    895.0
     1     1    21     2    23    14     0     2   -88.0   38.491  119.690   1134.0    892.8
     1     1    21     2    23    13     0     1   -89.0   38.497  119.613   1175.8    888.1
     1     1    21     2    23    12     0     0   -90.0   38.517  119.531   1236.8    881.0
     1     1    21     2    23    11     0     1   -91.0   38.545  119.433   1304.2    871.7
     1     1    21     2    23    10     0     2   -92.0   38.558  119.319   1354.3    865.4
     1     1    21     2    23     9     0     3   -93.0   38.544  119.200   1373.8    862.7
     1     1    21     2    23     8     0     2   -94.0   38.504  119.100   1372.9    864.3
     1     1    21     2    23     7     0     1   -95.0   38.452  119.023   1364.3    865.1
     1     1    21     2    23     6     0     0   -96.0   38.389  118.973   1350.9    866.7
     1     1    21     2    23     5     0     1   -97.0   38.330  118.949   1334.1    869.4
     1     1    21     2    23     4     0     2   -98.0   38.293  118.945   1314.5    872.1
     1     1    21     2    23     3     0     3   -99.0   38.284  118.959   1292.2    875.4
     1     1    21     2    23     2     0     2  -100.0   38.292  118.990   1288.6    878.0
     1     1    21     2    23     1     0     1  -101.0   38.308  119.022   1319.4    874.4
     1     1    21     2    23     0     0     0  -102.0   38.339  119.042   1385.3    867.1
     1     1    21     2    22    23     0     1  -103.0   38.403  119.033   1467.6    856.1
     1     1    21     2    22    22     0     2  -104.0   38.508  118.990   1541.0    847.7
     1     1    21     2    22    21     0     3  -105.0   38.644  118.911   1604.5    840.8
     1     1    21     2    22    20     0     2  -106.0   38.806  118.783   1637.3    834.8
     1     1    21     2    22    19     0     1  -107.0   38.987  118.625   1612.7    836.8
     1     1    21     2    22    18     0     0  -108.0   39.178  118.471   1540.4    844.9
     1     1    21     2    22    17     0     1  -109.0   39.359  118.348   1477.3    854.4
     1     1    21     2    22    16     0     2  -110.0   39.528  118.250   1434.3    854.4
     1     1    21     2    22    15     0     3  -111.0   39.688  118.185   1350.4    859.1
     1     1    21     2    22    14     0     2  -112.0   39.853  118.164   1181.8    874.7
     1     1    21     2    22    13     0     1  -113.0   40.050  118.189    898.7    900.7
     1     1    21     2    22    12     0     0  -114.0   40.282  118.256    619.6    933.4
     1     1    21     2    22    11     0     1  -115.0   40.514  118.288    478.4    939.7
     1     1    21     2    22    10     0     2  -116.0   40.753  118.240    451.1    924.9
     1     1    21     2    22     9     0     3  -117.0   41.036  118.094    547.7    902.4
     1     1    21     2    22     8     0     2  -118.0   41.339  117.862    759.0    851.4
     1     1    21     2    22     7     0     1  -119.0   41.643  117.543    971.5    802.3
     1     1    21     2    22     6     0     0  -120.0   42.040  117.018   1313.4    746.5
