     5     1
    GDAS    21     2     1     0     0
    GDAS    21     2     8     0     0
    GDAS    21     2    15     0     0
    GDAS    21     2    22     0     0
    GDAS    21     3     1     0     0
     1 BACKWARD OMEGA   
    21     2     6    17   37.820  111.540  1000.0
     1 PRESSURE
     1     1    21     2     6    17     0     1     0.0   37.820  111.540   1000.0    777.6
     1     1    21     2     6    16     0     2    -1.0   38.012  111.212   1032.4    782.0
     1     1    21     2     6    15     0     3    -2.0   38.183  110.928   1067.4    783.1
     1     1    21     2     6    14     0     2    -3.0   38.344  110.676   1060.2    781.2
     1     1    21     2     6    13     0     1    -4.0   38.521  110.418   1027.0    785.9
     1     1    21     2     6    12     0     0    -5.0   38.711  110.108   1046.4    781.1
     1     1    21     2     6    11     0     1    -6.0   38.918  109.684   1122.7    762.0
     1     1    21     2     6    10     0     2    -7.0   39.143  109.164   1190.3    746.1
     1     1    21     2     6     9     0     3    -8.0   39.357  108.610   1230.6    736.9
     1     1    21     2     6     8     0     2    -9.0   39.551  108.076   1242.7    738.7
     1     1    21     2     6     7     0     1   -10.0   39.735  107.547   1272.9    741.4
     1     1    21     2     6     6     0     0   -11.0   39.903  106.942   1418.1    725.1
     1     1    21     2     6     5     0     1   -12.0   40.066  106.297   1537.7    715.4
     1     1    21     2     6     4     0     2   -13.0   40.233  105.718   1498.4    727.8
     1     1    21     2     6     3     0     3   -14.0   40.436  105.159   1533.7    715.0
     1     1    21     2     6     2     0     2   -15.0   40.679  104.556   1604.0    697.9
     1     1    21     2     6     1     0     1   -16.0   40.939  103.903   1558.6    706.5
     1     1    21     2     6     0     0     0   -17.0   41.205  103.237   1567.3    716.2
     1     1    21     2     5    23     0     1   -18.0   41.471  102.593   1641.0    708.3
     1     1    21     2     5    22     0     2   -19.0   41.735  101.990   1593.8    725.4
     1     1    21     2     5    21     0     3   -20.0   42.041  101.377   1461.3    753.7
     1     1    21     2     5    20     0     2   -21.0   42.386  100.744   1298.1    747.3
     1     1    21     2     5    19     0     1   -22.0   42.722  100.148   1269.6    757.5
     1     1    21     2     5    18     0     0   -23.0   43.068   99.476   1399.5    720.9
     1     1    21     2     5    17     0     1   -24.0   43.428   98.720   1376.1    707.5
     1     1    21     2     5    16     0     2   -25.0   43.732   97.996   1287.7    716.8
     1     1    21     2     5    15     0     3   -26.0   43.988   97.239   1298.0    743.4
     1     1    21     2     5    14     0     2   -27.0   44.261   96.367   1337.7    744.5
     1     1    21     2     5    13     0     1   -28.0   44.483   95.499   1369.3    729.5
     1     1    21     2     5    12     0     0   -29.0   44.705   94.684   1416.1    689.8
     1     1    21     2     5    11     0     1   -30.0   44.935   93.841   1665.5    675.5
     1     1    21     2     5    10     0     2   -31.0   45.176   93.012   1846.1    657.3
     1     1    21     2     5     9     0     3   -32.0   45.416   92.222   1968.6    662.4
     1     1    21     2     5     8     0     2   -33.0   45.648   91.416   2055.7    657.8
     1     1    21     2     5     7     0     1   -34.0   45.861   90.614   2172.7    659.4
     1     1    21     2     5     6     0     0   -35.0   46.033   89.938   2265.0    672.2
     1     1    21     2     5     5     0     1   -36.0   46.187   89.342   2300.6    677.4
     1     1    21     2     5     4     0     2   -37.0   46.345   88.773   2298.9    693.4
     1     1    21     2     5     3     0     3   -38.0   46.524   88.184   2288.1    705.4
     1     1    21     2     5     2     0     2   -39.0   46.722   87.570   2277.7    707.4
     1     1    21     2     5     1     0     1   -40.0   46.910   86.962   2239.7    695.4
     1     1    21     2     5     0     0     0   -41.0   47.090   86.292   2176.5    639.2
     1     1    21     2     4    23     0     1   -42.0   47.281   85.418   2280.9    626.4
     1     1    21     2     4    22     0     2   -43.0   47.454   84.507   2466.0    643.1
     1     1    21     2     4    21     0     3   -44.0   47.576   83.671   2439.3    677.3
     1     1    21     2     4    20     0     2   -45.0   47.643   82.891   2346.5    701.1
     1     1    21     2     4    19     0     1   -46.0   47.677   82.137   2257.0    704.9
     1     1    21     2     4    18     0     0   -47.0   47.690   81.391   2199.0    709.0
     1     1    21     2     4    17     0     1   -48.0   47.687   80.669   2139.6    714.1
     1     1    21     2     4    16     0     2   -49.0   47.685   79.999   2030.4    727.2
     1     1    21     2     4    15     0     3   -50.0   47.682   79.374   1908.6    749.3
     1     1    21     2     4    14     0     2   -51.0   47.669   78.763   1827.4    760.1
     1     1    21     2     4    13     0     1   -52.0   47.652   78.157   1779.2    761.6
     1     1    21     2     4    12     0     0   -53.0   47.635   77.554   1741.1    761.6
     1     1    21     2     4    11     0     1   -54.0   47.623   76.960   1705.8    764.3
     1     1    21     2     4    10     0     2   -55.0   47.617   76.377   1686.9    771.3
     1     1    21     2     4     9     0     3   -56.0   47.608   75.800   1679.7    774.4
     1     1    21     2     4     8     0     2   -57.0   47.593   75.219   1665.5    770.2
     1     1    21     2     4     7     0     1   -58.0   47.573   74.634   1634.4    773.1
     1     1    21     2     4     6     0     0   -59.0   47.550   74.053   1596.2    778.9
     1     1    21     2     4     5     0     1   -60.0   47.522   73.483   1555.7    779.2
     1     1    21     2     4     4     0     2   -61.0   47.487   72.929   1506.6    779.5
     1     1    21     2     4     3     0     3   -62.0   47.453   72.398   1458.7    790.5
     1     1    21     2     4     2     0     2   -63.0   47.415   71.887   1428.1    797.8
     1     1    21     2     4     1     0     1   -64.0   47.366   71.387   1407.2    803.2
     1     1    21     2     4     0     0     0   -65.0   47.302   70.893   1383.9    810.0
     1     1    21     2     3    23     0     1   -66.0   47.227   70.426   1352.0    821.3
     1     1    21     2     3    22     0     2   -67.0   47.140   70.003   1313.9    834.9
     1     1    21     2     3    21     0     3   -68.0   47.035   69.616   1273.8    839.9
     1     1    21     2     3    20     0     2   -69.0   46.915   69.259   1232.5    845.1
     1     1    21     2     3    19     0     1   -70.0   46.791   68.934   1196.8    851.3
     1     1    21     2     3    18     0     0   -71.0   46.667   68.639   1176.0    857.0
     1     1    21     2     3    17     0     1   -72.0   46.546   68.373   1164.1    860.3
     1     1    21     2     3    16     0     2   -73.0   46.428   68.135   1152.4    864.4
     1     1    21     2     3    15     0     3   -74.0   46.310   67.922   1138.2    867.5
     1     1    21     2     3    14     0     2   -75.0   46.200   67.725   1120.7    870.2
     1     1    21     2     3    13     0     1   -76.0   46.099   67.541   1110.8    873.2
     1     1    21     2     3    12     0     0   -77.0   46.007   67.363   1128.2    873.6
     1     1    21     2     3    11     0     1   -78.0   45.919   67.191   1161.6    868.7
     1     1    21     2     3    10     0     2   -79.0   45.829   67.035   1186.1    866.5
     1     1    21     2     3     9     0     3   -80.0   45.736   66.898   1198.9    866.9
     1     1    21     2     3     8     0     2   -81.0   45.645   66.789   1202.1    868.6
     1     1    21     2     3     7     0     1   -82.0   45.560   66.714   1198.1    870.1
     1     1    21     2     3     6     0     0   -83.0   45.483   66.672   1185.2    872.2
     1     1    21     2     3     5     0     1   -84.0   45.415   66.655   1172.1    874.9
     1     1    21     2     3     4     0     2   -85.0   45.358   66.650   1169.6    875.4
     1     1    21     2     3     3     0     3   -86.0   45.314   66.655   1180.2    874.3
     1     1    21     2     3     2     0     2   -87.0   45.278   66.661   1199.9    871.8
     1     1    21     2     3     1     0     1   -88.0   45.244   66.659   1222.1    869.5
     1     1    21     2     3     0     0     0   -89.0   45.209   66.651   1244.5    867.2
     1     1    21     2     2    23     0     1   -90.0   45.174   66.648   1258.3    865.2
     1     1    21     2     2    22     0     2   -91.0   45.136   66.669   1256.2    865.6
     1     1    21     2     2    21     0     3   -92.0   45.096   66.721   1237.3    867.7
     1     1    21     2     2    20     0     2   -93.0   45.060   66.812   1214.2    871.9
     1     1    21     2     2    19     0     1   -94.0   45.039   66.943   1198.5    873.6
     1     1    21     2     2    18     0     0   -95.0   45.032   67.112   1191.9    874.9
     1     1    21     2     2    17     0     1   -96.0   45.042   67.290   1206.4    874.1
     1     1    21     2     2    16     0     2   -97.0   45.073   67.448   1241.4    869.4
     1     1    21     2     2    15     0     3   -98.0   45.125   67.580   1285.8    863.7
     1     1    21     2     2    14     0     2   -99.0   45.190   67.684   1333.8    858.0
     1     1    21     2     2    13     0     1  -100.0   45.257   67.757   1387.2    852.1
     1     1    21     2     2    12     0     0  -101.0   45.323   67.801   1449.2    845.4
     1     1    21     2     2    11     0     1  -102.0   45.387   67.821   1508.5    837.2
     1     1    21     2     2    10     0     2  -103.0   45.452   67.828   1550.9    832.0
     1     1    21     2     2     9     0     3  -104.0   45.520   67.826   1575.6    828.7
     1     1    21     2     2     8     0     2  -105.0   45.597   67.824   1597.1    827.6
     1     1    21     2     2     7     0     1  -106.0   45.686   67.826   1631.9    823.6
     1     1    21     2     2     6     0     0  -107.0   45.787   67.833   1683.1    818.0
     1     1    21     2     2     5     0     1  -108.0   45.894   67.820   1739.2    810.0
     1     1    21     2     2     4     0     2  -109.0   45.998   67.761   1787.6    804.2
     1     1    21     2     2     3     0     3  -110.0   46.100   67.656   1825.2    799.0
     1     1    21     2     2     2     0     2  -111.0   46.208   67.529   1851.5    795.3
     1     1    21     2     2     1     0     1  -112.0   46.323   67.396   1874.0    791.6
     1     1    21     2     2     0     0     0  -113.0   46.444   67.252   1898.0    787.6
     1     1    21     2     1    23     0     1  -114.0   46.568   67.104   1921.6    782.5
     1     1    21     2     1    22     0     2  -115.0   46.689   66.953   1940.3    778.9
     1     1    21     2     1    21     0     3  -116.0   46.801   66.796   1957.2    777.6
     1     1    21     2     1    20     0     2  -117.0   46.919   66.631   1979.7    776.4
     1     1    21     2     1    19     0     1  -118.0   47.054   66.458   2015.2    773.0
     1     1    21     2     1    18     0     0  -119.0   47.199   66.278   2060.2    767.8
     1     1    21     2     1    17     0     1  -120.0   47.340   66.087   2097.9    762.1
