     5     1
    GDAS    21     2     1     0     0
    GDAS    21     2     8     0     0
    GDAS    21     2    15     0     0
    GDAS    21     2    22     0     0
    GDAS    21     3     1     0     0
     1 BACKWARD OMEGA   
    21     2    24    23   37.820  111.540  1000.0
     1 PRESSURE
     1     1    21     2    24    23     0     1     0.0   37.820  111.540   1000.0    776.6
     1     1    21     2    24    22     0     2    -1.0   37.917  111.704    977.1    772.3
     1     1    21     2    24    21     0     3    -2.0   37.999  111.815    897.2    778.3
     1     1    21     2    24    20     0     2    -3.0   38.073  111.890    806.3    786.7
     1     1    21     2    24    19     0     1    -4.0   38.153  111.954    728.0    789.6
     1     1    21     2    24    18     0     0    -5.0   38.239  112.013    664.9    791.4
     1     1    21     2    24    17     0     1    -6.0   38.323  112.065    626.7    793.6
     1     1    21     2    24    16     0     2    -7.0   38.394  112.112    612.1    792.6
     1     1    21     2    24    15     0     3    -8.0   38.451  112.159    612.5    791.2
     1     1    21     2    24    14     0     2    -9.0   38.495  112.213    625.0    789.4
     1     1    21     2    24    13     0     1   -10.0   38.527  112.282    648.8    787.5
     1     1    21     2    24    12     0     0   -11.0   38.549  112.363    681.7    785.3
     1     1    21     2    24    11     0     1   -12.0   38.562  112.452    714.3    783.6
     1     1    21     2    24    10     0     2   -13.0   38.563  112.548    736.2    783.9
     1     1    21     2    24     9     0     3   -14.0   38.555  112.653    740.4    786.3
     1     1    21     2    24     8     0     2   -15.0   38.545  112.759    732.3    791.1
     1     1    21     2    24     7     0     1   -16.0   38.545  112.857    725.4    795.1
     1     1    21     2    24     6     0     0   -17.0   38.552  112.948    728.0    797.8
     1     1    21     2    24     5     0     1   -18.0   38.550  113.017    739.9    799.4
     1     1    21     2    24     4     0     2   -19.0   38.520  113.049    755.0    800.2
     1     1    21     2    24     3     0     3   -20.0   38.458  113.047    770.7    799.4
     1     1    21     2    24     2     0     2   -21.0   38.381  113.031    789.4    796.9
     1     1    21     2    24     1     0     1   -22.0   38.311  113.020    815.9    793.8
     1     1    21     2    24     0     0     0   -23.0   38.255  113.012    854.2    789.7
     1     1    21     2    23    23     0     1   -24.0   38.203  112.984    879.7    783.5
     1     1    21     2    23    22     0     2   -25.0   38.135  112.919    867.5    783.7
     1     1    21     2    23    21     0     3   -26.0   38.045  112.827    804.1    788.8
     1     1    21     2    23    20     0     2   -27.0   37.935  112.751    720.1    801.7
     1     1    21     2    23    19     0     1   -28.0   37.804  112.711    661.2    810.5
     1     1    21     2    23    18     0     0   -29.0   37.661  112.699    634.7    816.0
     1     1    21     2    23    17     0     1   -30.0   37.516  112.716    621.7    817.9
     1     1    21     2    23    16     0     2   -31.0   37.376  112.770    598.0    822.4
     1     1    21     2    23    15     0     3   -32.0   37.240  112.862    551.3    828.6
     1     1    21     2    23    14     0     2   -33.0   37.107  113.029    485.5    839.7
     1     1    21     2    23    13     0     1   -34.0   37.003  113.289    426.4    862.1
     1     1    21     2    23    12     0     0   -35.0   36.978  113.558    371.0    879.5
     1     1    21     2    23    11     0     1   -36.0   37.017  113.772    256.9    896.7
     1     1    21     2    23    10     0     2   -37.0   37.059  113.929     86.9    931.1
     1     1    21     2    23     9     0     3   -38.0   37.065  114.078      0.0    953.9
     1     1    21     2    23     8     0     2   -39.0   37.044  114.226      0.0    963.8
     1     1    21     2    23     7     0     1   -40.0   37.003  114.359      0.0    972.6
     1     1    21     2    23     6     0     0   -41.0   36.939  114.477      0.0    981.9
     1     1    21     2    23     5     0     1   -42.0   36.863  114.582      0.0    991.5
     1     1    21     2    23     4     0     2   -43.0   36.785  114.676      0.0    999.7
     1     1    21     2    23     3     0     3   -44.0   36.702  114.759      0.0   1006.7
     1     1    21     2    23     2     0     2   -45.0   36.621  114.836      0.0   1011.6
     1     1    21     2    23     1     0     1   -46.0   36.549  114.911      0.0   1016.1
     1     1    21     2    23     0     0     0   -47.0   36.489  114.982      0.0   1020.3
     1     1    21     2    22    23     0     1   -48.0   36.433  115.053      0.0   1021.2
     1     1    21     2    22    22     0     2   -49.0   36.375  115.128      0.0   1021.2
     1     1    21     2    22    21     0     3   -50.0   36.310  115.210      0.0   1021.1
     1     1    21     2    22    20     0     2   -51.0   36.242  115.308      0.0   1021.4
     1     1    21     2    22    19     0     1   -52.0   36.172  115.429      0.0   1021.8
     1     1    21     2    22    18     0     0   -53.0   36.103  115.573      0.0   1022.5
     1     1    21     2    22    17     0     1   -54.0   36.045  115.731      0.0   1022.8
     1     1    21     2    22    16     0     2   -55.0   36.003  115.898      0.0   1023.3
     1     1    21     2    22    15     0     3   -56.0   35.972  116.073      0.1   1023.0
     1     1    21     2    22    14     0     2   -57.0   35.954  116.239      0.0   1020.2
     1     1    21     2    22    13     0     1   -58.0   35.952  116.382      0.0   1017.7
     1     1    21     2    22    12     0     0   -59.0   35.966  116.509      0.0   1015.2
     1     1    21     2    22    11     0     1   -60.0   35.998  116.648      0.0   1013.2
     1     1    21     2    22    10     0     2   -61.0   36.052  116.827      1.5   1011.3
     1     1    21     2    22     9     0     3   -62.0   36.126  117.048      4.9   1008.2
     1     1    21     2    22     8     0     2   -63.0   36.217  117.294      9.5   1003.3
     1     1    21     2    22     7     0     1   -64.0   36.323  117.547     16.3    999.3
     1     1    21     2    22     6     0     0   -65.0   36.443  117.808     28.6    996.6
     1     1    21     2    22     5     0     1   -66.0   36.582  118.075     45.0    999.1
     1     1    21     2    22     4     0     2   -67.0   36.754  118.345     57.0   1007.8
     1     1    21     2    22     3     0     3   -68.0   36.966  118.616     57.4   1017.3
     1     1    21     2    22     2     0     2   -69.0   37.203  118.892     51.7   1019.3
     1     1    21     2    22     1     0     1   -70.0   37.451  119.175     49.0   1017.0
     1     1    21     2    22     0     0     0   -71.0   37.723  119.480     54.2   1014.3
     1     1    21     2    21    23     0     1   -72.0   38.072  119.840     62.6   1014.2
     1     1    21     2    21    22     0     2   -73.0   38.510  120.231     73.4   1011.7
     1     1    21     2    21    21     0     3   -74.0   39.016  120.616     94.8   1008.7
     1     1    21     2    21    20     0     2   -75.0   39.574  120.963    122.0   1003.4
     1     1    21     2    21    19     0     1   -76.0   40.127  121.240    149.8    997.5
     1     1    21     2    21    18     0     0   -77.0   40.645  121.455    195.4    990.2
     1     1    21     2    21    17     0     1   -78.0   41.128  121.616    253.2    980.2
     1     1    21     2    21    16     0     2   -79.0   41.591  121.704    306.5    965.0
     1     1    21     2    21    15     0     3   -80.0   42.070  121.701    363.3    948.8
     1     1    21     2    21    14     0     2   -81.0   42.591  121.627    410.0    932.9
     1     1    21     2    21    13     0     1   -82.0   43.106  121.474    408.0    926.0
     1     1    21     2    21    12     0     0   -83.0   43.604  121.237    404.8    934.7
     1     1    21     2    21    11     0     1   -84.0   44.070  120.982    453.7    926.9
     1     1    21     2    21    10     0     2   -85.0   44.447  120.717    529.4    901.3
     1     1    21     2    21     9     0     3   -86.0   44.803  120.383    650.9    865.5
     1     1    21     2    21     8     0     2   -87.0   45.208  119.958    815.2    817.2
     1     1    21     2    21     7     0     1   -88.0   45.583  119.497    956.2    788.3
     1     1    21     2    21     6     0     0   -89.0   45.902  119.068   1129.8    776.7
     1     1    21     2    21     5     0     1   -90.0   46.187  118.638   1309.4    752.4
     1     1    21     2    21     4     0     2   -91.0   46.471  118.255   1443.3    748.0
     1     1    21     2    21     3     0     3   -92.0   46.732  117.960   1520.4    746.8
     1     1    21     2    21     2     0     2   -93.0   46.970  117.769   1511.0    753.5
     1     1    21     2    21     1     0     1   -94.0   47.218  117.656   1427.4    768.3
     1     1    21     2    21     0     0     0   -95.0   47.502  117.584   1306.5    783.8
     1     1    21     2    20    23     0     1   -96.0   47.813  117.527   1170.7    802.4
     1     1    21     2    20    22     0     2   -97.0   48.110  117.481   1062.2    818.1
     1     1    21     2    20    21     0     3   -98.0   48.362  117.437   1000.7    824.5
     1     1    21     2    20    20     0     2   -99.0   48.564  117.381    972.7    826.1
     1     1    21     2    20    19     0     1  -100.0   48.730  117.319    962.8    826.3
     1     1    21     2    20    18     0     0  -101.0   48.858  117.278    964.0    825.4
     1     1    21     2    20    17     0     1  -102.0   48.962  117.248    981.7    824.1
     1     1    21     2    20    16     0     2  -103.0   49.064  117.196   1012.0    818.2
     1     1    21     2    20    15     0     3  -104.0   49.170  117.116   1035.1    812.5
     1     1    21     2    20    14     0     2  -105.0   49.287  116.987   1036.9    809.2
     1     1    21     2    20    13     0     1  -106.0   49.404  116.801   1031.8    809.0
     1     1    21     2    20    12     0     0  -107.0   49.521  116.565   1047.4    805.8
     1     1    21     2    20    11     0     1  -108.0   49.646  116.280   1069.4    800.4
     1     1    21     2    20    10     0     2  -109.0   49.778  115.949   1073.5    799.6
     1     1    21     2    20     9     0     3  -110.0   49.921  115.585   1050.0    799.4
     1     1    21     2    20     8     0     2  -111.0   50.068  115.202   1019.3    802.4
     1     1    21     2    20     7     0     1  -112.0   50.228  114.787   1014.0    799.1
     1     1    21     2    20     6     0     0  -113.0   50.433  114.301   1026.6    787.7
     1     1    21     2    20     5     0     1  -114.0   50.687  113.743   1022.4    775.5
     1     1    21     2    20     4     0     2  -115.0   50.959  113.132   1011.3    765.2
     1     1    21     2    20     3     0     3  -116.0   51.240  112.470    997.9    767.5
     1     1    21     2    20     2     0     2  -117.0   51.482  111.795    961.5    773.6
     1     1    21     2    20     1     0     1  -118.0   51.684  111.134    953.7    780.6
     1     1    21     2    20     0     0     0  -119.0   51.880  110.497    972.3    786.6
     1     1    21     2    19    23     0     1  -120.0   52.086  109.887    986.4    791.9
