     5     1
    GDAS    21     2     1     0     0
    GDAS    21     2     8     0     0
    GDAS    21     2    15     0     0
    GDAS    21     2    22     0     0
    GDAS    21     3     1     0     0
     1 BACKWARD OMEGA   
    21     2     9    18   37.820  111.540  1000.0
     1 PRESSURE
     1     1    21     2     9    18     0     0     0.0   37.820  111.540   1000.0    778.2
     1     1    21     2     9    17     0     1    -1.0   37.939  111.369    998.2    782.4
     1     1    21     2     9    16     0     2    -2.0   38.068  111.203   1019.2    785.2
     1     1    21     2     9    15     0     3    -3.0   38.201  111.042   1068.3    785.6
     1     1    21     2     9    14     0     2    -4.0   38.330  110.869   1110.4    780.4
     1     1    21     2     9    13     0     1    -5.0   38.453  110.680   1117.5    779.0
     1     1    21     2     9    12     0     0    -6.0   38.581  110.475   1095.0    778.8
     1     1    21     2     9    11     0     1    -7.0   38.711  110.265   1065.3    779.2
     1     1    21     2     9    10     0     2    -8.0   38.837  110.051   1036.2    775.1
     1     1    21     2     9     9     0     3    -9.0   38.952  109.828    993.3    774.1
     1     1    21     2     9     8     0     2   -10.0   39.051  109.594    955.4    777.1
     1     1    21     2     9     7     0     1   -11.0   39.147  109.346    951.6    774.2
     1     1    21     2     9     6     0     0   -12.0   39.248  109.082    968.6    767.6
     1     1    21     2     9     5     0     1   -13.0   39.353  108.797    978.6    763.0
     1     1    21     2     9     4     0     2   -14.0   39.456  108.493    974.1    764.7
     1     1    21     2     9     3     0     3   -15.0   39.553  108.177    971.0    768.8
     1     1    21     2     9     2     0     2   -16.0   39.642  107.857    979.0    770.7
     1     1    21     2     9     1     0     1   -17.0   39.729  107.535   1004.2    767.6
     1     1    21     2     9     0     0     0   -18.0   39.825  107.194   1064.2    758.8
     1     1    21     2     8    23     0     1   -19.0   39.931  106.819   1167.3    748.4
     1     1    21     2     8    22     0     2   -20.0   40.022  106.439   1280.6    748.7
     1     1    21     2     8    21     0     3   -21.0   40.088  106.064   1373.5    751.5
     1     1    21     2     8    20     0     2   -22.0   40.154  105.694   1424.7    735.6
     1     1    21     2     8    19     0     1   -23.0   40.245  105.324   1441.4    721.3
     1     1    21     2     8    18     0     0   -24.0   40.351  104.947   1436.1    714.1
     1     1    21     2     8    17     0     1   -25.0   40.460  104.583   1435.7    720.6
     1     1    21     2     8    16     0     2   -26.0   40.575  104.238   1443.7    723.6
     1     1    21     2     8    15     0     3   -27.0   40.702  103.898   1451.2    724.2
     1     1    21     2     8    14     0     2   -28.0   40.844  103.558   1455.3    720.6
     1     1    21     2     8    13     0     1   -29.0   41.003  103.217   1471.3    717.1
     1     1    21     2     8    12     0     0   -30.0   41.174  102.867   1508.0    717.8
     1     1    21     2     8    11     0     1   -31.0   41.338  102.518   1541.9    724.1
     1     1    21     2     8    10     0     2   -32.0   41.484  102.187   1561.5    733.4
     1     1    21     2     8     9     0     3   -33.0   41.614  101.869   1583.3    739.0
     1     1    21     2     8     8     0     2   -34.0   41.734  101.557   1602.5    741.0
     1     1    21     2     8     7     0     1   -35.0   41.842  101.250   1611.1    744.3
     1     1    21     2     8     6     0     0   -36.0   41.931  100.949   1608.9    747.6
     1     1    21     2     8     5     0     1   -37.0   42.004  100.669   1620.8    749.8
     1     1    21     2     8     4     0     2   -38.0   42.074  100.412   1661.8    741.7
     1     1    21     2     8     3     0     3   -39.0   42.144  100.167   1711.9    733.2
     1     1    21     2     8     2     0     2   -40.0   42.227   99.923   1743.9    723.9
     1     1    21     2     8     1     0     1   -41.0   42.339   99.660   1747.9    713.5
     1     1    21     2     8     0     0     0   -42.0   42.481   99.361   1737.0    704.7
     1     1    21     2     7    23     0     1   -43.0   42.643   99.019   1726.4    699.3
     1     1    21     2     7    22     0     2   -44.0   42.812   98.636   1733.2    694.6
     1     1    21     2     7    21     0     3   -45.0   42.982   98.232   1773.4    689.5
     1     1    21     2     7    20     0     2   -46.0   43.144   97.812   1836.4    680.3
     1     1    21     2     7    19     0     1   -47.0   43.296   97.376   1894.1    677.9
     1     1    21     2     7    18     0     0   -48.0   43.452   96.922   1937.8    683.8
     1     1    21     2     7    17     0     1   -49.0   43.595   96.473   1977.7    693.4
     1     1    21     2     7    16     0     2   -50.0   43.721   96.038   2018.8    699.2
     1     1    21     2     7    15     0     3   -51.0   43.840   95.618   2052.0    706.2
     1     1    21     2     7    14     0     2   -52.0   43.940   95.249   2069.6    724.2
     1     1    21     2     7    13     0     1   -53.0   44.017   94.933   2061.2    737.4
     1     1    21     2     7    12     0     0   -54.0   44.080   94.644   2022.2    726.6
     1     1    21     2     7    11     0     1   -55.0   44.148   94.346   2020.4    713.0
     1     1    21     2     7    10     0     2   -56.0   44.221   94.043   2054.3    698.2
     1     1    21     2     7     9     0     3   -57.0   44.302   93.737   2078.9    676.2
     1     1    21     2     7     8     0     2   -58.0   44.390   93.433   2101.9    661.2
     1     1    21     2     7     7     0     1   -59.0   44.490   93.122   2154.7    646.3
     1     1    21     2     7     6     0     0   -60.0   44.601   92.801   2253.5    636.9
     1     1    21     2     7     5     0     1   -61.0   44.718   92.468   2359.8    628.4
     1     1    21     2     7     4     0     2   -62.0   44.828   92.123   2418.3    629.6
     1     1    21     2     7     3     0     3   -63.0   44.932   91.776   2433.3    632.8
     1     1    21     2     7     2     0     2   -64.0   45.027   91.435   2429.7    630.1
     1     1    21     2     7     1     0     1   -65.0   45.111   91.087   2444.7    625.0
     1     1    21     2     7     0     0     0   -66.0   45.183   90.703   2510.3    629.7
     1     1    21     2     6    23     0     1   -67.0   45.230   90.302   2574.1    638.0
     1     1    21     2     6    22     0     2   -68.0   45.245   89.936   2597.1    649.8
     1     1    21     2     6    21     0     3   -69.0   45.228   89.630   2548.2    660.2
     1     1    21     2     6    20     0     2   -70.0   45.209   89.386   2465.1    678.5
     1     1    21     2     6    19     0     1   -71.0   45.189   89.168   2404.5    690.3
     1     1    21     2     6    18     0     0   -72.0   45.156   88.968   2368.9    698.9
     1     1    21     2     6    17     0     1   -73.0   45.122   88.787   2339.7    701.8
     1     1    21     2     6    16     0     2   -74.0   45.108   88.620   2311.0    705.8
     1     1    21     2     6    15     0     3   -75.0   45.108   88.462   2280.3    709.6
     1     1    21     2     6    14     0     2   -76.0   45.111   88.312   2248.3    713.6
     1     1    21     2     6    13     0     1   -77.0   45.101   88.175   2212.4    717.3
     1     1    21     2     6    12     0     0   -78.0   45.068   88.060   2162.2    722.2
     1     1    21     2     6    11     0     1   -79.0   45.024   87.960   2117.5    729.9
     1     1    21     2     6    10     0     2   -80.0   44.982   87.852   2106.8    732.4
     1     1    21     2     6     9     0     3   -81.0   44.944   87.738   2126.1    730.5
     1     1    21     2     6     8     0     2   -82.0   44.909   87.615   2165.2    727.5
     1     1    21     2     6     7     0     1   -83.0   44.874   87.480   2219.1    724.1
     1     1    21     2     6     6     0     0   -84.0   44.839   87.334   2288.1    719.4
     1     1    21     2     6     5     0     1   -85.0   44.813   87.184   2360.1    713.9
     1     1    21     2     6     4     0     2   -86.0   44.805   87.029   2424.9    711.1
     1     1    21     2     6     3     0     3   -87.0   44.821   86.860   2481.9    706.8
     1     1    21     2     6     2     0     2   -88.0   44.863   86.660   2527.0    703.3
     1     1    21     2     6     1     0     1   -89.0   44.921   86.429   2554.4    703.7
     1     1    21     2     6     0     0     0   -90.0   44.980   86.181   2568.1    706.6
     1     1    21     2     5    23     0     1   -91.0   45.033   85.926   2572.8    709.4
     1     1    21     2     5    22     0     2   -92.0   45.082   85.651   2575.2    710.1
     1     1    21     2     5    21     0     3   -93.0   45.130   85.343   2577.8    709.5
     1     1    21     2     5    20     0     2   -94.0   45.171   85.007   2579.3    708.1
     1     1    21     2     5    19     0     1   -95.0   45.197   84.655   2572.0    703.8
     1     1    21     2     5    18     0     0   -96.0   45.204   84.297   2560.8    701.1
     1     1    21     2     5    17     0     1   -97.0   45.199   83.939   2549.4    699.0
     1     1    21     2     5    16     0     2   -98.0   45.196   83.593   2536.7    699.2
     1     1    21     2     5    15     0     3   -99.0   45.199   83.272   2521.8    699.2
     1     1    21     2     5    14     0     2  -100.0   45.209   82.962   2515.3    698.0
     1     1    21     2     5    13     0     1  -101.0   45.226   82.645   2523.8    693.4
     1     1    21     2     5    12     0     0  -102.0   45.256   82.309   2539.2    688.9
     1     1    21     2     5    11     0     1  -103.0   45.283   81.952   2541.1    684.6
     1     1    21     2     5    10     0     2  -104.0   45.300   81.541   2532.1    657.6
     1     1    21     2     5     9     0     3  -105.0   45.322   81.015   2586.6    614.6
     1     1    21     2     5     8     0     2  -106.0   45.356   80.366   2664.1    570.2
     1     1    21     2     5     7     0     1  -107.0   45.391   79.668   2766.0    566.7
     1     1    21     2     5     6     0     0  -108.0   45.407   79.012   2826.6    599.7
     1     1    21     2     5     5     0     1  -109.0   45.405   78.440   2818.8    649.3
     1     1    21     2     5     4     0     2  -110.0   45.398   77.937   2809.4    685.1
     1     1    21     2     5     3     0     3  -111.0   45.394   77.465   2767.9    689.5
     1     1    21     2     5     2     0     2  -112.0   45.395   76.991   2727.9    694.3
     1     1    21     2     5     1     0     1  -113.0   45.398   76.510   2688.3    698.4
     1     1    21     2     5     0     0     0  -114.0   45.400   76.021   2656.7    701.3
     1     1    21     2     4    23     0     1  -115.0   45.396   75.533   2636.6    705.0
     1     1    21     2     4    22     0     2  -116.0   45.378   75.057   2627.4    707.6
     1     1    21     2     4    21     0     3  -117.0   45.351   74.590   2628.0    708.0
     1     1    21     2     4    20     0     2  -118.0   45.316   74.127   2634.4    707.1
     1     1    21     2     4    19     0     1  -119.0   45.274   73.665   2635.8    703.8
     1     1    21     2     4    18     0     0  -120.0   45.223   73.202   2631.0    699.4
