     5     1
    GDAS    21     2     1     0     0
    GDAS    21     2     8     0     0
    GDAS    21     2    15     0     0
    GDAS    21     2    22     0     0
    GDAS    21     3     1     0     0
     1 BACKWARD OMEGA   
    21     2    12    18   44.970  -93.230   500.0
     1 PRESSURE
     1     1    21     2    12    18     0     0     0.0   44.970  -93.230    500.0    934.3
     1     1    21     2    12    17     0     1    -1.0   45.132  -93.427    529.2    930.0
     1     1    21     2    12    16     0     2    -2.0   45.299  -93.634    570.7    922.1
     1     1    21     2    12    15     0     3    -3.0   45.467  -93.848    616.4    912.5
     1     1    21     2    12    14     0     2    -4.0   45.636  -94.064    659.0    903.2
     1     1    21     2    12    13     0     1    -5.0   45.809  -94.286    701.5    894.8
     1     1    21     2    12    12     0     0    -6.0   45.993  -94.534    752.8    886.2
     1     1    21     2    12    11     0     1    -7.0   46.182  -94.829    812.5    877.0
     1     1    21     2    12    10     0     2    -8.0   46.364  -95.171    871.1    869.5
     1     1    21     2    12     9     0     3    -9.0   46.534  -95.551    926.5    864.3
     1     1    21     2    12     8     0     2   -10.0   46.687  -95.963    971.5    859.9
     1     1    21     2    12     7     0     1   -11.0   46.829  -96.398   1001.0    861.1
     1     1    21     2    12     6     0     0   -12.0   46.980  -96.849   1023.1    866.0
     1     1    21     2    12     5     0     1   -13.0   47.132  -97.319   1043.7    861.4
     1     1    21     2    12     4     0     2   -14.0   47.272  -97.810   1075.4    849.5
     1     1    21     2    12     3     0     3   -15.0   47.410  -98.315   1110.6    836.3
     1     1    21     2    12     2     0     2   -16.0   47.549  -98.839   1130.7    829.7
     1     1    21     2    12     1     0     1   -17.0   47.687  -99.376   1145.6    829.1
     1     1    21     2    12     0     0     0   -18.0   47.824  -99.913   1156.2    827.7
     1     1    21     2    11    23     0     1   -19.0   47.962 -100.467   1162.6    826.0
     1     1    21     2    11    22     0     2   -20.0   48.106 -101.054   1165.8    820.9
     1     1    21     2    11    21     0     3   -21.0   48.251 -101.673   1177.2    815.6
     1     1    21     2    11    20     0     2   -22.0   48.399 -102.310   1205.9    807.7
     1     1    21     2    11    19     0     1   -23.0   48.551 -102.919   1231.7    804.0
     1     1    21     2    11    18     0     0   -24.0   48.707 -103.485   1245.4    801.5
     1     1    21     2    11    17     0     1   -25.0   48.877 -104.022   1245.6    799.0
     1     1    21     2    11    16     0     2   -26.0   49.079 -104.553   1233.1    796.1
     1     1    21     2    11    15     0     3   -27.0   49.315 -105.064   1206.6    798.9
     1     1    21     2    11    14     0     2   -28.0   49.569 -105.553   1184.7    802.3
     1     1    21     2    11    13     0     1   -29.0   49.824 -106.041   1177.0    802.6
     1     1    21     2    11    12     0     0   -30.0   50.083 -106.515   1169.6    804.1
     1     1    21     2    11    11     0     1   -31.0   50.347 -106.962   1148.1    806.5
     1     1    21     2    11    10     0     2   -32.0   50.618 -107.389   1118.0    811.9
     1     1    21     2    11     9     0     3   -33.0   50.892 -107.802   1094.3    816.2
     1     1    21     2    11     8     0     2   -34.0   51.162 -108.196   1080.8    818.7
     1     1    21     2    11     7     0     1   -35.0   51.430 -108.564   1080.8    818.4
     1     1    21     2    11     6     0     0   -36.0   51.703 -108.894   1087.3    816.6
     1     1    21     2    11     5     0     1   -37.0   51.991 -109.197   1089.1    814.5
     1     1    21     2    11     4     0     2   -38.0   52.289 -109.469   1087.7    817.5
     1     1    21     2    11     3     0     3   -39.0   52.584 -109.692   1087.9    820.4
     1     1    21     2    11     2     0     2   -40.0   52.882 -109.887   1088.5    822.4
     1     1    21     2    11     1     0     1   -41.0   53.194 -110.090   1087.5    821.0
     1     1    21     2    11     0     0     0   -42.0   53.517 -110.291   1094.5    817.5
     1     1    21     2    10    23     0     1   -43.0   53.833 -110.472   1113.1    812.8
     1     1    21     2    10    22     0     2   -44.0   54.138 -110.637   1129.8    809.1
     1     1    21     2    10    21     0     3   -45.0   54.442 -110.784   1132.6    808.3
     1     1    21     2    10    20     0     2   -46.0   54.757 -110.904   1132.0    809.4
     1     1    21     2    10    19     0     1   -47.0   55.087 -110.991   1147.8    808.2
     1     1    21     2    10    18     0     0   -48.0   55.427 -111.038   1171.8    805.7
     1     1    21     2    10    17     0     1   -49.0   55.776 -111.056   1177.0    805.5
     1     1    21     2    10    16     0     2   -50.0   56.140 -111.057   1152.5    811.9
     1     1    21     2    10    15     0     3   -51.0   56.517 -111.027   1107.0    823.5
     1     1    21     2    10    14     0     2   -52.0   56.901 -110.966   1058.7    835.5
     1     1    21     2    10    13     0     1   -53.0   57.279 -110.902   1021.6    846.6
     1     1    21     2    10    12     0     0   -54.0   57.640 -110.835    990.9    856.5
     1     1    21     2    10    11     0     1   -55.0   57.980 -110.752    957.2    866.0
     1     1    21     2    10    10     0     2   -56.0   58.303 -110.660    919.5    874.2
     1     1    21     2    10     9     0     3   -57.0   58.604 -110.538    885.6    881.9
     1     1    21     2    10     8     0     2   -58.0   58.873 -110.366    853.5    888.6
     1     1    21     2    10     7     0     1   -59.0   59.108 -110.118    826.3    892.8
     1     1    21     2    10     6     0     0   -60.0   59.317 -109.756    815.5    888.5
     1     1    21     2    10     5     0     1   -61.0   59.525 -109.310    810.9    880.3
     1     1    21     2    10     4     0     2   -62.0   59.727 -108.789    819.8    873.5
     1     1    21     2    10     3     0     3   -63.0   59.919 -108.160    845.0    860.7
     1     1    21     2    10     2     0     2   -64.0   60.115 -107.450    870.3    853.8
     1     1    21     2    10     1     0     1   -65.0   60.315 -106.679    891.1    851.7
     1     1    21     2    10     0     0     0   -66.0   60.499 -105.861    899.0    853.6
     1     1    21     2     9    23     0     1   -67.0   60.667 -105.068    882.7    858.7
     1     1    21     2     9    22     0     2   -68.0   60.813 -104.300    874.7    864.1
     1     1    21     2     9    21     0     3   -69.0   60.951 -103.538    882.4    861.6
     1     1    21     2     9    20     0     2   -70.0   61.088 -102.728    889.5    858.8
     1     1    21     2     9    19     0     1   -71.0   61.197 -101.851    892.3    863.2
     1     1    21     2     9    18     0     0   -72.0   61.295 -100.930    875.5    866.5
     1     1    21     2     9    17     0     1   -73.0   61.391  -99.969    849.3    870.9
     1     1    21     2     9    16     0     2   -74.0   61.486  -98.972    838.8    876.5
     1     1    21     2     9    15     0     3   -75.0   61.608  -97.987    800.4    887.9
     1     1    21     2     9    14     0     2   -76.0   61.721  -97.045    743.0    901.5
     1     1    21     2     9    13     0     1   -77.0   61.797  -96.128    697.1    914.4
     1     1    21     2     9    12     0     0   -78.0   61.863  -95.224    640.3    924.6
     1     1    21     2     9    11     0     1   -79.0   61.904  -94.341    594.9    937.9
     1     1    21     2     9    10     0     2   -80.0   61.945  -93.501    548.0    947.8
     1     1    21     2     9     9     0     3   -81.0   62.006  -92.678    503.2    953.8
     1     1    21     2     9     8     0     2   -82.0   62.043  -91.862    456.2    959.5
     1     1    21     2     9     7     0     1   -83.0   62.044  -91.096    430.8    962.9
     1     1    21     2     9     6     0     0   -84.0   62.027  -90.370    411.5    964.6
     1     1    21     2     9     5     0     1   -85.0   61.986  -89.693    390.7    967.9
     1     1    21     2     9     4     0     2   -86.0   61.904  -89.078    379.8    969.3
     1     1    21     2     9     3     0     3   -87.0   61.796  -88.516    377.4    969.0
     1     1    21     2     9     2     0     2   -88.0   61.675  -87.952    372.5    968.0
     1     1    21     2     9     1     0     1   -89.0   61.544  -87.349    364.2    969.6
     1     1    21     2     9     0     0     0   -90.0   61.415  -86.694    358.2    969.7
     1     1    21     2     8    23     0     1   -91.0   61.297  -86.039    349.2    969.9
     1     1    21     2     8    22     0     2   -92.0   61.184  -85.443    336.9    971.5
     1     1    21     2     8    21     0     3   -93.0   61.079  -84.902    330.8    973.2
     1     1    21     2     8    20     0     2   -94.0   60.959  -84.398    329.3    971.4
     1     1    21     2     8    19     0     1   -95.0   60.808  -83.923    318.9    971.4
     1     1    21     2     8    18     0     0   -96.0   60.643  -83.481    293.6    973.9
     1     1    21     2     8    17     0     1   -97.0   60.484  -83.067    268.9    979.8
     1     1    21     2     8    16     0     2   -98.0   60.338  -82.671    258.5    980.7
     1     1    21     2     8    15     0     3   -99.0   60.206  -82.269    255.0    980.3
     1     1    21     2     8    14     0     2  -100.0   60.072  -81.861    257.0    980.4
     1     1    21     2     8    13     0     1  -101.0   59.912  -81.473    269.9    978.7
     1     1    21     2     8    12     0     0  -102.0   59.738  -81.153    291.4    974.8
     1     1    21     2     8    11     0     1  -103.0   59.553  -80.874    307.9    970.6
     1     1    21     2     8    10     0     2  -104.0   59.358  -80.602    311.3    970.4
     1     1    21     2     8     9     0     3  -105.0   59.155  -80.354    310.5    971.3
     1     1    21     2     8     8     0     2  -106.0   58.943  -80.141    311.2    970.8
     1     1    21     2     8     7     0     1  -107.0   58.714  -79.977    314.7    970.1
     1     1    21     2     8     6     0     0  -108.0   58.456  -79.869    322.7    968.5
     1     1    21     2     8     5     0     1  -109.0   58.178  -79.784    336.7    966.7
     1     1    21     2     8     4     0     2  -110.0   57.880  -79.717    359.7    963.8
     1     1    21     2     8     3     0     3  -111.0   57.553  -79.681    391.4    959.5
     1     1    21     2     8     2     0     2  -112.0   57.211  -79.663    421.8    954.5
     1     1    21     2     8     1     0     1  -113.0   56.871  -79.653    447.4    951.4
     1     1    21     2     8     0     0     0  -114.0   56.534  -79.660    479.0    947.7
     1     1    21     2     7    23     0     1  -115.0   56.201  -79.683    516.9    941.4
     1     1    21     2     7    22     0     2  -116.0   55.876  -79.729    550.6    935.8
     1     1    21     2     7    21     0     3  -117.0   55.567  -79.813    568.4    932.3
     1     1    21     2     7    20     0     2  -118.0   55.273  -79.921    571.5    932.6
     1     1    21     2     7    19     0     1  -119.0   54.987  -80.039    570.1    932.9
     1     1    21     2     7    18     0     0  -120.0   54.707  -80.168    568.5    933.1
