     5     1
    GDAS    21     2     1     0     0
    GDAS    21     2     8     0     0
    GDAS    21     2    15     0     0
    GDAS    21     2    22     0     0
    GDAS    21     3     1     0     0
     1 BACKWARD OMEGA   
    21     2    20    15   44.970  -93.230   500.0
     1 PRESSURE
     1     1    21     2    20    15     0     3     0.0   44.970  -93.230    500.0    925.6
     1     1    21     2    20    14     0     2    -1.0   44.779  -93.295    494.2    925.4
     1     1    21     2    20    13     0     1    -2.0   44.611  -93.373    501.6    923.3
     1     1    21     2    20    12     0     0    -3.0   44.475  -93.454    520.3    920.3
     1     1    21     2    20    11     0     1    -4.0   44.361  -93.551    546.6    917.2
     1     1    21     2    20    10     0     2    -5.0   44.257  -93.677    576.5    914.8
     1     1    21     2    20     9     0     3    -6.0   44.162  -93.834    609.6    913.0
     1     1    21     2    20     8     0     2    -7.0   44.072  -93.993    638.3    910.8
     1     1    21     2    20     7     0     1    -8.0   43.986  -94.124    655.8    907.2
     1     1    21     2    20     6     0     0    -9.0   43.901  -94.233    665.1    904.0
     1     1    21     2    20     5     0     1   -10.0   43.828  -94.336    674.7    902.2
     1     1    21     2    20     4     0     2   -11.0   43.785  -94.443    693.6    898.6
     1     1    21     2    20     3     0     3   -12.0   43.771  -94.553    724.5    893.7
     1     1    21     2    20     2     0     2   -13.0   43.789  -94.667    756.4    886.9
     1     1    21     2    20     1     0     1   -14.0   43.838  -94.788    777.3    882.8
     1     1    21     2    20     0     0     0   -15.0   43.919  -94.914    790.4    879.7
     1     1    21     2    19    23     0     1   -16.0   44.013  -95.060    810.8    876.6
     1     1    21     2    19    22     0     2   -17.0   44.103  -95.242    849.5    870.5
     1     1    21     2    19    21     0     3   -18.0   44.189  -95.453    906.9    862.3
     1     1    21     2    19    20     0     2   -19.0   44.289  -95.682    964.0    852.5
     1     1    21     2    19    19     0     1   -20.0   44.404  -95.919    997.9    848.6
     1     1    21     2    19    18     0     0   -21.0   44.531  -96.165   1007.8    847.2
     1     1    21     2    19    17     0     1   -22.0   44.665  -96.426   1012.3    845.9
     1     1    21     2    19    16     0     2   -23.0   44.814  -96.711   1030.6    838.6
     1     1    21     2    19    15     0     3   -24.0   44.996  -97.014   1061.0    827.0
     1     1    21     2    19    14     0     2   -25.0   45.185  -97.333   1089.4    832.0
     1     1    21     2    19    13     0     1   -26.0   45.352  -97.669   1099.1    838.7
     1     1    21     2    19    12     0     0   -27.0   45.502  -98.026   1094.7    842.3
     1     1    21     2    19    11     0     1   -28.0   45.653  -98.392   1073.4    838.9
     1     1    21     2    19    10     0     2   -29.0   45.824  -98.755   1043.7    834.8
     1     1    21     2    19     9     0     3   -30.0   46.010  -99.112   1021.1    831.6
     1     1    21     2    19     8     0     2   -31.0   46.203  -99.465   1029.0    833.4
     1     1    21     2    19     7     0     1   -32.0   46.404  -99.825   1059.2    830.0
     1     1    21     2    19     6     0     0   -33.0   46.612 -100.203   1084.7    826.3
     1     1    21     2    19     5     0     1   -34.0   46.834 -100.600   1089.1    824.2
     1     1    21     2    19     4     0     2   -35.0   47.076 -101.013   1075.6    825.6
     1     1    21     2    19     3     0     3   -36.0   47.335 -101.440   1058.3    826.1
     1     1    21     2    19     2     0     2   -37.0   47.601 -101.882   1043.4    824.0
     1     1    21     2    19     1     0     1   -38.0   47.871 -102.347   1031.8    823.2
     1     1    21     2    19     0     0     0   -39.0   48.140 -102.839   1017.3    826.1
     1     1    21     2    18    23     0     1   -40.0   48.400 -103.326   1000.2    830.8
     1     1    21     2    18    22     0     2   -41.0   48.651 -103.797    978.5    832.1
     1     1    21     2    18    21     0     3   -42.0   48.892 -104.294    935.9    831.9
     1     1    21     2    18    20     0     2   -43.0   49.140 -104.808    887.0    837.3
     1     1    21     2    18    19     0     1   -44.0   49.403 -105.307    860.0    840.6
     1     1    21     2    18    18     0     0   -45.0   49.676 -105.812    831.6    840.2
     1     1    21     2    18    17     0     1   -46.0   49.944 -106.340    771.1    848.2
     1     1    21     2    18    16     0     2   -47.0   50.187 -106.902    685.3    858.3
     1     1    21     2    18    15     0     3   -48.0   50.397 -107.504    624.4    866.8
     1     1    21     2    18    14     0     2   -49.0   50.584 -108.096    609.8    864.8
     1     1    21     2    18    13     0     1   -50.0   50.761 -108.659    606.9    868.7
     1     1    21     2    18    12     0     0   -51.0   50.935 -109.235    606.1    872.8
     1     1    21     2    18    11     0     1   -52.0   51.105 -109.801    592.3    872.6
     1     1    21     2    18    10     0     2   -53.0   51.270 -110.322    573.3    873.7
     1     1    21     2    18     9     0     3   -54.0   51.435 -110.812    579.8    869.4
     1     1    21     2    18     8     0     2   -55.0   51.620 -111.271    606.6    860.8
     1     1    21     2    18     7     0     1   -56.0   51.826 -111.712    636.7    852.7
     1     1    21     2    18     6     0     0   -57.0   52.044 -112.170    664.8    845.7
     1     1    21     2    18     5     0     1   -58.0   52.266 -112.628    679.2    846.9
     1     1    21     2    18     4     0     2   -59.0   52.487 -113.079    688.6    849.2
     1     1    21     2    18     3     0     3   -60.0   52.713 -113.547    710.6    843.5
     1     1    21     2    18     2     0     2   -61.0   52.941 -114.035    747.9    835.8
     1     1    21     2    18     1     0     1   -62.0   53.161 -114.529    755.0    831.1
     1     1    21     2    18     0     0     0   -63.0   53.351 -115.017    704.6    838.8
     1     1    21     2    17    23     0     1   -64.0   53.522 -115.473    696.6    843.1
     1     1    21     2    17    22     0     2   -65.0   53.700 -115.914    748.2    823.8
     1     1    21     2    17    21     0     3   -66.0   53.856 -116.349    767.3    813.4
     1     1    21     2    17    20     0     2   -67.0   53.994 -116.770    782.6    816.0
     1     1    21     2    17    19     0     1   -68.0   54.136 -117.204    827.5    807.4
     1     1    21     2    17    18     0     0   -69.0   54.258 -117.651    843.9    800.6
     1     1    21     2    17    17     0     1   -70.0   54.338 -118.089    821.6    804.8
     1     1    21     2    17    16     0     2   -71.0   54.378 -118.494    811.6    807.8
     1     1    21     2    17    15     0     3   -72.0   54.374 -118.871    837.5    801.0
     1     1    21     2    17    14     0     2   -73.0   54.344 -119.219    881.3    783.5
     1     1    21     2    17    13     0     1   -74.0   54.309 -119.535    926.6    764.6
     1     1    21     2    17    12     0     0   -75.0   54.262 -119.819    975.7    745.8
     1     1    21     2    17    11     0     1   -76.0   54.215 -120.092   1040.9    732.7
     1     1    21     2    17    10     0     2   -77.0   54.190 -120.379   1109.3    732.7
     1     1    21     2    17     9     0     3   -78.0   54.187 -120.685   1148.0    739.0
     1     1    21     2    17     8     0     2   -79.0   54.198 -120.996   1155.0    750.2
     1     1    21     2    17     7     0     1   -80.0   54.225 -121.305   1143.8    763.4
     1     1    21     2    17     6     0     0   -81.0   54.279 -121.625   1120.1    776.0
     1     1    21     2    17     5     0     1   -82.0   54.357 -121.965   1074.0    787.0
     1     1    21     2    17     4     0     2   -83.0   54.451 -122.326   1003.8    797.3
     1     1    21     2    17     3     0     3   -84.0   54.548 -122.712    913.3    812.2
     1     1    21     2    17     2     0     2   -85.0   54.646 -123.092    828.1    829.1
     1     1    21     2    17     1     0     1   -86.0   54.762 -123.465    782.4    823.5
     1     1    21     2    17     0     0     0   -87.0   54.900 -123.851    795.7    806.8
     1     1    21     2    16    23     0     1   -88.0   55.064 -124.261    841.7    795.5
     1     1    21     2    16    22     0     2   -89.0   55.241 -124.683    871.8    795.4
     1     1    21     2    16    21     0     3   -90.0   55.408 -125.107    895.1    787.3
     1     1    21     2    16    20     0     2   -91.0   55.560 -125.527    918.8    774.8
     1     1    21     2    16    19     0     1   -92.0   55.691 -125.927    937.3    764.9
     1     1    21     2    16    18     0     0   -93.0   55.787 -126.288    944.0    757.5
     1     1    21     2    16    17     0     1   -94.0   55.848 -126.600    936.3    755.6
     1     1    21     2    16    16     0     2   -95.0   55.888 -126.874    916.5    755.2
     1     1    21     2    16    15     0     3   -96.0   55.911 -127.113    886.1    761.2
     1     1    21     2    16    14     0     2   -97.0   55.916 -127.328    851.1    771.8
     1     1    21     2    16    13     0     1   -98.0   55.901 -127.535    817.0    782.1
     1     1    21     2    16    12     0     0   -99.0   55.871 -127.743    787.4    791.7
     1     1    21     2    16    11     0     1  -100.0   55.834 -127.951    761.1    800.8
     1     1    21     2    16    10     0     2  -101.0   55.802 -128.146    738.4    810.7
     1     1    21     2    16     9     0     3  -102.0   55.781 -128.327    726.2    819.4
     1     1    21     2    16     8     0     2  -103.0   55.765 -128.498    725.2    825.2
     1     1    21     2    16     7     0     1  -104.0   55.747 -128.664    726.8    830.2
     1     1    21     2    16     6     0     0  -105.0   55.727 -128.824    722.4    835.3
     1     1    21     2    16     5     0     1  -106.0   55.707 -128.969    718.6    841.4
     1     1    21     2    16     4     0     2  -107.0   55.681 -129.103    716.1    839.0
     1     1    21     2    16     3     0     3  -108.0   55.646 -129.234    707.1    837.0
     1     1    21     2    16     2     0     2  -109.0   55.609 -129.374    687.2    836.6
     1     1    21     2    16     1     0     1  -110.0   55.580 -129.528    650.3    839.2
     1     1    21     2    16     0     0     0  -111.0   55.561 -129.688    597.3    844.2
     1     1    21     2    15    23     0     1  -112.0   55.542 -129.830    532.3    850.9
     1     1    21     2    15    22     0     2  -113.0   55.521 -129.930    467.0    859.1
     1     1    21     2    15    21     0     3  -114.0   55.507 -129.978    416.2    866.3
     1     1    21     2    15    20     0     2  -115.0   55.509 -129.984    394.5    868.9
     1     1    21     2    15    19     0     1  -116.0   55.530 -129.972    403.7    865.6
     1     1    21     2    15    18     0     0  -117.0   55.564 -129.949    436.2    859.3
     1     1    21     2    15    17     0     1  -118.0   55.594 -129.926    473.4    851.5
     1     1    21     2    15    16     0     2  -119.0   55.612 -129.895    507.6    846.9
     1     1    21     2    15    15     0     3  -120.0   55.618 -129.854    539.9    843.4
