     5     1
    GDAS    21     2     1     0     0
    GDAS    21     2     8     0     0
    GDAS    21     2    15     0     0
    GDAS    21     2    22     0     0
    GDAS    21     3     1     0     0
     1 BACKWARD OMEGA   
    21     2    13    15   37.820  111.540  1000.0
     1 PRESSURE
     1     1    21     2    13    15     0     3     0.0   37.820  111.540   1000.0    776.3
     1     1    21     2    13    14     0     2    -1.0   37.951  111.236    922.8    786.9
     1     1    21     2    13    13     0     1    -2.0   37.998  110.977    815.8    804.6
     1     1    21     2    13    12     0     0    -3.0   37.992  110.758    710.5    819.6
     1     1    21     2    13    11     0     1    -4.0   37.973  110.557    650.8    827.5
     1     1    21     2    13    10     0     2    -5.0   37.956  110.379    633.6    829.3
     1     1    21     2    13     9     0     3    -6.0   37.944  110.224    640.1    828.5
     1     1    21     2    13     8     0     2    -7.0   37.941  110.083    656.4    827.6
     1     1    21     2    13     7     0     1    -8.0   37.950  109.943    682.5    825.4
     1     1    21     2    13     6     0     0    -9.0   37.968  109.804    724.7    819.9
     1     1    21     2    13     5     0     1   -10.0   37.997  109.678    780.8    812.7
     1     1    21     2    13     4     0     2   -11.0   38.047  109.582    842.9    805.1
     1     1    21     2    13     3     0     3   -12.0   38.123  109.509    905.7    796.5
     1     1    21     2    13     2     0     2   -13.0   38.230  109.430    941.0    787.8
     1     1    21     2    13     1     0     1   -14.0   38.373  109.325    933.9    786.0
     1     1    21     2    13     0     0     0   -15.0   38.557  109.194    910.1    785.9
     1     1    21     2    12    23     0     1   -16.0   38.764  109.034    905.7    784.0
     1     1    21     2    12    22     0     2   -17.0   38.970  108.827    932.3    775.8
     1     1    21     2    12    21     0     3   -18.0   39.163  108.562    977.6    766.8
     1     1    21     2    12    20     0     2   -19.0   39.337  108.253   1031.8    761.3
     1     1    21     2    12    19     0     1   -20.0   39.498  107.915   1085.6    759.0
     1     1    21     2    12    18     0     0   -21.0   39.647  107.542   1135.2    756.0
     1     1    21     2    12    17     0     1   -22.0   39.775  107.143   1213.7    747.2
     1     1    21     2    12    16     0     2   -23.0   39.879  106.745   1319.7    735.5
     1     1    21     2    12    15     0     3   -24.0   39.968  106.382   1347.3    739.0
     1     1    21     2    12    14     0     2   -25.0   40.064  106.063   1250.4    762.2
     1     1    21     2    12    13     0     1   -26.0   40.182  105.746   1169.5    770.9
     1     1    21     2    12    12     0     0   -27.0   40.324  105.386   1233.3    752.7
     1     1    21     2    12    11     0     1   -28.0   40.474  104.975   1407.0    722.0
     1     1    21     2    12    10     0     2   -29.0   40.638  104.522   1531.1    705.3
     1     1    21     2    12     9     0     3   -30.0   40.818  104.056   1507.1    712.2
     1     1    21     2    12     8     0     2   -31.0   40.986  103.575   1443.0    724.3
     1     1    21     2    12     7     0     1   -32.0   41.134  103.053   1449.3    721.5
     1     1    21     2    12     6     0     0   -33.0   41.261  102.488   1489.8    726.3
     1     1    21     2    12     5     0     1   -34.0   41.365  101.934   1513.3    738.7
     1     1    21     2    12     4     0     2   -35.0   41.465  101.420   1527.3    744.0
     1     1    21     2    12     3     0     3   -36.0   41.554  100.937   1550.5    747.8
     1     1    21     2    12     2     0     2   -37.0   41.630  100.465   1579.5    742.3
     1     1    21     2    12     1     0     1   -38.0   41.701   99.993   1602.6    738.5
     1     1    21     2    12     0     0     0   -39.0   41.771   99.521   1582.0    723.5
     1     1    21     2    11    23     0     1   -40.0   41.831   99.050   1541.5    715.3
     1     1    21     2    11    22     0     2   -41.0   41.894   98.554   1544.3    707.4
     1     1    21     2    11    21     0     3   -42.0   41.972   98.010   1594.8    689.4
     1     1    21     2    11    20     0     2   -43.0   42.016   97.441   1564.1    673.3
     1     1    21     2    11    19     0     1   -44.0   41.998   96.864   1438.9    680.8
     1     1    21     2    11    18     0     0   -45.0   41.960   96.270   1402.3    672.5
     1     1    21     2    11    17     0     1   -46.0   41.925   95.712   1459.5    669.3
     1     1    21     2    11    16     0     2   -47.0   41.867   95.262   1468.6    694.0
     1     1    21     2    11    15     0     3   -48.0   41.782   94.915   1407.8    717.0
     1     1    21     2    11    14     0     2   -49.0   41.702   94.637   1333.0    734.7
     1     1    21     2    11    13     0     1   -50.0   41.654   94.408   1291.5    745.9
     1     1    21     2    11    12     0     0   -51.0   41.624   94.224   1287.9    752.2
     1     1    21     2    11    11     0     1   -52.0   41.619   94.069   1297.5    754.5
     1     1    21     2    11    10     0     2   -53.0   41.651   93.935   1287.3    758.8
     1     1    21     2    11     9     0     3   -54.0   41.722   93.825   1254.6    765.3
     1     1    21     2    11     8     0     2   -55.0   41.816   93.730   1219.7    774.4
     1     1    21     2    11     7     0     1   -56.0   41.923   93.638   1200.0    781.1
     1     1    21     2    11     6     0     0   -57.0   42.046   93.546   1193.6    784.0
     1     1    21     2    11     5     0     1   -58.0   42.173   93.445   1193.5    781.2
     1     1    21     2    11     4     0     2   -59.0   42.292   93.342   1197.4    781.0
     1     1    21     2    11     3     0     3   -60.0   42.400   93.245   1204.5    782.5
     1     1    21     2    11     2     0     2   -61.0   42.490   93.143   1214.1    785.4
     1     1    21     2    11     1     0     1   -62.0   42.559   93.029   1225.8    790.4
     1     1    21     2    11     0     0     0   -63.0   42.617   92.897   1238.0    793.0
     1     1    21     2    10    23     0     1   -64.0   42.670   92.755   1259.3    795.6
     1     1    21     2    10    22     0     2   -65.0   42.707   92.615   1302.0    796.0
     1     1    21     2    10    21     0     3   -66.0   42.716   92.477   1371.5    793.2
     1     1    21     2    10    20     0     2   -67.0   42.703   92.341   1454.0    787.0
     1     1    21     2    10    19     0     1   -68.0   42.679   92.207   1515.1    781.0
     1     1    21     2    10    18     0     0   -69.0   42.636   92.089   1520.1    779.9
     1     1    21     2    10    17     0     1   -70.0   42.585   91.980   1520.0    784.9
     1     1    21     2    10    16     0     2   -71.0   42.529   91.831   1563.5    775.8
     1     1    21     2    10    15     0     3   -72.0   42.475   91.631   1630.1    761.9
     1     1    21     2    10    14     0     2   -73.0   42.457   91.383   1658.1    750.4
     1     1    21     2    10    13     0     1   -74.0   42.490   91.106   1638.0    753.0
     1     1    21     2    10    12     0     0   -75.0   42.549   90.835   1601.5    760.0
     1     1    21     2    10    11     0     1   -76.0   42.604   90.599   1582.0    768.3
     1     1    21     2    10    10     0     2   -77.0   42.659   90.376   1606.3    767.6
     1     1    21     2    10     9     0     3   -78.0   42.737   90.138   1648.8    764.4
     1     1    21     2    10     8     0     2   -79.0   42.829   89.924   1625.6    764.8
     1     1    21     2    10     7     0     1   -80.0   42.902   89.820   1508.1    785.3
     1     1    21     2    10     6     0     0   -81.0   42.954   89.798   1311.8    807.2
     1     1    21     2    10     5     0     1   -82.0   42.991   89.808   1118.8    835.8
     1     1    21     2    10     4     0     2   -83.0   43.018   89.839    988.6    845.5
     1     1    21     2    10     3     0     3   -84.0   43.033   89.900    900.2    850.8
     1     1    21     2    10     2     0     2   -85.0   43.039   89.985    833.9    851.8
     1     1    21     2    10     1     0     1   -86.0   43.042   90.074    760.6    858.5
     1     1    21     2    10     0     0     0   -87.0   43.048   90.170    682.7    867.9
     1     1    21     2     9    23     0     1   -88.0   43.055   90.273    633.1    877.3
     1     1    21     2     9    22     0     2   -89.0   43.053   90.369    626.4    878.3
     1     1    21     2     9    21     0     3   -90.0   43.039   90.456    647.2    876.7
     1     1    21     2     9    20     0     2   -91.0   43.019   90.546    664.8    874.5
     1     1    21     2     9    19     0     1   -92.0   43.006   90.648    660.7    878.1
     1     1    21     2     9    18     0     0   -93.0   42.999   90.761    643.7    882.8
     1     1    21     2     9    17     0     1   -94.0   42.987   90.860    618.0    886.6
     1     1    21     2     9    16     0     2   -95.0   42.962   90.919    580.2    889.5
     1     1    21     2     9    15     0     3   -96.0   42.928   90.942    527.3    892.9
     1     1    21     2     9    14     0     2   -97.0   42.901   90.931    488.6    898.4
     1     1    21     2     9    13     0     1   -98.0   42.891   90.893    493.6    896.5
     1     1    21     2     9    12     0     0   -99.0   42.894   90.833    544.8    890.6
     1     1    21     2     9    11     0     1  -100.0   42.898   90.778    605.1    879.9
     1     1    21     2     9    10     0     2  -101.0   42.880   90.742    630.0    875.6
     1     1    21     2     9     9     0     3  -102.0   42.842   90.714    620.4    874.2
     1     1    21     2     9     8     0     2  -103.0   42.800   90.687    599.7    876.9
     1     1    21     2     9     7     0     1  -104.0   42.775   90.660    600.8    875.9
     1     1    21     2     9     6     0     0  -105.0   42.771   90.634    628.2    873.6
     1     1    21     2     9     5     0     1  -106.0   42.772   90.611    663.7    866.7
     1     1    21     2     9     4     0     2  -107.0   42.763   90.587    674.9    863.9
     1     1    21     2     9     3     0     3  -108.0   42.743   90.558    655.2    864.2
     1     1    21     2     9     2     0     2  -109.0   42.710   90.516    616.0    867.8
     1     1    21     2     9     1     0     1  -110.0   42.662   90.449    569.2    869.8
     1     1    21     2     9     0     0     0  -111.0   42.598   90.358    519.4    872.0
     1     1    21     2     8    23     0     1  -112.0   42.534   90.267    487.9    874.8
     1     1    21     2     8    22     0     2  -113.0   42.485   90.198    488.8    872.8
     1     1    21     2     8    21     0     3  -114.0   42.450   90.150    518.3    868.4
     1     1    21     2     8    20     0     2  -115.0   42.424   90.114    549.2    862.3
     1     1    21     2     8    19     0     1  -116.0   42.399   90.084    554.8    861.6
     1     1    21     2     8    18     0     0  -117.0   42.378   90.061    535.0    863.7
     1     1    21     2     8    17     0     1  -118.0   42.358   90.050    514.0    868.3
     1     1    21     2     8    16     0     2  -119.0   42.340   90.052    514.8    867.8
     1     1    21     2     8    15     0     3  -120.0   42.322   90.065    536.5    864.9
