     5     1
    GDAS    21     2     1     0     0
    GDAS    21     2     8     0     0
    GDAS    21     2    15     0     0
    GDAS    21     2    22     0     0
    GDAS    21     3     1     0     0
     1 BACKWARD OMEGA   
    21     2     2    21   37.820  111.540  1000.0
     1 PRESSURE
     1     1    21     2     2    21     0     3     0.0   37.820  111.540   1000.0    775.0
     1     1    21     2     2    20     0     2    -1.0   38.064  111.018    947.3    785.2
     1     1    21     2     2    19     0     1    -2.0   38.232  110.554    843.4    804.2
     1     1    21     2     2    18     0     0    -3.0   38.366  110.053    745.8    810.9
     1     1    21     2     2    17     0     1    -4.0   38.474  109.536    662.5    813.5
     1     1    21     2     2    16     0     2    -5.0   38.544  109.024    610.0    814.8
     1     1    21     2     2    15     0     3    -6.0   38.563  108.533    589.9    808.4
     1     1    21     2     2    14     0     2    -7.0   38.542  108.077    586.7    800.9
     1     1    21     2     2    13     0     1    -8.0   38.510  107.663    587.0    802.5
     1     1    21     2     2    12     0     0    -9.0   38.469  107.305    574.3    806.1
     1     1    21     2     2    11     0     1   -10.0   38.421  106.984    551.8    810.5
     1     1    21     2     2    10     0     2   -11.0   38.378  106.676    554.2    806.2
     1     1    21     2     2     9     0     3   -12.0   38.348  106.374    606.9    796.1
     1     1    21     2     2     8     0     2   -13.0   38.328  106.072    697.3    783.4
     1     1    21     2     2     7     0     1   -14.0   38.323  105.748    795.6    774.3
     1     1    21     2     2     6     0     0   -15.0   38.324  105.414    859.6    771.4
     1     1    21     2     2     5     0     1   -16.0   38.327  105.098    888.2    773.9
     1     1    21     2     2     4     0     2   -17.0   38.338  104.804    904.3    774.0
     1     1    21     2     2     3     0     3   -18.0   38.356  104.521    928.3    770.7
     1     1    21     2     2     2     0     2   -19.0   38.386  104.234    964.1    765.0
     1     1    21     2     2     1     0     1   -20.0   38.436  103.937   1005.2    759.5
     1     1    21     2     2     0     0     0   -21.0   38.502  103.630   1043.1    753.7
     1     1    21     2     1    23     0     1   -22.0   38.586  103.300   1071.4    749.2
     1     1    21     2     1    22     0     2   -23.0   38.686  102.934   1092.8    743.8
     1     1    21     2     1    21     0     3   -24.0   38.796  102.537   1129.4    735.6
     1     1    21     2     1    20     0     2   -25.0   38.923  102.117   1187.3    732.8
     1     1    21     2     1    19     0     1   -26.0   39.087  101.664   1266.4    716.2
     1     1    21     2     1    18     0     0   -27.0   39.325  101.159   1439.9    688.3
     1     1    21     2     1    17     0     1   -28.0   39.588  100.650   1629.3    674.1
     1     1    21     2     1    16     0     2   -29.0   39.837  100.168   1732.0    681.0
     1     1    21     2     1    15     0     3   -30.0   40.097   99.664   1793.1    690.0
     1     1    21     2     1    14     0     2   -31.0   40.352   99.106   1801.3    687.0
     1     1    21     2     1    13     0     1   -32.0   40.582   98.527   1738.1    682.7
     1     1    21     2     1    12     0     0   -33.0   40.776   97.974   1658.6    686.6
     1     1    21     2     1    11     0     1   -34.0   40.933   97.468   1606.9    682.4
     1     1    21     2     1    10     0     2   -35.0   41.062   96.988   1598.8    668.8
     1     1    21     2     1     9     0     3   -36.0   41.163   96.536   1600.8    668.8
     1     1    21     2     1     8     0     2   -37.0   41.236   96.119   1590.5    669.8
     1     1    21     2     1     7     0     1   -38.0   41.290   95.732   1588.1    672.7
     1     1    21     2     1     6     0     0   -39.0   41.327   95.370   1596.9    677.7
     1     1    21     2     1     5     0     1   -40.0   41.352   95.045   1613.6    683.0
     1     1    21     2     1     4     0     2   -41.0   41.371   94.766   1639.4    690.9
     1     1    21     2     1     3     0     3   -42.0   41.386   94.530   1667.0    697.8
     1     1    21     2     1     2     0     2   -43.0   41.407   94.317   1681.7    703.7
     1     1    21     2     1     1     0     1   -44.0   41.440   94.113   1669.2    713.3
     1     1    21     2     1     0     0     0   -45.0   41.485   93.919   1632.3    722.7
