     5     1
    GDAS    21     2     1     0     0
    GDAS    21     2     8     0     0
    GDAS    21     2    15     0     0
    GDAS    21     2    22     0     0
    GDAS    21     3     1     0     0
     1 BACKWARD OMEGA   
    21     2    10    21   37.820  111.540  1000.0
     1 PRESSURE
     1     1    21     2    10    21     0     3     0.0   37.820  111.540   1000.0    777.2
     1     1    21     2    10    20     0     2    -1.0   37.560  111.268    959.5    781.3
     1     1    21     2    10    19     0     1    -2.0   37.265  111.068    949.9    778.1
     1     1    21     2    10    18     0     0    -3.0   36.952  110.930    996.7    769.0
     1     1    21     2    10    17     0     1    -4.0   36.624  110.846   1073.8    761.9
     1     1    21     2    10    16     0     2    -5.0   36.290  110.814   1152.1    757.3
     1     1    21     2    10    15     0     3    -6.0   35.972  110.826   1254.6    751.7
     1     1    21     2    10    14     0     2    -7.0   35.681  110.860   1414.5    758.9
     1     1    21     2    10    13     0     1    -8.0   35.422  110.895   1603.5    756.7
     1     1    21     2    10    12     0     0    -9.0   35.198  110.938   1783.8    754.3
     1     1    21     2    10    11     0     1   -10.0   35.000  110.999   1926.9    752.3
     1     1    21     2    10    10     0     2   -11.0   34.813  111.077   2013.0    739.2
     1     1    21     2    10     9     0     3   -12.0   34.631  111.160   2082.1    729.4
     1     1    21     2    10     8     0     2   -13.0   34.458  111.237   2148.9    718.5
     1     1    21     2    10     7     0     1   -14.0   34.302  111.307   2203.8    709.3
     1     1    21     2    10     6     0     0   -15.0   34.161  111.381   2241.5    702.8
     1     1    21     2    10     5     0     1   -16.0   34.045  111.471   2274.9    699.3
     1     1    21     2    10     4     0     2   -17.0   33.961  111.585   2314.3    698.1
     1     1    21     2    10     3     0     3   -18.0   33.910  111.719   2347.7    699.8
     1     1    21     2    10     2     0     2   -19.0   33.885  111.856   2367.4    701.9
     1     1    21     2    10     1     0     1   -20.0   33.872  111.977   2376.7    704.0
     1     1    21     2    10     0     0     0   -21.0   33.869  112.081   2379.4    708.0
     1     1    21     2     9    23     0     1   -22.0   33.885  112.165   2391.4    711.6
     1     1    21     2     9    22     0     2   -23.0   33.939  112.225   2429.9    708.3
     1     1    21     2     9    21     0     3   -24.0   34.034  112.256   2490.4    702.2
     1     1    21     2     9    20     0     2   -25.0   34.151  112.228   2579.6    696.0
     1     1    21     2     9    19     0     1   -26.0   34.271  112.131   2714.2    682.9
     1     1    21     2     9    18     0     0   -27.0   34.401  111.977   2904.9    663.4
     1     1    21     2     9    17     0     1   -28.0   34.547  111.775   3081.0    644.0
     1     1    21     2     9    16     0     2   -29.0   34.712  111.548   3175.8    638.8
     1     1    21     2     9    15     0     3   -30.0   34.896  111.314   3204.2    640.6
     1     1    21     2     9    14     0     2   -31.0   35.089  111.070   3207.6    639.8
     1     1    21     2     9    13     0     1   -32.0   35.293  110.777   3194.5    626.2
     1     1    21     2     9    12     0     0   -33.0   35.505  110.425   3114.5    619.3
     1     1    21     2     9    11     0     1   -34.0   35.701  110.030   2990.4    625.3
     1     1    21     2     9    10     0     2   -35.0   35.876  109.597   2904.9    623.3
     1     1    21     2     9     9     0     3   -36.0   36.031  109.151   2894.4    617.2
     1     1    21     2     9     8     0     2   -37.0   36.162  108.704   2928.2    609.7
     1     1    21     2     9     7     0     1   -38.0   36.279  108.253   2981.1    599.9
     1     1    21     2     9     6     0     0   -39.0   36.397  107.804   3025.4    589.1
     1     1    21     2     9     5     0     1   -40.0   36.531  107.350   3047.4    581.0
     1     1    21     2     9     4     0     2   -41.0   36.684  106.884   3072.9    575.1
     1     1    21     2     9     3     0     3   -42.0   36.855  106.413   3146.4    569.1
     1     1    21     2     9     2     0     2   -43.0   37.048  105.930   3254.8    562.9
     1     1    21     2     9     1     0     1   -44.0   37.266  105.428   3352.9    552.7
     1     1    21     2     9     0     0     0   -45.0   37.511  104.908   3458.2    541.9
     1     1    21     2     8    23     0     1   -46.0   37.778  104.374   3545.2    536.1
     1     1    21     2     8    22     0     2   -47.0   38.063  103.832   3602.1    536.0
     1     1    21     2     8    21     0     3   -48.0   38.362  103.283   3667.3    534.9
     1     1    21     2     8    20     0     2   -49.0   38.671  102.711   3729.2    520.6
     1     1    21     2     8    19     0     1   -50.0   38.985  102.118   3832.5    525.9
     1     1    21     2     8    18     0     0   -51.0   39.323  101.521   3939.0    505.9
     1     1    21     2     8    17     0     1   -52.0   39.681  100.910   4083.3    495.2
     1     1    21     2     8    16     0     2   -53.0   40.040  100.287   4197.8    501.3
     1     1    21     2     8    15     0     3   -54.0   40.402   99.665   4231.6    501.9
     1     1    21     2     8    14     0     2   -55.0   40.764   99.045   4227.8    498.0
     1     1    21     2     8    13     0     1   -56.0   41.127   98.419   4372.7    492.9
     1     1    21     2     8    12     0     0   -57.0   41.527   97.746   4684.7    459.9
     1     1    21     2     8    11     0     1   -58.0   41.983   96.990   4906.1    425.9
     1     1    21     2     8    10     0     2   -59.0   42.449   96.187   5019.9    432.1
     1     1    21     2     8     9     0     3   -60.0   42.884   95.373   5126.4    428.9
     1     1    21     2     8     8     0     2   -61.0   43.308   94.489   5346.4    418.0
     1     1    21     2     8     7     0     1   -62.0   43.691   93.640   5349.4    436.9
     1     1    21     2     8     6     0     0   -63.0   44.048   92.811   5183.0    421.9
     1     1    21     2     8     5     0     1   -64.0   44.398   91.963   5199.5    423.4
     1     1    21     2     8     4     0     2   -65.0   44.742   91.108   5298.8    429.2
     1     1    21     2     8     3     0     3   -66.0   45.057   90.222   5483.6    436.2
     1     1    21     2     8     2     0     2   -67.0   45.330   89.298   5673.2    443.0
     1     1    21     2     8     1     0     1   -68.0   45.600   88.306   5846.2    440.3
     1     1    21     2     8     0     0     0   -69.0   45.845   87.208   6079.9    434.7
     1     1    21     2     7    23     0     1   -70.0   46.018   86.014   6259.8    430.6
     1     1    21     2     7    22     0     2   -71.0   46.167   84.684   6115.3    396.3
     1     1    21     2     7    21     0     3   -72.0   46.315   83.197   5969.1    384.7
     1     1    21     2     7    20     0     2   -73.0   46.408   81.700   6226.9    421.1
     1     1    21     2     7    19     0     1   -74.0   46.442   80.139   6264.3    423.4
     1     1    21     2     7    18     0     0   -75.0   46.399   78.508   6329.7    422.7
     1     1    21     2     7    17     0     1   -76.0   46.301   76.805   6388.8    419.4
     1     1    21     2     7    16     0     2   -77.0   46.139   75.066   6385.9    421.9
     1     1    21     2     7    15     0     3   -78.0   45.920   73.278   6428.8    415.6
     1     1    21     2     7    14     0     2   -79.0   45.662   71.473   6381.1    419.8
     1     1    21     2     7    13     0     1   -80.0   45.376   69.676   6343.0    429.5
     1     1    21     2     7    12     0     0   -81.0   45.067   67.973   6238.4    443.0
     1     1    21     2     7    11     0     1   -82.0   44.785   66.329   6183.6    446.3
     1     1    21     2     7    10     0     2   -83.0   44.546   64.656   6159.0    449.8
     1     1    21     2     7     9     0     3   -84.0   44.318   62.981   6080.4    456.4
     1     1    21     2     7     8     0     2   -85.0   44.122   61.309   6073.8    456.9
     1     1    21     2     7     7     0     1   -86.0   43.969   59.631   6100.3    460.3
     1     1    21     2     7     6     0     0   -87.0   43.849   57.944   6097.8    450.2
     1     1    21     2     7     5     0     1   -88.0   43.769   56.265   5953.5    458.9
     1     1    21     2     7     4     0     2   -89.0   43.715   54.568   5887.0    460.8
     1     1    21     2     7     3     0     3   -90.0   43.685   52.910   5973.8    460.2
     1     1    21     2     7     2     0     2   -91.0   43.701   51.294   6234.5    448.6
     1     1    21     2     7     1     0     1   -92.0   43.811   49.683   6547.7    433.5
     1     1    21     2     7     0     0     0   -93.0   44.072   47.954   6887.7    410.8
     1     1    21     2     6    23     0     1   -94.0   44.404   46.127   6918.1    407.2
     1     1    21     2     6    22     0     2   -95.0   44.764   44.252   6781.6    407.0
     1     1    21     2     6    21     0     3   -96.0   45.136   42.345   6465.2    410.6
     1     1    21     2     6    20     0     2   -97.0   45.531   40.481   6307.9    437.7
     1     1    21     2     6    19     0     1   -98.0   45.979   38.615   6231.8    448.4
     1     1    21     2     6    18     0     0   -99.0   46.476   36.740   6212.1    445.6
     1     1    21     2     6    17     0     1  -100.0   46.988   34.840   6208.3    443.9
     1     1    21     2     6    16     0     2  -101.0   47.522   32.898   6325.0    435.8
     1     1    21     2     6    15     0     3  -102.0   48.056   30.915   6259.2    433.1
     1     1    21     2     6    14     0     2  -103.0   48.568   28.943   6131.6    438.2
     1     1    21     2     6    13     0     1  -104.0   49.050   27.061   6096.9    438.5
     1     1    21     2     6    12     0     0  -105.0   49.487   25.199   6022.8    442.8
     1     1    21     2     6    11     0     1  -106.0   49.875   23.383   5961.9    446.5
     1     1    21     2     6    10     0     2  -107.0   50.220   21.638   5946.2    451.1
     1     1    21     2     6     9     0     3  -108.0   50.540   19.899   5972.6    449.5
     1     1    21     2     6     8     0     2  -109.0   50.791   18.216   5987.9    452.4
     1     1    21     2     6     7     0     1  -110.0   50.986   16.588   5945.3    452.8
     1     1    21     2     6     6     0     0  -111.0   51.099   14.936   5933.1    451.5
     1     1    21     2     6     5     0     1  -112.0   51.154   13.372   5949.0    451.9
     1     1    21     2     6     4     0     2  -113.0   51.096   11.886   5848.4    456.2
     1     1    21     2     6     3     0     3  -114.0   50.886   10.491   5469.5    479.0
     1     1    21     2     6     2     0     2  -115.0   50.662    9.175   5128.0    506.5
     1     1    21     2     6     1     0     1  -116.0   50.427    8.024   4860.2    520.7
     1     1    21     2     6     0     0     0  -117.0   50.125    7.058   4526.6    547.9
     1     1    21     2     5    23     0     1  -118.0   49.760    6.198   4092.9    578.8
     1     1    21     2     5    22     0     2  -119.0   49.438    5.357   3908.6    596.0
     1     1    21     2     5    21     0     3  -120.0   49.177    4.608   3763.5    613.3
