     5     1
    GDAS    21     2     1     0     0
    GDAS    21     2     8     0     0
    GDAS    21     2    15     0     0
    GDAS    21     2    22     0     0
    GDAS    21     3     1     0     0
     1 BACKWARD OMEGA   
    21     2    14    17   37.820  111.540  1000.0
     1 PRESSURE
     1     1    21     2    14    17     0     1     0.0   37.820  111.540   1000.0    776.0
     1     1    21     2    14    16     0     2    -1.0   38.265  111.162   1208.0    760.4
     1     1    21     2    14    15     0     3    -2.0   38.690  110.820   1301.7    755.5
     1     1    21     2    14    14     0     2    -3.0   39.088  110.488   1320.4    753.1
     1     1    21     2    14    13     0     1    -4.0   39.500  110.106   1355.1    736.6
     1     1    21     2    14    12     0     0    -5.0   39.928  109.647   1424.5    717.2
     1     1    21     2    14    11     0     1    -6.0   40.351  109.135   1491.9    712.9
     1     1    21     2    14    10     0     2    -7.0   40.726  108.659   1513.8    728.5
     1     1    21     2    14     9     0     3    -8.0   41.046  108.260   1531.7    740.7
     1     1    21     2    14     8     0     2    -9.0   41.357  107.874   1564.8    727.1
     1     1    21     2    14     7     0     1   -10.0   41.678  107.477   1578.3    716.9
     1     1    21     2    14     6     0     0   -11.0   41.998  107.122   1591.3    720.7
     1     1    21     2    14     5     0     1   -12.0   42.321  106.779   1643.9    717.7
     1     1    21     2    14     4     0     2   -13.0   42.645  106.427   1724.3    708.8
     1     1    21     2    14     3     0     3   -14.0   42.971  106.075   1830.2    687.9
     1     1    21     2    14     2     0     2   -15.0   43.305  105.674   1897.1    665.2
     1     1    21     2    14     1     0     1   -16.0   43.655  105.210   1916.7    658.0
     1     1    21     2    14     0     0     0   -17.0   44.020  104.760   1962.3    659.2
     1     1    21     2    13    23     0     1   -18.0   44.382  104.329   2033.3    662.0
     1     1    21     2    13    22     0     2   -19.0   44.709  103.907   2090.6    664.3
     1     1    21     2    13    21     0     3   -20.0   45.005  103.503   2109.7    661.9
     1     1    21     2    13    20     0     2   -21.0   45.283  103.098   2094.1    652.3
     1     1    21     2    13    19     0     1   -22.0   45.567  102.666   2079.1    635.7
     1     1    21     2    13    18     0     0   -23.0   45.881  102.208   2061.9    605.9
     1     1    21     2    13    17     0     1   -24.0   46.232  101.750   2054.6    594.5
     1     1    21     2    13    16     0     2   -25.0   46.630  101.298   2087.6    583.1
     1     1    21     2    13    15     0     3   -26.0   47.119  100.835   2234.6    549.6
     1     1    21     2    13    14     0     2   -27.0   47.655  100.337   2393.4    539.2
     1     1    21     2    13    13     0     1   -28.0   48.185   99.835   2419.3    552.3
     1     1    21     2    13    12     0     0   -29.0   48.706   99.370   2394.7    559.6
     1     1    21     2    13    11     0     1   -30.0   49.187   98.929   2385.9    563.9
     1     1    21     2    13    10     0     2   -31.0   49.644   98.477   2450.8    558.6
     1     1    21     2    13     9     0     3   -32.0   50.120   98.035   2557.2    543.2
     1     1    21     2    13     8     0     2   -33.0   50.583   97.616   2722.4    549.2
     1     1    21     2    13     7     0     1   -34.0   50.982   97.228   2919.3    565.5
     1     1    21     2    13     6     0     0   -35.0   51.340   96.871   3086.8    561.3
     1     1    21     2    13     5     0     1   -36.0   51.676   96.521   3192.5    547.2
     1     1    21     2    13     4     0     2   -37.0   52.004   96.184   3243.8    535.3
     1     1    21     2    13     3     0     3   -38.0   52.312   95.847   3284.5    538.5
     1     1    21     2    13     2     0     2   -39.0   52.579   95.479   3305.4    548.7
     1     1    21     2    13     1     0     1   -40.0   52.805   95.092   3317.7    558.0
     1     1    21     2    13     0     0     0   -41.0   53.000   94.712   3319.5    562.9
     1     1    21     2    12    23     0     1   -42.0   53.152   94.314   3316.0    567.2
     1     1    21     2    12    22     0     2   -43.0   53.249   93.875   3336.6    574.3
     1     1    21     2    12    21     0     3   -44.0   53.303   93.402   3383.4    584.5
     1     1    21     2    12    20     0     2   -45.0   53.336   92.920   3402.1    593.2
     1     1    21     2    12    19     0     1   -46.0   53.351   92.455   3370.2    599.2
     1     1    21     2    12    18     0     0   -47.0   53.343   91.991   3321.5    605.1
     1     1    21     2    12    17     0     1   -48.0   53.326   91.518   3259.7    610.2
     1     1    21     2    12    16     0     2   -49.0   53.305   91.039   3190.0    616.2
     1     1    21     2    12    15     0     3   -50.0   53.267   90.534   3118.7    620.9
     1     1    21     2    12    14     0     2   -51.0   53.213   89.997   3072.5    624.7
     1     1    21     2    12    13     0     1   -52.0   53.155   89.467   3037.6    615.3
     1     1    21     2    12    12     0     0   -53.0   53.096   88.966   3020.8    605.9
     1     1    21     2    12    11     0     1   -54.0   53.021   88.469   3024.7    616.4
     1     1    21     2    12    10     0     2   -55.0   52.913   87.977   2996.8    627.9
     1     1    21     2    12     9     0     3   -56.0   52.773   87.493   2974.8    643.3
     1     1    21     2    12     8     0     2   -57.0   52.630   87.018   2955.3    657.6
     1     1    21     2    12     7     0     1   -58.0   52.500   86.571   2905.2    664.7
     1     1    21     2    12     6     0     0   -59.0   52.377   86.156   2852.6    671.1
     1     1    21     2    12     5     0     1   -60.0   52.272   85.751   2805.7    674.7
     1     1    21     2    12     4     0     2   -61.0   52.193   85.342   2773.5    674.8
     1     1    21     2    12     3     0     3   -62.0   52.134   84.938   2759.9    674.1
     1     1    21     2    12     2     0     2   -63.0   52.092   84.535   2755.9    677.0
     1     1    21     2    12     1     0     1   -64.0   52.067   84.140   2734.1    682.7
     1     1    21     2    12     0     0     0   -65.0   52.050   83.769   2698.0    689.6
     1     1    21     2    11    23     0     1   -66.0   52.049   83.397   2668.7    695.2
     1     1    21     2    11    22     0     2   -67.0   52.070   82.999   2661.7    698.2
     1     1    21     2    11    21     0     3   -68.0   52.119   82.586   2668.0    698.9
     1     1    21     2    11    20     0     2   -69.0   52.185   82.168   2674.0    700.3
     1     1    21     2    11    19     0     1   -70.0   52.260   81.749   2675.4    700.1
     1     1    21     2    11    18     0     0   -71.0   52.350   81.345   2673.7    699.6
     1     1    21     2    11    17     0     1   -72.0   52.450   80.978   2679.6    700.3
     1     1    21     2    11    16     0     2   -73.0   52.551   80.648   2707.7    701.3
     1     1    21     2    11    15     0     3   -74.0   52.654   80.348   2752.9    698.7
     1     1    21     2    11    14     0     2   -75.0   52.757   80.057   2796.7    696.3
     1     1    21     2    11    13     0     1   -76.0   52.861   79.733   2823.9    694.8
     1     1    21     2    11    12     0     0   -77.0   52.973   79.352   2832.8    695.0
     1     1    21     2    11    11     0     1   -78.0   53.102   78.937   2842.1    695.0
     1     1    21     2    11    10     0     2   -79.0   53.240   78.535   2870.0    690.1
     1     1    21     2    11     9     0     3   -80.0   53.374   78.165   2916.2    684.8
     1     1    21     2    11     8     0     2   -81.0   53.502   77.824   2965.3    679.5
     1     1    21     2    11     7     0     1   -82.0   53.628   77.507   3002.9    676.9
     1     1    21     2    11     6     0     0   -83.0   53.757   77.208   3029.1    674.8
     1     1    21     2    11     5     0     1   -84.0   53.887   76.911   3049.3    673.2
     1     1    21     2    11     4     0     2   -85.0   54.024   76.587   3064.1    671.0
     1     1    21     2    11     3     0     3   -86.0   54.169   76.228   3071.5    670.1
     1     1    21     2    11     2     0     2   -87.0   54.323   75.855   3080.2    669.6
     1     1    21     2    11     1     0     1   -88.0   54.483   75.500   3101.7    667.6
     1     1    21     2    11     0     0     0   -89.0   54.646   75.185   3145.0    663.6
     1     1    21     2    10    23     0     1   -90.0   54.820   74.872   3195.2    656.7
     1     1    21     2    10    22     0     2   -91.0   55.013   74.512   3227.8    652.8
     1     1    21     2    10    21     0     3   -92.0   55.225   74.109   3242.4    651.5
     1     1    21     2    10    20     0     2   -93.0   55.440   73.723   3263.5    650.9
     1     1    21     2    10    19     0     1   -94.0   55.649   73.395   3302.4    645.9
     1     1    21     2    10    18     0     0   -95.0   55.857   73.133   3341.0    640.8
     1     1    21     2    10    17     0     1   -96.0   56.084   72.909   3392.8    637.2
     1     1    21     2    10    16     0     2   -97.0   56.354   72.689   3477.9    628.6
     1     1    21     2    10    15     0     3   -98.0   56.661   72.533   3579.1    617.6
     1     1    21     2    10    14     0     2   -99.0   56.983   72.483   3679.4    607.7
     1     1    21     2    10    13     0     1  -100.0   57.305   72.464   3779.6    598.5
     1     1    21     2    10    12     0     0  -101.0   57.621   72.462   3884.9    588.8
     1     1    21     2    10    11     0     1  -102.0   57.923   72.538   3982.4    578.3
     1     1    21     2    10    10     0     2  -103.0   58.204   72.669   4060.5    570.9
     1     1    21     2    10     9     0     3  -104.0   58.454   72.846   4119.7    564.9
     1     1    21     2    10     8     0     2  -105.0   58.666   73.083   4158.3    560.8
     1     1    21     2    10     7     0     1  -106.0   58.841   73.399   4172.1    558.7
     1     1    21     2    10     6     0     0  -107.0   58.983   73.827   4157.5    558.8
     1     1    21     2    10     5     0     1  -108.0   59.106   74.331   4137.5    561.8
     1     1    21     2    10     4     0     2  -109.0   59.225   74.855   4140.6    561.1
     1     1    21     2    10     3     0     3  -110.0   59.342   75.396   4162.2    558.1
     1     1    21     2    10     2     0     2  -111.0   59.457   75.911   4168.9    555.2
     1     1    21     2    10     1     0     1  -112.0   59.565   76.356   4147.4    557.5
     1     1    21     2    10     0     0     0  -113.0   59.664   76.733   4108.1    560.4
     1     1    21     2     9    23     0     1  -114.0   59.744   77.076   4061.9    564.7
     1     1    21     2     9    22     0     2  -115.0   59.797   77.411   4024.5    567.9
     1     1    21     2     9    21     0     3  -116.0   59.825   77.741   4003.0    569.3
     1     1    21     2     9    20     0     2  -117.0   59.834   78.058   3996.9    569.7
     1     1    21     2     9    19     0     1  -118.0   59.831   78.357   4002.4    570.5
     1     1    21     2     9    18     0     0  -119.0   59.814   78.638   4018.3    571.0
     1     1    21     2     9    17     0     1  -120.0   59.798   78.884   4044.6    569.5
