     5     1
    GDAS    21     2     1     0     0
    GDAS    21     2     8     0     0
    GDAS    21     2    15     0     0
    GDAS    21     2    22     0     0
    GDAS    21     3     1     0     0
     1 BACKWARD OMEGA   
    21     2    10     6   37.820  111.540  1000.0
     1 PRESSURE
     1     1    21     2    10     6     0     0     0.0   37.820  111.540   1000.0    778.1
     1     1    21     2    10     5     0     1    -1.0   37.660  111.467   1001.7    779.4
     1     1    21     2    10     4     0     2    -2.0   37.514  111.408   1020.8    777.2
     1     1    21     2    10     3     0     3    -3.0   37.379  111.360   1058.0    772.9
     1     1    21     2    10     2     0     2    -4.0   37.261  111.311   1105.0    765.9
     1     1    21     2    10     1     0     1    -5.0   37.172  111.250   1148.4    759.1
     1     1    21     2    10     0     0     0    -6.0   37.116  111.181   1182.7    753.3
     1     1    21     2     9    23     0     1    -7.0   37.096  111.107   1228.3    748.9
     1     1    21     2     9    22     0     2    -8.0   37.120  111.040   1313.4    740.2
     1     1    21     2     9    21     0     3    -9.0   37.194  110.987   1443.9    729.4
     1     1    21     2     9    20     0     2   -10.0   37.321  110.929   1575.7    717.2
     1     1    21     2     9    19     0     1   -11.0   37.479  110.825   1653.6    715.1
     1     1    21     2     9    18     0     0   -12.0   37.660  110.673   1672.4    718.9
     1     1    21     2     9    17     0     1   -13.0   37.852  110.489   1663.1    727.5
     1     1    21     2     9    16     0     2   -14.0   38.055  110.280   1660.7    730.9
     1     1    21     2     9    15     0     3   -15.0   38.270  110.049   1680.7    728.0
     1     1    21     2     9    14     0     2   -16.0   38.506  109.793   1734.2    716.3
     1     1    21     2     9    13     0     1   -17.0   38.775  109.492   1823.2    701.4
     1     1    21     2     9    12     0     0   -18.0   39.088  109.119   1953.0    682.7
     1     1    21     2     9    11     0     1   -19.0   39.406  108.695   2087.9    662.4
     1     1    21     2     9    10     0     2   -20.0   39.711  108.244   2201.2    655.8
     1     1    21     2     9     9     0     3   -21.0   40.026  107.759   2292.1    652.7
     1     1    21     2     9     8     0     2   -22.0   40.366  107.298   2359.5    645.8
     1     1    21     2     9     7     0     1   -23.0   40.707  106.874   2386.9    644.6
     1     1    21     2     9     6     0     0   -24.0   41.029  106.431   2362.7    645.4
     1     1    21     2     9     5     0     1   -25.0   41.338  105.987   2358.7    653.4
     1     1    21     2     9     4     0     2   -26.0   41.643  105.576   2371.0    653.8
     1     1    21     2     9     3     0     3   -27.0   41.928  105.167   2326.7    657.2
     1     1    21     2     9     2     0     2   -28.0   42.203  104.751   2267.2    658.9
     1     1    21     2     9     1     0     1   -29.0   42.493  104.336   2249.8    650.8
     1     1    21     2     9     0     0     0   -30.0   42.777  103.898   2216.1    644.7
     1     1    21     2     8    23     0     1   -31.0   43.045  103.453   2199.5    653.4
     1     1    21     2     8    22     0     2   -32.0   43.313  103.018   2241.6    650.7
     1     1    21     2     8    21     0     3   -33.0   43.577  102.598   2294.6    641.3
     1     1    21     2     8    20     0     2   -34.0   43.825  102.188   2362.1    648.4
     1     1    21     2     8    19     0     1   -35.0   44.050  101.765   2430.7    651.4
     1     1    21     2     8    18     0     0   -36.0   44.259  101.317   2459.7    640.7
     1     1    21     2     8    17     0     1   -37.0   44.470  100.863   2480.1    630.2
     1     1    21     2     8    16     0     2   -38.0   44.687  100.410   2486.0    606.7
     1     1    21     2     8    15     0     3   -39.0   44.917   99.926   2451.3    579.4
     1     1    21     2     8    14     0     2   -40.0   45.149   99.428   2443.8    581.5
     1     1    21     2     8    13     0     1   -41.0   45.365   98.935   2461.9    584.7
     1     1    21     2     8    12     0     0   -42.0   45.561   98.427   2465.1    580.8
     1     1    21     2     8    11     0     1   -43.0   45.743   97.914   2453.2    584.7
     1     1    21     2     8    10     0     2   -44.0   45.909   97.421   2438.9    593.0
     1     1    21     2     8     9     0     3   -45.0   46.047   96.932   2451.1    589.2
     1     1    21     2     8     8     0     2   -46.0   46.164   96.451   2505.5    599.4
     1     1    21     2     8     7     0     1   -47.0   46.271   95.991   2522.5    614.8
     1     1    21     2     8     6     0     0   -48.0   46.367   95.550   2496.0    623.0
     1     1    21     2     8     5     0     1   -49.0   46.454   95.128   2490.6    625.6
     1     1    21     2     8     4     0     2   -50.0   46.545   94.712   2493.8    612.9
     1     1    21     2     8     3     0     3   -51.0   46.653   94.291   2513.9    599.8
     1     1    21     2     8     2     0     2   -52.0   46.778   93.866   2547.7    595.4
     1     1    21     2     8     1     0     1   -53.0   46.928   93.416   2598.7    590.3
     1     1    21     2     8     0     0     0   -54.0   47.107   92.897   2643.4    573.5
     1     1    21     2     7    23     0     1   -55.0   47.291   92.271   2561.4    555.8
     1     1    21     2     7    22     0     2   -56.0   47.456   91.529   2561.5    558.4
     1     1    21     2     7    21     0     3   -57.0   47.581   90.625   2901.5    502.5
     1     1    21     2     7    20     0     2   -58.0   47.658   89.689   3204.5    507.0
     1     1    21     2     7    19     0     1   -59.0   47.691   88.755   3477.6    529.5
     1     1    21     2     7    18     0     0   -60.0   47.671   87.809   3725.4    542.1
     1     1    21     2     7    17     0     1   -61.0   47.623   86.924   3825.2    568.6
     1     1    21     2     7    16     0     2   -62.0   47.548   86.021   3831.5    542.2
     1     1    21     2     7    15     0     3   -63.0   47.404   84.964   3781.3    522.6
     1     1    21     2     7    14     0     2   -64.0   47.251   83.918   3416.4    562.9
     1     1    21     2     7    13     0     1   -65.0   47.121   82.923   3051.4    618.5
     1     1    21     2     7    12     0     0   -66.0   46.959   81.973   3131.2    635.9
     1     1    21     2     7    11     0     1   -67.0   46.764   81.031   3370.4    619.6
     1     1    21     2     7    10     0     2   -68.0   46.555   80.108   3367.0    630.0
     1     1    21     2     7     9     0     3   -69.0   46.376   79.209   3202.5    647.0
     1     1    21     2     7     8     0     2   -70.0   46.207   78.352   3068.3    664.6
     1     1    21     2     7     7     0     1   -71.0   46.058   77.466   3064.3    665.5
     1     1    21     2     7     6     0     0   -72.0   45.906   76.529   3072.6    664.4
     1     1    21     2     7     5     0     1   -73.0   45.736   75.519   3076.8    664.0
     1     1    21     2     7     4     0     2   -74.0   45.589   74.444   3086.4    664.4
     1     1    21     2     7     3     0     3   -75.0   45.436   73.311   3186.3    649.1
     1     1    21     2     7     2     0     2   -76.0   45.246   72.087   3353.3    636.5
     1     1    21     2     7     1     0     1   -77.0   45.033   70.842   3336.7    644.6
     1     1    21     2     7     0     0     0   -78.0   44.829   69.578   3206.6    662.4
     1     1    21     2     6    23     0     1   -79.0   44.618   68.307   3294.1    645.3
     1     1    21     2     6    22     0     2   -80.0   44.399   66.986   3481.8    636.0
     1     1    21     2     6    21     0     3   -81.0   44.222   65.682   3315.3    658.4
     1     1    21     2     6    20     0     2   -82.0   44.067   64.385   3338.2    659.4
     1     1    21     2     6    19     0     1   -83.0   43.910   63.109   3504.1    647.5
     1     1    21     2     6    18     0     0   -84.0   43.770   61.802   3732.8    626.0
     1     1    21     2     6    17     0     1   -85.0   43.661   60.429   3889.6    615.5
     1     1    21     2     6    16     0     2   -86.0   43.595   59.042   3992.6    609.2
     1     1    21     2     6    15     0     3   -87.0   43.578   57.600   4213.3    581.8
     1     1    21     2     6    14     0     2   -88.0   43.608   56.072   4336.7    568.9
     1     1    21     2     6    13     0     1   -89.0   43.652   54.480   4491.6    553.1
     1     1    21     2     6    12     0     0   -90.0   43.705   52.813   4444.2    564.0
     1     1    21     2     6    11     0     1   -91.0   43.754   51.201   4535.2    565.1
     1     1    21     2     6    10     0     2   -92.0   43.804   49.658   4638.2    562.3
     1     1    21     2     6     9     0     3   -93.0   43.875   48.105   4883.3    545.5
     1     1    21     2     6     8     0     2   -94.0   44.003   46.570   5140.2    521.9
     1     1    21     2     6     7     0     1   -95.0   44.208   45.041   5067.6    520.8
     1     1    21     2     6     6     0     0   -96.0   44.497   43.510   4827.8    519.9
     1     1    21     2     6     5     0     1   -97.0   44.872   41.933   4963.5    495.3
     1     1    21     2     6     4     0     2   -98.0   45.241   40.335   4860.9    532.9
     1     1    21     2     6     3     0     3   -99.0   45.631   38.823   4718.4    552.1
     1     1    21     2     6     2     0     2  -100.0   46.067   37.335   4667.0    553.9
     1     1    21     2     6     1     0     1  -101.0   46.488   35.863   4565.2    560.2
     1     1    21     2     6     0     0     0  -102.0   46.939   34.361   4548.6    558.1
     1     1    21     2     5    23     0     1  -103.0   47.401   32.875   4593.3    555.7
     1     1    21     2     5    22     0     2  -104.0   47.835   31.403   4591.8    550.7
     1     1    21     2     5    21     0     3  -105.0   48.258   29.954   4570.0    550.8
     1     1    21     2     5    20     0     2  -106.0   48.668   28.542   4540.2    546.9
     1     1    21     2     5    19     0     1  -107.0   49.069   27.165   4529.1    546.3
     1     1    21     2     5    18     0     0  -108.0   49.463   25.833   4533.0    544.5
     1     1    21     2     5    17     0     1  -109.0   49.844   24.545   4486.9    548.0
     1     1    21     2     5    16     0     2  -110.0   50.192   23.300   4464.9    554.6
     1     1    21     2     5    15     0     3  -111.0   50.513   22.087   4449.0    554.5
     1     1    21     2     5    14     0     2  -112.0   50.810   20.895   4456.2    553.1
     1     1    21     2     5    13     0     1  -113.0   51.066   19.766   4489.2    554.5
     1     1    21     2     5    12     0     0  -114.0   51.293   18.693   4558.5    552.6
     1     1    21     2     5    11     0     1  -115.0   51.489   17.657   4603.6    553.1
     1     1    21     2     5    10     0     2  -116.0   51.658   16.655   4648.8    548.5
     1     1    21     2     5     9     0     3  -117.0   51.813   15.689   4677.5    546.7
     1     1    21     2     5     8     0     2  -118.0   51.951   14.767   4703.2    547.3
     1     1    21     2     5     7     0     1  -119.0   52.073   13.879   4731.1    546.3
     1     1    21     2     5     6     0     0  -120.0   52.186   12.994   4740.3    544.3
