     5     1
    GDAS    21     2     1     0     0
    GDAS    21     2     8     0     0
    GDAS    21     2    15     0     0
    GDAS    21     2    22     0     0
    GDAS    21     3     1     0     0
     1 BACKWARD OMEGA   
    21     2    12    18   37.820  111.540  1000.0
     1 PRESSURE
     1     1    21     2    12    18     0     0     0.0   37.820  111.540   1000.0    779.3
     1     1    21     2    12    17     0     1    -1.0   37.759  111.269    896.3    792.6
     1     1    21     2    12    16     0     2    -2.0   37.652  111.051    819.9    799.7
     1     1    21     2    12    15     0     3    -3.0   37.509  110.884    783.8    802.8
     1     1    21     2    12    14     0     2    -4.0   37.362  110.767    783.9    800.9
     1     1    21     2    12    13     0     1    -5.0   37.231  110.693    791.3    798.0
     1     1    21     2    12    12     0     0    -6.0   37.112  110.656    781.7    796.6
     1     1    21     2    12    11     0     1    -7.0   36.998  110.646    757.6    798.2
     1     1    21     2    12    10     0     2    -8.0   36.878  110.649    731.2    800.3
     1     1    21     2    12     9     0     3    -9.0   36.757  110.663    699.1    802.3
     1     1    21     2    12     8     0     2   -10.0   36.646  110.695    670.3    805.8
     1     1    21     2    12     7     0     1   -11.0   36.547  110.748    660.8    805.6
     1     1    21     2    12     6     0     0   -12.0   36.459  110.813    671.4    803.2
     1     1    21     2    12     5     0     1   -13.0   36.395  110.874    685.1    799.5
     1     1    21     2    12     4     0     2   -14.0   36.368  110.922    685.7    799.0
     1     1    21     2    12     3     0     3   -15.0   36.377  110.956    673.5    799.8
     1     1    21     2    12     2     0     2   -16.0   36.423  110.974    666.8    801.5
     1     1    21     2    12     1     0     1   -17.0   36.503  110.964    688.4    799.0
     1     1    21     2    12     0     0     0   -18.0   36.614  110.922    745.5    793.8
     1     1    21     2    11    23     0     1   -19.0   36.741  110.830    825.2    786.4
     1     1    21     2    11    22     0     2   -20.0   36.864  110.681    904.1    781.9
     1     1    21     2    11    21     0     3   -21.0   36.972  110.477    969.7    780.9
     1     1    21     2    11    20     0     2   -22.0   37.055  110.253   1009.3    784.1
     1     1    21     2    11    19     0     1   -23.0   37.111  110.035   1014.2    789.7
     1     1    21     2    11    18     0     0   -24.0   37.148  109.827    991.8    789.9
     1     1    21     2    11    17     0     1   -25.0   37.194  109.640    977.5    787.6
     1     1    21     2    11    16     0     2   -26.0   37.267  109.471    979.2    783.2
     1     1    21     2    11    15     0     3   -27.0   37.359  109.302    989.7    778.8
     1     1    21     2    11    14     0     2   -28.0   37.459  109.121   1001.1    774.3
     1     1    21     2    11    13     0     1   -29.0   37.563  108.923   1007.3    771.2
     1     1    21     2    11    12     0     0   -30.0   37.679  108.707   1009.8    769.6
     1     1    21     2    11    11     0     1   -31.0   37.804  108.482   1021.8    767.5
     1     1    21     2    11    10     0     2   -32.0   37.929  108.261   1055.8    762.4
     1     1    21     2    11     9     0     3   -33.0   38.044  108.035   1114.1    753.5
     1     1    21     2    11     8     0     2   -34.0   38.163  107.789   1191.7    743.6
     1     1    21     2    11     7     0     1   -35.0   38.296  107.504   1273.7    736.0
     1     1    21     2    11     6     0     0   -36.0   38.425  107.181   1353.9    732.1
     1     1    21     2    11     5     0     1   -37.0   38.561  106.830   1422.8    723.9
     1     1    21     2    11     4     0     2   -38.0   38.736  106.444   1473.5    699.4
     1     1    21     2    11     3     0     3   -39.0   38.957  105.986   1498.4    654.0
     1     1    21     2    11     2     0     2   -40.0   39.229  105.465   1629.1    689.8
     1     1    21     2    11     1     0     1   -41.0   39.541  104.852   1762.7    687.3
     1     1    21     2    11     0     0     0   -42.0   39.828  104.169   1615.4    684.2
     1     1    21     2    10    23     0     1   -43.0   40.132  103.449   1401.1    726.8
     1     1    21     2    10    22     0     2   -44.0   40.421  102.575   1634.6    698.5
     1     1    21     2    10    21     0     3   -45.0   40.677  101.711   1862.2    696.5
     1     1    21     2    10    20     0     2   -46.0   40.909  100.922   1945.9    698.9
     1     1    21     2    10    19     0     1   -47.0   41.127  100.191   1891.0    700.7
     1     1    21     2    10    18     0     0   -48.0   41.378   99.440   1853.3    698.5
     1     1    21     2    10    17     0     1   -49.0   41.675   98.612   1912.6    673.9
     1     1    21     2    10    16     0     2   -50.0   42.002   97.726   2181.7    633.8
     1     1    21     2    10    15     0     3   -51.0   42.377   96.723   2260.9    622.9
     1     1    21     2    10    14     0     2   -52.0   42.675   95.777   2524.8    618.1
     1     1    21     2    10    13     0     1   -53.0   42.966   94.792   2812.4    558.5
     1     1    21     2    10    12     0     0   -54.0   43.341   93.706   2829.0    599.5
     1     1    21     2    10    11     0     1   -55.0   43.675   92.655   2923.8    592.3
     1     1    21     2    10    10     0     2   -56.0   43.929   91.526   3064.2    576.5
     1     1    21     2    10     9     0     3   -57.0   44.250   90.385   3394.6    580.2
     1     1    21     2    10     8     0     2   -58.0   44.554   89.207   3703.6    571.2
     1     1    21     2    10     7     0     1   -59.0   44.764   88.022   3757.6    573.8
     1     1    21     2    10     6     0     0   -60.0   44.972   86.897   3901.4    586.8
     1     1    21     2    10     5     0     1   -61.0   45.144   85.753   3970.2    585.9
     1     1    21     2    10     4     0     2   -62.0   45.263   84.542   3951.3    578.4
     1     1    21     2    10     3     0     3   -63.0   45.465   83.366   4148.6    536.0
     1     1    21     2    10     2     0     2   -64.0   45.783   81.981   4581.4    526.4
     1     1    21     2    10     1     0     1   -65.0   46.098   80.481   4623.2    511.3
     1     1    21     2    10     0     0     0   -66.0   46.456   79.078   4731.5    522.8
     1     1    21     2     9    23     0     1   -67.0   46.882   77.712   4842.3    501.6
     1     1    21     2     9    22     0     2   -68.0   47.287   76.474   4933.4    494.2
     1     1    21     2     9    21     0     3   -69.0   47.693   75.230   5114.1    469.9
     1     1    21     2     9    20     0     2   -70.0   48.172   73.932   5243.0    456.6
     1     1    21     2     9    19     0     1   -71.0   48.636   72.644   5389.4    448.7
     1     1    21     2     9    18     0     0   -72.0   49.028   71.420   5564.8    444.4
     1     1    21     2     9    17     0     1   -73.0   49.468   70.214   5599.2    452.5
     1     1    21     2     9    16     0     2   -74.0   49.892   68.996   5705.7    446.8
     1     1    21     2     9    15     0     3   -75.0   50.221   67.858   5754.0    442.2
     1     1    21     2     9    14     0     2   -76.0   50.607   66.746   5846.0    439.8
     1     1    21     2     9    13     0     1   -77.0   51.016   65.602   6005.6    433.4
     1     1    21     2     9    12     0     0   -78.0   51.347   64.556   6134.4    428.4
     1     1    21     2     9    11     0     1   -79.0   51.725   63.500   6249.0    416.8
     1     1    21     2     9    10     0     2   -80.0   52.123   62.428   6266.5    413.7
     1     1    21     2     9     9     0     3   -81.0   52.432   61.473   6242.1    412.9
     1     1    21     2     9     8     0     2   -82.0   52.727   60.550   6223.1    410.0
     1     1    21     2     9     7     0     1   -83.0   53.028   59.649   6227.4    407.1
     1     1    21     2     9     6     0     0   -84.0   53.323   58.834   6221.4    400.7
     1     1    21     2     9     5     0     1   -85.0   53.641   58.045   6130.3    393.9
     1     1    21     2     9     4     0     2   -86.0   53.943   57.334   6124.8    404.7
     1     1    21     2     9     3     0     3   -87.0   54.181   56.761   6204.5    410.9
     1     1    21     2     9     2     0     2   -88.0   54.376   56.246   6290.4    407.7
     1     1    21     2     9     1     0     1   -89.0   54.550   55.738   6337.3    408.9
     1     1    21     2     9     0     0     0   -90.0   54.694   55.270   6375.5    407.3
     1     1    21     2     8    23     0     1   -91.0   54.810   54.855   6402.4    404.6
     1     1    21     2     8    22     0     2   -92.0   54.906   54.491   6422.6    402.5
     1     1    21     2     8    21     0     3   -93.0   54.973   54.197   6458.3    399.2
     1     1    21     2     8    20     0     2   -94.0   55.022   53.961   6499.1    395.2
     1     1    21     2     8    19     0     1   -95.0   55.072   53.768   6532.5    392.8
     1     1    21     2     8    18     0     0   -96.0   55.120   53.619   6549.6    391.8
     1     1    21     2     8    17     0     1   -97.0   55.165   53.503   6565.6    391.7
     1     1    21     2     8    16     0     2   -98.0   55.205   53.405   6593.6    390.1
     1     1    21     2     8    15     0     3   -99.0   55.241   53.324   6631.1    387.8
     1     1    21     2     8    14     0     2  -100.0   55.277   53.256   6673.9    385.1
     1     1    21     2     8    13     0     1  -101.0   55.322   53.194   6720.6    382.6
     1     1    21     2     8    12     0     0  -102.0   55.375   53.142   6775.1    379.7
     1     1    21     2     8    11     0     1  -103.0   55.439   53.104   6829.8    376.2
     1     1    21     2     8    10     0     2  -104.0   55.521   53.083   6873.5    373.9
     1     1    21     2     8     9     0     3  -105.0   55.623   53.073   6904.1    372.6
     1     1    21     2     8     8     0     2  -106.0   55.748   53.073   6926.1    372.2
     1     1    21     2     8     7     0     1  -107.0   55.896   53.086   6941.8    371.9
     1     1    21     2     8     6     0     0  -108.0   56.066   53.121   6942.1    371.8
     1     1    21     2     8     5     0     1  -109.0   56.253   53.191   6925.6    372.0
     1     1    21     2     8     4     0     2  -110.0   56.457   53.297   6902.5    372.2
     1     1    21     2     8     3     0     3  -111.0   56.686   53.420   6867.4    372.9
     1     1    21     2     8     2     0     2  -112.0   56.935   53.573   6829.7    374.6
     1     1    21     2     8     1     0     1  -113.0   57.193   53.790   6814.4    375.0
     1     1    21     2     8     0     0     0  -114.0   57.459   54.062   6829.8    372.7
     1     1    21     2     7    23     0     1  -115.0   57.731   54.375   6842.6    369.4
     1     1    21     2     7    22     0     2  -116.0   58.004   54.728   6830.7    371.8
     1     1    21     2     7    21     0     3  -117.0   58.268   55.125   6808.2    374.5
     1     1    21     2     7    20     0     2  -118.0   58.514   55.566   6761.0    376.2
     1     1    21     2     7    19     0     1  -119.0   58.746   56.045   6690.5    381.0
     1     1    21     2     7    18     0     0  -120.0   58.967   56.545   6612.3    385.6
