     5     1
    GDAS    21     2     1     0     0
    GDAS    21     2     8     0     0
    GDAS    21     2    15     0     0
    GDAS    21     2    22     0     0
    GDAS    21     3     1     0     0
     1 BACKWARD OMEGA   
    21     2    12    11   37.820  111.540  1000.0
     1 PRESSURE
     1     1    21     2    12    11     0     1     0.0   37.820  111.540   1000.0    778.3
     1     1    21     2    12    10     0     2    -1.0   37.667  111.500    945.0    783.4
     1     1    21     2    12     9     0     3    -2.0   37.516  111.495    899.5    787.5
     1     1    21     2    12     8     0     2    -3.0   37.382  111.522    880.9    790.4
     1     1    21     2    12     7     0     1    -4.0   37.275  111.572    900.8    788.8
     1     1    21     2    12     6     0     0    -5.0   37.185  111.638    956.1    784.2
     1     1    21     2    12     5     0     1    -6.0   37.121  111.701   1017.1    777.5
     1     1    21     2    12     4     0     2    -7.0   37.096  111.748   1047.3    775.4
     1     1    21     2    12     3     0     3    -8.0   37.112  111.780   1038.7    776.7
     1     1    21     2    12     2     0     2    -9.0   37.165  111.784   1031.1    780.4
     1     1    21     2    12     1     0     1   -10.0   37.247  111.740   1059.4    775.9
     1     1    21     2    12     0     0     0   -11.0   37.357  111.649   1124.6    768.0
     1     1    21     2    11    23     0     1   -12.0   37.480  111.510   1210.2    756.6
     1     1    21     2    11    22     0     2   -13.0   37.601  111.323   1301.0    748.7
     1     1    21     2    11    21     0     3   -14.0   37.716  111.086   1398.0    742.1
     1     1    21     2    11    20     0     2   -15.0   37.824  110.824   1492.8    737.4
     1     1    21     2    11    19     0     1   -16.0   37.933  110.570   1567.5    733.6
     1     1    21     2    11    18     0     0   -17.0   38.050  110.326   1608.4    731.5
     1     1    21     2    11    17     0     1   -18.0   38.185  110.087   1626.7    730.3
     1     1    21     2    11    16     0     2   -19.0   38.353  109.842   1642.3    725.1
     1     1    21     2    11    15     0     3   -20.0   38.563  109.579   1666.3    717.7
     1     1    21     2    11    14     0     2   -21.0   38.819  109.270   1699.4    708.1
     1     1    21     2    11    13     0     1   -22.0   39.124  108.878   1742.3    697.4
     1     1    21     2    11    12     0     0   -23.0   39.462  108.393   1843.2    688.4
     1     1    21     2    11    11     0     1   -24.0   39.797  107.827   1984.5    677.6
     1     1    21     2    11    10     0     2   -25.0   40.114  107.165   2238.2    659.4
     1     1    21     2    11     9     0     3   -26.0   40.411  106.426   2615.8    625.8
     1     1    21     2    11     8     0     2   -27.0   40.703  105.646   2934.6    596.5
     1     1    21     2    11     7     0     1   -28.0   40.978  104.787   3125.4    576.7
     1     1    21     2    11     6     0     0   -29.0   41.270  103.912   3218.2    578.4
     1     1    21     2    11     5     0     1   -30.0   41.568  103.000   3323.8    568.4
     1     1    21     2    11     4     0     2   -31.0   41.857  102.043   3516.0    575.2
     1     1    21     2    11     3     0     3   -32.0   42.142  101.051   3627.9    561.4
     1     1    21     2    11     2     0     2   -33.0   42.430  100.053   3676.6    563.4
     1     1    21     2    11     1     0     1   -34.0   42.708   99.022   3305.2    545.5
     1     1    21     2    11     0     0     0   -35.0   43.062   97.980   2582.7    630.0
     1     1    21     2    10    23     0     1   -36.0   43.425   96.830   2537.2    630.8
     1     1    21     2    10    22     0     2   -37.0   43.718   95.608   2659.8    643.2
     1     1    21     2    10    21     0     3   -38.0   43.943   94.378   2849.2    650.2
     1     1    21     2    10    20     0     2   -39.0   44.158   93.133   3094.7    557.7
     1     1    21     2    10    19     0     1   -40.0   44.386   91.841   3046.3    567.4
     1     1    21     2    10    18     0     0   -41.0   44.602   90.552   3221.6    582.9
     1     1    21     2    10    17     0     1   -42.0   44.764   89.313   3335.3    604.1
     1     1    21     2    10    16     0     2   -43.0   44.911   88.129   3296.9    618.9
     1     1    21     2    10    15     0     3   -44.0   45.013   87.022   3306.7    639.3
     1     1    21     2    10    14     0     2   -45.0   45.069   85.975   3327.5    641.5
     1     1    21     2    10    13     0     1   -46.0   45.111   84.972   3310.9    644.2
     1     1    21     2    10    12     0     0   -47.0   45.150   84.040   3255.3    639.6
     1     1    21     2    10    11     0     1   -48.0   45.168   83.150   3201.1    640.1
     1     1    21     2    10    10     0     2   -49.0   45.183   82.254   3251.7    628.3
     1     1    21     2    10     9     0     3   -50.0   45.241   81.088   3435.4    540.1
     1     1    21     2    10     8     0     2   -51.0   45.336   79.677   3584.4    492.0
     1     1    21     2    10     7     0     1   -52.0   45.400   78.368   3525.7    595.4
     1     1    21     2    10     6     0     0   -53.0   45.454   77.205   3402.9    632.4
     1     1    21     2    10     5     0     1   -54.0   45.516   76.061   3328.3    639.3
     1     1    21     2    10     4     0     2   -55.0   45.582   74.914   3312.9    641.8
     1     1    21     2    10     3     0     3   -56.0   45.646   73.760   3282.4    642.6
     1     1    21     2    10     2     0     2   -57.0   45.708   72.623   3247.4    639.6
     1     1    21     2    10     1     0     1   -58.0   45.768   71.531   3171.0    649.4
     1     1    21     2    10     0     0     0   -59.0   45.816   70.466   3162.5    653.8
     1     1    21     2     9    23     0     1   -60.0   45.873   69.437   3175.2    657.2
     1     1    21     2     9    22     0     2   -61.0   45.952   68.456   3191.2    661.1
     1     1    21     2     9    21     0     3   -62.0   46.041   67.507   3260.1    657.1
     1     1    21     2     9    20     0     2   -63.0   46.164   66.556   3349.3    650.7
     1     1    21     2     9    19     0     1   -64.0   46.343   65.616   3380.5    652.2
     1     1    21     2     9    18     0     0   -65.0   46.562   64.701   3407.6    650.0
     1     1    21     2     9    17     0     1   -66.0   46.809   63.786   3448.5    649.5
     1     1    21     2     9    16     0     2   -67.0   47.114   62.828   3497.6    645.4
     1     1    21     2     9    15     0     3   -68.0   47.481   61.834   3541.2    639.6
     1     1    21     2     9    14     0     2   -69.0   47.892   60.821   3587.1    632.9
     1     1    21     2     9    13     0     1   -70.0   48.337   59.759   3598.2    622.4
     1     1    21     2     9    12     0     0   -71.0   48.810   58.626   3650.1    610.8
     1     1    21     2     9    11     0     1   -72.0   49.311   57.430   3891.0    590.1
     1     1    21     2     9    10     0     2   -73.0   49.831   56.206   4061.9    580.4
     1     1    21     2     9     9     0     3   -74.0   50.358   55.005   4201.1    576.2
     1     1    21     2     9     8     0     2   -75.0   50.887   53.800   4370.8    566.3
     1     1    21     2     9     7     0     1   -76.0   51.442   52.564   4486.8    554.4
     1     1    21     2     9     6     0     0   -77.0   52.027   51.355   4579.8    543.7
     1     1    21     2     9     5     0     1   -78.0   52.618   50.136   4648.2    541.3
     1     1    21     2     9     4     0     2   -79.0   53.198   48.932   4663.0    544.3
     1     1    21     2     9     3     0     3   -80.0   53.778   47.731   4743.9    527.9
     1     1    21     2     9     2     0     2   -81.0   54.354   46.465   4889.8    514.0
     1     1    21     2     9     1     0     1   -82.0   54.889   45.174   5025.0    507.5
     1     1    21     2     9     0     0     0   -83.0   55.409   43.879   5160.4    494.2
     1     1    21     2     8    23     0     1   -84.0   55.898   42.608   5270.8    493.9
     1     1    21     2     8    22     0     2   -85.0   56.373   41.345   5427.3    478.5
     1     1    21     2     8    21     0     3   -86.0   56.822   40.078   5591.3    467.0
     1     1    21     2     8    20     0     2   -87.0   57.240   38.824   5772.7    453.9
     1     1    21     2     8    19     0     1   -88.0   57.639   37.578   5913.7    445.1
     1     1    21     2     8    18     0     0   -89.0   58.037   36.372   6067.9    434.2
     1     1    21     2     8    17     0     1   -90.0   58.424   35.213   6173.7    427.3
     1     1    21     2     8    16     0     2   -91.0   58.803   34.057   6238.3    421.0
     1     1    21     2     8    15     0     3   -92.0   59.191   32.878   6380.6    420.8
     1     1    21     2     8    14     0     2   -93.0   59.567   31.796   6495.2    416.8
     1     1    21     2     8    13     0     1   -94.0   59.919   30.798   6572.5    412.1
     1     1    21     2     8    12     0     0   -95.0   60.261   29.852   6657.5    407.9
     1     1    21     2     8    11     0     1   -96.0   60.613   28.986   6746.7    401.9
     1     1    21     2     8    10     0     2   -97.0   60.962   28.167   6801.3    394.4
     1     1    21     2     8     9     0     3   -98.0   61.316   27.366   6868.7    389.8
     1     1    21     2     8     8     0     2   -99.0   61.688   26.633   6948.6    383.6
     1     1    21     2     8     7     0     1  -100.0   62.075   25.908   6989.6    377.7
     1     1    21     2     8     6     0     0  -101.0   62.467   25.204   7013.5    376.7
     1     1    21     2     8     5     0     1  -102.0   62.859   24.559   7027.6    377.0
     1     1    21     2     8     4     0     2  -103.0   63.252   23.951   7062.5    376.8
     1     1    21     2     8     3     0     3  -104.0   63.641   23.387   7143.3    377.0
     1     1    21     2     8     2     0     2  -105.0   64.021   22.874   7243.1    374.0
     1     1    21     2     8     1     0     1  -106.0   64.400   22.381   7326.3    369.4
     1     1    21     2     8     0     0     0  -107.0   64.775   21.910   7406.5    364.6
     1     1    21     2     7    23     0     1  -108.0   65.134   21.440   7450.9    358.3
     1     1    21     2     7    22     0     2  -109.0   65.468   20.954   7451.5    355.2
     1     1    21     2     7    21     0     3  -110.0   65.789   20.505   7423.6    353.0
     1     1    21     2     7    20     0     2  -111.0   66.104   20.086   7397.3    351.2
     1     1    21     2     7    19     0     1  -112.0   66.410   19.658   7384.6    347.5
     1     1    21     2     7    18     0     0  -113.0   66.705   19.231   7384.7    341.8
     1     1    21     2     7    17     0     1  -114.0   66.978   18.814   7382.0    337.5
     1     1    21     2     7    16     0     2  -115.0   67.214   18.376   7348.8    331.1
     1     1    21     2     7    15     0     3  -116.0   67.415   17.906   7302.6    326.4
     1     1    21     2     7    14     0     2  -117.0   67.588   17.459   7279.0    325.8
     1     1    21     2     7    13     0     1  -118.0   67.743   17.067   7302.7    326.1
     1     1    21     2     7    12     0     0  -119.0   67.894   16.731   7405.7    330.3
     1     1    21     2     7    11     0     1  -120.0   68.060   16.470   7539.1    333.2
