     5     1
    GDAS    21     2     1     0     0
    GDAS    21     2     8     0     0
    GDAS    21     2    15     0     0
    GDAS    21     2    22     0     0
    GDAS    21     3     1     0     0
     1 BACKWARD OMEGA   
    21     2    26    18   37.820  111.540  1000.0
     1 PRESSURE
     1     1    21     2    26    18     0     0     0.0   37.820  111.540   1000.0    775.6
     1     1    21     2    26    17     0     1    -1.0   37.389  111.574    994.7    779.7
     1     1    21     2    26    16     0     2    -2.0   37.016  111.616   1011.8    776.3
     1     1    21     2    26    15     0     3    -3.0   36.660  111.698   1041.9    778.9
     1     1    21     2    26    14     0     2    -4.0   36.282  111.861   1168.0    776.8
     1     1    21     2    26    13     0     1    -5.0   35.870  112.099   1360.8    763.6
     1     1    21     2    26    12     0     0    -6.0   35.507  112.372   1519.6    772.9
     1     1    21     2    26    11     0     1    -7.0   35.247  112.650   1597.1    793.0
     1     1    21     2    26    10     0     2    -8.0   35.087  112.924   1588.3    817.6
     1     1    21     2    26     9     0     3    -9.0   35.003  113.192   1515.8    837.8
     1     1    21     2    26     8     0     2   -10.0   34.958  113.455   1452.0    849.8
     1     1    21     2    26     7     0     1   -11.0   34.920  113.713   1447.2    850.2
     1     1    21     2    26     6     0     0   -12.0   34.874  113.963   1494.2    844.9
     1     1    21     2    26     5     0     1   -13.0   34.814  114.233   1535.5    835.8
     1     1    21     2    26     4     0     2   -14.0   34.758  114.547   1538.3    837.9
     1     1    21     2    26     3     0     3   -15.0   34.709  114.906   1529.0    841.8
     1     1    21     2    26     2     0     2   -16.0   34.682  115.293   1518.1    844.7
     1     1    21     2    26     1     0     1   -17.0   34.697  115.678   1492.3    848.8
     1     1    21     2    26     0     0     0   -18.0   34.747  116.049   1430.8    855.6
     1     1    21     2    25    23     0     1   -19.0   34.831  116.393   1329.2    866.5
     1     1    21     2    25    22     0     2   -20.0   34.938  116.715   1210.0    881.1
     1     1    21     2    25    21     0     3   -21.0   35.048  117.037   1106.3    893.9
     1     1    21     2    25    20     0     2   -22.0   35.173  117.379   1051.5    895.3
     1     1    21     2    25    19     0     1   -23.0   35.335  117.733   1051.8    884.6
     1     1    21     2    25    18     0     0   -24.0   35.531  118.082   1079.3    869.9
     1     1    21     2    25    17     0     1   -25.0   35.746  118.404   1124.5    866.0
     1     1    21     2    25    16     0     2   -26.0   35.953  118.703   1192.3    861.9
     1     1    21     2    25    15     0     3   -27.0   36.140  118.992   1270.8    861.0
     1     1    21     2    25    14     0     2   -28.0   36.308  119.265   1329.6    856.2
     1     1    21     2    25    13     0     1   -29.0   36.460  119.511   1363.1    852.7
     1     1    21     2    25    12     0     0   -30.0   36.592  119.736   1373.3    850.4
     1     1    21     2    25    11     0     1   -31.0   36.700  119.939   1384.8    849.6
     1     1    21     2    25    10     0     2   -32.0   36.782  120.131   1428.3    845.1
     1     1    21     2    25     9     0     3   -33.0   36.840  120.328   1508.3    836.3
     1     1    21     2    25     8     0     2   -34.0   36.895  120.534   1573.3    823.1
     1     1    21     2    25     7     0     1   -35.0   36.947  120.753   1569.8    822.6
     1     1    21     2    25     6     0     0   -36.0   36.981  120.992   1510.4    828.9
     1     1    21     2    25     5     0     1   -37.0   36.988  121.246   1423.3    843.9
     1     1    21     2    25     4     0     2   -38.0   36.984  121.498   1350.5    859.5
     1     1    21     2    25     3     0     3   -39.0   36.983  121.743   1344.1    867.3
     1     1    21     2    25     2     0     2   -40.0   36.987  121.982   1441.9    862.0
     1     1    21     2    25     1     0     1   -41.0   37.007  122.209   1585.1    840.0
     1     1    21     2    25     0     0     0   -42.0   37.058  122.407   1707.9    826.6
     1     1    21     2    24    23     0     1   -43.0   37.114  122.543   1798.5    816.4
     1     1    21     2    24    22     0     2   -44.0   37.149  122.611   1840.6    811.7
     1     1    21     2    24    21     0     3   -45.0   37.159  122.628   1827.2    812.7
     1     1    21     2    24    20     0     2   -46.0   37.151  122.618   1763.0    820.2
     1     1    21     2    24    19     0     1   -47.0   37.136  122.601   1659.8    831.1
     1     1    21     2    24    18     0     0   -48.0   37.127  122.588   1527.6    845.9
     1     1    21     2    24    17     0     1   -49.0   37.132  122.585   1418.8    862.2
     1     1    21     2    24    16     0     2   -50.0   37.143  122.585   1374.2    867.0
     1     1    21     2    24    15     0     3   -51.0   37.153  122.580   1390.5    865.1
     1     1    21     2    24    14     0     2   -52.0   37.157  122.552   1424.5    857.1
     1     1    21     2    24    13     0     1   -53.0   37.161  122.496   1438.8    855.5
     1     1    21     2    24    12     0     0   -54.0   37.168  122.416   1433.7    855.9
     1     1    21     2    24    11     0     1   -55.0   37.183  122.325   1428.4    858.4
     1     1    21     2    24    10     0     2   -56.0   37.211  122.228   1439.2    856.9
     1     1    21     2    24     9     0     3   -57.0   37.248  122.124   1461.5    854.1
     1     1    21     2    24     8     0     2   -58.0   37.293  121.996   1482.9    850.8
     1     1    21     2    24     7     0     1   -59.0   37.338  121.838   1500.7    847.8
     1     1    21     2    24     6     0     0   -60.0   37.383  121.656   1519.3    843.8
     1     1    21     2    24     5     0     1   -61.0   37.425  121.467   1544.4    840.9
     1     1    21     2    24     4     0     2   -62.0   37.462  121.282   1582.9    836.0
     1     1    21     2    24     3     0     3   -63.0   37.495  121.091   1635.2    829.9
     1     1    21     2    24     2     0     2   -64.0   37.530  120.890   1691.5    822.5
     1     1    21     2    24     1     0     1   -65.0   37.570  120.687   1743.5    818.0
     1     1    21     2    24     0     0     0   -66.0   37.616  120.483   1796.0    813.5
     1     1    21     2    23    23     0     1   -67.0   37.673  120.267   1847.6    808.8
     1     1    21     2    23    22     0     2   -68.0   37.739  120.022   1885.4    804.7
     1     1    21     2    23    21     0     3   -69.0   37.806  119.739   1912.4    805.0
     1     1    21     2    23    20     0     2   -70.0   37.870  119.431   1957.0    803.2
     1     1    21     2    23    19     0     1   -71.0   37.926  119.111   2008.8    796.5
     1     1    21     2    23    18     0     0   -72.0   37.977  118.786   2034.2    792.6
     1     1    21     2    23    17     0     1   -73.0   38.022  118.479   2053.7    794.7
     1     1    21     2    23    16     0     2   -74.0   38.067  118.209   2123.4    789.4
     1     1    21     2    23    15     0     3   -75.0   38.112  117.986   2267.1    776.3
     1     1    21     2    23    14     0     2   -76.0   38.183  117.761   2409.9    753.4
     1     1    21     2    23    13     0     1   -77.0   38.272  117.472   2476.9    748.8
     1     1    21     2    23    12     0     0   -78.0   38.366  117.130   2528.7    747.1
     1     1    21     2    23    11     0     1   -79.0   38.466  116.756   2602.6    739.7
     1     1    21     2    23    10     0     2   -80.0   38.582  116.371   2669.8    731.6
     1     1    21     2    23     9     0     3   -81.0   38.725  115.991   2706.9    727.5
     1     1    21     2    23     8     0     2   -82.0   38.869  115.588   2705.1    717.0
     1     1    21     2    23     7     0     1   -83.0   38.980  115.141   2664.7    704.4
     1     1    21     2    23     6     0     0   -84.0   39.062  114.652   2496.1    686.9
     1     1    21     2    23     5     0     1   -85.0   39.115  114.148   2221.1    693.3
     1     1    21     2    23     4     0     2   -86.0   39.157  113.661   2023.0    704.6
     1     1    21     2    23     3     0     3   -87.0   39.172  113.168   1932.9    695.6
     1     1    21     2    23     2     0     2   -88.0   39.158  112.652   1859.3    678.3
     1     1    21     2    23     1     0     1   -89.0   39.122  112.110   1753.5    666.2
     1     1    21     2    23     0     0     0   -90.0   39.067  111.595   1591.1    694.3
     1     1    21     2    22    23     0     1   -91.0   38.962  111.203   1349.4    751.7
     1     1    21     2    22    22     0     2   -92.0   38.801  110.921   1148.4    786.0
     1     1    21     2    22    21     0     3   -93.0   38.606  110.700    998.6    793.5
     1     1    21     2    22    20     0     2   -94.0   38.399  110.514    857.4    803.5
     1     1    21     2    22    19     0     1   -95.0   38.191  110.387    696.0    820.2
     1     1    21     2    22    18     0     0   -96.0   37.992  110.334    525.3    841.0
     1     1    21     2    22    17     0     1   -97.0   37.834  110.334    409.0    857.6
     1     1    21     2    22    16     0     2   -98.0   37.718  110.353    364.0    858.8
     1     1    21     2    22    15     0     3   -99.0   37.640  110.379    360.8    857.3
     1     1    21     2    22    14     0     2  -100.0   37.578  110.402    374.6    852.8
     1     1    21     2    22    13     0     1  -101.0   37.512  110.411    387.5    850.1
     1     1    21     2    22    12     0     0  -102.0   37.448  110.407    396.4    848.1
     1     1    21     2    22    11     0     1  -103.0   37.388  110.398    397.2    847.4
     1     1    21     2    22    10     0     2  -104.0   37.332  110.393    387.1    848.0
     1     1    21     2    22     9     0     3  -105.0   37.279  110.388    365.1    849.8
     1     1    21     2    22     8     0     2  -106.0   37.229  110.385    340.1    853.0
     1     1    21     2    22     7     0     1  -107.0   37.185  110.388    323.5    854.6
     1     1    21     2    22     6     0     0  -108.0   37.146  110.400    317.8    854.9
     1     1    21     2    22     5     0     1  -109.0   37.128  110.426    318.6    853.8
     1     1    21     2    22     4     0     2  -110.0   37.139  110.470    322.1    853.0
     1     1    21     2    22     3     0     3  -111.0   37.178  110.532    334.9    851.4
     1     1    21     2    22     2     0     2  -112.0   37.244  110.594    363.8    847.4
     1     1    21     2    22     1     0     1  -113.0   37.341  110.645    408.0    842.7
     1     1    21     2    22     0     0     0  -114.0   37.474  110.691    465.3    837.0
     1     1    21     2    21    23     0     1  -115.0   37.640  110.723    527.2    831.9
     1     1    21     2    21    22     0     2  -116.0   37.825  110.725    593.1    828.8
     1     1    21     2    21    21     0     3  -117.0   38.026  110.686    677.5    824.0
     1     1    21     2    21    20     0     2  -118.0   38.231  110.619    745.4    813.4
     1     1    21     2    21    19     0     1  -119.0   38.425  110.557    774.9    811.2
     1     1    21     2    21    18     0     0  -120.0   38.610  110.495    786.0    809.7
