     5     1
    GDAS    21     2     1     0     0
    GDAS    21     2     8     0     0
    GDAS    21     2    15     0     0
    GDAS    21     2    22     0     0
    GDAS    21     3     1     0     0
     1 BACKWARD OMEGA   
    21     2    11     6   44.970  -93.230   500.0
     1 PRESSURE
     1     1    21     2    11     6     0     0     0.0   44.970  -93.230    500.0    932.5
     1     1    21     2    11     5     0     1    -1.0   45.179  -93.351    519.7    927.8
     1     1    21     2    11     4     0     2    -2.0   45.390  -93.528    536.6    923.0
     1     1    21     2    11     3     0     3    -3.0   45.611  -93.749    561.7    916.7
     1     1    21     2    11     2     0     2    -4.0   45.828  -94.001    606.2    906.6
     1     1    21     2    11     1     0     1    -5.0   46.031  -94.281    674.2    894.9
     1     1    21     2    11     0     0     0    -6.0   46.222  -94.606    756.1    882.3
     1     1    21     2    10    23     0     1    -7.0   46.412  -94.982    827.4    869.9
     1     1    21     2    10    22     0     2    -8.0   46.602  -95.413    876.7    865.8
     1     1    21     2    10    21     0     3    -9.0   46.786  -95.896    908.9    864.5
     1     1    21     2    10    20     0     2   -10.0   46.965  -96.396    931.5    867.3
     1     1    21     2    10    19     0     1   -11.0   47.139  -96.871    947.3    872.7
     1     1    21     2    10    18     0     0   -12.0   47.310  -97.341    954.8    867.5
     1     1    21     2    10    17     0     1   -13.0   47.484  -97.843    968.1    856.9
     1     1    21     2    10    16     0     2   -14.0   47.674  -98.374    996.1    846.4
     1     1    21     2    10    15     0     3   -15.0   47.878  -98.907   1028.0    840.5
     1     1    21     2    10    14     0     2   -16.0   48.093  -99.452   1062.4    836.4
     1     1    21     2    10    13     0     1   -17.0   48.318 -100.031   1102.2    825.4
     1     1    21     2    10    12     0     0   -18.0   48.558 -100.619   1141.1    819.7
     1     1    21     2    10    11     0     1   -19.0   48.799 -101.181   1167.0    820.1
     1     1    21     2    10    10     0     2   -20.0   49.031 -101.745   1189.7    816.5
     1     1    21     2    10     9     0     3   -21.0   49.268 -102.365   1215.4    804.8
     1     1    21     2    10     8     0     2   -22.0   49.515 -103.016   1230.3    797.3
     1     1    21     2    10     7     0     1   -23.0   49.775 -103.650   1236.0    797.6
     1     1    21     2    10     6     0     0   -24.0   50.051 -104.262   1245.8    800.3
     1     1    21     2    10     5     0     1   -25.0   50.342 -104.860   1273.2    799.8
     1     1    21     2    10     4     0     2   -26.0   50.649 -105.438   1305.9    793.5
     1     1    21     2    10     3     0     3   -27.0   50.977 -105.995   1318.2    789.3
     1     1    21     2    10     2     0     2   -28.0   51.320 -106.529   1305.2    793.0
     1     1    21     2    10     1     0     1   -29.0   51.672 -107.040   1280.5    799.1
     1     1    21     2    10     0     0     0   -30.0   52.052 -107.549   1260.6    796.5
     1     1    21     2     9    23     0     1   -31.0   52.457 -108.062   1250.5    794.4
     1     1    21     2     9    22     0     2   -32.0   52.854 -108.565   1252.4    800.6
     1     1    21     2     9    21     0     3   -33.0   53.235 -109.047   1258.4    804.0
     1     1    21     2     9    20     0     2   -34.0   53.614 -109.494   1255.3    798.6
     1     1    21     2     9    19     0     1   -35.0   54.003 -109.895   1248.0    793.0
     1     1    21     2     9    18     0     0   -36.0   54.406 -110.245   1227.3    791.5
     1     1    21     2     9    17     0     1   -37.0   54.845 -110.542   1196.9    798.0
     1     1    21     2     9    16     0     2   -38.0   55.326 -110.820   1179.6    802.5
     1     1    21     2     9    15     0     3   -39.0   55.826 -111.114   1146.7    806.3
     1     1    21     2     9    14     0     2   -40.0   56.328 -111.437   1114.8    819.3
     1     1    21     2     9    13     0     1   -41.0   56.816 -111.738   1088.9    831.1
     1     1    21     2     9    12     0     0   -42.0   57.284 -112.002   1035.3    841.8
     1     1    21     2     9    11     0     1   -43.0   57.749 -112.278    991.2    844.5
     1     1    21     2     9    10     0     2   -44.0   58.229 -112.561    991.8    845.3
     1     1    21     2     9     9     0     3   -45.0   58.710 -112.809    997.4    856.1
     1     1    21     2     9     8     0     2   -46.0   59.199 -113.029    964.6    867.3
     1     1    21     2     9     7     0     1   -47.0   59.707 -113.278    918.5    875.8
     1     1    21     2     9     6     0     0   -48.0   60.204 -113.572    888.7    884.6
     1     1    21     2     9     5     0     1   -49.0   60.662 -113.879    840.3    895.4
     1     1    21     2     9     4     0     2   -50.0   61.088 -114.187    748.7    913.1
     1     1    21     2     9     3     0     3   -51.0   61.523 -114.465    645.5    931.9
     1     1    21     2     9     2     0     2   -52.0   61.998 -114.669    594.3    941.4
     1     1    21     2     9     1     0     1   -53.0   62.502 -114.763    581.4    934.0
     1     1    21     2     9     0     0     0   -54.0   63.004 -114.750    576.3    929.3
     1     1    21     2     8    23     0     1   -55.0   63.495 -114.638    572.7    920.1
     1     1    21     2     8    22     0     2   -56.0   63.975 -114.444    564.0    911.5
     1     1    21     2     8    21     0     3   -57.0   64.458 -114.179    555.8    906.9
     1     1    21     2     8    20     0     2   -58.0   64.953 -113.856    557.6    901.8
     1     1    21     2     8    19     0     1   -59.0   65.456 -113.496    581.3    901.0
     1     1    21     2     8    18     0     0   -60.0   65.989 -113.093    616.8    894.1
     1     1    21     2     8    17     0     1   -61.0   66.532 -112.704    631.0    891.1
     1     1    21     2     8    16     0     2   -62.0   67.064 -112.425    634.7    899.8
     1     1    21     2     8    15     0     3   -63.0   67.542 -112.319    619.1    924.1
     1     1    21     2     8    14     0     2   -64.0   67.934 -112.487    546.8    956.4
     1     1    21     2     8    13     0     1   -65.0   68.260 -112.814    455.5    974.8
     1     1    21     2     8    12     0     0   -66.0   68.555 -113.110    382.6    983.1
     1     1    21     2     8    11     0     1   -67.0   68.832 -113.340    334.0    989.5
     1     1    21     2     8    10     0     2   -68.0   69.096 -113.510    308.4    990.5
     1     1    21     2     8     9     0     3   -69.0   69.360 -113.635    302.4    983.3
     1     1    21     2     8     8     0     2   -70.0   69.625 -113.730    313.5    971.0
     1     1    21     2     8     7     0     1   -71.0   69.885 -113.784    337.1    956.6
     1     1    21     2     8     6     0     0   -72.0   70.132 -113.776    370.9    948.0
     1     1    21     2     8     5     0     1   -73.0   70.356 -113.687    413.5    944.8
     1     1    21     2     8     4     0     2   -74.0   70.555 -113.517    460.2    939.8
     1     1    21     2     8     3     0     3   -75.0   70.730 -113.289    504.2    934.6
     1     1    21     2     8     2     0     2   -76.0   70.891 -113.028    539.9    929.1
     1     1    21     2     8     1     0     1   -77.0   71.051 -112.748    562.1    926.8
     1     1    21     2     8     0     0     0   -78.0   71.219 -112.439    575.3    926.0
     1     1    21     2     7    23     0     1   -79.0   71.383 -112.114    590.0    921.3
     1     1    21     2     7    22     0     2   -80.0   71.529 -111.798    607.0    913.9
     1     1    21     2     7    21     0     3   -81.0   71.659 -111.501    621.2    907.8
     1     1    21     2     7    20     0     2   -82.0   71.772 -111.201    630.4    903.3
     1     1    21     2     7    19     0     1   -83.0   71.870 -110.864    634.0    900.6
     1     1    21     2     7    18     0     0   -84.0   71.961 -110.480    634.6    898.8
     1     1    21     2     7    17     0     1   -85.0   72.056 -110.068    635.6    900.4
     1     1    21     2     7    16     0     2   -86.0   72.171 -109.682    644.2    914.1
     1     1    21     2     7    15     0     3   -87.0   72.307 -109.341    665.9    924.5
     1     1    21     2     7    14     0     2   -88.0   72.447 -109.025    694.2    929.1
     1     1    21     2     7    13     0     1   -89.0   72.580 -108.713    712.3    929.1
     1     1    21     2     7    12     0     0   -90.0   72.705 -108.401    716.1    929.2
     1     1    21     2     7    11     0     1   -91.0   72.826 -108.063    711.9    927.9
     1     1    21     2     7    10     0     2   -92.0   72.945 -107.672    706.1    924.2
     1     1    21     2     7     9     0     3   -93.0   73.059 -107.229    705.3    921.1
     1     1    21     2     7     8     0     2   -94.0   73.171 -106.762    716.8    923.7
     1     1    21     2     7     7     0     1   -95.0   73.287 -106.288    735.7    928.0
     1     1    21     2     7     6     0     0   -96.0   73.408 -105.807    749.2    929.3
     1     1    21     2     7     5     0     1   -97.0   73.532 -105.326    754.6    928.4
     1     1    21     2     7     4     0     2   -98.0   73.662 -104.852    755.5    928.3
     1     1    21     2     7     3     0     3   -99.0   73.802 -104.382    755.4    928.3
     1     1    21     2     7     2     0     2  -100.0   73.950 -103.910    755.3    927.7
     1     1    21     2     7     1     0     1  -101.0   74.097 -103.439    755.6    927.2
     1     1    21     2     7     0     0     0  -102.0   74.240 -102.974    755.8    926.5
     1     1    21     2     6    23     0     1  -103.0   74.381 -102.498    755.7    926.2
     1     1    21     2     6    22     0     2  -104.0   74.526 -101.983    756.1    925.7
     1     1    21     2     6    21     0     3  -105.0   74.675 -101.424    753.3    925.1
     1     1    21     2     6    20     0     2  -106.0   74.824 -100.828    737.3    925.9
     1     1    21     2     6    19     0     1  -107.0   74.970 -100.189    693.4    929.9
     1     1    21     2     6    18     0     0  -108.0   75.114  -99.458    632.5    938.0
     1     1    21     2     6    17     0     1  -109.0   75.260  -98.575    602.6    938.3
     1     1    21     2     6    16     0     2  -110.0   75.417  -97.627    625.4    934.7
     1     1    21     2     6    15     0     3  -111.0   75.567  -96.694    610.2    940.3
     1     1    21     2     6    14     0     2  -112.0   75.697  -95.736    564.9    944.0
     1     1    21     2     6    13     0     1  -113.0   75.817  -94.714    535.0    948.2
     1     1    21     2     6    12     0     0  -114.0   75.925  -93.642    511.7    953.0
     1     1    21     2     6    11     0     1  -115.0   76.022  -92.551    474.0    953.9
     1     1    21     2     6    10     0     2  -116.0   76.118  -91.151    540.2    933.9
     1     1    21     2     6     9     0     3  -117.0   76.212  -89.827    583.3    945.1
     1     1    21     2     6     8     0     2  -118.0   76.310  -88.734    581.4    944.2
     1     1    21     2     6     7     0     1  -119.0   76.411  -87.655    582.0    930.6
     1     1    21     2     6     6     0     0  -120.0   76.485  -86.535    584.4    906.9
