     5     1
    GDAS    21     2     1     0     0
    GDAS    21     2     8     0     0
    GDAS    21     2    15     0     0
    GDAS    21     2    22     0     0
    GDAS    21     3     1     0     0
     1 BACKWARD OMEGA   
    21     2    17    21   44.970  -93.230   500.0
     1 PRESSURE
     1     1    21     2    17    21     0     3     0.0   44.970  -93.230    500.0    927.0
     1     1    21     2    17    20     0     2    -1.0   44.796  -93.256    500.1    924.9
     1     1    21     2    17    19     0     1    -2.0   44.597  -93.302    495.2    923.9
     1     1    21     2    17    18     0     0    -3.0   44.372  -93.370    489.0    923.4
     1     1    21     2    17    17     0     1    -4.0   44.123  -93.447    490.9    922.4
     1     1    21     2    17    16     0     2    -5.0   43.859  -93.513    505.0    919.9
     1     1    21     2    17    15     0     3    -6.0   43.590  -93.561    519.6    917.3
     1     1    21     2    17    14     0     2    -7.0   43.330  -93.605    523.4    916.1
     1     1    21     2    17    13     0     1    -8.0   43.085  -93.665    517.7    916.7
     1     1    21     2    17    12     0     0    -9.0   42.855  -93.741    507.2    917.7
     1     1    21     2    17    11     0     1   -10.0   42.645  -93.820    492.2    919.5
     1     1    21     2    17    10     0     2   -11.0   42.456  -93.886    474.3    921.6
     1     1    21     2    17     9     0     3   -12.0   42.283  -93.941    457.3    923.7
     1     1    21     2    17     8     0     2   -13.0   42.110  -93.990    453.7    925.5
     1     1    21     2    17     7     0     1   -14.0   41.917  -94.043    478.5    922.9
     1     1    21     2    17     6     0     0   -15.0   41.703  -94.113    528.7    915.5
     1     1    21     2    17     5     0     1   -16.0   41.487  -94.184    563.1    907.0
     1     1    21     2    17     4     0     2   -17.0   41.295  -94.223    550.1    908.2
     1     1    21     2    17     3     0     3   -18.0   41.131  -94.221    492.9    915.3
     1     1    21     2    17     2     0     2   -19.0   41.000  -94.174    438.8    927.7
     1     1    21     2    17     1     0     1   -20.0   40.902  -94.106    427.5    929.8
     1     1    21     2    17     0     0     0   -21.0   40.833  -94.027    464.4    925.5
     1     1    21     2    16    23     0     1   -22.0   40.774  -93.979    524.1    914.9
     1     1    21     2    16    22     0     2   -23.0   40.719  -93.984    572.7    909.2
     1     1    21     2    16    21     0     3   -24.0   40.669  -94.036    605.6    905.5
     1     1    21     2    16    20     0     2   -25.0   40.619  -94.101    628.9    904.2
     1     1    21     2    16    19     0     1   -26.0   40.567  -94.153    649.5    901.7
     1     1    21     2    16    18     0     0   -27.0   40.513  -94.192    664.6    900.1
     1     1    21     2    16    17     0     1   -28.0   40.467  -94.222    674.0    899.1
     1     1    21     2    16    16     0     2   -29.0   40.433  -94.243    678.5    898.6
     1     1    21     2    16    15     0     3   -30.0   40.411  -94.254    678.8    898.5
     1     1    21     2    16    14     0     2   -31.0   40.404  -94.264    675.6    898.7
     1     1    21     2    16    13     0     1   -32.0   40.415  -94.284    669.4    899.2
     1     1    21     2    16    12     0     0   -33.0   40.444  -94.312    661.3    899.8
     1     1    21     2    16    11     0     1   -34.0   40.487  -94.338    657.3    900.8
     1     1    21     2    16    10     0     2   -35.0   40.534  -94.356    661.8    899.8
     1     1    21     2    16     9     0     3   -36.0   40.587  -94.366    673.2    897.9
     1     1    21     2    16     8     0     2   -37.0   40.648  -94.362    689.3    895.4
     1     1    21     2    16     7     0     1   -38.0   40.722  -94.336    709.9    892.6
     1     1    21     2    16     6     0     0   -39.0   40.810  -94.288    737.5    888.9
     1     1    21     2    16     5     0     1   -40.0   40.909  -94.217    767.4    884.1
     1     1    21     2    16     4     0     2   -41.0   41.019  -94.118    789.5    880.7
     1     1    21     2    16     3     0     3   -42.0   41.140  -93.991    799.8    880.0
     1     1    21     2    16     2     0     2   -43.0   41.270  -93.843    806.1    881.5
     1     1    21     2    16     1     0     1   -44.0   41.406  -93.686    810.0    881.9
     1     1    21     2    16     0     0     0   -45.0   41.546  -93.521    804.3    884.0
     1     1    21     2    15    23     0     1   -46.0   41.687  -93.342    796.6    887.9
     1     1    21     2    15    22     0     2   -47.0   41.821  -93.136    795.5    890.2
     1     1    21     2    15    21     0     3   -48.0   41.944  -92.894    800.4    891.3
     1     1    21     2    15    20     0     2   -49.0   42.065  -92.623    818.1    890.4
     1     1    21     2    15    19     0     1   -50.0   42.185  -92.341    846.5    886.2
     1     1    21     2    15    18     0     0   -51.0   42.297  -92.056    872.4    882.9
     1     1    21     2    15    17     0     1   -52.0   42.413  -91.769    881.8    880.4
     1     1    21     2    15    16     0     2   -53.0   42.554  -91.477    883.9    883.0
     1     1    21     2    15    15     0     3   -54.0   42.723  -91.194    916.7    882.3
     1     1    21     2    15    14     0     2   -55.0   42.910  -90.956    987.6    873.0
     1     1    21     2    15    13     0     1   -56.0   43.096  -90.790   1055.1    861.2
     1     1    21     2    15    12     0     0   -57.0   43.279  -90.691   1096.6    857.0
     1     1    21     2    15    11     0     1   -58.0   43.459  -90.648   1129.2    855.0
     1     1    21     2    15    10     0     2   -59.0   43.632  -90.653   1161.4    851.2
     1     1    21     2    15     9     0     3   -60.0   43.794  -90.696   1183.9    848.3
     1     1    21     2    15     8     0     2   -61.0   43.944  -90.755   1205.3    847.9
     1     1    21     2    15     7     0     1   -62.0   44.075  -90.822   1245.5    843.6
     1     1    21     2    15     6     0     0   -63.0   44.186  -90.903   1311.3    835.2
     1     1    21     2    15     5     0     1   -64.0   44.298  -90.998   1377.0    824.1
     1     1    21     2    15     4     0     2   -65.0   44.433  -91.106   1420.8    818.5
     1     1    21     2    15     3     0     3   -66.0   44.588  -91.232   1458.5    814.6
     1     1    21     2    15     2     0     2   -67.0   44.762  -91.387   1508.9    809.6
     1     1    21     2    15     1     0     1   -68.0   44.960  -91.579   1575.7    802.3
     1     1    21     2    15     0     0     0   -69.0   45.180  -91.800   1643.9    793.8
     1     1    21     2    14    23     0     1   -70.0   45.416  -92.053   1708.2    786.7
     1     1    21     2    14    22     0     2   -71.0   45.668  -92.360   1773.0    777.7
     1     1    21     2    14    21     0     3   -72.0   45.951  -92.738   1840.7    768.4
     1     1    21     2    14    20     0     2   -73.0   46.255  -93.161   1911.4    757.8
     1     1    21     2    14    19     0     1   -74.0   46.555  -93.592   1980.8    747.1
     1     1    21     2    14    18     0     0   -75.0   46.859  -94.027   2041.0    738.8
     1     1    21     2    14    17     0     1   -76.0   47.178  -94.453   2109.5    732.1
     1     1    21     2    14    16     0     2   -77.0   47.519  -94.874   2201.5    723.2
     1     1    21     2    14    15     0     3   -78.0   47.876  -95.297   2291.6    717.2
     1     1    21     2    14    14     0     2   -79.0   48.247  -95.695   2357.0    711.1
     1     1    21     2    14    13     0     1   -80.0   48.632  -96.040   2400.8    707.0
     1     1    21     2    14    12     0     0   -81.0   49.029  -96.332   2452.2    705.7
     1     1    21     2    14    11     0     1   -82.0   49.439  -96.557   2516.6    701.4
     1     1    21     2    14    10     0     2   -83.0   49.859  -96.710   2570.9    699.1
     1     1    21     2    14     9     0     3   -84.0   50.285  -96.797   2608.6    696.5
     1     1    21     2    14     8     0     2   -85.0   50.707  -96.798   2637.9    694.2
     1     1    21     2    14     7     0     1   -86.0   51.121  -96.704   2677.8    690.0
     1     1    21     2    14     6     0     0   -87.0   51.520  -96.514   2718.6    682.8
     1     1    21     2    14     5     0     1   -88.0   51.898  -96.232   2739.1    678.3
     1     1    21     2    14     4     0     2   -89.0   52.245  -95.866   2749.7    676.4
     1     1    21     2    14     3     0     3   -90.0   52.549  -95.428   2766.4    673.9
     1     1    21     2    14     2     0     2   -91.0   52.803  -94.915   2776.6    671.8
     1     1    21     2    14     1     0     1   -92.0   52.998  -94.329   2756.3    673.9
     1     1    21     2    14     0     0     0   -93.0   53.126  -93.703   2710.9    680.6
     1     1    21     2    13    23     0     1   -94.0   53.180  -93.066   2669.0    685.4
     1     1    21     2    13    22     0     2   -95.0   53.152  -92.416   2639.3    688.0
     1     1    21     2    13    21     0     3   -96.0   53.038  -91.754   2625.4    689.9
     1     1    21     2    13    20     0     2   -97.0   52.839  -91.112   2598.5    687.3
     1     1    21     2    13    19     0     1   -98.0   52.576  -90.536   2533.2    693.2
     1     1    21     2    13    18     0     0   -99.0   52.245  -90.013   2447.0    701.5
     1     1    21     2    13    17     0     1  -100.0   51.861  -89.563   2339.5    712.8
     1     1    21     2    13    16     0     2  -101.0   51.452  -89.207   2229.0    725.9
     1     1    21     2    13    15     0     3  -102.0   51.034  -88.945   2143.3    734.4
     1     1    21     2    13    14     0     2  -103.0   50.614  -88.782   2077.5    739.9
     1     1    21     2    13    13     0     1  -104.0   50.197  -88.728   2018.1    748.0
     1     1    21     2    13    12     0     0  -105.0   49.795  -88.788   1974.0    752.0
     1     1    21     2    13    11     0     1  -106.0   49.397  -88.933   1929.0    751.5
     1     1    21     2    13    10     0     2  -107.0   48.993  -89.138   1876.4    754.4
     1     1    21     2    13     9     0     3  -108.0   48.605  -89.374   1834.2    763.0
     1     1    21     2    13     8     0     2  -109.0   48.252  -89.621   1807.5    766.4
     1     1    21     2    13     7     0     1  -110.0   47.930  -89.891   1806.2    763.0
     1     1    21     2    13     6     0     0  -111.0   47.634  -90.157   1805.4    766.5
     1     1    21     2    13     5     0     1  -112.0   47.366  -90.383   1787.3    778.0
     1     1    21     2    13     4     0     2  -113.0   47.133  -90.579   1774.9    787.2
     1     1    21     2    13     3     0     3  -114.0   46.949  -90.770   1789.0    789.3
     1     1    21     2    13     2     0     2  -115.0   46.814  -90.999   1811.1    779.4
     1     1    21     2    13     1     0     1  -116.0   46.717  -91.282   1817.4    773.5
     1     1    21     2    13     0     0     0  -117.0   46.651  -91.626   1819.4    769.5
     1     1    21     2    12    23     0     1  -118.0   46.599  -92.025   1831.7    764.9
     1     1    21     2    12    22     0     2  -119.0   46.549  -92.454   1857.1    761.9
     1     1    21     2    12    21     0     3  -120.0   46.505  -92.902   1901.2    758.7
