     5     1
    GDAS    21     2     1     0     0
    GDAS    21     2     8     0     0
    GDAS    21     2    15     0     0
    GDAS    21     2    22     0     0
    GDAS    21     3     1     0     0
     1 BACKWARD OMEGA   
    21     2     4    15   44.970  -93.230   500.0
     1 PRESSURE
     1     1    21     2     4    15     0     3     0.0   44.970  -93.230    500.0    908.2
     1     1    21     2     4    14     0     2    -1.0   45.310  -93.623    464.9    912.4
     1     1    21     2     4    13     0     1    -2.0   45.653  -93.974    434.0    904.7
     1     1    21     2     4    12     0     0    -3.0   45.995  -94.305    365.7    907.1
     1     1    21     2     4    11     0     1    -4.0   46.288  -94.668    323.6    918.6
     1     1    21     2     4    10     0     2    -5.0   46.565  -95.111    332.8    911.8
     1     1    21     2     4     9     0     3    -6.0   46.837  -95.613    315.0    912.0
     1     1    21     2     4     8     0     2    -7.0   47.082  -96.128    236.2    927.1
     1     1    21     2     4     7     0     1    -8.0   47.308  -96.588    165.6    949.1
     1     1    21     2     4     6     0     0    -9.0   47.574  -97.002    126.2    955.5
     1     1    21     2     4     5     0     1   -10.0   47.831  -97.388    103.3    951.5
     1     1    21     2     4     4     0     2   -11.0   48.057  -97.801    117.0    941.9
     1     1    21     2     4     3     0     3   -12.0   48.332  -98.262    171.6    931.7
     1     1    21     2     4     2     0     2   -13.0   48.646  -98.726    196.4    922.0
     1     1    21     2     4     1     0     1   -14.0   48.958  -99.159    190.3    921.6
     1     1    21     2     4     0     0     0   -15.0   49.293  -99.553    218.7    918.4
     1     1    21     2     3    23     0     1   -16.0   49.655  -99.926    289.9    907.5
     1     1    21     2     3    22     0     2   -17.0   50.033 -100.310    355.1    903.4
     1     1    21     2     3    21     0     3   -18.0   50.396 -100.699    395.2    896.6
     1     1    21     2     3    20     0     2   -19.0   50.707 -101.096    455.6    887.0
     1     1    21     2     3    19     0     1   -20.0   50.953 -101.466    526.8    873.1
     1     1    21     2     3    18     0     0   -21.0   51.156 -101.828    599.0    873.3
     1     1    21     2     3    17     0     1   -22.0   51.323 -102.194    688.3    861.3
     1     1    21     2     3    16     0     2   -23.0   51.456 -102.537    735.7    850.1
     1     1    21     2     3    15     0     3   -24.0   51.573 -102.853    715.2    849.5
     1     1    21     2     3    14     0     2   -25.0   51.703 -103.182    675.1    858.3
     1     1    21     2     3    13     0     1   -26.0   51.847 -103.537    674.6    863.0
     1     1    21     2     3    12     0     0   -27.0   51.983 -103.881    727.6    859.3
     1     1    21     2     3    11     0     1   -28.0   52.097 -104.232    788.6    849.8
     1     1    21     2     3    10     0     2   -29.0   52.206 -104.614    802.6    849.1
     1     1    21     2     3     9     0     3   -30.0   52.318 -105.019    776.9    852.5
     1     1    21     2     3     8     0     2   -31.0   52.436 -105.438    714.5    860.1
     1     1    21     2     3     7     0     1   -32.0   52.571 -105.838    638.4    872.7
     1     1    21     2     3     6     0     0   -33.0   52.727 -106.198    591.9    878.8
     1     1    21     2     3     5     0     1   -34.0   52.889 -106.541    581.3    875.2
     1     1    21     2     3     4     0     2   -35.0   53.044 -106.880    582.4    868.5
     1     1    21     2     3     3     0     3   -36.0   53.192 -107.190    564.1    868.1
     1     1    21     2     3     2     0     2   -37.0   53.332 -107.442    528.8    874.9
     1     1    21     2     3     1     0     1   -38.0   53.450 -107.645    486.7    879.1
     1     1    21     2     3     0     0     0   -39.0   53.553 -107.798    421.8    886.7
     1     1    21     2     2    23     0     1   -40.0   53.651 -107.865    341.5    897.8
     1     1    21     2     2    22     0     2   -41.0   53.743 -107.817    267.0    907.9
     1     1    21     2     2    21     0     3   -42.0   53.830 -107.673    209.9    915.4
     1     1    21     2     2    20     0     2   -43.0   53.917 -107.492    171.8    921.1
     1     1    21     2     2    19     0     1   -44.0   54.016 -107.328    145.5    925.9
     1     1    21     2     2    18     0     0   -45.0   54.124 -107.189    125.7    929.8
     1     1    21     2     2    17     0     1   -46.0   54.227 -107.053    109.7    933.1
     1     1    21     2     2    16     0     2   -47.0   54.310 -106.895     95.4    936.0
     1     1    21     2     2    15     0     3   -48.0   54.375 -106.728     80.1    939.3
     1     1    21     2     2    14     0     2   -49.0   54.434 -106.578     66.3    943.0
     1     1    21     2     2    13     0     1   -50.0   54.498 -106.457     55.9    945.9
     1     1    21     2     2    12     0     0   -51.0   54.564 -106.356     47.7    948.1
     1     1    21     2     2    11     0     1   -52.0   54.622 -106.272     40.7    949.6
     1     1    21     2     2    10     0     2   -53.0   54.660 -106.206     34.7    950.9
     1     1    21     2     2     9     0     3   -54.0   54.679 -106.155     30.2    951.8
     1     1    21     2     2     8     0     2   -55.0   54.685 -106.120     27.6    952.8
     1     1    21     2     2     7     0     1   -56.0   54.686 -106.101     27.0    953.4
     1     1    21     2     2     6     0     0   -57.0   54.680 -106.099     28.4    953.7
     1     1    21     2     2     5     0     1   -58.0   54.664 -106.104     30.8    953.3
     1     1    21     2     2     4     0     2   -59.0   54.631 -106.104     33.3    952.8
     1     1    21     2     2     3     0     3   -60.0   54.580 -106.100     35.7    952.1
     1     1    21     2     2     2     0     2   -61.0   54.515 -106.075     38.3    951.3
     1     1    21     2     2     1     0     1   -62.0   54.438 -106.013     41.7    950.4
     1     1    21     2     2     0     0     0   -63.0   54.350 -105.913     45.5    949.0
     1     1    21     2     1    23     0     1   -64.0   54.250 -105.779     48.4    947.3
     1     1    21     2     1    22     0     2   -65.0   54.141 -105.625     48.7    945.2
     1     1    21     2     1    21     0     3   -66.0   54.025 -105.449     47.1    942.3
     1     1    21     2     1    20     0     2   -67.0   53.906 -105.247     46.0    942.9
     1     1    21     2     1    19     0     1   -68.0   53.790 -105.011     47.0    944.2
     1     1    21     2     1    18     0     0   -69.0   53.683 -104.758     47.8    950.9
     1     1    21     2     1    17     0     1   -70.0   53.591 -104.517     46.1    956.4
     1     1    21     2     1    16     0     2   -71.0   53.510 -104.294     42.6    961.4
     1     1    21     2     1    15     0     3   -72.0   53.439 -104.089     38.5    965.8
     1     1    21     2     1    14     0     2   -73.0   53.374 -103.901     35.3    967.6
     1     1    21     2     1    13     0     1   -74.0   53.311 -103.724     34.4    966.8
     1     1    21     2     1    12     0     0   -75.0   53.247 -103.551     37.1    964.7
     1     1    21     2     1    11     0     1   -76.0   53.173 -103.385     43.8    961.5
     1     1    21     2     1    10     0     2   -77.0   53.082 -103.224     54.0    957.1
     1     1    21     2     1     9     0     3   -78.0   52.976 -103.064     68.3    950.8
     1     1    21     2     1     8     0     2   -79.0   52.857 -102.926     84.9    948.1
     1     1    21     2     1     7     0     1   -80.0   52.731 -102.825     98.6    947.6
     1     1    21     2     1     6     0     0   -81.0   52.604 -102.752    108.4    947.2
     1     1    21     2     1     5     0     1   -82.0   52.486 -102.704    114.6    946.5
     1     1    21     2     1     4     0     2   -83.0   52.386 -102.676    116.7    946.0
     1     1    21     2     1     3     0     3   -84.0   52.304 -102.665    114.4    945.7
     1     1    21     2     1     2     0     2   -85.0   52.235 -102.673    112.5    945.7
     1     1    21     2     1     1     0     1   -86.0   52.172 -102.705    116.7    944.2
     1     1    21     2     1     0     0     0   -87.0   52.118 -102.763    128.5    941.7
