     5     1
    GDAS    21     2     1     0     0
    GDAS    21     2     8     0     0
    GDAS    21     2    15     0     0
    GDAS    21     2    22     0     0
    GDAS    21     3     1     0     0
     1 BACKWARD OMEGA   
    21     2    24    18   44.970  -93.230   500.0
     1 PRESSURE
     1     1    21     2    24    18     0     0     0.0   44.970  -93.230    500.0    923.8
     1     1    21     2    24    17     0     1    -1.0   45.212  -93.329    553.3    914.4
     1     1    21     2    24    16     0     2    -2.0   45.518  -93.404    598.8    906.1
     1     1    21     2    24    15     0     3    -3.0   45.884  -93.453    660.3    895.8
     1     1    21     2    24    14     0     2    -4.0   46.271  -93.492    728.7    881.5
     1     1    21     2    24    13     0     1    -5.0   46.648  -93.538    780.8    873.6
     1     1    21     2    24    12     0     0    -6.0   47.016  -93.598    823.4    867.6
     1     1    21     2    24    11     0     1    -7.0   47.374  -93.658    864.0    863.0
     1     1    21     2    24    10     0     2    -8.0   47.714  -93.712    896.3    857.8
     1     1    21     2    24     9     0     3    -9.0   48.033  -93.778    903.2    855.8
     1     1    21     2    24     8     0     2   -10.0   48.336  -93.859    894.6    860.4
     1     1    21     2    24     7     0     1   -11.0   48.631  -93.958    890.2    862.5
     1     1    21     2    24     6     0     0   -12.0   48.902  -94.074    888.5    864.4
     1     1    21     2    24     5     0     1   -13.0   49.157  -94.198    893.6    864.0
     1     1    21     2    24     4     0     2   -14.0   49.411  -94.333    903.0    860.8
     1     1    21     2    24     3     0     3   -15.0   49.674  -94.477    900.8    859.5
     1     1    21     2    24     2     0     2   -16.0   49.941  -94.642    887.5    861.3
     1     1    21     2    24     1     0     1   -17.0   50.187  -94.832    887.5    863.5
     1     1    21     2    24     0     0     0   -18.0   50.405  -95.041    920.3    860.9
     1     1    21     2    23    23     0     1   -19.0   50.616  -95.281    978.6    853.7
     1     1    21     2    23    22     0     2   -20.0   50.841  -95.568   1038.9    847.2
     1     1    21     2    23    21     0     3   -21.0   51.078  -95.894   1090.1    843.1
     1     1    21     2    23    20     0     2   -22.0   51.319  -96.233   1134.0    840.9
     1     1    21     2    23    19     0     1   -23.0   51.560  -96.563   1172.5    838.5
     1     1    21     2    23    18     0     0   -24.0   51.805  -96.882   1199.9    836.5
     1     1    21     2    23    17     0     1   -25.0   52.068  -97.210   1217.1    835.6
     1     1    21     2    23    16     0     2   -26.0   52.357  -97.569   1235.6    833.5
     1     1    21     2    23    15     0     3   -27.0   52.661  -97.961   1264.2    830.4
     1     1    21     2    23    14     0     2   -28.0   52.969  -98.394   1310.1    825.0
     1     1    21     2    23    13     0     1   -29.0   53.267  -98.870   1364.7    817.4
     1     1    21     2    23    12     0     0   -30.0   53.547  -99.367   1411.6    809.1
     1     1    21     2    23    11     0     1   -31.0   53.836  -99.870   1452.6    801.6
     1     1    21     2    23    10     0     2   -32.0   54.147 -100.376   1499.6    795.9
     1     1    21     2    23     9     0     3   -33.0   54.463 -100.901   1544.6    787.1
     1     1    21     2    23     8     0     2   -34.0   54.776 -101.453   1577.7    781.2
     1     1    21     2    23     7     0     1   -35.0   55.092 -102.042   1600.5    776.6
     1     1    21     2    23     6     0     0   -36.0   55.396 -102.662   1628.2    775.1
     1     1    21     2    23     5     0     1   -37.0   55.690 -103.298   1673.9    768.3
     1     1    21     2    23     4     0     2   -38.0   56.001 -103.950   1727.4    758.0
     1     1    21     2    23     3     0     3   -39.0   56.340 -104.625   1777.8    749.7
     1     1    21     2    23     2     0     2   -40.0   56.693 -105.341   1798.2    738.5
     1     1    21     2    23     1     0     1   -41.0   57.061 -106.103   1788.9    737.4
     1     1    21     2    23     0     0     0   -42.0   57.421 -106.900   1823.3    737.6
     1     1    21     2    22    23     0     1   -43.0   57.744 -107.741   1878.4    730.7
     1     1    21     2    22    22     0     2   -44.0   58.047 -108.611   1913.4    725.2
     1     1    21     2    22    21     0     3   -45.0   58.336 -109.476   1910.7    738.3
     1     1    21     2    22    20     0     2   -46.0   58.595 -110.330   1895.1    751.4
     1     1    21     2    22    19     0     1   -47.0   58.835 -111.140   1871.9    757.9
     1     1    21     2    22    18     0     0   -48.0   59.071 -111.904   1877.6    758.5
     1     1    21     2    22    17     0     1   -49.0   59.292 -112.687   1899.9    750.8
     1     1    21     2    22    16     0     2   -50.0   59.497 -113.509   1921.6    740.7
     1     1    21     2    22    15     0     3   -51.0   59.717 -114.335   1972.9    730.7
     1     1    21     2    22    14     0     2   -52.0   59.942 -115.142   1996.0    735.0
     1     1    21     2    22    13     0     1   -53.0   60.156 -115.923   2016.6    737.7
     1     1    21     2    22    12     0     0   -54.0   60.366 -116.680   2025.1    734.5
     1     1    21     2    22    11     0     1   -55.0   60.579 -117.438   2022.7    727.9
     1     1    21     2    22    10     0     2   -56.0   60.781 -118.223   2026.0    725.1
     1     1    21     2    22     9     0     3   -57.0   60.960 -119.016   2018.1    731.7
     1     1    21     2    22     8     0     2   -58.0   61.133 -119.855   1994.1    730.7
     1     1    21     2    22     7     0     1   -59.0   61.313 -120.763   1979.0    726.5
     1     1    21     2    22     6     0     0   -60.0   61.470 -121.671   1959.7    731.0
     1     1    21     2    22     5     0     1   -61.0   61.593 -122.547   1939.4    738.5
     1     1    21     2    22     4     0     2   -62.0   61.689 -123.384   1891.0    728.4
     1     1    21     2    22     3     0     3   -63.0   61.795 -124.310   1842.3    688.6
     1     1    21     2    22     2     0     2   -64.0   61.932 -125.320   1767.6    660.5
     1     1    21     2    22     1     0     1   -65.0   62.059 -126.494   1853.4    646.1
     1     1    21     2    22     0     0     0   -66.0   62.131 -127.765   1844.0    618.2
     1     1    21     2    21    23     0     1   -67.0   62.164 -129.035   1769.6    632.6
     1     1    21     2    21    22     0     2   -68.0   62.158 -130.096   1706.7    668.9
     1     1    21     2    21    21     0     3   -69.0   62.148 -130.920   1656.0    691.5
     1     1    21     2    21    20     0     2   -70.0   62.132 -131.599   1616.5    703.4
     1     1    21     2    21    19     0     1   -71.0   62.102 -132.248   1590.8    703.8
     1     1    21     2    21    18     0     0   -72.0   62.055 -132.965   1595.9    682.2
     1     1    21     2    21    17     0     1   -73.0   61.966 -133.761   1591.3    671.5
     1     1    21     2    21    16     0     2   -74.0   61.833 -134.414   1513.3    695.2
     1     1    21     2    21    15     0     3   -75.0   61.680 -134.804   1415.7    717.8
     1     1    21     2    21    14     0     2   -76.0   61.507 -135.031   1326.7    732.4
     1     1    21     2    21    13     0     1   -77.0   61.319 -135.176   1261.7    735.6
     1     1    21     2    21    12     0     0   -78.0   61.117 -135.293   1230.2    734.3
     1     1    21     2    21    11     0     1   -79.0   60.889 -135.408   1228.9    727.9
     1     1    21     2    21    10     0     2   -80.0   60.614 -135.540   1239.0    716.5
     1     1    21     2    21     9     0     3   -81.0   60.279 -135.712   1242.8    702.9
     1     1    21     2    21     8     0     2   -82.0   59.887 -135.931   1190.7    698.9
     1     1    21     2    21     7     0     1   -83.0   59.517 -136.049    988.5    745.4
     1     1    21     2    21     6     0     0   -84.0   59.242 -136.021    696.0    808.1
     1     1    21     2    21     5     0     1   -85.0   59.080 -135.934    482.9    858.0
     1     1    21     2    21     4     0     2   -86.0   58.979 -135.841    367.1    874.8
     1     1    21     2    21     3     0     3   -87.0   58.906 -135.757    310.1    880.1
     1     1    21     2    21     2     0     2   -88.0   58.827 -135.663    265.3    884.4
     1     1    21     2    21     1     0     1   -89.0   58.724 -135.529    215.9    895.7
     1     1    21     2    21     0     0     0   -90.0   58.590 -135.338    178.3    909.5
     1     1    21     2    20    23     0     1   -91.0   58.440 -135.098    153.1    925.1
     1     1    21     2    20    22     0     2   -92.0   58.300 -134.843    126.8    935.3
     1     1    21     2    20    21     0     3   -93.0   58.180 -134.591    103.9    943.4
     1     1    21     2    20    20     0     2   -94.0   58.068 -134.330     95.4    953.5
     1     1    21     2    20    19     0     1   -95.0   57.939 -134.016    111.6    958.2
     1     1    21     2    20    18     0     0   -96.0   57.772 -133.692    171.6    927.1
     1     1    21     2    20    17     0     1   -97.0   57.554 -133.443    224.8    908.2
     1     1    21     2    20    16     0     2   -98.0   57.339 -133.249    245.4    915.3
     1     1    21     2    20    15     0     3   -99.0   57.169 -133.068    257.4    926.5
     1     1    21     2    20    14     0     2  -100.0   57.028 -132.912    273.8    931.4
     1     1    21     2    20    13     0     1  -101.0   56.873 -132.834    306.2    926.1
     1     1    21     2    20    12     0     0  -102.0   56.694 -132.886    332.0    931.9
     1     1    21     2    20    11     0     1  -103.0   56.501 -133.081    321.7    944.8
     1     1    21     2    20    10     0     2  -104.0   56.311 -133.427    298.8    957.3
     1     1    21     2    20     9     0     3  -105.0   56.142 -133.954    277.6    968.2
     1     1    21     2    20     8     0     2  -106.0   56.006 -134.609    253.7    972.4
     1     1    21     2    20     7     0     1  -107.0   55.900 -135.304    231.9    974.8
     1     1    21     2    20     6     0     0  -108.0   55.838 -136.015    219.6    976.2
     1     1    21     2    20     5     0     1  -109.0   55.801 -136.781    222.2    975.7
     1     1    21     2    20     4     0     2  -110.0   55.757 -137.646    235.3    973.0
     1     1    21     2    20     3     0     3  -111.0   55.711 -138.614    240.1    973.0
     1     1    21     2    20     2     0     2  -112.0   55.676 -139.639    254.2    970.5
     1     1    21     2    20     1     0     1  -113.0   55.641 -140.678    261.0    969.2
     1     1    21     2    20     0     0     0  -114.0   55.617 -141.738    273.7    967.1
     1     1    21     2    19    23     0     1  -115.0   55.600 -142.813    290.4    964.4
     1     1    21     2    19    22     0     2  -116.0   55.582 -143.935    304.5    963.5
     1     1    21     2    19    21     0     3  -117.0   55.569 -145.110    326.4    960.0
     1     1    21     2    19    20     0     2  -118.0   55.571 -146.295    336.5    958.9
     1     1    21     2    19    19     0     1  -119.0   55.586 -147.466    352.9    956.3
     1     1    21     2    19    18     0     0  -120.0   55.620 -148.630    344.3    958.0
