     5     1
    GDAS    21     2     1     0     0
    GDAS    21     2     8     0     0
    GDAS    21     2    15     0     0
    GDAS    21     2    22     0     0
    GDAS    21     3     1     0     0
     1 BACKWARD OMEGA   
    21     2     7    18   37.820  111.540  1000.0
     1 PRESSURE
     1     1    21     2     7    18     0     0     0.0   37.820  111.540   1000.0    781.7
     1     1    21     2     7    17     0     1    -1.0   37.836  111.407   1006.8    783.1
     1     1    21     2     7    16     0     2    -2.0   37.872  111.299   1018.9    783.6
     1     1    21     2     7    15     0     3    -3.0   37.931  111.212   1034.9    784.2
     1     1    21     2     7    14     0     2    -4.0   38.022  111.145   1071.5    784.4
     1     1    21     2     7    13     0     1    -5.0   38.155  111.088   1127.5    779.8
     1     1    21     2     7    12     0     0    -6.0   38.332  111.032   1189.2    776.0
     1     1    21     2     7    11     0     1    -7.0   38.540  110.959   1254.0    772.8
     1     1    21     2     7    10     0     2    -8.0   38.757  110.852   1330.2    766.5
     1     1    21     2     7     9     0     3    -9.0   38.979  110.705   1426.8    755.4
     1     1    21     2     7     8     0     2   -10.0   39.204  110.501   1518.7    734.9
     1     1    21     2     7     7     0     1   -11.0   39.431  110.232   1591.0    718.9
     1     1    21     2     7     6     0     0   -12.0   39.655  109.903   1649.3    705.4
     1     1    21     2     7     5     0     1   -13.0   39.873  109.528   1690.8    694.9
     1     1    21     2     7     4     0     2   -14.0   40.090  109.136   1726.8    689.5
     1     1    21     2     7     3     0     3   -15.0   40.310  108.763   1781.4    696.9
     1     1    21     2     7     2     0     2   -16.0   40.534  108.416   1843.5    701.8
     1     1    21     2     7     1     0     1   -17.0   40.765  108.079   1910.2    703.5
     1     1    21     2     7     0     0     0   -18.0   41.014  107.732   1966.5    697.5
     1     1    21     2     6    23     0     1   -19.0   41.267  107.361   1996.2    688.2
     1     1    21     2     6    22     0     2   -20.0   41.508  106.976   2017.7    684.7
     1     1    21     2     6    21     0     3   -21.0   41.732  106.600   2032.0    685.9
     1     1    21     2     6    20     0     2   -22.0   41.957  106.244   2037.7    694.4
     1     1    21     2     6    19     0     1   -23.0   42.209  105.880   2038.0    692.5
     1     1    21     2     6    18     0     0   -24.0   42.484  105.452   2071.6    673.4
     1     1    21     2     6    17     0     1   -25.0   42.766  104.938   2169.9    643.6
     1     1    21     2     6    16     0     2   -26.0   43.048  104.361   2291.6    626.8
     1     1    21     2     6    15     0     3   -27.0   43.320  103.783   2351.3    627.5
     1     1    21     2     6    14     0     2   -28.0   43.562  103.254   2300.6    633.4
     1     1    21     2     6    13     0     1   -29.0   43.779  102.770   2197.4    647.0
     1     1    21     2     6    12     0     0   -30.0   43.984  102.283   2147.5    671.1
     1     1    21     2     6    11     0     1   -31.0   44.183  101.775   2152.0    672.9
     1     1    21     2     6    10     0     2   -32.0   44.372  101.275   2169.1    659.9
     1     1    21     2     6     9     0     3   -33.0   44.554  100.777   2183.2    646.1
     1     1    21     2     6     8     0     2   -34.0   44.741  100.265   2175.9    618.9
     1     1    21     2     6     7     0     1   -35.0   44.925   99.745   2099.8    598.7
     1     1    21     2     6     6     0     0   -36.0   45.077   99.250   1954.5    609.7
     1     1    21     2     6     5     0     1   -37.0   45.223   98.797   1815.9    626.3
     1     1    21     2     6     4     0     2   -38.0   45.409   98.370   1740.8    628.7
     1     1    21     2     6     3     0     3   -39.0   45.628   97.963   1709.9    635.3
     1     1    21     2     6     2     0     2   -40.0   45.864   97.581   1708.7    648.5
     1     1    21     2     6     1     0     1   -41.0   46.105   97.202   1702.2    640.0
     1     1    21     2     6     0     0     0   -42.0   46.351   96.813   1699.6    639.1
     1     1    21     2     5    23     0     1   -43.0   46.606   96.429   1725.4    651.0
     1     1    21     2     5    22     0     2   -44.0   46.869   96.064   1767.2    660.7
     1     1    21     2     5    21     0     3   -45.0   47.136   95.699   1799.9    656.6
     1     1    21     2     5    20     0     2   -46.0   47.401   95.305   1833.4    647.8
     1     1    21     2     5    19     0     1   -47.0   47.653   94.889   1862.5    646.5
     1     1    21     2     5    18     0     0   -48.0   47.902   94.461   1904.5    660.6
     1     1    21     2     5    17     0     1   -49.0   48.155   94.015   1956.5    677.1
     1     1    21     2     5    16     0     2   -50.0   48.382   93.583   1974.4    674.5
     1     1    21     2     5    15     0     3   -51.0   48.574   93.193   1975.5    678.8
     1     1    21     2     5    14     0     2   -52.0   48.759   92.802   1971.4    674.7
     1     1    21     2     5    13     0     1   -53.0   48.990   92.334   1962.4    651.4
     1     1    21     2     5    12     0     0   -54.0   49.284   91.760   1979.5    644.1
     1     1    21     2     5    11     0     1   -55.0   49.587   91.122   1931.1    624.2
     1     1    21     2     5    10     0     2   -56.0   49.895   90.401   1878.1    612.1
     1     1    21     2     5     9     0     3   -57.0   50.215   89.591   1937.9    604.0
     1     1    21     2     5     8     0     2   -58.0   50.475   88.798   1924.8    599.0
     1     1    21     2     5     7     0     1   -59.0   50.696   88.039   1933.3    612.9
     1     1    21     2     5     6     0     0   -60.0   50.874   87.343   1911.3    628.3
     1     1    21     2     5     5     0     1   -61.0   51.014   86.688   1846.5    654.3
     1     1    21     2     5     4     0     2   -62.0   51.127   86.095   1762.5    690.6
     1     1    21     2     5     3     0     3   -63.0   51.216   85.534   1654.6    718.2
     1     1    21     2     5     2     0     2   -64.0   51.277   84.964   1581.0    735.4
     1     1    21     2     5     1     0     1   -65.0   51.311   84.382   1528.7    737.8
     1     1    21     2     5     0     0     0   -66.0   51.323   83.809   1478.0    748.4
     1     1    21     2     4    23     0     1   -67.0   51.294   83.280   1446.2    767.8
     1     1    21     2     4    22     0     2   -68.0   51.225   82.813   1435.6    781.7
     1     1    21     2     4    21     0     3   -69.0   51.141   82.404   1426.0    796.9
     1     1    21     2     4    20     0     2   -70.0   51.053   82.043   1377.3    817.6
     1     1    21     2     4    19     0     1   -71.0   50.962   81.702   1290.0    833.4
     1     1    21     2     4    18     0     0   -72.0   50.877   81.359   1204.3    845.0
     1     1    21     2     4    17     0     1   -73.0   50.804   81.012   1136.6    855.7
     1     1    21     2     4    16     0     2   -74.0   50.749   80.662   1097.5    861.3
     1     1    21     2     4    15     0     3   -75.0   50.710   80.306   1083.0    863.9
     1     1    21     2     4    14     0     2   -76.0   50.691   79.934   1079.5    864.8
     1     1    21     2     4    13     0     1   -77.0   50.692   79.536   1074.1    865.9
     1     1    21     2     4    12     0     0   -78.0   50.711   79.120   1063.0    868.1
     1     1    21     2     4    11     0     1   -79.0   50.738   78.685   1047.7    870.3
     1     1    21     2     4    10     0     2   -80.0   50.767   78.227   1039.0    872.6
     1     1    21     2     4     9     0     3   -81.0   50.803   77.741   1041.5    870.8
     1     1    21     2     4     8     0     2   -82.0   50.844   77.214   1033.5    866.5
     1     1    21     2     4     7     0     1   -83.0   50.890   76.646   1009.7    868.3
     1     1    21     2     4     6     0     0   -84.0   50.937   76.032    969.1    869.6
     1     1    21     2     4     5     0     1   -85.0   50.983   75.395    892.0    875.0
     1     1    21     2     4     4     0     2   -86.0   51.016   74.754    789.3    884.3
     1     1    21     2     4     3     0     3   -87.0   51.038   74.099    676.3    893.0
     1     1    21     2     4     2     0     2   -88.0   51.043   73.419    638.6    893.9
     1     1    21     2     4     1     0     1   -89.0   51.036   72.695    712.6    876.8
     1     1    21     2     4     0     0     0   -90.0   51.010   71.983    766.4    876.5
     1     1    21     2     3    23     0     1   -91.0   50.971   71.310    758.3    886.7
     1     1    21     2     3    22     0     2   -92.0   50.933   70.639    725.5    891.9
     1     1    21     2     3    21     0     3   -93.0   50.900   69.976    663.2    899.8
     1     1    21     2     3    20     0     2   -94.0   50.864   69.300    590.4    910.2
     1     1    21     2     3    19     0     1   -95.0   50.806   68.593    542.9    919.5
     1     1    21     2     3    18     0     0   -96.0   50.725   67.872    526.8    921.9
     1     1    21     2     3    17     0     1   -97.0   50.614   67.138    530.1    919.6
     1     1    21     2     3    16     0     2   -98.0   50.476   66.404    510.5    922.2
     1     1    21     2     3    15     0     3   -99.0   50.295   65.696    422.7    941.9
     1     1    21     2     3    14     0     2  -100.0   50.047   65.079    327.1    967.7
     1     1    21     2     3    13     0     1  -101.0   49.759   64.572    276.7    976.6
     1     1    21     2     3    12     0     0  -102.0   49.447   64.170    252.5    981.1
     1     1    21     2     3    11     0     1  -103.0   49.131   63.849    233.7    984.4
     1     1    21     2     3    10     0     2  -104.0   48.831   63.581    218.9    986.5
     1     1    21     2     3     9     0     3  -105.0   48.551   63.355    210.8    990.0
     1     1    21     2     3     8     0     2  -106.0   48.289   63.173    207.1    994.7
     1     1    21     2     3     7     0     1  -107.0   48.040   63.037    203.5   1000.0
     1     1    21     2     3     6     0     0  -108.0   47.803   62.942    196.2    999.9
     1     1    21     2     3     5     0     1  -109.0   47.581   62.869    189.6    998.7
     1     1    21     2     3     4     0     2  -110.0   47.373   62.807    186.7    997.2
     1     1    21     2     3     3     0     3  -111.0   47.175   62.754    187.6    995.5
     1     1    21     2     3     2     0     2  -112.0   46.983   62.712    189.1    994.1
     1     1    21     2     3     1     0     1  -113.0   46.800   62.690    188.0    994.5
     1     1    21     2     3     0     0     0  -114.0   46.627   62.693    184.4    995.4
     1     1    21     2     2    23     0     1  -115.0   46.465   62.727    182.2    996.6
     1     1    21     2     2    22     0     2  -116.0   46.315   62.795    184.7    996.6
     1     1    21     2     2    21     0     3  -117.0   46.182   62.891    191.1    996.2
     1     1    21     2     2    20     0     2  -118.0   46.070   63.014    197.2    995.2
     1     1    21     2     2    19     0     1  -119.0   45.979   63.162    201.3    995.1
     1     1    21     2     2    18     0     0  -120.0   45.904   63.334    206.4    994.8
