     5     1
    GDAS    21     2     1     0     0
    GDAS    21     2     8     0     0
    GDAS    21     2    15     0     0
    GDAS    21     2    22     0     0
    GDAS    21     3     1     0     0
     1 BACKWARD OMEGA   
    21     2    16    23   37.820  111.540  1000.0
     1 PRESSURE
     1     1    21     2    16    23     0     1     0.0   37.820  111.540   1000.0    778.8
     1     1    21     2    16    22     0     2    -1.0   38.256  111.209   1100.0    770.9
     1     1    21     2    16    21     0     3    -2.0   38.662  110.904   1108.6    781.8
     1     1    21     2    16    20     0     2    -3.0   39.029  110.609   1071.3    785.3
     1     1    21     2    16    19     0     1    -4.0   39.404  110.284   1054.4    773.9
     1     1    21     2    16    18     0     0    -5.0   39.817  109.897   1064.7    758.9
     1     1    21     2    16    17     0     1    -6.0   40.234  109.482   1064.7    753.9
     1     1    21     2    16    16     0     2    -7.0   40.603  109.086   1014.7    771.4
     1     1    21     2    16    15     0     3    -8.0   40.891  108.723    893.7    799.0
     1     1    21     2    16    14     0     2    -9.0   41.106  108.401    752.7    819.8
     1     1    21     2    16    13     0     1   -10.0   41.292  108.091    665.1    826.7
     1     1    21     2    16    12     0     0   -11.0   41.489  107.765    636.2    822.7
     1     1    21     2    16    11     0     1   -12.0   41.684  107.422    601.7    818.8
     1     1    21     2    16    10     0     2   -13.0   41.828  107.062    540.1    828.1
     1     1    21     2    16     9     0     3   -14.0   41.908  106.700    525.4    841.1
     1     1    21     2    16     8     0     2   -15.0   41.975  106.340    599.3    840.2
     1     1    21     2    16     7     0     1   -16.0   42.073  106.000    762.5    828.6
     1     1    21     2    16     6     0     0   -17.0   42.268  105.740    955.5    790.3
     1     1    21     2    16     5     0     1   -18.0   42.554  105.504   1089.4    759.6
     1     1    21     2    16     4     0     2   -19.0   42.916  105.243   1170.7    731.6
     1     1    21     2    16     3     0     3   -20.0   43.346  104.963   1229.0    719.9
     1     1    21     2    16     2     0     2   -21.0   43.789  104.648   1284.6    725.1
     1     1    21     2    16     1     0     1   -22.0   44.210  104.307   1335.7    729.5
     1     1    21     2    16     0     0     0   -23.0   44.612  103.970   1394.6    737.1
     1     1    21     2    15    23     0     1   -24.0   44.999  103.650   1481.0    730.4
     1     1    21     2    15    22     0     2   -25.0   45.406  103.349   1512.5    705.6
     1     1    21     2    15    21     0     3   -26.0   45.879  103.066   1406.9    695.7
     1     1    21     2    15    20     0     2   -27.0   46.369  102.769   1293.0    704.4
     1     1    21     2    15    19     0     1   -28.0   46.896  102.438   1249.9    691.1
     1     1    21     2    15    18     0     0   -29.0   47.469  102.055   1198.4    701.5
     1     1    21     2    15    17     0     1   -30.0   48.067  101.628   1254.2    706.0
     1     1    21     2    15    16     0     2   -31.0   48.680  101.193   1404.6    689.9
     1     1    21     2    15    15     0     3   -32.0   49.337  100.734   1550.4    675.7
     1     1    21     2    15    14     0     2   -33.0   50.077  100.255   1617.6    662.0
     1     1    21     2    15    13     0     1   -34.0   50.892   99.652   1864.6    622.6
     1     1    21     2    15    12     0     0   -35.0   51.723   98.885   2143.0    584.3
     1     1    21     2    15    11     0     1   -36.0   52.479   98.121   2201.5    611.9
     1     1    21     2    15    10     0     2   -37.0   53.157   97.404   2026.2    653.5
     1     1    21     2    15     9     0     3   -38.0   53.778   96.625   1861.9    652.8
     1     1    21     2    15     8     0     2   -39.0   54.310   95.841   1783.3    697.3
     1     1    21     2    15     7     0     1   -40.0   54.681   95.123   1715.8    748.7
     1     1    21     2    15     6     0     0   -41.0   54.970   94.443   1592.4    766.1
     1     1    21     2    15     5     0     1   -42.0   55.208   93.819   1477.6    786.3
     1     1    21     2    15     4     0     2   -43.0   55.414   93.254   1426.5    804.9
     1     1    21     2    15     3     0     3   -44.0   55.616   92.712   1423.9    809.9
     1     1    21     2    15     2     0     2   -45.0   55.833   92.134   1421.1    805.4
     1     1    21     2    15     1     0     1   -46.0   56.048   91.520   1409.0    816.3
     1     1    21     2    15     0     0     0   -47.0   56.232   90.919   1390.2    830.2
     1     1    21     2    14    23     0     1   -48.0   56.387   90.320   1361.7    834.0
     1     1    21     2    14    22     0     2   -49.0   56.522   89.709   1332.9    839.1
     1     1    21     2    14    21     0     3   -50.0   56.639   89.101   1308.4    845.5
     1     1    21     2    14    20     0     2   -51.0   56.739   88.512   1286.8    850.6
     1     1    21     2    14    19     0     1   -52.0   56.824   87.950   1269.1    854.4
     1     1    21     2    14    18     0     0   -53.0   56.908   87.402   1256.4    856.4
     1     1    21     2    14    17     0     1   -54.0   57.001   86.858   1242.7    857.8
     1     1    21     2    14    16     0     2   -55.0   57.107   86.324   1231.1    860.0
     1     1    21     2    14    15     0     3   -56.0   57.230   85.802   1230.5    860.0
     1     1    21     2    14    14     0     2   -57.0   57.371   85.267   1236.6    858.3
     1     1    21     2    14    13     0     1   -58.0   57.528   84.710   1239.6    859.0
     1     1    21     2    14    12     0     0   -59.0   57.695   84.150   1232.9    863.4
     1     1    21     2    14    11     0     1   -60.0   57.865   83.586   1221.1    866.1
     1     1    21     2    14    10     0     2   -61.0   58.033   82.992   1214.5    866.6
     1     1    21     2    14     9     0     3   -62.0   58.202   82.366   1217.2    866.0
     1     1    21     2    14     8     0     2   -63.0   58.369   81.726   1225.8    864.9
     1     1    21     2    14     7     0     1   -64.0   58.529   81.091   1231.8    867.1
     1     1    21     2    14     6     0     0   -65.0   58.685   80.458   1230.6    865.3
     1     1    21     2    14     5     0     1   -66.0   58.839   79.811   1227.7    862.2
     1     1    21     2    14     4     0     2   -67.0   58.991   79.168   1221.0    862.0
     1     1    21     2    14     3     0     3   -68.0   59.144   78.553   1214.4    864.2
     1     1    21     2    14     2     0     2   -69.0   59.297   77.941   1218.6    863.0
     1     1    21     2    14     1     0     1   -70.0   59.445   77.292   1230.7    860.4
     1     1    21     2    14     0     0     0   -71.0   59.593   76.601   1239.5    858.6
     1     1    21     2    13    23     0     1   -72.0   59.737   75.907   1244.5    858.2
     1     1    21     2    13    22     0     2   -73.0   59.876   75.232   1250.9    857.2
     1     1    21     2    13    21     0     3   -74.0   60.017   74.562   1252.0    855.9
     1     1    21     2    13    20     0     2   -75.0   60.146   73.918   1250.3    858.4
     1     1    21     2    13    19     0     1   -76.0   60.244   73.284   1245.1    858.6
     1     1    21     2    13    18     0     0   -77.0   60.319   72.654   1227.1    861.4
     1     1    21     2    13    17     0     1   -78.0   60.377   72.059   1209.1    865.2
     1     1    21     2    13    16     0     2   -79.0   60.423   71.516   1201.5    866.3
     1     1    21     2    13    15     0     3   -80.0   60.459   71.002   1200.2    866.2
     1     1    21     2    13    14     0     2   -81.0   60.487   70.502   1200.3    866.2
     1     1    21     2    13    13     0     1   -82.0   60.512   70.007   1200.4    866.3
     1     1    21     2    13    12     0     0   -83.0   60.535   69.528   1198.5    868.5
     1     1    21     2    13    11     0     1   -84.0   60.540   69.066   1183.2    871.5
     1     1    21     2    13    10     0     2   -85.0   60.514   68.603   1157.7    876.1
     1     1    21     2    13     9     0     3   -86.0   60.465   68.110   1142.1    878.5
     1     1    21     2    13     8     0     2   -87.0   60.387   67.589   1122.3    878.3
     1     1    21     2    13     7     0     1   -88.0   60.272   67.067   1076.3    883.8
     1     1    21     2    13     6     0     0   -89.0   60.120   66.540   1011.9    891.4
     1     1    21     2    13     5     0     1   -90.0   59.938   66.043    954.1    900.8
     1     1    21     2    13     4     0     2   -91.0   59.730   65.585    905.8    900.2
     1     1    21     2    13     3     0     3   -92.0   59.482   65.158    853.3    902.7
     1     1    21     2    13     2     0     2   -93.0   59.206   64.771    800.7    909.2
     1     1    21     2    13     1     0     1   -94.0   58.920   64.432    758.9    915.1
     1     1    21     2    13     0     0     0   -95.0   58.631   64.143    734.7    919.0
     1     1    21     2    12    23     0     1   -96.0   58.351   63.882    724.4    919.8
     1     1    21     2    12    22     0     2   -97.0   58.084   63.637    714.3    920.9
     1     1    21     2    12    21     0     3   -98.0   57.822   63.424    693.5    923.1
     1     1    21     2    12    20     0     2   -99.0   57.562   63.248    672.9    925.8
     1     1    21     2    12    19     0     1  -100.0   57.313   63.094    669.2    924.6
     1     1    21     2    12    18     0     0  -101.0   57.082   62.956    688.3    920.3
     1     1    21     2    12    17     0     1  -102.0   56.868   62.828    709.8    914.5
     1     1    21     2    12    16     0     2  -103.0   56.660   62.725    715.7    914.7
     1     1    21     2    12    15     0     3  -104.0   56.460   62.650    715.4    915.4
     1     1    21     2    12    14     0     2  -105.0   56.270   62.597    713.5    915.8
     1     1    21     2    12    13     0     1  -106.0   56.092   62.557    707.9    916.1
     1     1    21     2    12    12     0     0  -107.0   55.923   62.528    694.3    917.6
     1     1    21     2    12    11     0     1  -108.0   55.756   62.516    678.1    920.5
     1     1    21     2    12    10     0     2  -109.0   55.582   62.524    666.6    922.1
     1     1    21     2    12     9     0     3  -110.0   55.401   62.548    659.6    923.0
     1     1    21     2    12     8     0     2  -111.0   55.220   62.575    660.4    923.5
     1     1    21     2    12     7     0     1  -112.0   55.045   62.588    673.4    921.9
     1     1    21     2    12     6     0     0  -113.0   54.873   62.576    692.0    918.3
     1     1    21     2    12     5     0     1  -114.0   54.702   62.541    696.7    915.4
     1     1    21     2    12     4     0     2  -115.0   54.526   62.502    677.8    917.4
     1     1    21     2    12     3     0     3  -116.0   54.344   62.474    643.4    921.4
     1     1    21     2    12     2     0     2  -117.0   54.162   62.461    609.5    926.4
     1     1    21     2    12     1     0     1  -118.0   53.990   62.452    588.2    928.5
     1     1    21     2    12     0     0     0  -119.0   53.827   62.436    580.7    929.0
     1     1    21     2    11    23     0     1  -120.0   53.674   62.407    579.9    927.8
