     5     1
    GDAS    21     2     1     0     0
    GDAS    21     2     8     0     0
    GDAS    21     2    15     0     0
    GDAS    21     2    22     0     0
    GDAS    21     3     1     0     0
     1 BACKWARD OMEGA   
    21     2    22     6   37.820  111.540  1000.0
     1 PRESSURE
     1     1    21     2    22     6     0     0     0.0   37.820  111.540   1000.0    779.3
     1     1    21     2    22     5     0     1    -1.0   37.782  111.450   1053.9    777.4
     1     1    21     2    22     4     0     2    -2.0   37.795  111.378   1146.2    770.2
     1     1    21     2    22     3     0     3    -3.0   37.873  111.308   1269.9    759.5
     1     1    21     2    22     2     0     2    -4.0   38.034  111.196   1347.5    748.7
     1     1    21     2    22     1     0     1    -5.0   38.252  111.041   1347.9    756.0
     1     1    21     2    22     0     0     0    -6.0   38.507  110.866   1330.7    762.6
     1     1    21     2    21    23     0     1    -7.0   38.766  110.680   1334.5    762.4
     1     1    21     2    21    22     0     2    -8.0   39.014  110.467   1347.4    753.4
     1     1    21     2    21    21     0     3    -9.0   39.256  110.208   1351.6    743.9
     1     1    21     2    21    20     0     2   -10.0   39.490  109.888   1365.1    734.6
     1     1    21     2    21    19     0     1   -11.0   39.715  109.514   1402.5    725.4
     1     1    21     2    21    18     0     0   -12.0   39.947  109.074   1487.9    710.4
     1     1    21     2    21    17     0     1   -13.0   40.178  108.574   1571.3    708.6
     1     1    21     2    21    16     0     2   -14.0   40.386  108.127   1538.4    724.4
     1     1    21     2    21    15     0     3   -15.0   40.593  107.778   1425.9    741.1
     1     1    21     2    21    14     0     2   -16.0   40.800  107.491   1316.0    754.9
     1     1    21     2    21    13     0     1   -17.0   41.006  107.198   1280.4    761.0
     1     1    21     2    21    12     0     0   -18.0   41.244  106.853   1313.7    752.1
     1     1    21     2    21    11     0     1   -19.0   41.489  106.491   1366.6    744.1
     1     1    21     2    21    10     0     2   -20.0   41.683  106.149   1435.8    746.0
     1     1    21     2    21     9     0     3   -21.0   41.822  105.794   1525.5    738.1
     1     1    21     2    21     8     0     2   -22.0   41.945  105.422   1592.4    727.5
     1     1    21     2    21     7     0     1   -23.0   42.074  105.023   1710.3    716.6
     1     1    21     2    21     6     0     0   -24.0   42.231  104.508   1927.6    684.2
     1     1    21     2    21     5     0     1   -25.0   42.413  103.907   2053.3    666.3
     1     1    21     2    21     4     0     2   -26.0   42.615  103.295   2101.6    667.0
     1     1    21     2    21     3     0     3   -27.0   42.852  102.619   2080.3    657.4
     1     1    21     2    21     2     0     2   -28.0   43.107  101.830   1936.2    648.7
     1     1    21     2    21     1     0     1   -29.0   43.363  101.111   1530.0    707.6
     1     1    21     2    21     0     0     0   -30.0   43.621  100.535   1410.3    730.7
     1     1    21     2    20    23     0     1   -31.0   43.853   99.914   1442.4    726.5
     1     1    21     2    20    22     0     2   -32.0   44.108   99.237   1720.3    709.8
     1     1    21     2    20    21     0     3   -33.0   44.454   98.397   2209.0    607.3
     1     1    21     2    20    20     0     2   -34.0   44.800   97.287   2598.6    590.4
     1     1    21     2    20    19     0     1   -35.0   45.166   96.138   2928.6    582.3
     1     1    21     2    20    18     0     0   -36.0   45.481   95.026   2694.7    572.5
     1     1    21     2    20    17     0     1   -37.0   45.677   93.782   2826.2    547.7
     1     1    21     2    20    16     0     2   -38.0   45.825   92.393   3260.8    546.4
     1     1    21     2    20    15     0     3   -39.0   45.940   90.954   3675.2    529.1
     1     1    21     2    20    14     0     2   -40.0   45.894   89.571   3823.7    556.1
     1     1    21     2    20    13     0     1   -41.0   45.802   88.320   3814.5    577.2
     1     1    21     2    20    12     0     0   -42.0   45.694   87.217   3734.5    596.8
     1     1    21     2    20    11     0     1   -43.0   45.564   86.319   3513.7    626.9
     1     1    21     2    20    10     0     2   -44.0   45.440   85.500   3290.5    643.1
     1     1    21     2    20     9     0     3   -45.0   45.255   84.794   3122.4    657.6
     1     1    21     2    20     8     0     2   -46.0   45.040   84.132   3059.0    672.4
     1     1    21     2    20     7     0     1   -47.0   44.849   83.423   2983.6    652.3
     1     1    21     2    20     6     0     0   -48.0   44.696   82.665   2952.9    630.5
     1     1    21     2    20     5     0     1   -49.0   44.556   81.916   2953.3    619.0
     1     1    21     2    20     4     0     2   -50.0   44.405   81.152   2939.6    613.9
     1     1    21     2    20     3     0     3   -51.0   44.261   80.415   2888.5    620.7
     1     1    21     2    20     2     0     2   -52.0   44.130   79.749   2858.2    641.7
     1     1    21     2    20     1     0     1   -53.0   44.016   79.139   2905.2    653.7
     1     1    21     2    20     0     0     0   -54.0   43.874   78.502   3000.6    613.4
     1     1    21     2    19    23     0     1   -55.0   43.689   77.732   3120.2    567.0
     1     1    21     2    19    22     0     2   -56.0   43.451   76.833   3062.9    543.9
     1     1    21     2    19    21     0     3   -57.0   43.157   75.788   3242.0    564.3
     1     1    21     2    19    20     0     2   -58.0   42.835   74.662   3521.7    570.4
     1     1    21     2    19    19     0     1   -59.0   42.451   73.546   3764.7    510.9
     1     1    21     2    19    18     0     0   -60.0   41.999   72.288   3449.6    466.0
     1     1    21     2    19    17     0     1   -61.0   41.507   71.046   3380.6    515.2
     1     1    21     2    19    16     0     2   -62.0   41.044   70.073   2868.3    615.9
     1     1    21     2    19    15     0     3   -63.0   40.662   69.393   2509.1    684.4
     1     1    21     2    19    14     0     2   -64.0   40.322   68.915   2355.4    714.7
     1     1    21     2    19    13     0     1   -65.0   40.002   68.572   2337.5    712.4
     1     1    21     2    19    12     0     0   -66.0   39.650   68.149   2291.2    636.1
     1     1    21     2    19    11     0     1   -67.0   39.231   67.566   2205.5    622.4
     1     1    21     2    19    10     0     2   -68.0   38.747   67.031   2319.2    683.9
     1     1    21     2    19     9     0     3   -69.0   38.290   66.481   2359.0    689.4
     1     1    21     2    19     8     0     2   -70.0   37.845   65.918   2176.3    730.1
     1     1    21     2    19     7     0     1   -71.0   37.443   65.414   1963.4    777.7
     1     1    21     2    19     6     0     0   -72.0   37.057   64.866   1634.4    794.5
     1     1    21     2    19     5     0     1   -73.0   36.731   64.375   1379.9    828.4
     1     1    21     2    19     4     0     2   -74.0   36.379   63.923   1188.5    808.1
     1     1    21     2    19     3     0     3   -75.0   36.087   63.493    903.1    844.0
     1     1    21     2    19     2     0     2   -76.0   35.853   63.109    713.1    874.2
     1     1    21     2    19     1     0     1   -77.0   35.591   62.779    646.3    868.5
     1     1    21     2    19     0     0     0   -78.0   35.198   62.455    708.3    845.7
     1     1    21     2    18    23     0     1   -79.0   34.549   62.056   1109.6    800.3
     1     1    21     2    18    22     0     2   -80.0   33.914   61.595   1552.8    732.8
     1     1    21     2    18    21     0     3   -81.0   33.372   61.181   1681.7    727.1
     1     1    21     2    18    20     0     2   -82.0   32.830   60.948   1418.4    768.5
     1     1    21     2    18    19     0     1   -83.0   32.346   60.934   1058.7    824.7
     1     1    21     2    18    18     0     0   -84.0   31.973   61.063    797.0    861.6
     1     1    21     2    18    17     0     1   -85.0   31.678   61.274    617.8    883.5
     1     1    21     2    18    16     0     2   -86.0   31.428   61.502    498.6    896.7
     1     1    21     2    18    15     0     3   -87.0   31.239   61.767    422.0    910.0
     1     1    21     2    18    14     0     2   -88.0   31.082   62.055    412.5    914.6
     1     1    21     2    18    13     0     1   -89.0   30.909   62.308    469.2    901.4
     1     1    21     2    18    12     0     0   -90.0   30.711   62.508    567.4    884.5
     1     1    21     2    18    11     0     1   -91.0   30.507   62.657    662.0    869.1
     1     1    21     2    18    10     0     2   -92.0   30.311   62.763    706.8    862.5
     1     1    21     2    18     9     0     3   -93.0   30.134   62.834    681.2    864.0
     1     1    21     2    18     8     0     2   -94.0   29.979   62.874    616.3    874.9
     1     1    21     2    18     7     0     1   -95.0   29.836   62.898    540.4    879.0
     1     1    21     2    18     6     0     0   -96.0   29.701   62.920    443.9    886.1
     1     1    21     2    18     5     0     1   -97.0   29.567   62.951    334.5    895.6
     1     1    21     2    18     4     0     2   -98.0   29.440   63.002    237.2    903.9
     1     1    21     2    18     3     0     3   -99.0   29.338   63.072    168.9    908.8
     1     1    21     2    18     2     0     2  -100.0   29.270   63.147    131.3    908.6
     1     1    21     2    18     1     0     1  -101.0   29.227   63.220    116.7    906.5
     1     1    21     2    18     0     0     0  -102.0   29.202   63.288    118.8    903.7
     1     1    21     2    17    23     0     1  -103.0   29.184   63.361    126.5    901.0
     1     1    21     2    17    22     0     2  -104.0   29.173   63.445    132.6    899.5
     1     1    21     2    17    21     0     3  -105.0   29.170   63.542    141.3    897.4
     1     1    21     2    17    20     0     2  -106.0   29.171   63.651    156.1    894.0
     1     1    21     2    17    19     0     1  -107.0   29.171   63.764    175.5    889.7
     1     1    21     2    17    18     0     0  -108.0   29.166   63.881    196.3    885.4
     1     1    21     2    17    17     0     1  -109.0   29.150   63.984    185.5    881.5
     1     1    21     2    17    16     0     2  -110.0   29.127   64.064    134.8    888.8
     1     1    21     2    17    15     0     3  -111.0   29.095   64.127     73.7    897.6
     1     1    21     2    17    14     0     2  -112.0   29.059   64.155     34.2    904.4
     1     1    21     2    17    13     0     1  -113.0   29.019   64.131      0.9    904.4
     1     1    21     2    17    12     0     0  -114.0   28.968   64.045      0.0    904.7
     1     1    21     2    17    11     0     1  -115.0   28.910   63.939      0.0    907.7
     1     1    21     2    17    10     0     2  -116.0   28.856   63.861      0.0    911.2
     1     1    21     2    17     9     0     3  -117.0   28.803   63.809      0.0    914.3
     1     1    21     2    17     8     0     2  -118.0   28.757   63.778      0.0    917.9
     1     1    21     2    17     7     0     1  -119.0   28.721   63.762      0.0    920.9
     1     1    21     2    17     6     0     0  -120.0   28.692   63.760      0.0    923.4
