     5     1
    GDAS    21     2     1     0     0
    GDAS    21     2     8     0     0
    GDAS    21     2    15     0     0
    GDAS    21     2    22     0     0
    GDAS    21     3     1     0     0
     1 BACKWARD OMEGA   
    21     2    21    21   44.970  -93.230   500.0
     1 PRESSURE
     1     1    21     2    21    21     0     3     0.0   44.970  -93.230    500.0    916.5
     1     1    21     2    21    20     0     2    -1.0   44.830  -93.018    497.3    914.8
     1     1    21     2    21    19     0     1    -2.0   44.656  -92.775    490.4    916.3
     1     1    21     2    21    18     0     0    -3.0   44.434  -92.517    514.2    915.2
     1     1    21     2    21    17     0     1    -4.0   44.173  -92.311    568.4    905.4
     1     1    21     2    21    16     0     2    -5.0   43.901  -92.183    598.5    900.2
     1     1    21     2    21    15     0     3    -6.0   43.630  -92.092    569.1    903.4
     1     1    21     2    21    14     0     2    -7.0   43.345  -92.013    504.9    915.1
     1     1    21     2    21    13     0     1    -8.0   43.029  -91.950    440.0    924.0
     1     1    21     2    21    12     0     0    -9.0   42.681  -91.904    379.3    934.8
     1     1    21     2    21    11     0     1   -10.0   42.324  -91.848    327.7    944.1
     1     1    21     2    21    10     0     2   -11.0   41.983  -91.765    285.6    952.2
     1     1    21     2    21     9     0     3   -12.0   41.661  -91.670    255.4    959.4
     1     1    21     2    21     8     0     2   -13.0   41.347  -91.575    233.2    964.0
     1     1    21     2    21     7     0     1   -14.0   41.029  -91.467    209.8    969.4
     1     1    21     2    21     6     0     0   -15.0   40.708  -91.339    185.1    973.5
     1     1    21     2    21     5     0     1   -16.0   40.407  -91.204    166.0    977.0
     1     1    21     2    21     4     0     2   -17.0   40.133  -91.071    152.2    978.7
     1     1    21     2    21     3     0     3   -18.0   39.880  -90.933    139.5    981.3
     1     1    21     2    21     2     0     2   -19.0   39.645  -90.784    130.8    984.2
     1     1    21     2    21     1     0     1   -20.0   39.428  -90.629    125.3    986.0
     1     1    21     2    21     0     0     0   -21.0   39.231  -90.484    116.7    988.2
     1     1    21     2    20    23     0     1   -22.0   39.053  -90.366    103.4    990.8
     1     1    21     2    20    22     0     2   -23.0   38.888  -90.275     90.7    993.3
     1     1    21     2    20    21     0     3   -24.0   38.729  -90.195     84.2    994.7
     1     1    21     2    20    20     0     2   -25.0   38.577  -90.119     83.5    995.8
     1     1    21     2    20    19     0     1   -26.0   38.435  -90.046     86.3    996.9
     1     1    21     2    20    18     0     0   -27.0   38.305  -89.978     90.7    997.6
     1     1    21     2    20    17     0     1   -28.0   38.178  -89.926     95.6    997.2
     1     1    21     2    20    16     0     2   -29.0   38.039  -89.901    101.1    996.9
     1     1    21     2    20    15     0     3   -30.0   37.888  -89.909    107.0    996.6
     1     1    21     2    20    14     0     2   -31.0   37.745  -89.939    112.1    996.1
     1     1    21     2    20    13     0     1   -32.0   37.628  -89.979    115.8    995.6
     1     1    21     2    20    12     0     0   -33.0   37.538  -90.023    118.1    995.1
     1     1    21     2    20    11     0     1   -34.0   37.462  -90.077    119.4    994.1
     1     1    21     2    20    10     0     2   -35.0   37.384  -90.144    120.8    993.0
     1     1    21     2    20     9     0     3   -36.0   37.303  -90.226    123.3    991.7
     1     1    21     2    20     8     0     2   -37.0   37.215  -90.324    126.0    990.8
     1     1    21     2    20     7     0     1   -38.0   37.120  -90.435    127.3    990.4
     1     1    21     2    20     6     0     0   -39.0   37.017  -90.560    128.0    990.2
     1     1    21     2    20     5     0     1   -40.0   36.906  -90.679    126.2    990.3
     1     1    21     2    20     4     0     2   -41.0   36.788  -90.777    120.4    991.9
     1     1    21     2    20     3     0     3   -42.0   36.666  -90.854    112.6    994.1
     1     1    21     2    20     2     0     2   -43.0   36.547  -90.909    107.2    996.8
     1     1    21     2    20     1     0     1   -44.0   36.442  -90.945    106.8    998.4
     1     1    21     2    20     0     0     0   -45.0   36.349  -90.957    111.4    999.5
     1     1    21     2    19    23     0     1   -46.0   36.272  -90.964    124.2    999.5
     1     1    21     2    19    22     0     2   -47.0   36.213  -90.991    150.9    997.6
     1     1    21     2    19    21     0     3   -48.0   36.177  -91.046    196.0    991.3
     1     1    21     2    19    20     0     2   -49.0   36.159  -91.118    245.9    983.5
     1     1    21     2    19    19     0     1   -50.0   36.151  -91.185    286.5    977.7
     1     1    21     2    19    18     0     0   -51.0   36.150  -91.243    317.4    973.3
     1     1    21     2    19    17     0     1   -52.0   36.169  -91.294    339.2    969.4
     1     1    21     2    19    16     0     2   -53.0   36.217  -91.346    353.9    966.0
     1     1    21     2    19    15     0     3   -54.0   36.296  -91.396    365.0    962.5
     1     1    21     2    19    14     0     2   -55.0   36.412  -91.431    372.2    957.8
     1     1    21     2    19    13     0     1   -56.0   36.570  -91.439    370.9    953.9
     1     1    21     2    19    12     0     0   -57.0   36.774  -91.428    358.8    950.8
     1     1    21     2    19    11     0     1   -58.0   37.014  -91.426    352.6    949.5
     1     1    21     2    19    10     0     2   -59.0   37.274  -91.460    367.0    947.7
     1     1    21     2    19     9     0     3   -60.0   37.539  -91.531    396.0    944.0
     1     1    21     2    19     8     0     2   -61.0   37.800  -91.631    423.5    940.4
     1     1    21     2    19     7     0     1   -62.0   38.051  -91.747    435.9    940.4
     1     1    21     2    19     6     0     0   -63.0   38.299  -91.881    434.8    941.3
     1     1    21     2    19     5     0     1   -64.0   38.545  -92.043    432.4    942.6
     1     1    21     2    19     4     0     2   -65.0   38.768  -92.237    443.2    943.1
     1     1    21     2    19     3     0     3   -66.0   38.957  -92.456    473.2    941.4
     1     1    21     2    19     2     0     2   -67.0   39.116  -92.685    506.8    936.6
     1     1    21     2    19     1     0     1   -68.0   39.260  -92.914    532.5    934.5
     1     1    21     2    19     0     0     0   -69.0   39.396  -93.135    559.4    930.3
     1     1    21     2    18    23     0     1   -70.0   39.517  -93.337    586.9    924.7
     1     1    21     2    18    22     0     2   -71.0   39.618  -93.514    604.2    920.7
     1     1    21     2    18    21     0     3   -72.0   39.701  -93.674    601.5    919.6
     1     1    21     2    18    20     0     2   -73.0   39.775  -93.809    596.0    922.7
     1     1    21     2    18    19     0     1   -74.0   39.844  -93.903    610.6    921.7
     1     1    21     2    18    18     0     0   -75.0   39.909  -93.951    650.2    917.8
     1     1    21     2    18    17     0     1   -76.0   39.981  -93.975    704.2    909.1
     1     1    21     2    18    16     0     2   -77.0   40.071  -93.994    758.2    901.6
     1     1    21     2    18    15     0     3   -78.0   40.178  -94.008    808.3    894.4
     1     1    21     2    18    14     0     2   -79.0   40.290  -94.020    847.4    887.7
     1     1    21     2    18    13     0     1   -80.0   40.399  -94.029    872.5    883.5
     1     1    21     2    18    12     0     0   -81.0   40.505  -94.035    889.3    880.3
     1     1    21     2    18    11     0     1   -82.0   40.597  -94.047    903.6    878.3
     1     1    21     2    18    10     0     2   -83.0   40.669  -94.076    918.2    876.2
     1     1    21     2    18     9     0     3   -84.0   40.725  -94.124    933.7    874.1
     1     1    21     2    18     8     0     2   -85.0   40.764  -94.179    947.8    871.6
     1     1    21     2    18     7     0     1   -86.0   40.788  -94.232    956.9    870.2
     1     1    21     2    18     6     0     0   -87.0   40.796  -94.282    961.1    869.5
     1     1    21     2    18     5     0     1   -88.0   40.786  -94.316    949.6    869.7
     1     1    21     2    18     4     0     2   -89.0   40.748  -94.320    913.5    874.5
     1     1    21     2    18     3     0     3   -90.0   40.679  -94.279    861.1    882.1
     1     1    21     2    18     2     0     2   -91.0   40.591  -94.202    822.4    888.9
     1     1    21     2    18     1     0     1   -92.0   40.502  -94.118    811.2    889.4
     1     1    21     2    18     0     0     0   -93.0   40.415  -94.033    814.6    888.1
     1     1    21     2    17    23     0     1   -94.0   40.326  -93.947    812.4    887.2
     1     1    21     2    17    22     0     2   -95.0   40.229  -93.852    791.3    889.9
     1     1    21     2    17    21     0     3   -96.0   40.130  -93.745    752.4    894.8
     1     1    21     2    17    20     0     2   -97.0   40.017  -93.620    704.9    902.7
     1     1    21     2    17    19     0     1   -98.0   39.877  -93.482    666.8    909.8
     1     1    21     2    17    18     0     0   -99.0   39.707  -93.341    653.1    913.4
     1     1    21     2    17    17     0     1  -100.0   39.523  -93.200    655.6    913.0
     1     1    21     2    17    16     0     2  -101.0   39.338  -93.060    657.8    913.9
     1     1    21     2    17    15     0     3  -102.0   39.150  -92.921    657.2    915.6
     1     1    21     2    17    14     0     2  -103.0   38.967  -92.782    658.5    915.2
     1     1    21     2    17    13     0     1  -104.0   38.791  -92.645    664.9    912.5
     1     1    21     2    17    12     0     0  -105.0   38.614  -92.517    677.9    909.3
     1     1    21     2    17    11     0     1  -106.0   38.436  -92.402    687.6    905.5
     1     1    21     2    17    10     0     2  -107.0   38.253  -92.304    684.9    904.7
     1     1    21     2    17     9     0     3  -108.0   38.066  -92.232    674.7    905.6
     1     1    21     2    17     8     0     2  -109.0   37.876  -92.165    672.3    905.3
     1     1    21     2    17     7     0     1  -110.0   37.695  -92.074    684.7    900.6
     1     1    21     2    17     6     0     0  -111.0   37.536  -91.964    711.4    895.6
     1     1    21     2    17     5     0     1  -112.0   37.396  -91.854    730.4    889.9
     1     1    21     2    17     4     0     2  -113.0   37.271  -91.739    714.5    892.5
     1     1    21     2    17     3     0     3  -114.0   37.166  -91.614    665.6    899.7
     1     1    21     2    17     2     0     2  -115.0   37.087  -91.477    601.0    911.8
     1     1    21     2    17     1     0     1  -116.0   37.031  -91.342    527.5    921.5
     1     1    21     2    17     0     0     0  -117.0   36.985  -91.219    420.3    936.7
     1     1    21     2    16    23     0     1  -118.0   36.937  -91.126    320.9    958.0
     1     1    21     2    16    22     0     2  -119.0   36.902  -91.079    273.1    964.7
     1     1    21     2    16    21     0     3  -120.0   36.893  -91.077    266.0    964.8
