     5     1
    GDAS    21     2     1     0     0
    GDAS    21     2     8     0     0
    GDAS    21     2    15     0     0
    GDAS    21     2    22     0     0
    GDAS    21     3     1     0     0
     1 BACKWARD OMEGA   
    21     2    28    15   37.820  111.540  1000.0
     1 PRESSURE
     1     1    21     2    28    15     0     3     0.0   37.820  111.540   1000.0    776.6
     1     1    21     2    28    14     0     2    -1.0   37.993  111.753    964.8    768.9
     1     1    21     2    28    13     0     1    -2.0   38.134  111.965    817.3    776.7
     1     1    21     2    28    12     0     0    -3.0   38.252  112.188    670.4    796.7
     1     1    21     2    28    11     0     1    -4.0   38.358  112.430    582.0    804.5
     1     1    21     2    28    10     0     2    -5.0   38.444  112.667    502.8    812.5
     1     1    21     2    28     9     0     3    -6.0   38.504  112.871    396.8    826.9
     1     1    21     2    28     8     0     2    -7.0   38.547  113.024    286.2    846.8
     1     1    21     2    28     7     0     1    -8.0   38.586  113.131    192.3    862.7
     1     1    21     2    28     6     0     0    -9.0   38.620  113.211    114.3    875.3
     1     1    21     2    28     5     0     1   -10.0   38.650  113.269     65.3    885.3
     1     1    21     2    28     4     0     2   -11.0   38.679  113.307     42.3    888.0
     1     1    21     2    28     3     0     3   -12.0   38.708  113.327     35.4    888.7
     1     1    21     2    28     2     0     2   -13.0   38.736  113.333     36.5    888.0
     1     1    21     2    28     1     0     1   -14.0   38.761  113.329     40.1    887.2
     1     1    21     2    28     0     0     0   -15.0   38.781  113.316     46.5    885.7
     1     1    21     2    27    23     0     1   -16.0   38.797  113.300     54.6    883.4
     1     1    21     2    27    22     0     2   -17.0   38.806  113.290     63.2    881.3
     1     1    21     2    27    21     0     3   -18.0   38.809  113.288     73.0    879.7
     1     1    21     2    27    20     0     2   -19.0   38.802  113.288     79.0    879.0
     1     1    21     2    27    19     0     1   -20.0   38.781  113.288     75.4    880.0
     1     1    21     2    27    18     0     0   -21.0   38.747  113.287     63.1    882.4
     1     1    21     2    27    17     0     1   -22.0   38.700  113.293     48.6    885.9
     1     1    21     2    27    16     0     2   -23.0   38.639  113.311     35.2    889.1
     1     1    21     2    27    15     0     3   -24.0   38.568  113.342     23.2    893.5
     1     1    21     2    27    14     0     2   -25.0   38.500  113.379     14.3    898.5
     1     1    21     2    27    13     0     1   -26.0   38.441  113.416      7.4    902.6
     1     1    21     2    27    12     0     0   -27.0   38.388  113.454      1.5    906.3
     1     1    21     2    27    11     0     1   -28.0   38.320  113.501      0.0    910.1
     1     1    21     2    27    10     0     2   -29.0   38.216  113.566      0.0    916.4
     1     1    21     2    27     9     0     3   -30.0   38.070  113.666      0.0    927.0
     1     1    21     2    27     8     0     2   -31.0   37.914  113.802      0.0    941.0
     1     1    21     2    27     7     0     1   -32.0   37.788  113.947      0.0    952.3
     1     1    21     2    27     6     0     0   -33.0   37.688  114.075      0.0    960.3
     1     1    21     2    27     5     0     1   -34.0   37.595  114.172      0.0    965.4
     1     1    21     2    27     4     0     2   -35.0   37.502  114.237      0.0    969.1
     1     1    21     2    27     3     0     3   -36.0   37.411  114.278      0.0    971.6
     1     1    21     2    27     2     0     2   -37.0   37.330  114.302      0.0    972.1
     1     1    21     2    27     1     0     1   -38.0   37.263  114.315      0.0    971.8
     1     1    21     2    27     0     0     0   -39.0   37.214  114.319      0.0    971.1
     1     1    21     2    26    23     0     1   -40.0   37.176  114.316      0.0    970.6
     1     1    21     2    26    22     0     2   -41.0   37.142  114.310      0.0    969.9
     1     1    21     2    26    21     0     3   -42.0   37.111  114.300      0.0    968.9
     1     1    21     2    26    20     0     2   -43.0   37.085  114.286      0.0    968.5
     1     1    21     2    26    19     0     1   -44.0   37.066  114.265      0.6    967.8
     1     1    21     2    26    18     0     0   -45.0   37.053  114.238      2.6    966.7
     1     1    21     2    26    17     0     1   -46.0   37.046  114.208      4.8    964.7
     1     1    21     2    26    16     0     2   -47.0   37.043  114.179      6.1    962.7
     1     1    21     2    26    15     0     3   -48.0   37.044  114.152      6.5    960.9
     1     1    21     2    26    14     0     2   -49.0   37.046  114.127      6.6    959.1
     1     1    21     2    26    13     0     1   -50.0   37.044  114.107      7.4    957.7
     1     1    21     2    26    12     0     0   -51.0   37.037  114.092      8.8    956.6
     1     1    21     2    26    11     0     1   -52.0   37.030  114.104      7.7    956.1
     1     1    21     2    26    10     0     2   -53.0   37.022  114.164      2.1    959.5
     1     1    21     2    26     9     0     3   -54.0   37.014  114.271      0.0    966.2
     1     1    21     2    26     8     0     2   -55.0   37.016  114.396      0.0    975.4
     1     1    21     2    26     7     0     1   -56.0   37.038  114.515      0.0    984.3
     1     1    21     2    26     6     0     0   -57.0   37.082  114.631      0.0    993.1
     1     1    21     2    26     5     0     1   -58.0   37.147  114.743      0.0   1002.6
     1     1    21     2    26     4     0     2   -59.0   37.231  114.844      0.0   1011.3
     1     1    21     2    26     3     0     3   -60.0   37.333  114.934      0.0   1018.9
     1     1    21     2    26     2     0     2   -61.0   37.431  115.011      0.0   1023.0
     1     1    21     2    26     1     0     1   -62.0   37.507  115.078      0.0   1022.5
     1     1    21     2    26     0     0     0   -63.0   37.563  115.137      0.0   1022.0
     1     1    21     2    25    23     0     1   -64.0   37.606  115.191      0.0   1021.4
     1     1    21     2    25    22     0     2   -65.0   37.640  115.244      0.2   1020.9
     1     1    21     2    25    21     0     3   -66.0   37.668  115.297      0.7   1020.5
     1     1    21     2    25    20     0     2   -67.0   37.692  115.353      1.1   1020.7
     1     1    21     2    25    19     0     1   -68.0   37.714  115.414      0.9   1020.9
     1     1    21     2    25    18     0     0   -69.0   37.736  115.483      0.2   1021.1
     1     1    21     2    25    17     0     1   -70.0   37.758  115.565      0.0   1021.8
     1     1    21     2    25    16     0     2   -71.0   37.781  115.664      0.0   1022.5
     1     1    21     2    25    15     0     3   -72.0   37.803  115.780      0.7   1023.1
     1     1    21     2    25    14     0     2   -73.0   37.823  115.906      1.5   1023.2
     1     1    21     2    25    13     0     1   -74.0   37.841  116.041      1.6   1023.3
     1     1    21     2    25    12     0     0   -75.0   37.859  116.184      1.1   1023.1
     1     1    21     2    25    11     0     1   -76.0   37.883  116.327      0.6   1022.4
     1     1    21     2    25    10     0     2   -77.0   37.913  116.472      0.4   1021.9
     1     1    21     2    25     9     0     3   -78.0   37.945  116.631      0.3   1021.8
     1     1    21     2    25     8     0     2   -79.0   37.989  116.803      0.3   1022.5
     1     1    21     2    25     7     0     1   -80.0   38.049  116.983      0.0   1023.1
     1     1    21     2    25     6     0     0   -81.0   38.124  117.163      0.0   1023.1
     1     1    21     2    25     5     0     1   -82.0   38.204  117.344      0.0   1023.7
     1     1    21     2    25     4     0     2   -83.0   38.278  117.525      0.0   1024.7
     1     1    21     2    25     3     0     3   -84.0   38.345  117.699      0.0   1026.1
     1     1    21     2    25     2     0     2   -85.0   38.400  117.864      0.0   1025.7
     1     1    21     2    25     1     0     1   -86.0   38.438  118.018      0.1   1025.2
     1     1    21     2    25     0     0     0   -87.0   38.460  118.156      0.2   1024.7
     1     1    21     2    24    23     0     1   -88.0   38.466  118.276      0.0   1024.2
     1     1    21     2    24    22     0     2   -89.0   38.452  118.378      0.0   1023.6
     1     1    21     2    24    21     0     3   -90.0   38.420  118.458      0.0   1022.8
     1     1    21     2    24    20     0     2   -91.0   38.384  118.531      0.0   1022.9
     1     1    21     2    24    19     0     1   -92.0   38.356  118.614      0.0   1023.1
     1     1    21     2    24    18     0     0   -93.0   38.336  118.707      0.0   1023.3
     1     1    21     2    24    17     0     1   -94.0   38.309  118.808      0.0   1023.1
     1     1    21     2    24    16     0     2   -95.0   38.265  118.915      0.0   1022.9
     1     1    21     2    24    15     0     3   -96.0   38.205  119.032      0.0   1022.7
     1     1    21     2    24    14     0     2   -97.0   38.147  119.165      0.0   1022.7
     1     1    21     2    24    13     0     1   -98.0   38.104  119.314      0.1   1022.8
     1     1    21     2    24    12     0     0   -99.0   38.079  119.470      0.7   1022.9
     1     1    21     2    24    11     0     1  -100.0   38.058  119.616      1.3   1022.9
     1     1    21     2    24    10     0     2  -101.0   38.032  119.744      1.8   1022.8
     1     1    21     2    24     9     0     3  -102.0   38.002  119.852      2.3   1022.8
     1     1    21     2    24     8     0     2  -103.0   37.975  119.930      3.0   1022.4
     1     1    21     2    24     7     0     1  -104.0   37.951  119.967      4.2   1022.0
     1     1    21     2    24     6     0     0  -105.0   37.925  119.966      5.8   1021.5
     1     1    21     2    24     5     0     1  -106.0   37.889  119.962      7.3   1022.2
     1     1    21     2    24     4     0     2  -107.0   37.842  119.982      8.5   1022.4
     1     1    21     2    24     3     0     3  -108.0   37.784  120.025      9.3   1022.3
     1     1    21     2    24     2     0     2  -109.0   37.722  120.086     10.4   1021.0
     1     1    21     2    24     1     0     1  -110.0   37.656  120.157     12.3   1019.2
     1     1    21     2    24     0     0     0  -111.0   37.585  120.231     15.3   1017.3
     1     1    21     2    23    23     0     1  -112.0   37.521  120.306     19.7   1015.6
     1     1    21     2    23    22     0     2  -113.0   37.477  120.384     27.1   1014.1
     1     1    21     2    23    21     0     3  -114.0   37.459  120.471     40.7   1012.7
     1     1    21     2    23    20     0     2  -115.0   37.460  120.568     63.0   1010.6
     1     1    21     2    23    19     0     1  -116.0   37.475  120.675     93.8   1006.4
     1     1    21     2    23    18     0     0  -117.0   37.501  120.786    130.6   1002.4
     1     1    21     2    23    17     0     1  -118.0   37.537  120.900    168.8    998.2
     1     1    21     2    23    16     0     2  -119.0   37.577  121.012    204.8    994.9
     1     1    21     2    23    15     0     3  -120.0   37.621  121.120    237.9    993.2
