     5     1
    GDAS    21     2     1     0     0
    GDAS    21     2     8     0     0
    GDAS    21     2    15     0     0
    GDAS    21     2    22     0     0
    GDAS    21     3     1     0     0
     1 BACKWARD OMEGA   
    21     2    10    15   44.970  -93.230   500.0
     1 PRESSURE
     1     1    21     2    10    15     0     3     0.0   44.970  -93.230    500.0    931.0
     1     1    21     2    10    14     0     2    -1.0   45.126  -93.492    502.8    929.3
     1     1    21     2    10    13     0     1    -2.0   45.275  -93.775    510.9    925.4
     1     1    21     2    10    12     0     0    -3.0   45.432  -94.106    526.6    919.6
     1     1    21     2    10    11     0     1    -4.0   45.602  -94.500    549.1    912.7
     1     1    21     2    10    10     0     2    -5.0   45.780  -94.949    570.9    906.5
     1     1    21     2    10     9     0     3    -6.0   45.956  -95.413    581.9    906.2
     1     1    21     2    10     8     0     2    -7.0   46.126  -95.881    606.9    909.1
     1     1    21     2    10     7     0     1    -8.0   46.300  -96.399    669.4    901.7
     1     1    21     2    10     6     0     0    -9.0   46.475  -96.968    746.7    894.0
     1     1    21     2    10     5     0     1   -10.0   46.643  -97.579    796.3    879.3
     1     1    21     2    10     4     0     2   -11.0   46.813  -98.216    818.0    870.0
     1     1    21     2    10     3     0     3   -12.0   47.028  -98.880    838.8    858.7
     1     1    21     2    10     2     0     2   -13.0   47.271  -99.561    864.1    854.7
     1     1    21     2    10     1     0     1   -14.0   47.514 -100.253    890.3    851.5
     1     1    21     2    10     0     0     0   -15.0   47.770 -100.964    919.4    843.7
     1     1    21     2     9    23     0     1   -16.0   48.035 -101.715    940.4    831.7
     1     1    21     2     9    22     0     2   -17.0   48.300 -102.494    964.1    828.7
     1     1    21     2     9    21     0     3   -18.0   48.571 -103.257    989.3    826.1
     1     1    21     2     9    20     0     2   -19.0   48.869 -104.001    958.2    825.8
     1     1    21     2     9    19     0     1   -20.0   49.198 -104.719    903.9    832.8
     1     1    21     2     9    18     0     0   -21.0   49.540 -105.411    898.9    831.8
     1     1    21     2     9    17     0     1   -22.0   49.893 -106.090    911.4    827.9
     1     1    21     2     9    16     0     2   -23.0   50.270 -106.748    911.0    828.5
     1     1    21     2     9    15     0     3   -24.0   50.668 -107.355    888.0    831.1
     1     1    21     2     9    14     0     2   -25.0   51.072 -107.915    815.0    839.6
     1     1    21     2     9    13     0     1   -26.0   51.474 -108.459    759.4    854.4
     1     1    21     2     9    12     0     0   -27.0   51.904 -108.991    760.6    848.8
     1     1    21     2     9    11     0     1   -28.0   52.354 -109.492    769.8    849.5
     1     1    21     2     9    10     0     2   -29.0   52.810 -109.955    772.7    851.9
     1     1    21     2     9     9     0     3   -30.0   53.264 -110.377    766.2    852.4
     1     1    21     2     9     8     0     2   -31.0   53.723 -110.758    762.1    850.1
     1     1    21     2     9     7     0     1   -32.0   54.192 -111.104    766.3    849.3
     1     1    21     2     9     6     0     0   -33.0   54.664 -111.421    780.5    849.7
     1     1    21     2     9     5     0     1   -34.0   55.142 -111.708    790.3    849.8
     1     1    21     2     9     4     0     2   -35.0   55.624 -111.980    796.6    849.7
     1     1    21     2     9     3     0     3   -36.0   56.109 -112.228    816.4    849.0
     1     1    21     2     9     2     0     2   -37.0   56.583 -112.447    818.5    856.2
     1     1    21     2     9     1     0     1   -38.0   57.031 -112.682    796.8    866.7
     1     1    21     2     9     0     0     0   -39.0   57.482 -112.928    775.0    862.4
     1     1    21     2     8    23     0     1   -40.0   57.928 -113.178    746.3    864.9
     1     1    21     2     8    22     0     2   -41.0   58.336 -113.446    700.2    882.9
     1     1    21     2     8    21     0     3   -42.0   58.719 -113.712    662.0    892.1
     1     1    21     2     8    20     0     2   -43.0   59.117 -113.909    660.8    888.0
     1     1    21     2     8    19     0     1   -44.0   59.551 -114.107    670.3    892.6
     1     1    21     2     8    18     0     0   -45.0   59.996 -114.425    663.9    908.4
     1     1    21     2     8    17     0     1   -46.0   60.416 -114.811    622.1    921.2
     1     1    21     2     8    16     0     2   -47.0   60.800 -115.177    547.2    938.1
     1     1    21     2     8    15     0     3   -48.0   61.168 -115.540    472.5    955.4
     1     1    21     2     8    14     0     2   -49.0   61.558 -115.854    430.5    958.3
     1     1    21     2     8    13     0     1   -50.0   61.977 -116.093    412.6    954.7
     1     1    21     2     8    12     0     0   -51.0   62.399 -116.277    400.9    957.0
     1     1    21     2     8    11     0     1   -52.0   62.800 -116.424    392.1    958.7
     1     1    21     2     8    10     0     2   -53.0   63.182 -116.517    389.3    957.2
     1     1    21     2     8     9     0     3   -54.0   63.547 -116.564    390.6    955.5
     1     1    21     2     8     8     0     2   -55.0   63.892 -116.592    395.2    953.8
     1     1    21     2     8     7     0     1   -56.0   64.210 -116.619    403.4    950.5
     1     1    21     2     8     6     0     0   -57.0   64.494 -116.648    413.5    946.4
     1     1    21     2     8     5     0     1   -58.0   64.743 -116.676    421.3    943.4
     1     1    21     2     8     4     0     2   -59.0   64.958 -116.700    424.3    941.4
     1     1    21     2     8     3     0     3   -60.0   65.143 -116.718    424.6    940.4
     1     1    21     2     8     2     0     2   -61.0   65.308 -116.722    424.4    938.7
     1     1    21     2     8     1     0     1   -62.0   65.459 -116.705    424.2    936.8
     1     1    21     2     8     0     0     0   -63.0   65.598 -116.667    424.0    934.8
     1     1    21     2     7    23     0     1   -64.0   65.727 -116.629    423.8    933.0
     1     1    21     2     7    22     0     2   -65.0   65.844 -116.611    423.7    931.5
     1     1    21     2     7    21     0     3   -66.0   65.953 -116.619    423.6    930.2
     1     1    21     2     7    20     0     2   -67.0   66.048 -116.643    424.0    928.6
     1     1    21     2     7    19     0     1   -68.0   66.121 -116.667    424.9    926.7
     1     1    21     2     7    18     0     0   -69.0   66.172 -116.691    425.3    925.1
     1     1    21     2     7    17     0     1   -70.0   66.212 -116.713    426.7    924.4
     1     1    21     2     7    16     0     2   -71.0   66.258 -116.729    431.7    922.8
     1     1    21     2     7    15     0     3   -72.0   66.309 -116.738    442.5    920.3
     1     1    21     2     7    14     0     2   -73.0   66.358 -116.766    457.3    916.4
     1     1    21     2     7    13     0     1   -74.0   66.394 -116.840    472.0    913.2
     1     1    21     2     7    12     0     0   -75.0   66.415 -116.959    485.1    910.2
     1     1    21     2     7    11     0     1   -76.0   66.422 -117.116    495.2    910.1
     1     1    21     2     7    10     0     2   -77.0   66.414 -117.300    499.2    912.3
     1     1    21     2     7     9     0     3   -78.0   66.389 -117.508    495.6    916.4
     1     1    21     2     7     8     0     2   -79.0   66.346 -117.713    489.3    922.0
     1     1    21     2     7     7     0     1   -80.0   66.283 -117.891    487.3    926.5
     1     1    21     2     7     6     0     0   -81.0   66.201 -118.037    491.9    929.9
     1     1    21     2     7     5     0     1   -82.0   66.104 -118.162    501.5    931.7
     1     1    21     2     7     4     0     2   -83.0   65.997 -118.274    512.8    933.4
     1     1    21     2     7     3     0     3   -84.0   65.881 -118.377    526.3    931.8
     1     1    21     2     7     2     0     2   -85.0   65.772 -118.484    539.4    929.3
     1     1    21     2     7     1     0     1   -86.0   65.681 -118.600    547.9    927.8
     1     1    21     2     7     0     0     0   -87.0   65.605 -118.722    551.7    926.7
     1     1    21     2     6    23     0     1   -88.0   65.542 -118.852    555.3    926.4
     1     1    21     2     6    22     0     2   -89.0   65.489 -118.993    562.6    924.9
     1     1    21     2     6    21     0     3   -90.0   65.442 -119.151    573.2    921.8
     1     1    21     2     6    20     0     2   -91.0   65.407 -119.325    584.7    917.6
     1     1    21     2     6    19     0     1   -92.0   65.388 -119.508    594.8    914.1
     1     1    21     2     6    18     0     0   -93.0   65.384 -119.695    604.8    910.9
     1     1    21     2     6    17     0     1   -94.0   65.397 -119.882    619.3    908.7
     1     1    21     2     6    16     0     2   -95.0   65.435 -120.063    643.0    907.2
     1     1    21     2     6    15     0     3   -96.0   65.497 -120.239    671.5    907.3
     1     1    21     2     6    14     0     2   -97.0   65.575 -120.426    695.5    907.7
     1     1    21     2     6    13     0     1   -98.0   65.663 -120.634    710.4    909.5
     1     1    21     2     6    12     0     0   -99.0   65.760 -120.860    715.2    911.9
     1     1    21     2     6    11     0     1  -100.0   65.864 -121.108    710.6    913.2
     1     1    21     2     6    10     0     2  -101.0   65.972 -121.380    703.3    911.3
     1     1    21     2     6     9     0     3  -102.0   66.087 -121.669    698.4    907.0
     1     1    21     2     6     8     0     2  -103.0   66.210 -121.944    700.0    901.7
     1     1    21     2     6     7     0     1  -104.0   66.348 -122.185    711.4    898.5
     1     1    21     2     6     6     0     0  -105.0   66.501 -122.392    728.6    894.4
     1     1    21     2     6     5     0     1  -106.0   66.677 -122.584    749.4    889.2
     1     1    21     2     6     4     0     2  -107.0   66.885 -122.778    779.2    881.6
     1     1    21     2     6     3     0     3  -108.0   67.126 -122.968    821.1    872.8
     1     1    21     2     6     2     0     2  -109.0   67.387 -123.163    857.5    867.1
     1     1    21     2     6     1     0     1  -110.0   67.656 -123.384    871.4    865.3
     1     1    21     2     6     0     0     0  -111.0   67.937 -123.636    860.8    865.6
     1     1    21     2     5    23     0     1  -112.0   68.215 -123.925    843.2    872.9
     1     1    21     2     5    22     0     2  -113.0   68.468 -124.246    833.2    881.5
     1     1    21     2     5    21     0     3  -114.0   68.695 -124.591    823.4    889.4
     1     1    21     2     5    20     0     2  -115.0   68.906 -124.929    804.8    896.2
     1     1    21     2     5    19     0     1  -116.0   69.111 -125.234    778.2    904.3
     1     1    21     2     5    18     0     0  -117.0   69.312 -125.506    748.2    913.5
     1     1    21     2     5    17     0     1  -118.0   69.513 -125.773    717.9    923.7
     1     1    21     2     5    16     0     2  -119.0   69.717 -126.064    691.5    933.3
     1     1    21     2     5    15     0     3  -120.0   69.922 -126.379    669.6    942.4
