     5     1
    GDAS    21     2     1     0     0
    GDAS    21     2     8     0     0
    GDAS    21     2    15     0     0
    GDAS    21     2    22     0     0
    GDAS    21     3     1     0     0
     1 BACKWARD OMEGA   
    21     2     1     6   37.820  111.540  1000.0
     1 PRESSURE
     1     1    21     2     1     6     0     0     0.0   37.820  111.540   1000.0    774.6
     1     1    21     2     1     5     0     1    -1.0   38.076  111.143   1114.6    769.4
     1     1    21     2     1     4     0     2    -2.0   38.328  110.751   1150.7    768.2
     1     1    21     2     1     3     0     3    -3.0   38.563  110.375   1113.3    773.0
     1     1    21     2     1     2     0     2    -4.0   38.796  109.988   1083.2    770.7
     1     1    21     2     1     1     0     1    -5.0   39.051  109.553   1086.6    760.4
     1     1    21     2     1     0     0     0    -6.0   39.317  109.071   1097.9    750.6
