     5     1
    GDAS    21     2     1     0     0
    GDAS    21     2     8     0     0
    GDAS    21     2    15     0     0
    GDAS    21     2    22     0     0
    GDAS    21     3     1     0     0
     1 BACKWARD OMEGA   
    21     2    12    17   37.820  111.540  1000.0
     1 PRESSURE
     1     1    21     2    12    17     0     1     0.0   37.820  111.540   1000.0    779.2
     1     1    21     2    12    16     0     2    -1.0   37.732  111.296    908.2    790.7
     1     1    21     2    12    15     0     3    -2.0   37.599  111.103    847.0    796.2
     1     1    21     2    12    14     0     2    -3.0   37.448  110.960    823.4    795.5
     1     1    21     2    12    13     0     1    -4.0   37.305  110.866    819.7    793.0
     1     1    21     2    12    12     0     0    -5.0   37.175  110.816    808.0    791.3
     1     1    21     2    12    11     0     1    -6.0   37.053  110.796    782.0    791.9
     1     1    21     2    12    10     0     2    -7.0   36.931  110.790    747.4    794.3
     1     1    21     2    12     9     0     3    -8.0   36.813  110.799    701.1    798.1
     1     1    21     2    12     8     0     2    -9.0   36.707  110.829    657.4    804.0
     1     1    21     2    12     7     0     1   -10.0   36.613  110.884    641.7    804.7
     1     1    21     2    12     6     0     0   -11.0   36.527  110.953    655.0    802.0
     1     1    21     2    12     5     0     1   -12.0   36.467  111.019    672.5    797.8
     1     1    21     2    12     4     0     2   -13.0   36.445  111.072    672.8    799.7
     1     1    21     2    12     3     0     3   -14.0   36.461  111.115    659.2    802.5
     1     1    21     2    12     2     0     2   -15.0   36.510  111.141    653.1    805.1
     1     1    21     2    12     1     0     1   -16.0   36.594  111.136    677.2    801.9
     1     1    21     2    12     0     0     0   -17.0   36.712  111.091    742.6    794.1
     1     1    21     2    11    23     0     1   -18.0   36.853  110.989    842.7    780.3
     1     1    21     2    11    22     0     2   -19.0   36.994  110.817    952.2    772.9
     1     1    21     2    11    21     0     3   -20.0   37.112  110.594   1044.2    771.6
     1     1    21     2    11    20     0     2   -21.0   37.205  110.360   1108.0    773.1
     1     1    21     2    11    19     0     1   -22.0   37.277  110.135   1141.6    775.3
     1     1    21     2    11    18     0     0   -23.0   37.336  109.919   1140.7    777.2
     1     1    21     2    11    17     0     1   -24.0   37.405  109.724   1127.6    776.2
     1     1    21     2    11    16     0     2   -25.0   37.506  109.550   1124.9    773.1
     1     1    21     2    11    15     0     3   -26.0   37.633  109.376   1131.8    770.4
     1     1    21     2    11    14     0     2   -27.0   37.775  109.187   1143.2    766.8
     1     1    21     2    11    13     0     1   -28.0   37.928  108.965   1148.4    764.8
     1     1    21     2    11    12     0     0   -29.0   38.098  108.705   1151.1    760.6
     1     1    21     2    11    11     0     1   -30.0   38.286  108.422   1175.7    752.8
     1     1    21     2    11    10     0     2   -31.0   38.495  108.117   1231.9    740.4
     1     1    21     2    11     9     0     3   -32.0   38.723  107.779   1304.9    732.4
     1     1    21     2    11     8     0     2   -33.0   38.957  107.400   1388.2    734.1
     1     1    21     2    11     7     0     1   -34.0   39.181  106.955   1505.8    728.1
     1     1    21     2    11     6     0     0   -35.0   39.427  106.405   1654.6    690.7
     1     1    21     2    11     5     0     1   -36.0   39.724  105.780   1822.7    684.5
     1     1    21     2    11     4     0     2   -37.0   40.018  105.114   1973.0    670.0
     1     1    21     2    11     3     0     3   -38.0   40.285  104.379   2097.0    654.7
     1     1    21     2    11     2     0     2   -39.0   40.583  103.582   2057.6    664.8
     1     1    21     2    11     1     0     1   -40.0   40.846  102.712   2156.4    657.8
     1     1    21     2    11     0     0     0   -41.0   41.098  101.863   2362.4    657.7
     1     1    21     2    10    23     0     1   -42.0   41.327  101.067   2519.0    655.5
     1     1    21     2    10    22     0     2   -43.0   41.547  100.257   2662.7    643.7
     1     1    21     2    10    21     0     3   -44.0   41.782   99.404   2815.1    614.9
     1     1    21     2    10    20     0     2   -45.0   42.033   98.503   2747.8    603.1
     1     1    21     2    10    19     0     1   -46.0   42.321   97.583   2708.3    592.3
     1     1    21     2    10    18     0     0   -47.0   42.669   96.561   2643.0    611.6
     1     1    21     2    10    17     0     1   -48.0   43.032   95.535   3044.5    577.1
     1     1    21     2    10    16     0     2   -49.0   43.392   94.369   3302.8    555.0
     1     1    21     2    10    15     0     3   -50.0   43.736   93.129   3240.1    566.4
     1     1    21     2    10    14     0     2   -51.0   44.093   91.834   3174.3    551.5
     1     1    21     2    10    13     0     1   -52.0   44.412   90.507   3423.3    571.4
     1     1    21     2    10    12     0     0   -53.0   44.652   89.162   3626.0    585.7
     1     1    21     2    10    11     0     1   -54.0   44.864   87.843   3778.4    580.2
     1     1    21     2    10    10     0     2   -55.0   45.061   86.565   3988.5    583.4
     1     1    21     2    10     9     0     3   -56.0   45.203   85.273   4107.6    574.4
     1     1    21     2    10     8     0     2   -57.0   45.368   83.956   4046.7    554.2
     1     1    21     2    10     7     0     1   -58.0   45.609   82.623   4060.3    544.9
     1     1    21     2    10     6     0     0   -59.0   45.826   81.206   4219.5    523.6
     1     1    21     2    10     5     0     1   -60.0   46.040   79.753   4217.7    558.7
     1     1    21     2    10     4     0     2   -61.0   46.241   78.342   4187.8    564.7
     1     1    21     2    10     3     0     3   -62.0   46.464   76.913   4117.3    567.0
     1     1    21     2    10     2     0     2   -63.0   46.697   75.482   4062.4    573.5
     1     1    21     2    10     1     0     1   -64.0   46.945   74.051   4049.2    572.8
     1     1    21     2    10     0     0     0   -65.0   47.222   72.606   3975.2    562.0
     1     1    21     2     9    23     0     1   -66.0   47.492   71.178   3915.8    570.1
     1     1    21     2     9    22     0     2   -67.0   47.776   69.793   3962.3    583.0
     1     1    21     2     9    21     0     3   -68.0   48.096   68.422   4147.7    563.2
     1     1    21     2     9    20     0     2   -69.0   48.480   67.041   4095.6    558.0
     1     1    21     2     9    19     0     1   -70.0   48.907   65.708   4142.6    574.9
     1     1    21     2     9    18     0     0   -71.0   49.350   64.363   4262.6    574.0
     1     1    21     2     9    17     0     1   -72.0   49.822   63.022   4316.3    565.3
     1     1    21     2     9    16     0     2   -73.0   50.332   61.656   4325.6    560.6
     1     1    21     2     9    15     0     3   -74.0   50.865   60.169   4438.4    543.8
     1     1    21     2     9    14     0     2   -75.0   51.431   58.615   4689.8    525.0
     1     1    21     2     9    13     0     1   -76.0   52.032   57.049   4660.9    520.1
     1     1    21     2     9    12     0     0   -77.0   52.601   55.469   4759.0    525.7
     1     1    21     2     9    11     0     1   -78.0   53.136   53.832   4850.7    517.2
     1     1    21     2     9    10     0     2   -79.0   53.659   52.195   4922.1    514.4
     1     1    21     2     9     9     0     3   -80.0   54.131   50.568   4913.5    519.5
     1     1    21     2     9     8     0     2   -81.0   54.548   49.005   4963.1    518.3
     1     1    21     2     9     7     0     1   -82.0   54.947   47.467   5030.8    507.7
     1     1    21     2     9     6     0     0   -83.0   55.322   45.935   5086.9    505.7
     1     1    21     2     9     5     0     1   -84.0   55.662   44.413   5146.8    498.7
     1     1    21     2     9     4     0     2   -85.0   55.996   42.940   5239.4    497.3
     1     1    21     2     9     3     0     3   -86.0   56.322   41.491   5337.4    487.5
     1     1    21     2     9     2     0     2   -87.0   56.627   40.035   5420.5    479.3
     1     1    21     2     9     1     0     1   -88.0   56.909   38.620   5460.4    477.9
     1     1    21     2     9     0     0     0   -89.0   57.170   37.223   5549.4    469.9
     1     1    21     2     8    23     0     1   -90.0   57.389   35.864   5597.7    468.6
     1     1    21     2     8    22     0     2   -91.0   57.577   34.552   5673.1    461.6
     1     1    21     2     8    21     0     3   -92.0   57.742   33.261   5719.5    458.4
     1     1    21     2     8    20     0     2   -93.0   57.879   32.073   5757.8    460.8
     1     1    21     2     8    19     0     1   -94.0   57.978   30.975   5800.9    459.0
     1     1    21     2     8    18     0     0   -95.0   58.065   29.907   5811.5    458.2
     1     1    21     2     8    17     0     1   -96.0   58.146   28.920   5823.1    458.6
     1     1    21     2     8    16     0     2   -97.0   58.209   28.055   5893.2    459.0
     1     1    21     2     8    15     0     3   -98.0   58.248   27.250   5930.9    451.9
     1     1    21     2     8    14     0     2   -99.0   58.272   26.484   5939.1    450.5
     1     1    21     2     8    13     0     1  -100.0   58.293   25.798   5936.2    450.8
     1     1    21     2     8    12     0     0  -101.0   58.312   25.210   5929.5    451.7
     1     1    21     2     8    11     0     1  -102.0   58.337   24.711   5939.4    452.9
     1     1    21     2     8    10     0     2  -103.0   58.368   24.292   5969.0    453.4
     1     1    21     2     8     9     0     3  -104.0   58.396   23.950   6014.7    452.2
     1     1    21     2     8     8     0     2  -105.0   58.434   23.662   6066.2    448.1
     1     1    21     2     8     7     0     1  -106.0   58.494   23.413   6110.7    444.6
     1     1    21     2     8     6     0     0  -107.0   58.578   23.215   6134.6    442.4
     1     1    21     2     8     5     0     1  -108.0   58.704   23.068   6153.4    442.4
     1     1    21     2     8     4     0     2  -109.0   58.890   22.957   6193.9    440.3
     1     1    21     2     8     3     0     3  -110.0   59.140   22.866   6268.2    435.7
     1     1    21     2     8     2     0     2  -111.0   59.440   22.794   6356.5    428.5
     1     1    21     2     8     1     0     1  -112.0   59.774   22.745   6425.9    423.5
     1     1    21     2     8     0     0     0  -113.0   60.142   22.716   6465.7    420.4
     1     1    21     2     7    23     0     1  -114.0   60.551   22.728   6506.2    417.7
     1     1    21     2     7    22     0     2  -115.0   61.008   22.788   6573.3    411.0
     1     1    21     2     7    21     0     3  -116.0   61.506   22.870   6657.3    402.9
     1     1    21     2     7    20     0     2  -117.0   62.042   22.984   6767.4    394.5
     1     1    21     2     7    19     0     1  -118.0   62.618   23.132   6891.5    386.3
     1     1    21     2     7    18     0     0  -119.0   63.224   23.296   6982.3    383.5
     1     1    21     2     7    17     0     1  -120.0   63.853   23.472   7047.8    381.1
