     5     1
    GDAS    21     2     1     0     0
    GDAS    21     2     8     0     0
    GDAS    21     2    15     0     0
    GDAS    21     2    22     0     0
    GDAS    21     3     1     0     0
     1 BACKWARD OMEGA   
    21     2    22    21   44.970  -93.230   500.0
     1 PRESSURE
     1     1    21     2    22    21     0     3     0.0   44.970  -93.230    500.0    906.4
     1     1    21     2    22    20     0     2    -1.0   44.954  -93.938    480.7    910.1
     1     1    21     2    22    19     0     1    -2.0   44.981  -94.626    458.8    907.6
     1     1    21     2    22    18     0     0    -3.0   45.030  -95.288    434.7    909.6
     1     1    21     2    22    17     0     1    -4.0   45.100  -95.956    417.2    911.6
     1     1    21     2    22    16     0     2    -5.0   45.200  -96.676    440.2    898.8
     1     1    21     2    22    15     0     3    -6.0   45.364  -97.459    526.9    883.7
     1     1    21     2    22    14     0     2    -7.0   45.561  -98.238    461.5    898.7
     1     1    21     2    22    13     0     1    -8.0   45.795  -99.046    568.8    874.1
     1     1    21     2    22    12     0     0    -9.0   46.133  -99.841    714.3    848.8
     1     1    21     2    22    11     0     1   -10.0   46.488 -100.704    717.5    852.0
     1     1    21     2    22    10     0     2   -11.0   46.846 -101.690    752.7    840.8
     1     1    21     2    22     9     0     3   -12.0   47.184 -102.794    769.5    834.0
     1     1    21     2    22     8     0     2   -13.0   47.587 -103.961    788.2    831.7
     1     1    21     2    22     7     0     1   -14.0   47.932 -105.200    707.7    846.0
     1     1    21     2    22     6     0     0   -15.0   48.222 -106.492    751.6    839.7
     1     1    21     2    22     5     0     1   -16.0   48.595 -107.850    872.7    810.6
     1     1    21     2    22     4     0     2   -17.0   48.900 -109.335    770.5    818.0
     1     1    21     2    22     3     0     3   -18.0   49.122 -110.798    843.5    810.8
     1     1    21     2    22     2     0     2   -19.0   49.516 -112.120   1425.5    743.1
     1     1    21     2    22     1     0     1   -20.0   49.920 -113.487   1941.5    673.4
     1     1    21     2    22     0     0     0   -21.0   50.395 -115.357   2383.7    590.2
     1     1    21     2    21    23     0     1   -22.0   50.762 -117.152   3197.6    530.3
     1     1    21     2    21    22     0     2   -23.0   51.072 -118.829   3157.6    582.0
     1     1    21     2    21    21     0     3   -24.0   51.319 -120.429   2521.0    636.5
     1     1    21     2    21    20     0     2   -25.0   51.397 -122.220   2294.5    647.4
     1     1    21     2    21    19     0     1   -26.0   51.270 -124.152   2674.7    592.1
     1     1    21     2    21    18     0     0   -27.0   51.115 -125.783   3216.6    580.3
     1     1    21     2    21    17     0     1   -28.0   50.950 -127.010   2691.1    706.3
     1     1    21     2    21    16     0     2   -29.0   50.815 -128.053   2009.5    793.9
     1     1    21     2    21    15     0     3   -30.0   50.718 -129.221   1564.1    840.3
     1     1    21     2    21    14     0     2   -31.0   50.653 -130.583   1388.3    855.8
     1     1    21     2    21    13     0     1   -32.0   50.574 -132.050   1324.1    858.7
     1     1    21     2    21    12     0     0   -33.0   50.445 -133.576   1256.6    866.7
     1     1    21     2    21    11     0     1   -34.0   50.267 -135.123   1249.1    867.4
     1     1    21     2    21    10     0     2   -35.0   50.057 -136.693   1276.0    863.4
     1     1    21     2    21     9     0     3   -36.0   49.835 -138.315   1228.1    869.3
     1     1    21     2    21     8     0     2   -37.0   49.579 -139.936   1186.9    874.0
     1     1    21     2    21     7     0     1   -38.0   49.253 -141.547   1225.8    869.3
     1     1    21     2    21     6     0     0   -39.0   48.914 -143.174   1263.4    865.0
     1     1    21     2    21     5     0     1   -40.0   48.569 -144.811   1280.7    861.9
     1     1    21     2    21     4     0     2   -41.0   48.162 -146.313   1270.8    863.8
     1     1    21     2    21     3     0     3   -42.0   47.740 -147.837   1277.6    862.5
     1     1    21     2    21     2     0     2   -43.0   47.324 -149.316   1253.3    865.4
     1     1    21     2    21     1     0     1   -44.0   46.838 -150.733   1129.2    882.8
     1     1    21     2    21     0     0     0   -45.0   46.325 -152.159   1097.1    881.8
     1     1    21     2    20    23     0     1   -46.0   45.793 -153.551   1036.6    893.4
     1     1    21     2    20    22     0     2   -47.0   45.205 -154.831   1069.5    886.2
     1     1    21     2    20    21     0     3   -48.0   44.551 -156.026   1066.4    888.4
     1     1    21     2    20    20     0     2   -49.0   43.860 -157.163   1001.4    896.9
     1     1    21     2    20    19     0     1   -50.0   43.161 -158.220    970.4    900.5
     1     1    21     2    20    18     0     0   -51.0   42.452 -159.183    917.9    908.1
     1     1    21     2    20    17     0     1   -52.0   41.758 -160.103    949.8    903.4
     1     1    21     2    20    16     0     2   -53.0   41.088 -160.992    939.1    904.8
     1     1    21     2    20    15     0     3   -54.0   40.438 -161.846    932.6    908.9
     1     1    21     2    20    14     0     2   -55.0   39.822 -162.657   1004.4    902.0
     1     1    21     2    20    13     0     1   -56.0   39.226 -163.415   1104.8    889.7
     1     1    21     2    20    12     0     0   -57.0   38.648 -164.122   1143.6    888.5
     1     1    21     2    20    11     0     1   -58.0   38.087 -164.772   1194.0    885.7
     1     1    21     2    20    10     0     2   -59.0   37.551 -165.371   1237.3    878.5
     1     1    21     2    20     9     0     3   -60.0   37.041 -165.918   1270.6    878.7
     1     1    21     2    20     8     0     2   -61.0   36.550 -166.399   1302.4    874.1
     1     1    21     2    20     7     0     1   -62.0   36.070 -166.805   1296.1    872.8
     1     1    21     2    20     6     0     0   -63.0   35.597 -167.129   1290.2    880.0
     1     1    21     2    20     5     0     1   -64.0   35.150 -167.401   1379.1    875.8
     1     1    21     2    20     4     0     2   -65.0   34.749 -167.662   1522.2    852.8
     1     1    21     2    20     3     0     3   -66.0   34.391 -167.917   1636.9    840.8
     1     1    21     2    20     2     0     2   -67.0   34.056 -168.149   1701.5    833.3
     1     1    21     2    20     1     0     1   -68.0   33.726 -168.337   1703.7    833.2
     1     1    21     2    20     0     0     0   -69.0   33.397 -168.476   1663.4    839.2
     1     1    21     2    19    23     0     1   -70.0   33.080 -168.565   1615.8    846.1
     1     1    21     2    19    22     0     2   -71.0   32.779 -168.603   1583.6    850.7
     1     1    21     2    19    21     0     3   -72.0   32.496 -168.591   1578.9    852.1
     1     1    21     2    19    20     0     2   -73.0   32.236 -168.543   1599.6    849.6
     1     1    21     2    19    19     0     1   -74.0   32.002 -168.473   1618.8    845.7
     1     1    21     2    19    18     0     0   -75.0   31.792 -168.381   1610.4    846.3
     1     1    21     2    19    17     0     1   -76.0   31.604 -168.272   1595.3    850.4
     1     1    21     2    19    16     0     2   -77.0   31.437 -168.154   1605.5    849.6
     1     1    21     2    19    15     0     3   -78.0   31.289 -168.030   1641.8    845.3
     1     1    21     2    19    14     0     2   -79.0   31.153 -167.892   1697.1    839.6
     1     1    21     2    19    13     0     1   -80.0   31.022 -167.732   1780.3    832.8
     1     1    21     2    19    12     0     0   -81.0   30.900 -167.559   1910.5    820.9
     1     1    21     2    19    11     0     1   -82.0   30.798 -167.391   2020.4    802.6
     1     1    21     2    19    10     0     2   -83.0   30.719 -167.221   2033.8    801.5
     1     1    21     2    19     9     0     3   -84.0   30.662 -167.046   1950.1    809.8
     1     1    21     2    19     8     0     2   -85.0   30.632 -166.856   1856.4    828.1
     1     1    21     2    19     7     0     1   -86.0   30.620 -166.669   1840.6    829.3
     1     1    21     2    19     6     0     0   -87.0   30.619 -166.493   1889.2    823.6
     1     1    21     2    19     5     0     1   -88.0   30.619 -166.327   1972.7    812.6
     1     1    21     2    19     4     0     2   -89.0   30.614 -166.166   2068.7    802.4
     1     1    21     2    19     3     0     3   -90.0   30.608 -166.012   2179.0    791.6
     1     1    21     2    19     2     0     2   -91.0   30.605 -165.876   2275.9    779.5
     1     1    21     2    19     1     0     1   -92.0   30.610 -165.762   2329.6    774.6
     1     1    21     2    19     0     0     0   -93.0   30.621 -165.669   2344.5    773.5
     1     1    21     2    18    23     0     1   -94.0   30.644 -165.595   2348.9    776.0
     1     1    21     2    18    22     0     2   -95.0   30.679 -165.542   2364.5    774.3
     1     1    21     2    18    21     0     3   -96.0   30.725 -165.512   2380.6    772.7
     1     1    21     2    18    20     0     2   -97.0   30.770 -165.502   2384.5    771.2
     1     1    21     2    18    19     0     1   -98.0   30.805 -165.505   2369.4    772.3
     1     1    21     2    18    18     0     0   -99.0   30.831 -165.518   2337.3    775.2
     1     1    21     2    18    17     0     1  -100.0   30.846 -165.531   2301.0    779.5
     1     1    21     2    18    16     0     2  -101.0   30.847 -165.530   2267.9    782.3
     1     1    21     2    18    15     0     3  -102.0   30.837 -165.514   2237.9    784.9
     1     1    21     2    18    14     0     2  -103.0   30.819 -165.476   2206.1    787.6
     1     1    21     2    18    13     0     1  -104.0   30.801 -165.410   2165.6    791.4
     1     1    21     2    18    12     0     0  -105.0   30.784 -165.317   2110.2    796.6
     1     1    21     2    18    11     0     1  -106.0   30.783 -165.217   2064.2    804.1
     1     1    21     2    18    10     0     2  -107.0   30.804 -165.138   2064.0    804.6
     1     1    21     2    18     9     0     3  -108.0   30.841 -165.093   2115.1    800.0
     1     1    21     2    18     8     0     2  -109.0   30.888 -165.066   2203.1    789.9
     1     1    21     2    18     7     0     1  -110.0   30.945 -165.037   2308.5    779.3
     1     1    21     2    18     6     0     0  -111.0   31.010 -165.002   2419.2    767.7
     1     1    21     2    18     5     0     1  -112.0   31.085 -164.972   2521.8    756.9
     1     1    21     2    18     4     0     2  -113.0   31.172 -164.950   2617.1    747.9
     1     1    21     2    18     3     0     3  -114.0   31.272 -164.923   2710.4    738.9
     1     1    21     2    18     2     0     2  -115.0   31.389 -164.892   2787.4    730.4
     1     1    21     2    18     1     0     1  -116.0   31.530 -164.866   2833.5    726.2
     1     1    21     2    18     0     0     0  -117.0   31.697 -164.848   2847.1    724.8
     1     1    21     2    17    23     0     1  -118.0   31.890 -164.860   2846.8    726.6
     1     1    21     2    17    22     0     2  -119.0   32.112 -164.918   2860.3    726.0
     1     1    21     2    17    21     0     3  -120.0   32.372 -165.025   2897.7    722.4
