     5     1
    GDAS    21     2     1     0     0
    GDAS    21     2     8     0     0
    GDAS    21     2    15     0     0
    GDAS    21     2    22     0     0
    GDAS    21     3     1     0     0
     1 BACKWARD OMEGA   
    21     2    23     6   37.820  111.540  1000.0
     1 PRESSURE
     1     1    21     2    23     6     0     0     0.0   37.820  111.540   1000.0    775.6
     1     1    21     2    23     5     0     1    -1.0   37.693  111.390    884.8    784.9
     1     1    21     2    23     4     0     2    -2.0   37.520  111.266    734.8    802.0
     1     1    21     2    23     3     0     3    -3.0   37.305  111.154    620.5    813.6
     1     1    21     2    23     2     0     2    -4.0   37.052  111.044    585.3    811.6
     1     1    21     2    23     1     0     1    -5.0   36.773  110.932    591.3    808.2
     1     1    21     2    23     0     0     0    -6.0   36.492  110.848    619.8    807.8
     1     1    21     2    22    23     0     1    -7.0   36.211  110.785    662.1    805.3
     1     1    21     2    22    22     0     2    -8.0   35.917  110.744    723.3    807.7
     1     1    21     2    22    21     0     3    -9.0   35.605  110.746    845.0    822.8
     1     1    21     2    22    20     0     2   -10.0   35.265  110.767   1025.6    827.3
     1     1    21     2    22    19     0     1   -11.0   34.896  110.781   1185.6    822.8
     1     1    21     2    22    18     0     0   -12.0   34.501  110.793   1254.8    798.3
     1     1    21     2    22    17     0     1   -13.0   34.120  110.839   1271.5    785.6
     1     1    21     2    22    16     0     2   -14.0   33.785  110.947   1280.1    789.5
     1     1    21     2    22    15     0     3   -15.0   33.503  111.135   1265.5    806.1
     1     1    21     2    22    14     0     2   -16.0   33.284  111.415   1176.0    829.7
     1     1    21     2    22    13     0     1   -17.0   33.147  111.828   1033.4    871.0
     1     1    21     2    22    12     0     0   -18.0   33.088  112.363    936.8    896.4
     1     1    21     2    22    11     0     1   -19.0   33.123  112.917    858.1    903.5
     1     1    21     2    22    10     0     2   -20.0   33.245  113.436    734.6    918.1
     1     1    21     2    22     9     0     3   -21.0   33.428  113.904    579.3    940.9
     1     1    21     2    22     8     0     2   -22.0   33.659  114.317    471.6    963.0
     1     1    21     2    22     7     0     1   -23.0   33.923  114.693    434.6    968.4
     1     1    21     2    22     6     0     0   -24.0   34.217  115.042    440.6    967.5
     1     1    21     2    22     5     0     1   -25.0   34.531  115.373    450.3    962.3
     1     1    21     2    22     4     0     2   -26.0   34.855  115.711    440.5    964.9
     1     1    21     2    22     3     0     3   -27.0   35.179  116.078    411.2    971.1
     1     1    21     2    22     2     0     2   -28.0   35.474  116.450    383.5    973.0
     1     1    21     2    22     1     0     1   -29.0   35.738  116.851    364.5    968.2
     1     1    21     2    22     0     0     0   -30.0   36.007  117.348    377.0    952.7
     1     1    21     2    21    23     0     1   -31.0   36.292  117.865    447.9    936.4
     1     1    21     2    21    22     0     2   -32.0   36.568  118.302    471.7    938.1
     1     1    21     2    21    21     0     3   -33.0   36.900  118.748    400.1    959.4
     1     1    21     2    21    20     0     2   -34.0   37.296  119.225    330.0    979.8
     1     1    21     2    21    19     0     1   -35.0   37.741  119.733    363.2    973.3
     1     1    21     2    21    18     0     0   -36.0   38.240  120.276    425.5    959.7
     1     1    21     2    21    17     0     1   -37.0   38.794  120.778    453.8    957.9
     1     1    21     2    21    16     0     2   -38.0   39.391  121.224    508.5    955.2
     1     1    21     2    21    15     0     3   -39.0   40.006  121.611    708.3    935.5
     1     1    21     2    21    14     0     2   -40.0   40.590  121.829    984.7    884.8
     1     1    21     2    21    13     0     1   -41.0   41.140  121.899   1131.9    869.2
     1     1    21     2    21    12     0     0   -42.0   41.686  121.785   1285.0    856.0
     1     1    21     2    21    11     0     1   -43.0   42.170  121.401   1421.3    817.9
     1     1    21     2    21    10     0     2   -44.0   42.605  120.891   1485.4    802.9
     1     1    21     2    21     9     0     3   -45.0   42.988  120.348   1539.6    794.9
     1     1    21     2    21     8     0     2   -46.0   43.336  119.811   1571.5    777.7
     1     1    21     2    21     7     0     1   -47.0   43.664  119.249   1552.0    755.5
     1     1    21     2    21     6     0     0   -48.0   43.967  118.588   1473.5    736.7
     1     1    21     2    21     5     0     1   -49.0   44.267  117.937   1386.3    746.4
     1     1    21     2    21     4     0     2   -50.0   44.572  117.418   1323.5    745.8
     1     1    21     2    21     3     0     3   -51.0   44.884  117.036   1283.2    751.2
     1     1    21     2    21     2     0     2   -52.0   45.213  116.718   1249.7    757.6
     1     1    21     2    21     1     0     1   -53.0   45.575  116.445   1202.7    763.9
     1     1    21     2    21     0     0     0   -54.0   45.976  116.219   1143.2    768.3
     1     1    21     2    20    23     0     1   -55.0   46.395  116.060   1061.1    786.9
     1     1    21     2    20    22     0     2   -56.0   46.770  116.011    944.3    811.3
     1     1    21     2    20    21     0     3   -57.0   47.063  116.089    782.2    834.8
     1     1    21     2    20    20     0     2   -58.0   47.266  116.239    628.4    855.7
     1     1    21     2    20    19     0     1   -59.0   47.383  116.408    509.2    866.6
     1     1    21     2    20    18     0     0   -60.0   47.420  116.635    411.4    877.6
     1     1    21     2    20    17     0     1   -61.0   47.401  116.917    337.5    887.2
     1     1    21     2    20    16     0     2   -62.0   47.352  117.217    285.9    892.2
     1     1    21     2    20    15     0     3   -63.0   47.287  117.511    263.2    893.8
     1     1    21     2    20    14     0     2   -64.0   47.226  117.746    283.9    890.9
     1     1    21     2    20    13     0     1   -65.0   47.172  117.858    341.4    881.7
     1     1    21     2    20    12     0     0   -66.0   47.125  117.841    421.6    872.6
     1     1    21     2    20    11     0     1   -67.0   47.094  117.758    514.6    860.2
     1     1    21     2    20    10     0     2   -68.0   47.077  117.667    590.5    850.9
     1     1    21     2    20     9     0     3   -69.0   47.076  117.577    627.5    845.8
     1     1    21     2    20     8     0     2   -70.0   47.092  117.492    640.2    847.2
     1     1    21     2    20     7     0     1   -71.0   47.141  117.397    649.2    846.8
     1     1    21     2    20     6     0     0   -72.0   47.219  117.291    653.0    847.3
     1     1    21     2    20     5     0     1   -73.0   47.298  117.179    652.4    848.8
     1     1    21     2    20     4     0     2   -74.0   47.355  117.069    651.4    850.3
     1     1    21     2    20     3     0     3   -75.0   47.390  116.963    653.9    850.6
     1     1    21     2    20     2     0     2   -76.0   47.409  116.868    657.8    849.2
     1     1    21     2    20     1     0     1   -77.0   47.413  116.796    660.1    848.3
     1     1    21     2    20     0     0     0   -78.0   47.402  116.745    661.5    847.7
     1     1    21     2    19    23     0     1   -79.0   47.373  116.692    660.6    847.1
     1     1    21     2    19    22     0     2   -80.0   47.320  116.617    653.6    847.1
     1     1    21     2    19    21     0     3   -81.0   47.231  116.529    634.8    848.3
     1     1    21     2    19    20     0     2   -82.0   47.117  116.435    607.2    852.9
     1     1    21     2    19    19     0     1   -83.0   47.007  116.332    575.6    857.1
     1     1    21     2    19    18     0     0   -84.0   46.905  116.211    536.4    859.1
     1     1    21     2    19    17     0     1   -85.0   46.847  116.048    485.6    863.7
     1     1    21     2    19    16     0     2   -86.0   46.860  115.839    430.4    868.4
     1     1    21     2    19    15     0     3   -87.0   46.925  115.558    392.7    867.1
     1     1    21     2    19    14     0     2   -88.0   47.024  115.184    391.5    856.5
     1     1    21     2    19    13     0     1   -89.0   47.148  114.722    417.6    848.2
     1     1    21     2    19    12     0     0   -90.0   47.232  114.209    447.7    846.6
     1     1    21     2    19    11     0     1   -91.0   47.281  113.663    484.6    840.2
     1     1    21     2    19    10     0     2   -92.0   47.345  113.100    539.7    831.2
     1     1    21     2    19     9     0     3   -93.0   47.422  112.514    606.8    816.1
     1     1    21     2    19     8     0     2   -94.0   47.525  111.929    677.5    802.3
     1     1    21     2    19     7     0     1   -95.0   47.651  111.328    752.5    788.0
     1     1    21     2    19     6     0     0   -96.0   47.784  110.691    790.9    777.3
     1     1    21     2    19     5     0     1   -97.0   47.921  110.082    795.1    776.2
     1     1    21     2    19     4     0     2   -98.0   48.131  109.453    808.4    754.3
     1     1    21     2    19     3     0     3   -99.0   48.458  108.717    867.0    735.7
     1     1    21     2    19     2     0     2  -100.0   48.795  107.974    969.3    729.4
     1     1    21     2    19     1     0     1  -101.0   49.039  107.356   1030.5    742.2
     1     1    21     2    19     0     0     0  -102.0   49.207  106.901   1070.4    762.0
     1     1    21     2    18    23     0     1  -103.0   49.365  106.558   1103.1    772.4
     1     1    21     2    18    22     0     2  -104.0   49.550  106.333   1119.9    783.0
     1     1    21     2    18    21     0     3  -105.0   49.762  106.178   1151.6    788.9
     1     1    21     2    18    20     0     2  -106.0   49.998  106.007   1192.1    787.6
     1     1    21     2    18    19     0     1  -107.0   50.260  105.739   1236.5    774.9
     1     1    21     2    18    18     0     0  -108.0   50.569  105.232   1330.7    739.1
     1     1    21     2    18    17     0     1  -109.0   50.956  104.351   1525.6    697.0
     1     1    21     2    18    16     0     2  -110.0   51.399  103.300   1669.4    682.8
     1     1    21     2    18    15     0     3  -111.0   51.842  102.051   1750.0    628.5
     1     1    21     2    18    14     0     2  -112.0   52.406  100.376   1916.1    607.7
     1     1    21     2    18    13     0     1  -113.0   52.859   98.716   1779.8    630.4
     1     1    21     2    18    12     0     0  -114.0   53.147   97.156   1667.8    681.4
     1     1    21     2    18    11     0     1  -115.0   53.402   95.688   1741.2    689.5
     1     1    21     2    18    10     0     2  -116.0   53.594   94.361   1768.4    721.2
     1     1    21     2    18     9     0     3  -117.0   53.673   93.199   1687.2    757.8
     1     1    21     2    18     8     0     2  -118.0   53.664   92.225   1531.9    787.0
     1     1    21     2    18     7     0     1  -119.0   53.677   91.257   1434.9    787.5
     1     1    21     2    18     6     0     0  -120.0   53.744   90.234   1286.1    785.8
