     5     1
    GDAS    21     2     1     0     0
    GDAS    21     2     8     0     0
    GDAS    21     2    15     0     0
    GDAS    21     2    22     0     0
    GDAS    21     3     1     0     0
     1 BACKWARD OMEGA   
    21     2     5    18   44.970  -93.230   500.0
     1 PRESSURE
     1     1    21     2     5    18     0     0     0.0   44.970  -93.230    500.0    908.4
     1     1    21     2     5    17     0     1    -1.0   45.162  -93.702    502.4    906.9
     1     1    21     2     5    16     0     2    -2.0   45.451  -94.197    518.6    899.5
     1     1    21     2     5    15     0     3    -3.0   45.844  -94.700    556.2    889.3
     1     1    21     2     5    14     0     2    -4.0   46.313  -95.171    607.1    879.1
     1     1    21     2     5    13     0     1    -5.0   46.814  -95.590    637.2    872.2
     1     1    21     2     5    12     0     0    -6.0   47.321  -95.972    619.6    877.7
     1     1    21     2     5    11     0     1    -7.0   47.796  -96.342    593.7    893.4
     1     1    21     2     5    10     0     2    -8.0   48.247  -96.703    577.0    896.8
     1     1    21     2     5     9     0     3    -9.0   48.705  -97.048    549.1    902.5
     1     1    21     2     5     8     0     2   -10.0   49.163  -97.383    525.3    905.6
     1     1    21     2     5     7     0     1   -11.0   49.610  -97.709    512.4    907.0
     1     1    21     2     5     6     0     0   -12.0   50.052  -98.018    491.0    908.8
     1     1    21     2     5     5     0     1   -13.0   50.491  -98.311    472.5    913.2
     1     1    21     2     5     4     0     2   -14.0   50.935  -98.597    489.5    913.9
     1     1    21     2     5     3     0     3   -15.0   51.395  -98.855    530.5    907.2
     1     1    21     2     5     2     0     2   -16.0   51.847  -99.077    566.7    901.8
     1     1    21     2     5     1     0     1   -17.0   52.281  -99.278    588.5    900.1
     1     1    21     2     5     0     0     0   -18.0   52.699  -99.482    588.3    901.7
     1     1    21     2     4    23     0     1   -19.0   53.100  -99.669    571.9    904.2
     1     1    21     2     4    22     0     2   -20.0   53.477  -99.805    549.9    906.7
     1     1    21     2     4    21     0     3   -21.0   53.826  -99.879    530.2    909.0
     1     1    21     2     4    20     0     2   -22.0   54.152  -99.897    518.8    910.8
     1     1    21     2     4    19     0     1   -23.0   54.465  -99.859    518.8    911.1
     1     1    21     2     4    18     0     0   -24.0   54.775  -99.753    530.4    910.5
     1     1    21     2     4    17     0     1   -25.0   55.083  -99.577    545.4    908.8
     1     1    21     2     4    16     0     2   -26.0   55.378  -99.343    553.2    908.1
     1     1    21     2     4    15     0     3   -27.0   55.654  -99.046    561.5    907.7
     1     1    21     2     4    14     0     2   -28.0   55.906  -98.672    568.8    906.1
     1     1    21     2     4    13     0     1   -29.0   56.145  -98.243    574.2    908.6
     1     1    21     2     4    12     0     0   -30.0   56.378  -97.768    591.1    907.0
     1     1    21     2     4    11     0     1   -31.0   56.610  -97.255    609.9    901.4
     1     1    21     2     4    10     0     2   -32.0   56.846  -96.712    624.6    900.6
     1     1    21     2     4     9     0     3   -33.0   57.086  -96.153    635.4    902.0
     1     1    21     2     4     8     0     2   -34.0   57.336  -95.615    632.9    904.1
     1     1    21     2     4     7     0     1   -35.0   57.602  -95.119    614.3    909.5
     1     1    21     2     4     6     0     0   -36.0   57.895  -94.674    590.8    919.1
     1     1    21     2     4     5     0     1   -37.0   58.210  -94.267    593.2    928.4
     1     1    21     2     4     4     0     2   -38.0   58.527  -93.851    621.5    928.5
     1     1    21     2     4     3     0     3   -39.0   58.861  -93.410    626.8    929.0
     1     1    21     2     4     2     0     2   -40.0   59.221  -92.967    605.9    934.3
     1     1    21     2     4     1     0     1   -41.0   59.588  -92.541    601.3    937.1
     1     1    21     2     4     0     0     0   -42.0   59.929  -92.113    632.9    933.4
     1     1    21     2     3    23     0     1   -43.0   60.231  -91.664    663.3    925.0
     1     1    21     2     3    22     0     2   -44.0   60.497  -91.185    657.0    926.4
     1     1    21     2     3    21     0     3   -45.0   60.716  -90.664    616.3    932.0
     1     1    21     2     3    20     0     2   -46.0   60.898  -90.068    564.7    940.9
     1     1    21     2     3    19     0     1   -47.0   61.034  -89.400    528.7    946.4
     1     1    21     2     3    18     0     0   -48.0   61.110  -88.686    509.0    948.6
     1     1    21     2     3    17     0     1   -49.0   61.132  -87.942    499.4    950.4
     1     1    21     2     3    16     0     2   -50.0   61.115  -87.189    490.4    951.7
     1     1    21     2     3    15     0     3   -51.0   61.070  -86.440    477.5    954.2
     1     1    21     2     3    14     0     2   -52.0   61.002  -85.721    460.0    957.4
     1     1    21     2     3    13     0     1   -53.0   60.908  -85.056    445.5    961.0
     1     1    21     2     3    12     0     0   -54.0   60.795  -84.462    440.6    962.9
     1     1    21     2     3    11     0     1   -55.0   60.683  -83.966    438.9    962.8
     1     1    21     2     3    10     0     2   -56.0   60.582  -83.585    436.0    964.8
     1     1    21     2     3     9     0     3   -57.0   60.491  -83.318    436.0    965.5
     1     1    21     2     3     8     0     2   -58.0   60.406  -83.126    436.3    965.4
     1     1    21     2     3     7     0     1   -59.0   60.320  -82.969    436.5    965.8
     1     1    21     2     3     6     0     0   -60.0   60.234  -82.842    438.6    965.8
     1     1    21     2     3     5     0     1   -61.0   60.158  -82.741    441.3    965.7
     1     1    21     2     3     4     0     2   -62.0   60.100  -82.662    441.1    965.9
     1     1    21     2     3     3     0     3   -63.0   60.060  -82.602    435.7    967.0
     1     1    21     2     3     2     0     2   -64.0   60.036  -82.557    431.8    968.7
     1     1    21     2     3     1     0     1   -65.0   60.026  -82.532    437.4    968.3
     1     1    21     2     3     0     0     0   -66.0   60.030  -82.531    453.8    966.3
     1     1    21     2     2    23     0     1   -67.0   60.046  -82.559    472.3    962.6
     1     1    21     2     2    22     0     2   -68.0   60.070  -82.614    483.6    961.1
     1     1    21     2     2    21     0     3   -69.0   60.103  -82.690    490.0    960.6
     1     1    21     2     2    20     0     2   -70.0   60.148  -82.772    490.9    959.8
     1     1    21     2     2    19     0     1   -71.0   60.210  -82.845    482.5    960.4
     1     1    21     2     2    18     0     0   -72.0   60.289  -82.902    463.4    962.6
     1     1    21     2     2    17     0     1   -73.0   60.382  -82.943    449.3    966.9
     1     1    21     2     2    16     0     2   -74.0   60.482  -82.979    454.5    966.3
     1     1    21     2     2    15     0     3   -75.0   60.588  -83.010    476.9    963.3
     1     1    21     2     2    14     0     2   -76.0   60.704  -83.024    503.5    957.7
     1     1    21     2     2    13     0     1   -77.0   60.833  -83.002    521.9    955.0
     1     1    21     2     2    12     0     0   -78.0   60.976  -82.936    534.3    953.2
     1     1    21     2     2    11     0     1   -79.0   61.114  -82.844    547.1    952.5
     1     1    21     2     2    10     0     2   -80.0   61.233  -82.754    563.8    950.4
     1     1    21     2     2     9     0     3   -81.0   61.334  -82.676    580.5    948.3
     1     1    21     2     2     8     0     2   -82.0   61.410  -82.593    588.9    946.2
     1     1    21     2     2     7     0     1   -83.0   61.457  -82.477    584.5    946.8
     1     1    21     2     2     6     0     0   -84.0   61.474  -82.327    572.0    948.3
     1     1    21     2     2     5     0     1   -85.0   61.472  -82.144    557.5    950.9
     1     1    21     2     2     4     0     2   -86.0   61.458  -81.937    544.5    952.9
     1     1    21     2     2     3     0     3   -87.0   61.436  -81.718    531.1    954.9
     1     1    21     2     2     2     0     2   -88.0   61.404  -81.499    513.0    957.0
     1     1    21     2     2     1     0     1   -89.0   61.361  -81.282    488.9    960.4
     1     1    21     2     2     0     0     0   -90.0   61.306  -81.060    460.5    964.5
     1     1    21     2     1    23     0     1   -91.0   61.247  -80.845    428.4    969.2
     1     1    21     2     1    22     0     2   -92.0   61.190  -80.657    391.9    973.8
     1     1    21     2     1    21     0     3   -93.0   61.138  -80.497    347.9    979.4
     1     1    21     2     1    20     0     2   -94.0   61.085  -80.361    299.9    986.4
     1     1    21     2     1    19     0     1   -95.0   61.024  -80.245    252.4    992.6
     1     1    21     2     1    18     0     0   -96.0   60.959  -80.145    208.7    998.1
     1     1    21     2     1    17     0     1   -97.0   60.899  -80.057    172.8   1003.6
     1     1    21     2     1    16     0     2   -98.0   60.848  -79.979    144.6   1008.3
     1     1    21     2     1    15     0     3   -99.0   60.808  -79.911    123.4   1011.6
     1     1    21     2     1    14     0     2  -100.0   60.778  -79.864    108.1   1013.3
     1     1    21     2     1    13     0     1  -101.0   60.757  -79.849     96.2   1014.6
     1     1    21     2     1    12     0     0  -102.0   60.746  -79.862     86.8   1015.8
     1     1    21     2     1    11     0     1  -103.0   60.740  -79.897     79.3   1016.6
     1     1    21     2     1    10     0     2  -104.0   60.733  -79.952     73.6   1017.2
     1     1    21     2     1     9     0     3  -105.0   60.723  -80.026     69.3   1017.5
     1     1    21     2     1     8     0     2  -106.0   60.714  -80.119     66.2   1017.8
     1     1    21     2     1     7     0     1  -107.0   60.706  -80.232     64.4   1017.8
     1     1    21     2     1     6     0     0  -108.0   60.701  -80.362     63.7   1017.7
     1     1    21     2     1     5     0     1  -109.0   60.697  -80.512     62.9   1017.6
     1     1    21     2     1     4     0     2  -110.0   60.689  -80.682     60.7   1018.0
     1     1    21     2     1     3     0     3  -111.0   60.678  -80.874     57.4   1018.6
     1     1    21     2     1     2     0     2  -112.0   60.663  -81.074     53.9   1019.4
     1     1    21     2     1     1     0     1  -113.0   60.643  -81.271     50.6   1019.9
     1     1    21     2     1     0     0     0  -114.0   60.617  -81.463     47.6   1020.4
