     5     1
    GDAS    21     2     1     0     0
    GDAS    21     2     8     0     0
    GDAS    21     2    15     0     0
    GDAS    21     2    22     0     0
    GDAS    21     3     1     0     0
     1 BACKWARD OMEGA   
    21     2    22    21   37.820  111.540  1000.0
     1 PRESSURE
     1     1    21     2    22    21     0     3     0.0   37.820  111.540   1000.0    778.4
     1     1    21     2    22    20     0     2    -1.0   37.569  111.255    895.5    790.0
     1     1    21     2    22    19     0     1    -2.0   37.282  111.021    831.0    790.9
     1     1    21     2    22    18     0     0    -3.0   36.975  110.811    825.2    791.5
     1     1    21     2    22    17     0     1    -4.0   36.673  110.641    826.6    791.5
     1     1    21     2    22    16     0     2    -5.0   36.376  110.543    792.8    797.7
     1     1    21     2    22    15     0     3    -6.0   36.081  110.518    743.6    803.3
     1     1    21     2    22    14     0     2    -7.0   35.810  110.569    744.6    821.5
     1     1    21     2    22    13     0     1    -8.0   35.562  110.664    822.1    830.3
     1     1    21     2    22    12     0     0    -9.0   35.331  110.784    951.6    831.1
     1     1    21     2    22    11     0     1   -10.0   35.114  110.922   1113.6    830.2
     1     1    21     2    22    10     0     2   -11.0   34.931  111.062   1257.7    817.2
     1     1    21     2    22     9     0     3   -12.0   34.787  111.207   1338.9    803.3
     1     1    21     2    22     8     0     2   -13.0   34.678  111.362   1346.0    801.6
     1     1    21     2    22     7     0     1   -14.0   34.606  111.521   1315.2    807.4
     1     1    21     2    22     6     0     0   -15.0   34.572  111.677   1300.9    811.6
     1     1    21     2    22     5     0     1   -16.0   34.562  111.828   1266.0    811.3
     1     1    21     2    22     4     0     2   -17.0   34.567  111.998   1108.8    826.2
     1     1    21     2    22     3     0     3   -18.0   34.607  112.191    832.7    869.0
     1     1    21     2    22     2     0     2   -19.0   34.682  112.374    598.7    914.9
     1     1    21     2    22     1     0     1   -20.0   34.777  112.507    462.4    934.6
     1     1    21     2    22     0     0     0   -21.0   34.885  112.544    384.9    942.9
     1     1    21     2    21    23     0     1   -22.0   34.994  112.503    347.8    944.9
     1     1    21     2    21    22     0     2   -23.0   35.098  112.420    337.7    933.8
     1     1    21     2    21    21     0     3   -24.0   35.203  112.305    351.4    918.8
     1     1    21     2    21    20     0     2   -25.0   35.321  112.164    389.4    901.2
     1     1    21     2    21    19     0     1   -26.0   35.466  111.995    456.4    879.1
     1     1    21     2    21    18     0     0   -27.0   35.644  111.812    556.0    853.9
     1     1    21     2    21    17     0     1   -28.0   35.857  111.625    693.4    823.3
     1     1    21     2    21    16     0     2   -29.0   36.094  111.419    889.9    791.4
     1     1    21     2    21    15     0     3   -30.0   36.324  111.185   1117.8    761.0
     1     1    21     2    21    14     0     2   -31.0   36.536  110.921   1337.4    735.9
     1     1    21     2    21    13     0     1   -32.0   36.736  110.635   1501.8    723.6
     1     1    21     2    21    12     0     0   -33.0   36.927  110.349   1556.7    724.7
     1     1    21     2    21    11     0     1   -34.0   37.107  110.098   1536.0    739.0
     1     1    21     2    21    10     0     2   -35.0   37.278  109.878   1529.9    742.5
     1     1    21     2    21     9     0     3   -36.0   37.434  109.650   1560.8    733.9
     1     1    21     2    21     8     0     2   -37.0   37.578  109.417   1599.0    724.5
     1     1    21     2    21     7     0     1   -38.0   37.728  109.191   1637.3    719.9
     1     1    21     2    21     6     0     0   -39.0   37.896  108.962   1733.5    713.9
     1     1    21     2    21     5     0     1   -40.0   38.078  108.754   1847.6    693.9
     1     1    21     2    21     4     0     2   -41.0   38.266  108.590   1892.7    686.2
     1     1    21     2    21     3     0     3   -42.0   38.471  108.439   1893.3    684.2
     1     1    21     2    21     2     0     2   -43.0   38.711  108.255   1882.7    681.3
     1     1    21     2    21     1     0     1   -44.0   38.992  108.023   1876.7    676.7
     1     1    21     2    21     0     0     0   -45.0   39.296  107.761   1885.4    682.4
     1     1    21     2    20    23     0     1   -46.0   39.604  107.471   1922.7    683.8
     1     1    21     2    20    22     0     2   -47.0   39.915  107.164   2023.9    669.8
     1     1    21     2    20    21     0     3   -48.0   40.206  106.851   2109.4    658.6
     1     1    21     2    20    20     0     2   -49.0   40.499  106.519   2102.4    666.8
     1     1    21     2    20    19     0     1   -50.0   40.844  106.175   2049.7    672.2
     1     1    21     2    20    18     0     0   -51.0   41.229  105.828   1994.5    675.4
     1     1    21     2    20    17     0     1   -52.0   41.615  105.440   1830.2    690.0
     1     1    21     2    20    16     0     2   -53.0   42.036  105.027   1515.8    722.0
     1     1    21     2    20    15     0     3   -54.0   42.521  104.574   1454.7    739.4
     1     1    21     2    20    14     0     2   -55.0   42.982  103.968   1426.5    688.6
     1     1    21     2    20    13     0     1   -56.0   43.392  103.326   1228.6    735.9
     1     1    21     2    20    12     0     0   -57.0   43.770  102.668   1062.1    749.9
     1     1    21     2    20    11     0     1   -58.0   44.043  102.006    849.5    785.5
     1     1    21     2    20    10     0     2   -59.0   44.158  101.314    668.4    824.1
     1     1    21     2    20     9     0     3   -60.0   44.329  100.652    730.4    778.7
     1     1    21     2    20     8     0     2   -61.0   44.551  100.066    614.6    750.1
     1     1    21     2    20     7     0     1   -62.0   44.770   99.543    598.0    763.9
     1     1    21     2    20     6     0     0   -63.0   45.151   98.893   1025.7    715.1
     1     1    21     2    20     5     0     1   -64.0   45.623   98.102   1296.1    667.9
     1     1    21     2    20     4     0     2   -65.0   46.050   97.261   1214.5    681.6
     1     1    21     2    20     3     0     3   -66.0   46.365   96.461    932.6    728.7
     1     1    21     2    20     2     0     2   -67.0   46.518   95.760    829.9    757.4
     1     1    21     2    20     1     0     1   -68.0   46.570   95.155    703.3    770.7
     1     1    21     2    20     0     0     0   -69.0   46.551   94.658    692.6    774.5
     1     1    21     2    19    23     0     1   -70.0   46.597   94.019    951.3    731.6
     1     1    21     2    19    22     0     2   -71.0   46.708   93.274   1286.5    678.2
     1     1    21     2    19    21     0     3   -72.0   46.812   92.337   1414.8    626.6
     1     1    21     2    19    20     0     2   -73.0   46.925   91.031   1460.2    628.2
     1     1    21     2    19    19     0     1   -74.0   46.957   90.083   1387.6    679.0
     1     1    21     2    19    18     0     0   -75.0   46.896   89.610   1071.9    753.6
     1     1    21     2    19    17     0     1   -76.0   46.788   89.406    840.9    803.4
     1     1    21     2    19    16     0     2   -77.0   46.664   89.352    705.0    818.5
     1     1    21     2    19    15     0     3   -78.0   46.538   89.411    627.7    826.0
     1     1    21     2    19    14     0     2   -79.0   46.430   89.505    585.1    826.2
     1     1    21     2    19    13     0     1   -80.0   46.334   89.596    529.5    829.9
     1     1    21     2    19    12     0     0   -81.0   46.234   89.720    452.3    837.0
     1     1    21     2    19    11     0     1   -82.0   46.127   89.942    388.9    845.2
     1     1    21     2    19    10     0     2   -83.0   46.024   90.276    372.2    841.6
     1     1    21     2    19     9     0     3   -84.0   45.925   90.655    383.9    826.1
     1     1    21     2    19     8     0     2   -85.0   45.819   91.018    398.3    810.5
     1     1    21     2    19     7     0     1   -86.0   45.699   91.318    413.2    811.1
     1     1    21     2    19     6     0     0   -87.0   45.564   91.547    428.1    812.1
     1     1    21     2    19     5     0     1   -88.0   45.421   91.710    436.8    813.7
     1     1    21     2    19     4     0     2   -89.0   45.287   91.829    435.9    817.3
     1     1    21     2    19     3     0     3   -90.0   45.168   91.929    433.7    821.6
     1     1    21     2    19     2     0     2   -91.0   45.054   92.005    411.7    824.1
     1     1    21     2    19     1     0     1   -92.0   44.930   92.047    361.4    827.7
     1     1    21     2    19     0     0     0   -93.0   44.762   92.038    343.8    825.0
     1     1    21     2    18    23     0     1   -94.0   44.517   91.952    438.8    808.7
     1     1    21     2    18    22     0     2   -95.0   44.251   91.807    632.4    779.9
     1     1    21     2    18    21     0     3   -96.0   44.068   91.665    801.8    759.3
     1     1    21     2    18    20     0     2   -97.0   43.955   91.569    946.6    758.7
     1     1    21     2    18    19     0     1   -98.0   43.872   91.507   1103.8    758.1
     1     1    21     2    18    18     0     0   -99.0   43.805   91.446   1283.4    751.8
     1     1    21     2    18    17     0     1  -100.0   43.745   91.353   1444.8    742.6
     1     1    21     2    18    16     0     2  -101.0   43.683   91.234   1549.4    743.7
     1     1    21     2    18    15     0     3  -102.0   43.613   91.100   1607.1    749.3
     1     1    21     2    18    14     0     2  -103.0   43.546   90.955   1652.9    756.3
     1     1    21     2    18    13     0     1  -104.0   43.501   90.799   1717.6    754.5
     1     1    21     2    18    12     0     0  -105.0   43.485   90.634   1805.1    749.0
     1     1    21     2    18    11     0     1  -106.0   43.490   90.462   1896.2    739.3
     1     1    21     2    18    10     0     2  -107.0   43.501   90.288   1969.2    733.6
     1     1    21     2    18     9     0     3  -108.0   43.515   90.118   2027.9    729.2
     1     1    21     2    18     8     0     2  -109.0   43.530   89.961   2085.1    726.8
     1     1    21     2    18     7     0     1  -110.0   43.544   89.817   2149.4    723.1
     1     1    21     2    18     6     0     0  -111.0   43.555   89.683   2217.9    719.2
     1     1    21     2    18     5     0     1  -112.0   43.575   89.548   2282.6    713.7
     1     1    21     2    18     4     0     2  -113.0   43.619   89.398   2339.8    708.9
     1     1    21     2    18     3     0     3  -114.0   43.687   89.227   2397.2    702.9
     1     1    21     2    18     2     0     2  -115.0   43.773   89.019   2461.3    694.5
     1     1    21     2    18     1     0     1  -116.0   43.867   88.770   2509.2    677.1
     1     1    21     2    18     0     0     0  -117.0   43.969   88.489   2514.5    663.6
     1     1    21     2    17    23     0     1  -118.0   44.065   88.217   2486.1    663.3
     1     1    21     2    17    22     0     2  -119.0   44.147   87.982   2470.4    666.1
     1     1    21     2    17    21     0     3  -120.0   44.214   87.775   2495.0    673.0
