     5     1
    GDAS    21     2     1     0     0
    GDAS    21     2     8     0     0
    GDAS    21     2    15     0     0
    GDAS    21     2    22     0     0
    GDAS    21     3     1     0     0
     1 BACKWARD OMEGA   
    21     2    20    17   37.820  111.540  1000.0
     1 PRESSURE
     1     1    21     2    20    17     0     1     0.0   37.820  111.540   1000.0    773.0
     1     1    21     2    20    16     0     2    -1.0   37.963  111.060    941.3    790.8
     1     1    21     2    20    15     0     3    -2.0   38.078  110.632    937.1    795.5
     1     1    21     2    20    14     0     2    -3.0   38.172  110.170    951.8    790.2
     1     1    21     2    20    13     0     1    -4.0   38.261  109.673    953.8    785.4
     1     1    21     2    20    12     0     0    -5.0   38.332  109.155    942.2    779.5
     1     1    21     2    20    11     0     1    -6.0   38.380  108.630    922.0    774.2
     1     1    21     2    20    10     0     2    -7.0   38.430  108.105    910.0    767.7
     1     1    21     2    20     9     0     3    -8.0   38.471  107.616    944.0    768.3
     1     1    21     2    20     8     0     2    -9.0   38.506  107.167   1034.2    763.5
     1     1    21     2    20     7     0     1   -10.0   38.559  106.724   1172.4    743.7
     1     1    21     2    20     6     0     0   -11.0   38.633  106.271   1360.8    706.0
     1     1    21     2    20     5     0     1   -12.0   38.698  105.812   1584.9    675.6
     1     1    21     2    20     4     0     2   -13.0   38.754  105.369   1759.0    673.4
     1     1    21     2    20     3     0     3   -14.0   38.817  104.966   1791.8    689.2
     1     1    21     2    20     2     0     2   -15.0   38.894  104.586   1731.8    700.5
     1     1    21     2    20     1     0     1   -16.0   38.986  104.188   1681.0    706.2
     1     1    21     2    20     0     0     0   -17.0   39.095  103.761   1645.3    706.2
     1     1    21     2    19    23     0     1   -18.0   39.211  103.304   1649.0    701.4
     1     1    21     2    19    22     0     2   -19.0   39.319  102.826   1737.9    691.4
     1     1    21     2    19    21     0     3   -20.0   39.405  102.368   1889.7    678.3
     1     1    21     2    19    20     0     2   -21.0   39.486  101.937   2024.0    666.8
     1     1    21     2    19    19     0     1   -22.0   39.577  101.495   2115.7    651.5
     1     1    21     2    19    18     0     0   -23.0   39.666  101.038   2215.5    638.2
     1     1    21     2    19    17     0     1   -24.0   39.757  100.565   2324.9    632.8
     1     1    21     2    19    16     0     2   -25.0   39.855  100.060   2427.1    628.2
     1     1    21     2    19    15     0     3   -26.0   39.942   99.508   2559.0    624.9
     1     1    21     2    19    14     0     2   -27.0   39.996   98.947   2761.2    619.1
     1     1    21     2    19    13     0     1   -28.0   40.035   98.446   2918.9    587.1
     1     1    21     2    19    12     0     0   -29.0   40.065   98.030   3029.3    567.6
     1     1    21     2    19    11     0     1   -30.0   40.079   97.679   3124.0    553.5
     1     1    21     2    19    10     0     2   -31.0   40.082   97.383   3225.1    537.7
     1     1    21     2    19     9     0     3   -32.0   40.086   97.142   3327.8    524.3
     1     1    21     2    19     8     0     2   -33.0   40.098   96.952   3441.1    513.6
     1     1    21     2    19     7     0     1   -34.0   40.122   96.807   3562.9    506.5
     1     1    21     2    19     6     0     0   -35.0   40.160   96.698   3672.2    500.6
     1     1    21     2    19     5     0     1   -36.0   40.210   96.605   3770.8    495.9
     1     1    21     2    19     4     0     2   -37.0   40.271   96.500   3866.5    491.8
     1     1    21     2    19     3     0     3   -38.0   40.346   96.386   3969.7    487.7
     1     1    21     2    19     2     0     2   -39.0   40.424   96.263   4084.5    482.1
     1     1    21     2    19     1     0     1   -40.0   40.493   96.140   4208.6    476.0
     1     1    21     2    19     0     0     0   -41.0   40.556   96.028   4344.8    469.1
     1     1    21     2    18    23     0     1   -42.0   40.617   95.927   4474.8    460.9
     1     1    21     2    18    22     0     2   -43.0   40.679   95.822   4578.6    455.3
     1     1    21     2    18    21     0     3   -44.0   40.741   95.711   4654.3    451.3
     1     1    21     2    18    20     0     2   -45.0   40.807   95.598   4715.6    449.2
     1     1    21     2    18    19     0     1   -46.0   40.882   95.495   4772.0    446.0
     1     1    21     2    18    18     0     0   -47.0   40.966   95.410   4814.7    443.2
     1     1    21     2    18    17     0     1   -48.0   41.068   95.336   4850.8    442.0
     1     1    21     2    18    16     0     2   -49.0   41.198   95.254   4897.3    440.8
     1     1    21     2    18    15     0     3   -50.0   41.357   95.156   4963.2    440.2
     1     1    21     2    18    14     0     2   -51.0   41.529   95.034   5045.8    439.9
     1     1    21     2    18    13     0     1   -52.0   41.697   94.885   5132.8    442.0
     1     1    21     2    18    12     0     0   -53.0   41.859   94.717   5214.5    444.6
     1     1    21     2    18    11     0     1   -54.0   42.016   94.538   5280.2    446.8
     1     1    21     2    18    10     0     2   -55.0   42.171   94.350   5295.4    443.0
     1     1    21     2    18     9     0     3   -56.0   42.332   94.148   5297.9    439.3
     1     1    21     2    18     8     0     2   -57.0   42.500   93.939   5313.8    435.7
     1     1    21     2    18     7     0     1   -58.0   42.674   93.734   5374.7    432.9
     1     1    21     2    18     6     0     0   -59.0   42.854   93.535   5470.2    431.2
     1     1    21     2    18     5     0     1   -60.0   43.041   93.335   5579.5    431.3
     1     1    21     2    18     4     0     2   -61.0   43.236   93.116   5653.7    431.6
     1     1    21     2    18     3     0     3   -62.0   43.443   92.873   5671.5    425.8
     1     1    21     2    18     2     0     2   -63.0   43.656   92.603   5653.6    415.0
     1     1    21     2    18     1     0     1   -64.0   43.870   92.311   5596.5    402.3
     1     1    21     2    18     0     0     0   -65.0   44.090   92.002   5539.7    395.6
     1     1    21     2    17    23     0     1   -66.0   44.299   91.669   5588.6    407.7
     1     1    21     2    17    22     0     2   -67.0   44.488   91.308   5626.8    412.0
     1     1    21     2    17    21     0     3   -68.0   44.657   90.928   5642.3    413.6
     1     1    21     2    17    20     0     2   -69.0   44.808   90.545   5680.2    420.1
     1     1    21     2    17    19     0     1   -70.0   44.943   90.173   5726.8    426.2
     1     1    21     2    17    18     0     0   -71.0   45.070   89.813   5768.8    431.9
     1     1    21     2    17    17     0     1   -72.0   45.197   89.460   5810.8    435.8
     1     1    21     2    17    16     0     2   -73.0   45.332   89.107   5855.5    438.2
     1     1    21     2    17    15     0     3   -74.0   45.475   88.748   5883.8    439.0
     1     1    21     2    17    14     0     2   -75.0   45.620   88.375   5915.9    438.7
     1     1    21     2    17    13     0     1   -76.0   45.764   87.984   5962.4    437.6
     1     1    21     2    17    12     0     0   -77.0   45.906   87.575   6021.6    437.8
     1     1    21     2    17    11     0     1   -78.0   46.033   87.155   6078.3    438.1
     1     1    21     2    17    10     0     2   -79.0   46.145   86.740   6099.2    434.5
     1     1    21     2    17     9     0     3   -80.0   46.248   86.333   6076.8    427.1
     1     1    21     2    17     8     0     2   -81.0   46.359   85.929   6047.4    413.7
     1     1    21     2    17     7     0     1   -82.0   46.487   85.515   6038.9    395.8
     1     1    21     2    17     6     0     0   -83.0   46.636   85.071   6020.2    379.1
     1     1    21     2    17     5     0     1   -84.0   46.803   84.578   6044.5    372.5
     1     1    21     2    17     4     0     2   -85.0   46.976   84.037   6150.1    372.1
     1     1    21     2    17     3     0     3   -86.0   47.134   83.484   6310.6    382.1
     1     1    21     2    17     2     0     2   -87.0   47.271   82.942   6434.9    392.7
     1     1    21     2    17     1     0     1   -88.0   47.405   82.395   6481.2    395.4
     1     1    21     2    17     0     0     0   -89.0   47.541   81.828   6440.9    401.3
     1     1    21     2    16    23     0     1   -90.0   47.684   81.208   6377.2    405.8
     1     1    21     2    16    22     0     2   -91.0   47.831   80.506   6421.1    406.8
     1     1    21     2    16    21     0     3   -92.0   47.964   79.700   6787.8    380.7
     1     1    21     2    16    20     0     2   -93.0   48.110   78.858   6983.6    371.7
     1     1    21     2    16    19     0     1   -94.0   48.254   77.995   6973.3    372.7
     1     1    21     2    16    18     0     0   -95.0   48.390   77.068   6951.9    366.7
     1     1    21     2    16    17     0     1   -96.0   48.509   76.087   6916.5    367.3
     1     1    21     2    16    16     0     2   -97.0   48.611   75.051   6923.3    366.1
     1     1    21     2    16    15     0     3   -98.0   48.700   73.926   6878.9    370.0
     1     1    21     2    16    14     0     2   -99.0   48.753   72.745   6868.4    378.4
     1     1    21     2    16    13     0     1  -100.0   48.776   71.536   6950.3    380.1
     1     1    21     2    16    12     0     0  -101.0   48.775   70.271   6992.1    383.1
     1     1    21     2    16    11     0     1  -102.0   48.737   68.952   7058.5    379.9
     1     1    21     2    16    10     0     2  -103.0   48.663   67.607   7038.2    377.3
     1     1    21     2    16     9     0     3  -104.0   48.551   66.246   7027.4    385.7
     1     1    21     2    16     8     0     2  -105.0   48.410   64.877   7113.2    392.1
     1     1    21     2    16     7     0     1  -106.0   48.254   63.514   7161.3    394.9
     1     1    21     2    16     6     0     0  -107.0   48.083   62.143   7159.2    393.0
     1     1    21     2    16     5     0     1  -108.0   47.879   60.757   7086.8    395.4
     1     1    21     2    16     4     0     2  -109.0   47.657   59.353   7013.5    395.3
     1     1    21     2    16     3     0     3  -110.0   47.423   57.931   6963.3    397.0
     1     1    21     2    16     2     0     2  -111.0   47.162   56.499   6891.6    407.9
     1     1    21     2    16     1     0     1  -112.0   46.892   55.070   6938.3    409.0
     1     1    21     2    16     0     0     0  -113.0   46.609   53.630   6992.0    409.2
     1     1    21     2    15    23     0     1  -114.0   46.281   52.186   7019.5    406.7
     1     1    21     2    15    22     0     2  -115.0   45.947   50.746   7008.1    408.0
     1     1    21     2    15    21     0     3  -116.0   45.616   49.313   7035.2    406.7
     1     1    21     2    15    20     0     2  -117.0   45.246   47.910   7044.6    405.1
     1     1    21     2    15    19     0     1  -118.0   44.853   46.502   7035.5    407.2
     1     1    21     2    15    18     0     0  -119.0   44.465   45.034   7248.4    389.4
     1     1    21     2    15    17     0     1  -120.0   44.048   43.514   7072.2    376.9
