     5     1
    GDAS    21     2     1     0     0
    GDAS    21     2     8     0     0
    GDAS    21     2    15     0     0
    GDAS    21     2    22     0     0
    GDAS    21     3     1     0     0
     1 BACKWARD OMEGA   
    21     2    16    21   37.820  111.540  1000.0
     1 PRESSURE
     1     1    21     2    16    21     0     3     0.0   37.820  111.540   1000.0    778.3
     1     1    21     2    16    20     0     2    -1.0   38.282  111.185   1121.1    767.4
     1     1    21     2    16    19     0     1    -2.0   38.701  110.870   1123.5    778.3
     1     1    21     2    16    18     0     0    -3.0   39.078  110.569   1070.5    783.6
     1     1    21     2    16    17     0     1    -4.0   39.472  110.234   1046.4    772.8
     1     1    21     2    16    16     0     2    -5.0   39.902  109.851   1032.6    758.4
     1     1    21     2    16    15     0     3    -6.0   40.323  109.460    989.3    762.9
     1     1    21     2    16    14     0     2    -7.0   40.692  109.090    899.0    786.5
     1     1    21     2    16    13     0     1    -8.0   40.988  108.761    762.8    817.9
     1     1    21     2    16    12     0     0    -9.0   41.242  108.456    651.9    828.6
     1     1    21     2    16    11     0     1   -10.0   41.488  108.118    594.8    823.9
     1     1    21     2    16    10     0     2   -11.0   41.711  107.751    548.3    824.2
     1     1    21     2    16     9     0     3   -12.0   41.893  107.373    516.3    828.7
     1     1    21     2    16     8     0     2   -13.0   42.013  107.008    489.3    833.9
     1     1    21     2    16     7     0     1   -14.0   42.074  106.655    491.6    843.4
     1     1    21     2    16     6     0     0   -15.0   42.136  106.323    540.8    842.7
     1     1    21     2    16     5     0     1   -16.0   42.225  106.010    616.5    835.0
     1     1    21     2    16     4     0     2   -17.0   42.366  105.714    669.0    814.9
     1     1    21     2    16     3     0     3   -18.0   42.573  105.431    671.9    799.0
     1     1    21     2    16     2     0     2   -19.0   42.847  105.147    652.5    783.8
     1     1    21     2    16     1     0     1   -20.0   43.186  104.822    638.6    777.6
     1     1    21     2    16     0     0     0   -21.0   43.518  104.444    630.9    787.8
     1     1    21     2    15    23     0     1   -22.0   43.771  104.054    623.2    796.2
     1     1    21     2    15    22     0     2   -23.0   43.930  103.688    615.9    797.0
     1     1    21     2    15    21     0     3   -24.0   44.019  103.347    622.9    793.2
     1     1    21     2    15    20     0     2   -25.0   44.080  103.049    637.6    787.2
     1     1    21     2    15    19     0     1   -26.0   44.142  102.797    641.0    793.4
     1     1    21     2    15    18     0     0   -27.0   44.194  102.578    621.5    801.7
     1     1    21     2    15    17     0     1   -28.0   44.248  102.372    548.5    812.0
     1     1    21     2    15    16     0     2   -29.0   44.327  102.155    392.3    831.8
     1     1    21     2    15    15     0     3   -30.0   44.420  101.922    227.2    855.3
     1     1    21     2    15    14     0     2   -31.0   44.502  101.653    122.2    864.6
     1     1    21     2    15    13     0     1   -32.0   44.569  101.331     63.5    863.8
     1     1    21     2    15    12     0     0   -33.0   44.631  101.000     32.4    863.0
     1     1    21     2    15    11     0     1   -34.0   44.712  100.697     15.2    847.1
     1     1    21     2    15    10     0     2   -35.0   44.838  100.429      6.5    826.9
     1     1    21     2    15     9     0     3   -36.0   45.042  100.167      2.0    801.8
     1     1    21     2    15     8     0     2   -37.0   45.268   99.926      0.8    800.1
     1     1    21     2    15     7     0     1   -38.0   45.469   99.693      3.5    807.1
     1     1    21     2    15     6     0     0   -39.0   45.653   99.416     11.2    814.3
     1     1    21     2    15     5     0     1   -40.0   45.842   99.063     42.9    821.4
     1     1    21     2    15     4     0     2   -41.0   46.064   98.620    149.3    811.8
     1     1    21     2    15     3     0     3   -42.0   46.338   98.116    270.3    763.6
     1     1    21     2    15     2     0     2   -43.0   46.620   97.670    385.4    736.7
     1     1    21     2    15     1     0     1   -44.0   46.989   97.251    603.0    704.9
     1     1    21     2    15     0     0     0   -45.0   47.433   96.772    842.1    688.5
     1     1    21     2    14    23     0     1   -46.0   47.837   96.282    980.4    697.9
     1     1    21     2    14    22     0     2   -47.0   48.230   95.793   1066.7    703.8
     1     1    21     2    14    21     0     3   -48.0   48.584   95.308   1106.6    715.3
     1     1    21     2    14    20     0     2   -49.0   48.869   94.866   1127.8    737.5
     1     1    21     2    14    19     0     1   -50.0   49.116   94.473   1162.7    744.9
     1     1    21     2    14    18     0     0   -51.0   49.333   94.112   1194.9    751.5
     1     1    21     2    14    17     0     1   -52.0   49.512   93.753   1200.7    763.1
     1     1    21     2    14    16     0     2   -53.0   49.647   93.398   1182.1    779.1
     1     1    21     2    14    15     0     3   -54.0   49.733   93.074   1158.4    793.6
     1     1    21     2    14    14     0     2   -55.0   49.785   92.768   1135.5    792.8
     1     1    21     2    14    13     0     1   -56.0   49.823   92.457   1123.5    785.9
     1     1    21     2    14    12     0     0   -57.0   49.862   92.135   1124.2    778.1
     1     1    21     2    14    11     0     1   -58.0   49.902   91.799   1140.4    758.8
     1     1    21     2    14    10     0     2   -59.0   49.960   91.425   1192.9    723.2
     1     1    21     2    14     9     0     3   -60.0   50.079   90.981   1289.3    679.3
     1     1    21     2    14     8     0     2   -61.0   50.279   90.432   1436.5    671.9
     1     1    21     2    14     7     0     1   -62.0   50.527   89.799   1562.6    660.1
     1     1    21     2    14     6     0     0   -63.0   50.792   89.125   1547.1    634.6
     1     1    21     2    14     5     0     1   -64.0   51.031   88.464   1490.9    661.6
     1     1    21     2    14     4     0     2   -65.0   51.190   87.877   1452.0    695.4
     1     1    21     2    14     3     0     3   -66.0   51.285   87.332   1399.0    717.7
     1     1    21     2    14     2     0     2   -67.0   51.346   86.799   1341.2    744.6
     1     1    21     2    14     1     0     1   -68.0   51.370   86.318   1308.7    763.8
     1     1    21     2    14     0     0     0   -69.0   51.362   85.881   1304.0    771.1
     1     1    21     2    13    23     0     1   -70.0   51.351   85.482   1306.7    770.4
     1     1    21     2    13    22     0     2   -71.0   51.353   85.120   1303.7    772.7
     1     1    21     2    13    21     0     3   -72.0   51.364   84.797   1304.1    774.7
     1     1    21     2    13    20     0     2   -73.0   51.385   84.501   1313.6    774.1
     1     1    21     2    13    19     0     1   -74.0   51.413   84.216   1325.2    774.5
     1     1    21     2    13    18     0     0   -75.0   51.448   83.938   1333.1    778.0
     1     1    21     2    13    17     0     1   -76.0   51.478   83.659   1347.4    787.8
     1     1    21     2    13    16     0     2   -77.0   51.500   83.374   1374.0    794.1
     1     1    21     2    13    15     0     3   -78.0   51.518   83.076   1411.3    798.9
     1     1    21     2    13    14     0     2   -79.0   51.534   82.776   1447.8    803.7
     1     1    21     2    13    13     0     1   -80.0   51.545   82.491   1469.5    810.4
     1     1    21     2    13    12     0     0   -81.0   51.544   82.223   1474.8    817.8
     1     1    21     2    13    11     0     1   -82.0   51.527   81.983   1477.2    825.4
     1     1    21     2    13    10     0     2   -83.0   51.502   81.772   1491.5    823.5
     1     1    21     2    13     9     0     3   -84.0   51.475   81.587   1525.3    819.2
     1     1    21     2    13     8     0     2   -85.0   51.452   81.420   1565.6    813.2
     1     1    21     2    13     7     0     1   -86.0   51.439   81.265   1598.0    809.7
     1     1    21     2    13     6     0     0   -87.0   51.435   81.126   1621.7    807.3
     1     1    21     2    13     5     0     1   -88.0   51.442   80.992   1642.6    805.6
     1     1    21     2    13     4     0     2   -89.0   51.468   80.848   1668.3    803.7
     1     1    21     2    13     3     0     3   -90.0   51.515   80.692   1698.9    801.2
     1     1    21     2    13     2     0     2   -91.0   51.569   80.521   1725.6    798.3
     1     1    21     2    13     1     0     1   -92.0   51.617   80.334   1741.0    797.6
     1     1    21     2    13     0     0     0   -93.0   51.656   80.131   1746.2    798.1
     1     1    21     2    12    23     0     1   -94.0   51.691   79.927   1747.4    799.8
     1     1    21     2    12    22     0     2   -95.0   51.729   79.730   1753.5    800.5
     1     1    21     2    12    21     0     3   -96.0   51.767   79.540   1771.8    800.0
     1     1    21     2    12    20     0     2   -97.0   51.807   79.347   1798.3    797.5
     1     1    21     2    12    19     0     1   -98.0   51.848   79.138   1821.2    795.9
     1     1    21     2    12    18     0     0   -99.0   51.890   78.918   1829.9    795.4
     1     1    21     2    12    17     0     1  -100.0   51.934   78.692   1827.1    796.9
     1     1    21     2    12    16     0     2  -101.0   51.983   78.469   1824.1    797.4
     1     1    21     2    12    15     0     3  -102.0   52.036   78.251   1824.5    797.5
     1     1    21     2    12    14     0     2  -103.0   52.095   78.026   1827.5    796.6
     1     1    21     2    12    13     0     1  -104.0   52.157   77.777   1831.4    797.6
     1     1    21     2    12    12     0     0  -105.0   52.220   77.502   1834.5    798.8
     1     1    21     2    12    11     0     1  -106.0   52.285   77.217   1837.5    800.5
     1     1    21     2    12    10     0     2  -107.0   52.350   76.933   1843.8    800.8
     1     1    21     2    12     9     0     3  -108.0   52.419   76.649   1851.8    798.5
     1     1    21     2    12     8     0     2  -109.0   52.489   76.351   1862.1    796.4
     1     1    21     2    12     7     0     1  -110.0   52.560   76.034   1881.8    794.2
     1     1    21     2    12     6     0     0  -111.0   52.634   75.697   1917.9    790.5
     1     1    21     2    12     5     0     1  -112.0   52.707   75.344   1951.4    785.4
     1     1    21     2    12     4     0     2  -113.0   52.774   74.987   1971.1    784.3
     1     1    21     2    12     3     0     3  -114.0   52.836   74.627   1995.5    782.8
     1     1    21     2    12     2     0     2  -115.0   52.899   74.263   2028.2    778.7
     1     1    21     2    12     1     0     1  -116.0   52.962   73.900   2056.1    776.1
     1     1    21     2    12     0     0     0  -117.0   53.024   73.537   2076.0    774.6
     1     1    21     2    11    23     0     1  -118.0   53.085   73.177   2098.9    773.2
     1     1    21     2    11    22     0     2  -119.0   53.146   72.811   2122.9    767.4
     1     1    21     2    11    21     0     3  -120.0   53.203   72.434   2130.5    762.1
