     5     1
    GDAS    21     2     1     0     0
    GDAS    21     2     8     0     0
    GDAS    21     2    15     0     0
    GDAS    21     2    22     0     0
    GDAS    21     3     1     0     0
     1 BACKWARD OMEGA   
    21     2    20    21   37.820  111.540  1000.0
     1 PRESSURE
     1     1    21     2    20    21     0     3     0.0   37.820  111.540   1000.0    771.9
     1     1    21     2    20    20     0     2    -1.0   38.071  111.090    916.4    779.1
     1     1    21     2    20    19     0     1    -2.0   38.280  110.695    752.9    809.4
     1     1    21     2    20    18     0     0    -3.0   38.467  110.262    641.8    821.9
     1     1    21     2    20    17     0     1    -4.0   38.661  109.745    617.1    814.8
     1     1    21     2    20    16     0     2    -5.0   38.849  109.159    619.2    804.4
     1     1    21     2    20    15     0     3    -6.0   39.021  108.534    623.5    796.5
     1     1    21     2    20    14     0     2    -7.0   39.182  107.926    609.2    792.3
     1     1    21     2    20    13     0     1    -8.0   39.311  107.398    538.6    807.5
     1     1    21     2    20    12     0     0    -9.0   39.386  106.967    418.6    820.2
     1     1    21     2    20    11     0     1   -10.0   39.394  106.605    354.1    825.0
     1     1    21     2    20    10     0     2   -11.0   39.360  106.157    529.8    787.0
     1     1    21     2    20     9     0     3   -12.0   39.337  105.601    775.0    752.2
     1     1    21     2    20     8     0     2   -13.0   39.318  105.049    811.2    763.9
     1     1    21     2    20     7     0     1   -14.0   39.275  104.607    747.9    788.2
     1     1    21     2    20     6     0     0   -15.0   39.187  104.259    691.7    793.1
     1     1    21     2    20     5     0     1   -16.0   39.065  103.995    637.3    802.3
     1     1    21     2    20     4     0     2   -17.0   38.952  103.773    617.5    803.3
     1     1    21     2    20     3     0     3   -18.0   38.836  103.583    651.5    796.5
     1     1    21     2    20     2     0     2   -19.0   38.724  103.413    723.3    783.8
     1     1    21     2    20     1     0     1   -20.0   38.649  103.245    809.9    772.8
     1     1    21     2    20     0     0     0   -21.0   38.620  103.082    903.0    761.5
     1     1    21     2    19    23     0     1   -22.0   38.641  102.901   1004.4    748.8
     1     1    21     2    19    22     0     2   -23.0   38.711  102.675   1120.6    733.1
     1     1    21     2    19    21     0     3   -24.0   38.802  102.407   1247.7    720.1
     1     1    21     2    19    20     0     2   -25.0   38.882  102.115   1382.3    710.8
     1     1    21     2    19    19     0     1   -26.0   38.962  101.813   1536.1    694.4
     1     1    21     2    19    18     0     0   -27.0   39.043  101.508   1737.4    664.4
     1     1    21     2    19    17     0     1   -28.0   39.098  101.206   1912.5    628.5
     1     1    21     2    19    16     0     2   -29.0   39.136  100.915   1976.2    615.6
     1     1    21     2    19    15     0     3   -30.0   39.176  100.635   1920.4    625.8
     1     1    21     2    19    14     0     2   -31.0   39.218  100.362   1853.4    647.1
     1     1    21     2    19    13     0     1   -32.0   39.242  100.085   1894.1    646.4
     1     1    21     2    19    12     0     0   -33.0   39.245   99.798   1999.8    616.5
     1     1    21     2    19    11     0     1   -34.0   39.243   99.504   2132.6    570.8
     1     1    21     2    19    10     0     2   -35.0   39.249   99.226   2265.0    533.2
     1     1    21     2    19     9     0     3   -36.0   39.273   98.961   2423.9    504.8
     1     1    21     2    19     8     0     2   -37.0   39.316   98.707   2641.5    497.5
     1     1    21     2    19     7     0     1   -38.0   39.373   98.468   2857.4    492.4
     1     1    21     2    19     6     0     0   -39.0   39.439   98.246   3065.1    488.1
     1     1    21     2    19     5     0     1   -40.0   39.512   98.036   3251.5    484.2
     1     1    21     2    19     4     0     2   -41.0   39.596   97.832   3390.1    482.2
     1     1    21     2    19     3     0     3   -42.0   39.690   97.628   3479.4    484.4
     1     1    21     2    19     2     0     2   -43.0   39.787   97.409   3548.7    488.7
     1     1    21     2    19     1     0     1   -44.0   39.877   97.173   3612.3    488.9
     1     1    21     2    19     0     0     0   -45.0   39.953   96.915   3658.1    490.7
     1     1    21     2    18    23     0     1   -46.0   40.015   96.637   3712.9    496.8
     1     1    21     2    18    22     0     2   -47.0   40.066   96.353   3779.6    495.4
     1     1    21     2    18    21     0     3   -48.0   40.110   96.060   3863.8    492.6
     1     1    21     2    18    20     0     2   -49.0   40.152   95.758   3960.7    491.5
     1     1    21     2    18    19     0     1   -50.0   40.196   95.458   4063.4    490.7
     1     1    21     2    18    18     0     0   -51.0   40.245   95.165   4183.2    488.0
     1     1    21     2    18    17     0     1   -52.0   40.305   94.887   4290.7    483.3
     1     1    21     2    18    16     0     2   -53.0   40.376   94.618   4358.4    486.3
     1     1    21     2    18    15     0     3   -54.0   40.456   94.352   4405.7    491.2
     1     1    21     2    18    14     0     2   -55.0   40.538   94.075   4458.0    495.4
     1     1    21     2    18    13     0     1   -56.0   40.618   93.784   4502.0    493.9
     1     1    21     2    18    12     0     0   -57.0   40.694   93.491   4546.9    490.6
     1     1    21     2    18    11     0     1   -58.0   40.765   93.206   4604.4    485.4
     1     1    21     2    18    10     0     2   -59.0   40.832   92.935   4674.5    479.9
     1     1    21     2    18     9     0     3   -60.0   40.895   92.670   4758.0    476.9
     1     1    21     2    18     8     0     2   -61.0   40.952   92.414   4841.6    475.1
     1     1    21     2    18     7     0     1   -62.0   41.002   92.167   4922.8    473.3
     1     1    21     2    18     6     0     0   -63.0   41.047   91.918   4995.6    473.1
     1     1    21     2    18     5     0     1   -64.0   41.097   91.668   5053.3    473.9
     1     1    21     2    18     4     0     2   -65.0   41.163   91.425   5096.3    474.7
     1     1    21     2    18     3     0     3   -66.0   41.246   91.189   5129.2    474.6
     1     1    21     2    18     2     0     2   -67.0   41.341   90.959   5154.2    472.6
     1     1    21     2    18     1     0     1   -68.0   41.439   90.731   5166.1    468.0
     1     1    21     2    18     0     0     0   -69.0   41.540   90.503   5176.5    465.5
     1     1    21     2    17    23     0     1   -70.0   41.637   90.274   5197.4    464.8
     1     1    21     2    17    22     0     2   -71.0   41.720   90.033   5238.4    463.6
     1     1    21     2    17    21     0     3   -72.0   41.784   89.772   5293.4    462.2
     1     1    21     2    17    20     0     2   -73.0   41.840   89.509   5351.1    460.7
     1     1    21     2    17    19     0     1   -74.0   41.894   89.262   5398.4    460.0
     1     1    21     2    17    18     0     0   -75.0   41.940   89.016   5423.1    460.9
     1     1    21     2    17    17     0     1   -76.0   41.989   88.775   5392.9    455.8
     1     1    21     2    17    16     0     2   -77.0   42.055   88.546   5354.2    450.8
     1     1    21     2    17    15     0     3   -78.0   42.132   88.317   5300.5    446.9
     1     1    21     2    17    14     0     2   -79.0   42.215   88.084   5252.9    443.7
     1     1    21     2    17    13     0     1   -80.0   42.306   87.850   5249.5    438.4
     1     1    21     2    17    12     0     0   -81.0   42.408   87.629   5266.8    427.1
     1     1    21     2    17    11     0     1   -82.0   42.525   87.434   5272.6    408.4
     1     1    21     2    17    10     0     2   -83.0   42.656   87.268   5249.5    386.4
     1     1    21     2    17     9     0     3   -84.0   42.801   87.126   5202.5    360.0
     1     1    21     2    17     8     0     2   -85.0   42.957   87.007   5130.2    329.9
     1     1    21     2    17     7     0     1   -86.0   43.113   86.874   5243.4    335.3
     1     1    21     2    17     6     0     0   -87.0   43.250   86.699   5385.3    348.7
     1     1    21     2    17     5     0     1   -88.0   43.377   86.503   5510.8    360.2
     1     1    21     2    17     4     0     2   -89.0   43.506   86.303   5635.3    369.7
     1     1    21     2    17     3     0     3   -90.0   43.632   86.092   5767.9    377.0
     1     1    21     2    17     2     0     2   -91.0   43.761   85.864   5882.6    378.3
     1     1    21     2    17     1     0     1   -92.0   43.900   85.623   5957.5    375.4
     1     1    21     2    17     0     0     0   -93.0   44.043   85.353   6019.4    366.7
     1     1    21     2    16    23     0     1   -94.0   44.183   85.056   6114.1    357.5
     1     1    21     2    16    22     0     2   -95.0   44.322   84.738   6215.1    353.1
     1     1    21     2    16    21     0     3   -96.0   44.456   84.380   6295.9    355.0
     1     1    21     2    16    20     0     2   -97.0   44.583   83.989   6370.1    361.0
     1     1    21     2    16    19     0     1   -98.0   44.702   83.592   6532.6    379.2
     1     1    21     2    16    18     0     0   -99.0   44.813   83.191   6710.7    390.6
     1     1    21     2    16    17     0     1  -100.0   44.913   82.765   6863.1    389.3
     1     1    21     2    16    16     0     2  -101.0   45.003   82.310   6931.3    382.4
     1     1    21     2    16    15     0     3  -102.0   45.081   81.821   6887.4    368.3
     1     1    21     2    16    14     0     2  -103.0   45.153   81.298   6752.2    350.5
     1     1    21     2    16    13     0     1  -104.0   45.221   80.742   6603.9    333.1
     1     1    21     2    16    12     0     0  -105.0   45.280   80.131   6449.6    316.8
     1     1    21     2    16    11     0     1  -106.0   45.323   79.473   6563.9    334.2
     1     1    21     2    16    10     0     2  -107.0   45.357   78.812   6732.7    358.2
     1     1    21     2    16     9     0     3  -108.0   45.384   78.160   6916.5    385.2
     1     1    21     2    16     8     0     2  -109.0   45.401   77.506   6977.0    390.4
     1     1    21     2    16     7     0     1  -110.0   45.406   76.843   6988.8    390.8
     1     1    21     2    16     6     0     0  -111.0   45.400   76.179   6990.6    390.9
     1     1    21     2    16     5     0     1  -112.0   45.387   75.508   6988.8    391.6
     1     1    21     2    16     4     0     2  -113.0   45.372   74.816   6968.7    393.6
     1     1    21     2    16     3     0     3  -114.0   45.358   74.101   6921.2    396.3
     1     1    21     2    16     2     0     2  -115.0   45.340   73.361   6830.6    397.3
     1     1    21     2    16     1     0     1  -116.0   45.313   72.600   6749.3    403.3
     1     1    21     2    16     0     0     0  -117.0   45.273   71.828   6705.2    410.0
     1     1    21     2    15    23     0     1  -118.0   45.225   71.040   6618.3    416.1
     1     1    21     2    15    22     0     2  -119.0   45.181   70.226   6558.9    424.2
     1     1    21     2    15    21     0     3  -120.0   45.142   69.393   6554.8    424.9
