     5     1
    GDAS    21     2     1     0     0
    GDAS    21     2     8     0     0
    GDAS    21     2    15     0     0
    GDAS    21     2    22     0     0
    GDAS    21     3     1     0     0
     1 BACKWARD OMEGA   
    21     2    20    15   37.820  111.540  1000.0
     1 PRESSURE
     1     1    21     2    20    15     0     3     0.0   37.820  111.540   1000.0    773.7
     1     1    21     2    20    14     0     2    -1.0   37.971  111.043    991.0    781.4
     1     1    21     2    20    13     0     1    -2.0   38.078  110.591    959.6    788.6
     1     1    21     2    20    12     0     0    -3.0   38.185  110.146    940.3    793.9
     1     1    21     2    20    11     0     1    -4.0   38.295  109.684    929.9    786.7
     1     1    21     2    20    10     0     2    -5.0   38.393  109.186    918.8    782.5
     1     1    21     2    20     9     0     3    -6.0   38.498  108.654    934.4    774.2
     1     1    21     2    20     8     0     2    -7.0   38.604  108.101    982.9    760.0
     1     1    21     2    20     7     0     1    -8.0   38.705  107.558   1070.3    757.4
     1     1    21     2    20     6     0     0    -9.0   38.840  107.038   1203.3    756.1
     1     1    21     2    20     5     0     1   -10.0   38.989  106.511   1354.6    706.6
     1     1    21     2    20     4     0     2   -11.0   39.094  105.960   1585.3    658.1
     1     1    21     2    20     3     0     3   -12.0   39.168  105.425   1852.0    658.7
     1     1    21     2    20     2     0     2   -13.0   39.259  104.918   1947.9    672.0
     1     1    21     2    20     1     0     1   -14.0   39.354  104.403   1916.1    678.6
     1     1    21     2    20     0     0     0   -15.0   39.443  103.865   1807.1    686.2
     1     1    21     2    19    23     0     1   -16.0   39.551  103.306   1712.1    695.0
     1     1    21     2    19    22     0     2   -17.0   39.664  102.741   1751.0    690.1
     1     1    21     2    19    21     0     3   -18.0   39.772  102.207   1861.0    682.9
     1     1    21     2    19    20     0     2   -19.0   39.888  101.686   1926.2    678.3
     1     1    21     2    19    19     0     1   -20.0   40.017  101.130   1945.6    682.7
     1     1    21     2    19    18     0     0   -21.0   40.147  100.541   2000.3    681.7
     1     1    21     2    19    17     0     1   -22.0   40.264   99.949   2121.1    666.7
     1     1    21     2    19    16     0     2   -23.0   40.351   99.354   2298.6    653.1
     1     1    21     2    19    15     0     3   -24.0   40.393   98.764   2555.3    628.6
     1     1    21     2    19    14     0     2   -25.0   40.399   98.247   2751.4    590.7
     1     1    21     2    19    13     0     1   -26.0   40.390   97.786   2829.4    580.4
     1     1    21     2    19    12     0     0   -27.0   40.363   97.374   2872.0    567.7
     1     1    21     2    19    11     0     1   -28.0   40.325   97.011   2918.8    554.7
     1     1    21     2    19    10     0     2   -29.0   40.292   96.680   2980.9    551.1
     1     1    21     2    19     9     0     3   -30.0   40.265   96.353   3027.5    550.9
     1     1    21     2    19     8     0     2   -31.0   40.249   96.028   3074.5    551.1
     1     1    21     2    19     7     0     1   -32.0   40.255   95.716   3140.6    551.7
     1     1    21     2    19     6     0     0   -33.0   40.285   95.428   3222.9    550.6
     1     1    21     2    19     5     0     1   -34.0   40.332   95.142   3303.6    547.8
     1     1    21     2    19     4     0     2   -35.0   40.381   94.830   3373.0    549.6
     1     1    21     2    19     3     0     3   -36.0   40.431   94.496   3441.1    555.0
     1     1    21     2    19     2     0     2   -37.0   40.474   94.155   3514.8    559.8
     1     1    21     2    19     1     0     1   -38.0   40.510   93.823   3574.5    559.4
     1     1    21     2    19     0     0     0   -39.0   40.543   93.508   3611.5    556.9
     1     1    21     2    18    23     0     1   -40.0   40.573   93.207   3639.2    555.0
     1     1    21     2    18    22     0     2   -41.0   40.594   92.916   3661.3    554.1
     1     1    21     2    18    21     0     3   -42.0   40.605   92.633   3678.7    556.1
     1     1    21     2    18    20     0     2   -43.0   40.616   92.363   3695.8    559.5
     1     1    21     2    18    19     0     1   -44.0   40.642   92.120   3726.3    560.7
     1     1    21     2    18    18     0     0   -45.0   40.686   91.907   3774.3    561.0
     1     1    21     2    18    17     0     1   -46.0   40.745   91.713   3833.9    560.3
     1     1    21     2    18    16     0     2   -47.0   40.812   91.524   3898.3    560.1
     1     1    21     2    18    15     0     3   -48.0   40.890   91.343   3974.7    558.9
     1     1    21     2    18    14     0     2   -49.0   40.975   91.160   4055.2    556.1
     1     1    21     2    18    13     0     1   -50.0   41.057   90.961   4119.1    552.6
     1     1    21     2    18    12     0     0   -51.0   41.136   90.752   4154.2    544.1
     1     1    21     2    18    11     0     1   -52.0   41.210   90.542   4187.4    537.8
     1     1    21     2    18    10     0     2   -53.0   41.275   90.340   4235.3    531.8
     1     1    21     2    18     9     0     3   -54.0   41.333   90.152   4313.6    524.9
     1     1    21     2    18     8     0     2   -55.0   41.391   89.987   4405.9    516.2
     1     1    21     2    18     7     0     1   -56.0   41.451   89.846   4484.6    511.9
     1     1    21     2    18     6     0     0   -57.0   41.513   89.724   4539.0    509.6
     1     1    21     2    18     5     0     1   -58.0   41.583   89.609   4584.5    509.0
     1     1    21     2    18     4     0     2   -59.0   41.673   89.497   4635.4    507.3
     1     1    21     2    18     3     0     3   -60.0   41.787   89.397   4687.4    506.0
     1     1    21     2    18     2     0     2   -61.0   41.916   89.311   4741.3    505.3
     1     1    21     2    18     1     0     1   -62.0   42.049   89.221   4803.0    505.1
     1     1    21     2    18     0     0     0   -63.0   42.186   89.116   4878.6    505.9
     1     1    21     2    17    23     0     1   -64.0   42.317   88.988   4954.0    506.0
     1     1    21     2    17    22     0     2   -65.0   42.435   88.843   4997.9    500.7
     1     1    21     2    17    21     0     3   -66.0   42.546   88.696   5041.6    494.7
     1     1    21     2    17    20     0     2   -67.0   42.657   88.553   5090.9    487.8
     1     1    21     2    17    19     0     1   -68.0   42.769   88.421   5140.4    481.0
     1     1    21     2    17    18     0     0   -69.0   42.887   88.307   5182.5    475.3
     1     1    21     2    17    17     0     1   -70.0   43.014   88.214   5216.2    471.4
     1     1    21     2    17    16     0     2   -71.0   43.152   88.126   5232.5    464.5
     1     1    21     2    17    15     0     3   -72.0   43.301   88.037   5251.5    458.3
     1     1    21     2    17    14     0     2   -73.0   43.461   87.939   5271.0    450.9
     1     1    21     2    17    13     0     1   -74.0   43.630   87.831   5319.8    445.0
     1     1    21     2    17    12     0     0   -75.0   43.812   87.727   5426.6    442.2
     1     1    21     2    17    11     0     1   -76.0   43.995   87.599   5576.6    441.7
     1     1    21     2    17    10     0     2   -77.0   44.152   87.417   5692.0    441.9
     1     1    21     2    17     9     0     3   -78.0   44.279   87.192   5774.8    444.7
     1     1    21     2    17     8     0     2   -79.0   44.388   86.955   5837.4    447.1
     1     1    21     2    17     7     0     1   -80.0   44.492   86.732   5882.4    444.6
     1     1    21     2    17     6     0     0   -81.0   44.598   86.534   5937.5    442.5
     1     1    21     2    17     5     0     1   -82.0   44.717   86.342   6002.9    441.6
     1     1    21     2    17     4     0     2   -83.0   44.858   86.131   6085.0    441.7
     1     1    21     2    17     3     0     3   -84.0   45.026   85.897   6176.3    442.5
     1     1    21     2    17     2     0     2   -85.0   45.205   85.636   6215.1    438.1
     1     1    21     2    17     1     0     1   -86.0   45.382   85.342   6218.5    434.5
     1     1    21     2    17     0     0     0   -87.0   45.574   85.029   6197.8    428.6
     1     1    21     2    16    23     0     1   -88.0   45.779   84.692   6137.2    417.1
     1     1    21     2    16    22     0     2   -89.0   46.002   84.321   6022.4    400.4
     1     1    21     2    16    21     0     3   -90.0   46.269   83.931   5938.7    391.8
     1     1    21     2    16    20     0     2   -91.0   46.531   83.507   5981.8    391.0
     1     1    21     2    16    19     0     1   -92.0   46.760   83.037   6072.5    392.4
     1     1    21     2    16    18     0     0   -93.0   46.995   82.541   6173.2    404.7
     1     1    21     2    16    17     0     1   -94.0   47.213   81.997   6241.1    413.2
     1     1    21     2    16    16     0     2   -95.0   47.389   81.404   6271.3    414.9
     1     1    21     2    16    15     0     3   -96.0   47.549   80.798   6295.5    413.9
     1     1    21     2    16    14     0     2   -97.0   47.693   80.150   6409.7    409.9
     1     1    21     2    16    13     0     1   -98.0   47.824   79.460   6588.9    393.4
     1     1    21     2    16    12     0     0   -99.0   47.949   78.767   6672.7    388.4
     1     1    21     2    16    11     0     1  -100.0   48.057   78.056   6735.1    388.8
     1     1    21     2    16    10     0     2  -101.0   48.152   77.342   6827.4    376.9
     1     1    21     2    16     9     0     3  -102.0   48.244   76.632   6888.1    369.5
     1     1    21     2    16     8     0     2  -103.0   48.315   75.891   6894.0    369.3
     1     1    21     2    16     7     0     1  -104.0   48.351   75.127   6930.5    366.8
     1     1    21     2    16     6     0     0  -105.0   48.368   74.369   7017.8    362.5
     1     1    21     2    16     5     0     1  -106.0   48.380   73.574   7041.3    363.8
     1     1    21     2    16     4     0     2  -107.0   48.383   72.752   7118.6    360.2
     1     1    21     2    16     3     0     3  -108.0   48.379   71.921   7177.7    362.0
     1     1    21     2    16     2     0     2  -109.0   48.362   71.056   7213.6    365.8
     1     1    21     2    16     1     0     1  -110.0   48.322   70.168   7256.5    368.6
     1     1    21     2    16     0     0     0  -111.0   48.269   69.276   7300.2    369.1
     1     1    21     2    15    23     0     1  -112.0   48.207   68.348   7324.6    366.3
     1     1    21     2    15    22     0     2  -113.0   48.126   67.404   7314.5    364.5
     1     1    21     2    15    21     0     3  -114.0   48.027   66.467   7304.0    365.7
     1     1    21     2    15    20     0     2  -115.0   47.914   65.527   7308.7    374.6
     1     1    21     2    15    19     0     1  -116.0   47.797   64.587   7323.7    382.4
     1     1    21     2    15    18     0     0  -117.0   47.672   63.661   7330.9    384.8
     1     1    21     2    15    17     0     1  -118.0   47.552   62.728   7327.9    386.1
     1     1    21     2    15    16     0     2  -119.0   47.434   61.742   7326.3    383.9
     1     1    21     2    15    15     0     3  -120.0   47.300   60.725   7310.8    383.1
