     5     1
    GDAS    21     2     1     0     0
    GDAS    21     2     8     0     0
    GDAS    21     2    15     0     0
    GDAS    21     2    22     0     0
    GDAS    21     3     1     0     0
     1 BACKWARD OMEGA   
    21     2    28    23   37.820  111.540  1000.0
     1 PRESSURE
     1     1    21     2    28    23     0     1     0.0   37.820  111.540   1000.0    778.8
     1     1    21     2    28    22     0     2    -1.0   38.166  111.601   1155.1    756.6
     1     1    21     2    28    21     0     3    -2.0   38.491  111.671   1266.7    736.6
     1     1    21     2    28    20     0     2    -3.0   38.789  111.724   1338.8    719.2
     1     1    21     2    28    19     0     1    -4.0   39.080  111.774   1362.7    708.8
     1     1    21     2    28    18     0     0    -5.0   39.371  111.826   1323.3    711.5
     1     1    21     2    28    17     0     1    -6.0   39.647  111.860   1254.0    725.8
     1     1    21     2    28    16     0     2    -7.0   39.913  111.871   1233.1    733.6
     1     1    21     2    28    15     0     3    -8.0   40.180  111.854   1268.6    729.4
     1     1    21     2    28    14     0     2    -9.0   40.437  111.806   1331.2    717.8
     1     1    21     2    28    13     0     1   -10.0   40.682  111.725   1414.8    707.5
     1     1    21     2    28    12     0     0   -11.0   40.926  111.603   1545.1    688.9
     1     1    21     2    28    11     0     1   -12.0   41.169  111.432   1642.1    671.0
     1     1    21     2    28    10     0     2   -13.0   41.408  111.229   1645.1    677.6
     1     1    21     2    28     9     0     3   -14.0   41.653  111.010   1606.8    692.3
     1     1    21     2    28     8     0     2   -15.0   41.891  110.771   1606.7    706.8
     1     1    21     2    28     7     0     1   -16.0   42.119  110.475   1655.4    702.0
     1     1    21     2    28     6     0     0   -17.0   42.332  110.122   1688.8    697.1
     1     1    21     2    28     5     0     1   -18.0   42.526  109.731   1723.9    700.0
     1     1    21     2    28     4     0     2   -19.0   42.709  109.280   1796.1    696.1
     1     1    21     2    28     3     0     3   -20.0   42.876  108.795   1881.0    695.7
     1     1    21     2    28     2     0     2   -21.0   43.016  108.323   1970.5    702.5
     1     1    21     2    28     1     0     1   -22.0   43.131  107.856   2026.0    697.7
     1     1    21     2    28     0     0     0   -23.0   43.234  107.354   2022.6    685.0
     1     1    21     2    27    23     0     1   -24.0   43.336  106.777   2010.1    674.5
     1     1    21     2    27    22     0     2   -25.0   43.425  106.128   1991.9    668.4
     1     1    21     2    27    21     0     3   -26.0   43.496  105.419   1943.0    660.1
     1     1    21     2    27    20     0     2   -27.0   43.558  104.672   1927.7    661.4
     1     1    21     2    27    19     0     1   -28.0   43.614  103.902   2006.7    659.9
     1     1    21     2    27    18     0     0   -29.0   43.658  103.107   2077.1    651.7
     1     1    21     2    27    17     0     1   -30.0   43.701  102.332   2177.3    653.7
     1     1    21     2    27    16     0     2   -31.0   43.761  101.600   2368.4    640.9
     1     1    21     2    27    15     0     3   -32.0   43.865  100.855   2507.1    632.0
     1     1    21     2    27    14     0     2   -33.0   44.017  100.021   2669.2    617.5
     1     1    21     2    27    13     0     1   -34.0   44.189   99.044   2822.8    584.3
     1     1    21     2    27    12     0     0   -35.0   44.377   97.912   2941.7    545.0
     1     1    21     2    27    11     0     1   -36.0   44.588   96.737   3070.0    571.3
     1     1    21     2    27    10     0     2   -37.0   44.782   95.638   2941.5    574.8
     1     1    21     2    27     9     0     3   -38.0   44.900   94.397   3171.4    527.2
     1     1    21     2    27     8     0     2   -39.0   44.974   93.099   3442.3    528.5
     1     1    21     2    27     7     0     1   -40.0   45.041   91.783   3588.4    535.3
     1     1    21     2    27     6     0     0   -41.0   45.059   90.486   3663.3    537.1
     1     1    21     2    27     5     0     1   -42.0   45.067   89.259   3735.7    568.5
     1     1    21     2    27     4     0     2   -43.0   45.070   88.098   3735.2    580.0
     1     1    21     2    27     3     0     3   -44.0   45.052   86.984   3712.8    598.1
     1     1    21     2    27     2     0     2   -45.0   44.997   85.921   3706.8    605.2
     1     1    21     2    27     1     0     1   -46.0   44.913   84.906   3681.8    597.6
     1     1    21     2    27     0     0     0   -47.0   44.830   83.963   3631.6    575.7
     1     1    21     2    26    23     0     1   -48.0   44.744   83.135   3538.6    575.4
     1     1    21     2    26    22     0     2   -49.0   44.655   82.357   3396.4    579.6
     1     1    21     2    26    21     0     3   -50.0   44.599   81.463   3402.7    561.5
     1     1    21     2    26    20     0     2   -51.0   44.568   80.321   3447.1    513.8
     1     1    21     2    26    19     0     1   -52.0   44.525   79.107   3628.9    519.0
     1     1    21     2    26    18     0     0   -53.0   44.474   78.031   3715.1    566.6
     1     1    21     2    26    17     0     1   -54.0   44.414   77.018   3723.2    587.8
     1     1    21     2    26    16     0     2   -55.0   44.344   76.026   3657.9    590.2
     1     1    21     2    26    15     0     3   -56.0   44.272   75.024   3549.1    582.9
     1     1    21     2    26    14     0     2   -57.0   44.181   74.018   3535.1    606.8
     1     1    21     2    26    13     0     1   -58.0   44.061   73.033   3546.6    611.9
     1     1    21     2    26    12     0     0   -59.0   43.903   72.106   3500.5    613.1
     1     1    21     2    26    11     0     1   -60.0   43.728   71.252   3423.3    621.6
     1     1    21     2    26    10     0     2   -61.0   43.549   70.470   3323.7    621.1
     1     1    21     2    26     9     0     3   -62.0   43.383   69.744   3236.8    621.2
     1     1    21     2    26     8     0     2   -63.0   43.244   69.108   3240.8    646.7
     1     1    21     2    26     7     0     1   -64.0   43.138   68.529   3252.1    649.3
     1     1    21     2    26     6     0     0   -65.0   43.061   67.974   3292.7    650.4
     1     1    21     2    26     5     0     1   -66.0   43.016   67.425   3352.6    648.5
     1     1    21     2    26     4     0     2   -67.0   43.019   66.869   3399.9    646.0
     1     1    21     2    26     3     0     3   -68.0   43.076   66.295   3424.8    639.9
     1     1    21     2    26     2     0     2   -69.0   43.171   65.701   3437.6    638.3
     1     1    21     2    26     1     0     1   -70.0   43.291   65.087   3468.1    637.8
     1     1    21     2    26     0     0     0   -71.0   43.432   64.452   3519.0    633.9
     1     1    21     2    25    23     0     1   -72.0   43.590   63.806   3566.4    632.5
     1     1    21     2    25    22     0     2   -73.0   43.758   63.158   3623.2    631.9
     1     1    21     2    25    21     0     3   -74.0   43.930   62.511   3682.7    625.7
     1     1    21     2    25    20     0     2   -75.0   44.114   61.884   3716.6    623.1
     1     1    21     2    25    19     0     1   -76.0   44.326   61.282   3747.1    623.8
     1     1    21     2    25    18     0     0   -77.0   44.570   60.701   3790.3    622.9
     1     1    21     2    25    17     0     1   -78.0   44.851   60.130   3836.9    620.7
     1     1    21     2    25    16     0     2   -79.0   45.174   59.566   3878.4    615.5
     1     1    21     2    25    15     0     3   -80.0   45.535   59.023   3921.5    609.3
     1     1    21     2    25    14     0     2   -81.0   45.935   58.483   3972.4    597.6
     1     1    21     2    25    13     0     1   -82.0   46.371   57.932   4016.9    590.0
     1     1    21     2    25    12     0     0   -83.0   46.841   57.389   4045.4    590.2
     1     1    21     2    25    11     0     1   -84.0   47.331   56.865   4057.9    588.8
     1     1    21     2    25    10     0     2   -85.0   47.827   56.361   4084.1    584.1
     1     1    21     2    25     9     0     3   -86.0   48.327   55.875   4135.9    579.0
     1     1    21     2    25     8     0     2   -87.0   48.834   55.429   4184.8    574.5
     1     1    21     2    25     7     0     1   -88.0   49.348   55.046   4212.0    574.6
     1     1    21     2    25     6     0     0   -89.0   49.876   54.733   4231.6    572.2
     1     1    21     2    25     5     0     1   -90.0   50.426   54.486   4251.2    569.7
     1     1    21     2    25     4     0     2   -91.0   51.001   54.297   4279.6    569.4
     1     1    21     2    25     3     0     3   -92.0   51.611   54.150   4379.0    560.5
     1     1    21     2    25     2     0     2   -93.0   52.274   54.029   4544.9    536.9
     1     1    21     2    25     1     0     1   -94.0   52.964   53.941   4669.9    525.0
     1     1    21     2    25     0     0     0   -95.0   53.660   53.909   4724.8    518.6
     1     1    21     2    24    23     0     1   -96.0   54.346   53.928   4756.5    517.3
     1     1    21     2    24    22     0     2   -97.0   55.012   53.989   4820.4    517.7
     1     1    21     2    24    21     0     3   -98.0   55.666   54.110   4956.1    513.6
     1     1    21     2    24    20     0     2   -99.0   56.324   54.324   5093.1    500.0
     1     1    21     2    24    19     0     1  -100.0   56.985   54.637   5156.4    489.2
     1     1    21     2    24    18     0     0  -101.0   57.626   55.032   5176.2    490.2
     1     1    21     2    24    17     0     1  -102.0   58.247   55.484   5174.8    493.0
     1     1    21     2    24    16     0     2  -103.0   58.852   55.982   5178.9    494.0
     1     1    21     2    24    15     0     3  -104.0   59.443   56.517   5197.5    491.5
     1     1    21     2    24    14     0     2  -105.0   60.007   57.081   5224.6    489.5
     1     1    21     2    24    13     0     1  -106.0   60.542   57.687   5262.5    479.8
     1     1    21     2    24    12     0     0  -107.0   61.057   58.336   5329.2    468.6
     1     1    21     2    24    11     0     1  -108.0   61.553   59.034   5408.9    456.0
     1     1    21     2    24    10     0     2  -109.0   62.024   59.780   5520.5    456.6
     1     1    21     2    24     9     0     3  -110.0   62.470   60.544   5577.4    465.2
     1     1    21     2    24     8     0     2  -111.0   62.900   61.313   5609.8    467.4
     1     1    21     2    24     7     0     1  -112.0   63.325   62.103   5645.9    465.4
     1     1    21     2    24     6     0     0  -113.0   63.756   62.906   5690.0    460.4
     1     1    21     2    24     5     0     1  -114.0   64.194   63.716   5742.3    457.1
     1     1    21     2    24     4     0     2  -115.0   64.639   64.526   5793.7    457.8
     1     1    21     2    24     3     0     3  -116.0   65.103   65.322   5812.9    459.6
     1     1    21     2    24     2     0     2  -117.0   65.577   66.084   5817.1    459.4
     1     1    21     2    24     1     0     1  -118.0   66.047   66.818   5818.9    458.8
     1     1    21     2    24     0     0     0  -119.0   66.516   67.520   5826.8    456.8
     1     1    21     2    23    23     0     1  -120.0   66.977   68.181   5853.0    456.7
