     5     1
    GDAS    21     2     1     0     0
    GDAS    21     2     8     0     0
    GDAS    21     2    15     0     0
    GDAS    21     2    22     0     0
    GDAS    21     3     1     0     0
     1 BACKWARD OMEGA   
    21     2    22    18   37.820  111.540  1000.0
     1 PRESSURE
     1     1    21     2    22    18     0     0     0.0   37.820  111.540   1000.0    779.8
     1     1    21     2    22    17     0     1    -1.0   37.608  111.335    881.7    793.4
     1     1    21     2    22    16     0     2    -2.0   37.409  111.177    785.2    799.0
     1     1    21     2    22    15     0     3    -3.0   37.218  111.063    686.4    802.4
     1     1    21     2    22    14     0     2    -4.0   37.020  110.990    590.5    807.6
     1     1    21     2    22    13     0     1    -5.0   36.826  110.946    520.7    817.1
     1     1    21     2    22    12     0     0    -6.0   36.663  110.918    472.8    821.8
     1     1    21     2    22    11     0     1    -7.0   36.529  110.906    422.6    826.4
     1     1    21     2    22    10     0     2    -8.0   36.419  110.920    347.3    833.3
     1     1    21     2    22     9     0     3    -9.0   36.331  110.957    232.8    844.5
     1     1    21     2    22     8     0     2   -10.0   36.267  111.005    131.0    859.9
     1     1    21     2    22     7     0     1   -11.0   36.225  111.052     74.0    867.4
     1     1    21     2    22     6     0     0   -12.0   36.203  111.097     44.2    869.4
     1     1    21     2    22     5     0     1   -13.0   36.205  111.136     30.7    871.5
     1     1    21     2    22     4     0     2   -14.0   36.235  111.171     27.1    872.6
     1     1    21     2    22     3     0     3   -15.0   36.294  111.203     31.5    873.2
     1     1    21     2    22     2     0     2   -16.0   36.369  111.229     42.1    872.0
     1     1    21     2    22     1     0     1   -17.0   36.449  111.245     56.1    870.3
     1     1    21     2    22     0     0     0   -18.0   36.537  111.251     73.7    867.4
     1     1    21     2    21    23     0     1   -19.0   36.629  111.244     92.6    863.6
     1     1    21     2    21    22     0     2   -20.0   36.724  111.218    107.5    860.0
     1     1    21     2    21    21     0     3   -21.0   36.823  111.174    111.4    856.9
     1     1    21     2    21    20     0     2   -22.0   36.922  111.121     92.0    856.2
     1     1    21     2    21    19     0     1   -23.0   37.000  111.070     55.9    860.9
     1     1    21     2    21    18     0     0   -24.0   37.053  111.023     27.5    866.7
     1     1    21     2    21    17     0     1   -25.0   37.098  110.977      8.1    868.7
     1     1    21     2    21    16     0     2   -26.0   37.137  110.933      0.0    869.9
     1     1    21     2    21    15     0     3   -27.0   37.175  110.887      0.0    871.2
     1     1    21     2    21    14     0     2   -28.0   37.211  110.846      0.0    872.8
     1     1    21     2    21    13     0     1   -29.0   37.246  110.815      0.0    873.9
     1     1    21     2    21    12     0     0   -30.0   37.277  110.793      0.0    874.7
     1     1    21     2    21    11     0     1   -31.0   37.310  110.770      0.0    875.1
     1     1    21     2    21    10     0     2   -32.0   37.349  110.734      0.0    875.9
     1     1    21     2    21     9     0     3   -33.0   37.391  110.689      0.0    877.1
     1     1    21     2    21     8     0     2   -34.0   37.440  110.629      0.0    879.0
     1     1    21     2    21     7     0     1   -35.0   37.500  110.554      0.0    881.4
     1     1    21     2    21     6     0     0   -36.0   37.569  110.462      0.0    883.9
     1     1    21     2    21     5     0     1   -37.0   37.637  110.365      0.0    886.7
     1     1    21     2    21     4     0     2   -38.0   37.695  110.275      0.0    889.0
     1     1    21     2    21     3     0     3   -39.0   37.748  110.188      0.0    890.9
     1     1    21     2    21     2     0     2   -40.0   37.799  110.100      0.0    891.3
     1     1    21     2    21     1     0     1   -41.0   37.852  110.008      0.0    891.4
     1     1    21     2    21     0     0     0   -42.0   37.906  109.909      0.0    888.8
     1     1    21     2    20    23     0     1   -43.0   37.953  109.791      0.0    887.4
     1     1    21     2    20    22     0     2   -44.0   37.990  109.646      0.0    885.9
     1     1    21     2    20    21     0     3   -45.0   38.017  109.475      0.0    883.8
     1     1    21     2    20    20     0     2   -46.0   38.036  109.281      0.0    881.2
     1     1    21     2    20    19     0     1   -47.0   38.045  109.068      0.0    878.5
     1     1    21     2    20    18     0     0   -48.0   38.049  108.839      0.0    874.6
     1     1    21     2    20    17     0     1   -49.0   38.048  108.613      0.0    870.5
     1     1    21     2    20    16     0     2   -50.0   38.037  108.400      0.0    866.9
     1     1    21     2    20    15     0     3   -51.0   38.014  108.191      0.0    863.4
     1     1    21     2    20    14     0     2   -52.0   37.977  107.981      0.0    858.1
     1     1    21     2    20    13     0     1   -53.0   37.930  107.773      0.0    855.0
     1     1    21     2    20    12     0     0   -54.0   37.875  107.574      0.0    852.3
     1     1    21     2    20    11     0     1   -55.0   37.824  107.383      0.0    850.5
     1     1    21     2    20    10     0     2   -56.0   37.776  107.196      0.0    848.6
     1     1    21     2    20     9     0     3   -57.0   37.723  107.006      0.0    846.4
     1     1    21     2    20     8     0     2   -58.0   37.679  106.797      0.0    850.1
     1     1    21     2    20     7     0     1   -59.0   37.654  106.563      0.0    854.6
     1     1    21     2    20     6     0     0   -60.0   37.639  106.315      0.0    859.4
     1     1    21     2    20     5     0     1   -61.0   37.615  106.092      0.0    864.3
     1     1    21     2    20     4     0     2   -62.0   37.563  105.922      0.0    863.6
     1     1    21     2    20     3     0     3   -63.0   37.476  105.805      0.0    858.6
     1     1    21     2    20     2     0     2   -64.0   37.373  105.729      0.0    853.1
     1     1    21     2    20     1     0     1   -65.0   37.276  105.673      0.3    848.4
     1     1    21     2    20     0     0     0   -66.0   37.190  105.643      0.6    844.6
     1     1    21     2    19    23     0     1   -67.0   37.114  105.625      0.8    842.2
     1     1    21     2    19    22     0     2   -68.0   37.047  105.604      0.6    840.0
     1     1    21     2    19    21     0     3   -69.0   36.990  105.578      0.2    838.1
     1     1    21     2    19    20     0     2   -70.0   36.939  105.545      0.0    836.1
     1     1    21     2    19    19     0     1   -71.0   36.891  105.504      0.0    834.3
     1     1    21     2    19    18     0     0   -72.0   36.846  105.458      0.0    832.9
     1     1    21     2    19    17     0     1   -73.0   36.803  105.410      0.0    831.1
     1     1    21     2    19    16     0     2   -74.0   36.763  105.363      0.0    829.7
     1     1    21     2    19    15     0     3   -75.0   36.727  105.316      0.0    828.5
     1     1    21     2    19    14     0     2   -76.0   36.701  105.270      0.0    827.4
     1     1    21     2    19    13     0     1   -77.0   36.692  105.225      0.0    826.6
     1     1    21     2    19    12     0     0   -78.0   36.698  105.179      0.0    826.1
     1     1    21     2    19    11     0     1   -79.0   36.724  105.115      0.0    825.5
     1     1    21     2    19    10     0     2   -80.0   36.768  105.020      0.0    824.4
     1     1    21     2    19     9     0     3   -81.0   36.831  104.903      0.0    822.4
     1     1    21     2    19     8     0     2   -82.0   36.909  104.776      0.0    820.8
     1     1    21     2    19     7     0     1   -83.0   36.996  104.643      0.0    818.5
     1     1    21     2    19     6     0     0   -84.0   37.099  104.500      0.0    819.9
     1     1    21     2    19     5     0     1   -85.0   37.205  104.357      0.0    822.0
     1     1    21     2    19     4     0     2   -86.0   37.295  104.228      0.0    824.4
     1     1    21     2    19     3     0     3   -87.0   37.371  104.101      0.0    826.6
     1     1    21     2    19     2     0     2   -88.0   37.429  103.965      5.3    825.6
     1     1    21     2    19     1     0     1   -89.0   37.465  103.817     31.3    818.2
     1     1    21     2    19     0     0     0   -90.0   37.491  103.651    111.9    803.6
     1     1    21     2    18    23     0     1   -91.0   37.520  103.482    201.5    786.6
     1     1    21     2    18    22     0     2   -92.0   37.539  103.324    266.4    775.2
     1     1    21     2    18    21     0     3   -93.0   37.538  103.180    303.3    765.1
     1     1    21     2    18    20     0     2   -94.0   37.527  103.045    328.8    757.9
     1     1    21     2    18    19     0     1   -95.0   37.525  102.900    367.3    746.6
     1     1    21     2    18    18     0     0   -96.0   37.535  102.732    429.9    731.4
     1     1    21     2    18    17     0     1   -97.0   37.563  102.561    488.6    714.7
     1     1    21     2    18    16     0     2   -98.0   37.603  102.410    516.9    705.3
     1     1    21     2    18    15     0     3   -99.0   37.637  102.277    523.5    698.0
     1     1    21     2    18    14     0     2  -100.0   37.666  102.157    523.8    691.3
     1     1    21     2    18    13     0     1  -101.0   37.702  102.045    523.4    683.6
     1     1    21     2    18    12     0     0  -102.0   37.758  101.937    511.5    677.9
     1     1    21     2    18    11     0     1  -103.0   37.844  101.836    444.2    675.0
     1     1    21     2    18    10     0     2  -104.0   37.962  101.762    292.4    685.4
     1     1    21     2    18     9     0     3  -105.0   38.100  101.721    166.3    714.1
     1     1    21     2    18     8     0     2  -106.0   38.226  101.674     99.4    732.8
     1     1    21     2    18     7     0     1  -107.0   38.313  101.602     73.3    736.9
     1     1    21     2    18     6     0     0  -108.0   38.368  101.518     61.3    737.4
     1     1    21     2    18     5     0     1  -109.0   38.394  101.435     58.5    734.1
     1     1    21     2    18     4     0     2  -110.0   38.391  101.363     67.2    726.5
     1     1    21     2    18     3     0     3  -111.0   38.360  101.300     91.4    714.9
     1     1    21     2    18     2     0     2  -112.0   38.316  101.238    130.5    700.1
     1     1    21     2    18     1     0     1  -113.0   38.273  101.170    178.0    684.0
     1     1    21     2    18     0     0     0  -114.0   38.228  101.095    232.6    667.0
     1     1    21     2    17    23     0     1  -115.0   38.184  101.020    292.9    649.1
     1     1    21     2    17    22     0     2  -116.0   38.145  100.957    355.9    636.3
     1     1    21     2    17    21     0     3  -117.0   38.113  100.914    413.9    626.4
     1     1    21     2    17    20     0     2  -118.0   38.091  100.887    463.2    619.2
     1     1    21     2    17    19     0     1  -119.0   38.082  100.872    502.3    614.7
     1     1    21     2    17    18     0     0  -120.0   38.085  100.873    528.8    613.2
