     5     1
    GDAS    21     2     1     0     0
    GDAS    21     2     8     0     0
    GDAS    21     2    15     0     0
    GDAS    21     2    22     0     0
    GDAS    21     3     1     0     0
     1 BACKWARD OMEGA   
    21     2    16    21   44.970  -93.230   500.0
     1 PRESSURE
     1     1    21     2    16    21     0     3     0.0   44.970  -93.230    500.0    924.3
     1     1    21     2    16    20     0     2    -1.0   44.906  -93.184    509.9    922.1
     1     1    21     2    16    19     0     1    -2.0   44.839  -93.113    516.4    920.3
     1     1    21     2    16    18     0     0    -3.0   44.769  -93.015    518.7    918.7
     1     1    21     2    16    17     0     1    -4.0   44.700  -92.888    518.2    917.9
     1     1    21     2    16    16     0     2    -5.0   44.640  -92.728    514.2    917.7
     1     1    21     2    16    15     0     3    -6.0   44.592  -92.532    502.7    918.7
     1     1    21     2    16    14     0     2    -7.0   44.566  -92.302    480.7    921.5
     1     1    21     2    16    13     0     1    -8.0   44.571  -92.036    449.7    926.3
     1     1    21     2    16    12     0     0    -9.0   44.615  -91.731    418.3    930.8
     1     1    21     2    16    11     0     1   -10.0   44.687  -91.398    403.2    932.9
     1     1    21     2    16    10     0     2   -11.0   44.769  -91.055    411.6    930.4
     1     1    21     2    16     9     0     3   -12.0   44.858  -90.706    441.7    923.9
     1     1    21     2    16     8     0     2   -13.0   44.962  -90.349    490.6    913.8
     1     1    21     2    16     7     0     1   -14.0   45.076  -89.970    545.1    902.4
     1     1    21     2    16     6     0     0   -15.0   45.208  -89.562    605.3    895.1
     1     1    21     2    16     5     0     1   -16.0   45.371  -89.133    674.2    883.3
     1     1    21     2    16     4     0     2   -17.0   45.562  -88.706    738.6    877.2
     1     1    21     2    16     3     0     3   -18.0   45.759  -88.293    782.4    875.2
     1     1    21     2    16     2     0     2   -19.0   45.960  -87.930    828.2    875.6
     1     1    21     2    16     1     0     1   -20.0   46.182  -87.635    920.8    877.0
     1     1    21     2    16     0     0     0   -21.0   46.429  -87.380   1051.9    866.6
     1     1    21     2    15    23     0     1   -22.0   46.674  -87.175   1150.9    856.2
     1     1    21     2    15    22     0     2   -23.0   46.902  -87.056   1197.4    857.1
     1     1    21     2    15    21     0     3   -24.0   47.119  -87.013   1242.4    856.1
     1     1    21     2    15    20     0     2   -25.0   47.323  -87.001   1302.3    848.1
     1     1    21     2    15    19     0     1   -26.0   47.521  -87.007   1357.4    841.3
     1     1    21     2    15    18     0     0   -27.0   47.733  -87.031   1395.2    836.2
     1     1    21     2    15    17     0     1   -28.0   47.958  -87.064   1418.7    834.6
     1     1    21     2    15    16     0     2   -29.0   48.187  -87.098   1450.6    827.4
     1     1    21     2    15    15     0     3   -30.0   48.423  -87.128   1503.7    814.8
     1     1    21     2    15    14     0     2   -31.0   48.658  -87.145   1560.9    800.0
     1     1    21     2    15    13     0     1   -32.0   48.884  -87.132   1606.3    788.2
     1     1    21     2    15    12     0     0   -33.0   49.098  -87.068   1637.8    780.7
     1     1    21     2    15    11     0     1   -34.0   49.283  -86.991   1663.0    779.2
     1     1    21     2    15    10     0     2   -35.0   49.428  -86.924   1688.8    777.1
     1     1    21     2    15     9     0     3   -36.0   49.532  -86.847   1705.4    775.8
     1     1    21     2    15     8     0     2   -37.0   49.604  -86.748   1716.7    776.5
     1     1    21     2    15     7     0     1   -38.0   49.656  -86.621   1733.9    776.3
     1     1    21     2    15     6     0     0   -39.0   49.684  -86.469   1766.7    774.5
     1     1    21     2    15     5     0     1   -40.0   49.686  -86.297   1795.8    770.3
     1     1    21     2    15     4     0     2   -41.0   49.662  -86.123   1792.9    771.5
     1     1    21     2    15     3     0     3   -42.0   49.611  -85.961   1753.0    776.5
     1     1    21     2    15     2     0     2   -43.0   49.544  -85.828   1695.8    784.7
     1     1    21     2    15     1     0     1   -44.0   49.465  -85.731   1639.7    790.3
     1     1    21     2    15     0     0     0   -45.0   49.374  -85.670   1584.7    795.7
     1     1    21     2    14    23     0     1   -46.0   49.263  -85.637   1529.4    800.5
     1     1    21     2    14    22     0     2   -47.0   49.127  -85.630   1473.3    805.6
     1     1    21     2    14    21     0     3   -48.0   48.972  -85.654   1416.8    810.5
     1     1    21     2    14    20     0     2   -49.0   48.825  -85.703   1364.7    818.8
     1     1    21     2    14    19     0     1   -50.0   48.700  -85.768   1320.4    825.8
     1     1    21     2    14    18     0     0   -51.0   48.588  -85.851   1284.5    831.7
     1     1    21     2    14    17     0     1   -52.0   48.491  -85.959   1268.2    836.4
     1     1    21     2    14    16     0     2   -53.0   48.402  -86.101   1283.3    836.0
     1     1    21     2    14    15     0     3   -54.0   48.312  -86.263   1323.4    832.4
     1     1    21     2    14    14     0     2   -55.0   48.231  -86.440   1370.2    827.6
     1     1    21     2    14    13     0     1   -56.0   48.162  -86.633   1420.4    825.2
     1     1    21     2    14    12     0     0   -57.0   48.074  -86.854   1495.9    821.3
     1     1    21     2    14    11     0     1   -58.0   47.945  -87.099   1582.6    811.3
     1     1    21     2    14    10     0     2   -59.0   47.808  -87.350   1634.8    803.7
     1     1    21     2    14     9     0     3   -60.0   47.677  -87.619   1663.2    801.5
     1     1    21     2    14     8     0     2   -61.0   47.523  -87.911   1690.6    797.6
     1     1    21     2    14     7     0     1   -62.0   47.330  -88.183   1707.1    792.3
     1     1    21     2    14     6     0     0   -63.0   47.123  -88.401   1707.8    791.8
     1     1    21     2    14     5     0     1   -64.0   46.935  -88.573   1667.7    790.8
     1     1    21     2    14     4     0     2   -65.0   46.817  -88.729   1532.4    800.5
     1     1    21     2    14     3     0     3   -66.0   46.811  -88.877   1242.5    828.9
     1     1    21     2    14     2     0     2   -67.0   46.949  -89.067    794.8    895.5
     1     1    21     2    14     1     0     1   -68.0   47.136  -89.331    444.2    960.4
     1     1    21     2    14     0     0     0   -69.0   47.301  -89.632    293.5    973.2
     1     1    21     2    13    23     0     1   -70.0   47.460  -89.937    272.3    963.6
     1     1    21     2    13    22     0     2   -71.0   47.629  -90.211    308.1    942.2
     1     1    21     2    13    21     0     3   -72.0   47.787  -90.448    341.5    927.3
     1     1    21     2    13    20     0     2   -73.0   47.931  -90.667    362.9    918.7
     1     1    21     2    13    19     0     1   -74.0   48.065  -90.878    371.6    912.9
     1     1    21     2    13    18     0     0   -75.0   48.180  -91.079    357.7    916.1
     1     1    21     2    13    17     0     1   -76.0   48.282  -91.264    337.0    923.0
     1     1    21     2    13    16     0     2   -77.0   48.384  -91.439    325.4    926.9
     1     1    21     2    13    15     0     3   -78.0   48.485  -91.609    321.5    929.6
     1     1    21     2    13    14     0     2   -79.0   48.582  -91.769    321.3    931.5
     1     1    21     2    13    13     0     1   -80.0   48.673  -91.910    321.7    933.4
     1     1    21     2    13    12     0     0   -81.0   48.757  -92.030    322.0    935.0
     1     1    21     2    13    11     0     1   -82.0   48.834  -92.143    322.1    936.1
     1     1    21     2    13    10     0     2   -83.0   48.898  -92.265    322.1    937.0
     1     1    21     2    13     9     0     3   -84.0   48.950  -92.394    322.2    937.7
     1     1    21     2    13     8     0     2   -85.0   48.990  -92.518    322.2    938.0
     1     1    21     2    13     7     0     1   -86.0   49.018  -92.623    322.1    938.2
     1     1    21     2    13     6     0     0   -87.0   49.035  -92.715    321.9    938.4
     1     1    21     2    13     5     0     1   -88.0   49.046  -92.797    321.7    938.6
     1     1    21     2    13     4     0     2   -89.0   49.054  -92.874    321.4    938.7
     1     1    21     2    13     3     0     3   -90.0   49.060  -92.946    321.2    938.8
     1     1    21     2    13     2     0     2   -91.0   49.063  -93.015    323.7    939.0
     1     1    21     2    13     1     0     1   -92.0   49.065  -93.080    330.9    938.5
     1     1    21     2    13     0     0     0   -93.0   49.069  -93.141    341.4    937.6
     1     1    21     2    12    23     0     1   -94.0   49.065  -93.205    349.4    936.3
     1     1    21     2    12    22     0     2   -95.0   49.046  -93.277    346.7    937.1
     1     1    21     2    12    21     0     3   -96.0   49.010  -93.362    332.4    939.6
     1     1    21     2    12    20     0     2   -97.0   48.965  -93.461    312.8    943.9
     1     1    21     2    12    19     0     1   -98.0   48.921  -93.568    294.5    947.4
     1     1    21     2    12    18     0     0   -99.0   48.877  -93.678    279.2    950.5
     1     1    21     2    12    17     0     1  -100.0   48.833  -93.795    267.6    952.8
     1     1    21     2    12    16     0     2  -101.0   48.789  -93.923    260.1    954.4
     1     1    21     2    12    15     0     3  -102.0   48.741  -94.066    257.2    955.0
     1     1    21     2    12    14     0     2  -103.0   48.691  -94.222    257.2    954.7
     1     1    21     2    12    13     0     1  -104.0   48.642  -94.380    259.3    954.5
     1     1    21     2    12    12     0     0  -105.0   48.597  -94.537    263.9    954.1
     1     1    21     2    12    11     0     1  -106.0   48.563  -94.704    267.4    953.8
     1     1    21     2    12    10     0     2  -107.0   48.546  -94.890    265.5    955.0
     1     1    21     2    12     9     0     3  -108.0   48.546  -95.093    258.7    956.8
     1     1    21     2    12     8     0     2  -109.0   48.562  -95.326    249.0    958.1
     1     1    21     2    12     7     0     1  -110.0   48.592  -95.599    239.8    959.5
     1     1    21     2    12     6     0     0  -111.0   48.636  -95.917    236.0    960.3
     1     1    21     2    12     5     0     1  -112.0   48.687  -96.256    234.1    962.1
     1     1    21     2    12     4     0     2  -113.0   48.734  -96.586    224.5    966.2
     1     1    21     2    12     3     0     3  -114.0   48.774  -96.901    208.8    971.5
     1     1    21     2    12     2     0     2  -115.0   48.808  -97.204    207.1    972.6
     1     1    21     2    12     1     0     1  -116.0   48.844  -97.518    243.0    965.2
     1     1    21     2    12     0     0     0  -117.0   48.897  -97.868    322.6    951.1
     1     1    21     2    11    23     0     1  -118.0   48.965  -98.268    406.4    931.0
     1     1    21     2    11    22     0     2  -119.0   49.029  -98.684    442.1    918.5
     1     1    21     2    11    21     0     3  -120.0   49.087  -99.094    450.0    914.7
