     5     1
    GDAS    21     2     1     0     0
    GDAS    21     2     8     0     0
    GDAS    21     2    15     0     0
    GDAS    21     2    22     0     0
    GDAS    21     3     1     0     0
     1 BACKWARD OMEGA   
    21     2     6    18   37.820  111.540  1000.0
     1 PRESSURE
     1     1    21     2     6    18     0     0     0.0   37.820  111.540   1000.0    777.8
     1     1    21     2     6    17     0     1    -1.0   38.018  111.216   1002.6    785.7
     1     1    21     2     6    16     0     2    -2.0   38.201  110.934   1026.0    788.5
     1     1    21     2     6    15     0     3    -3.0   38.369  110.685   1041.9    786.0
     1     1    21     2     6    14     0     2    -4.0   38.543  110.422   1033.5    783.5
     1     1    21     2     6    13     0     1    -5.0   38.733  110.114   1036.6    780.4
     1     1    21     2     6    12     0     0    -6.0   38.943  109.703   1098.2    766.7
     1     1    21     2     6    11     0     1    -7.0   39.167  109.197   1166.4    747.8
     1     1    21     2     6    10     0     2    -8.0   39.380  108.671   1204.7    740.0
     1     1    21     2     6     9     0     3    -9.0   39.572  108.162   1204.9    740.7
     1     1    21     2     6     8     0     2   -10.0   39.753  107.668   1196.1    748.8
     1     1    21     2     6     7     0     1   -11.0   39.923  107.115   1260.4    737.5
     1     1    21     2     6     6     0     0   -12.0   40.076  106.521   1341.5    732.2
     1     1    21     2     6     5     0     1   -13.0   40.220  105.990   1275.0    750.0
     1     1    21     2     6     4     0     2   -14.0   40.399  105.490   1192.4    755.2
     1     1    21     2     6     3     0     3   -15.0   40.622  104.971   1261.9    736.3
     1     1    21     2     6     2     0     2   -16.0   40.866  104.405   1320.1    725.2
     1     1    21     2     6     1     0     1   -17.0   41.093  103.796   1283.6    735.9
     1     1    21     2     6     0     0     0   -18.0   41.319  103.192   1304.7    739.6
     1     1    21     2     5    23     0     1   -19.0   41.562  102.623   1364.7    735.5
     1     1    21     2     5    22     0     2   -20.0   41.812  102.087   1296.3    752.7
     1     1    21     2     5    21     0     3   -21.0   42.104  101.533   1128.1    779.0
     1     1    21     2     5    20     0     2   -22.0   42.436  100.985    985.9    778.4
     1     1    21     2     5    19     0     1   -23.0   42.774  100.436    935.6    775.5
     1     1    21     2     5    18     0     0   -24.0   43.097   99.846   1070.7    762.1
     1     1    21     2     5    17     0     1   -25.0   43.423   99.197   1220.3    726.6
     1     1    21     2     5    16     0     2   -26.0   43.744   98.498   1281.3    724.5
     1     1    21     2     5    15     0     3   -27.0   44.003   97.797   1366.3    714.4
     1     1    21     2     5    14     0     2   -28.0   44.265   97.034   1429.8    716.0
     1     1    21     2     5    13     0     1   -29.0   44.530   96.199   1428.3    728.3
     1     1    21     2     5    12     0     0   -30.0   44.751   95.341   1296.9    701.5
     1     1    21     2     5    11     0     1   -31.0   44.961   94.519   1407.9    664.7
     1     1    21     2     5    10     0     2   -32.0   45.207   93.672   1721.5    653.5
     1     1    21     2     5     9     0     3   -33.0   45.471   92.868   1886.2    642.5
     1     1    21     2     5     8     0     2   -34.0   45.738   92.061   2008.8    658.7
     1     1    21     2     5     7     0     1   -35.0   45.979   91.235   2063.7    657.2
     1     1    21     2     5     6     0     0   -36.0   46.195   90.464   2156.4    651.8
     1     1    21     2     5     5     0     1   -37.0   46.382   89.797   2202.2    663.2
     1     1    21     2     5     4     0     2   -38.0   46.560   89.180   2217.5    685.6
     1     1    21     2     5     3     0     3   -39.0   46.749   88.563   2216.7    704.5
     1     1    21     2     5     2     0     2   -40.0   46.956   87.940   2230.6    716.4
     1     1    21     2     5     1     0     1   -41.0   47.157   87.322   2226.4    699.4
     1     1    21     2     5     0     0     0   -42.0   47.328   86.693   2213.3    682.2
     1     1    21     2     4    23     0     1   -43.0   47.481   85.966   2219.7    658.4
     1     1    21     2     4    22     0     2   -44.0   47.622   85.151   2314.8    671.2
     1     1    21     2     4    21     0     3   -45.0   47.735   84.352   2361.8    689.6
     1     1    21     2     4    20     0     2   -46.0   47.808   83.593   2294.7    712.2
     1     1    21     2     4    19     0     1   -47.0   47.837   82.871   2209.7    724.4
     1     1    21     2     4    18     0     0   -48.0   47.844   82.154   2119.1    719.5
     1     1    21     2     4    17     0     1   -49.0   47.840   81.437   2045.0    719.8
     1     1    21     2     4    16     0     2   -50.0   47.830   80.746   1961.9    725.1
     1     1    21     2     4    15     0     3   -51.0   47.824   80.096   1836.8    740.1
     1     1    21     2     4    14     0     2   -52.0   47.815   79.479   1723.9    763.7
     1     1    21     2     4    13     0     1   -53.0   47.795   78.868   1653.5    772.9
     1     1    21     2     4    12     0     0   -54.0   47.763   78.262   1594.1    777.5
     1     1    21     2     4    11     0     1   -55.0   47.733   77.668   1548.1    780.4
     1     1    21     2     4    10     0     2   -56.0   47.710   77.088   1522.4    781.4
     1     1    21     2     4     9     0     3   -57.0   47.689   76.513   1519.0    785.1
     1     1    21     2     4     8     0     2   -58.0   47.663   75.944   1510.4    789.0
     1     1    21     2     4     7     0     1   -59.0   47.632   75.381   1474.6    789.2
     1     1    21     2     4     6     0     0   -60.0   47.597   74.821   1420.7    793.5
     1     1    21     2     4     5     0     1   -61.0   47.557   74.282   1371.6    802.2
     1     1    21     2     4     4     0     2   -62.0   47.513   73.767   1333.2    804.3
     1     1    21     2     4     3     0     3   -63.0   47.468   73.265   1280.2    804.2
     1     1    21     2     4     2     0     2   -64.0   47.423   72.777   1212.8    812.2
     1     1    21     2     4     1     0     1   -65.0   47.369   72.305   1157.5    823.6
     1     1    21     2     4     0     0     0   -66.0   47.300   71.844   1120.6    831.2
     1     1    21     2     3    23     0     1   -67.0   47.209   71.408   1092.3    837.2
     1     1    21     2     3    22     0     2   -68.0   47.093   71.011   1057.3    841.7
     1     1    21     2     3    21     0     3   -69.0   46.953   70.658   1012.7    854.5
     1     1    21     2     3    20     0     2   -70.0   46.801   70.359    969.8    867.1
     1     1    21     2     3    19     0     1   -71.0   46.646   70.111    940.5    875.6
     1     1    21     2     3    18     0     0   -72.0   46.489   69.908    930.2    879.4
     1     1    21     2     3    17     0     1   -73.0   46.340   69.737    929.2    879.1
     1     1    21     2     3    16     0     2   -74.0   46.205   69.595    916.5    881.3
     1     1    21     2     3    15     0     3   -75.0   46.078   69.484    883.7    886.0
     1     1    21     2     3    14     0     2   -76.0   45.960   69.405    844.0    893.6
     1     1    21     2     3    13     0     1   -77.0   45.852   69.352    815.9    898.3
     1     1    21     2     3    12     0     0   -78.0   45.755   69.317    799.9    901.2
     1     1    21     2     3    11     0     1   -79.0   45.662   69.305    793.3    902.8
     1     1    21     2     3    10     0     2   -80.0   45.568   69.320    795.6    903.7
     1     1    21     2     3     9     0     3   -81.0   45.470   69.363    809.1    903.3
     1     1    21     2     3     8     0     2   -82.0   45.375   69.432    829.9    901.5
     1     1    21     2     3     7     0     1   -83.0   45.290   69.530    853.2    900.0
     1     1    21     2     3     6     0     0   -84.0   45.217   69.659    879.6    898.1
     1     1    21     2     3     5     0     1   -85.0   45.161   69.799    908.9    895.2
     1     1    21     2     3     4     0     2   -86.0   45.130   69.924    941.5    892.0
     1     1    21     2     3     3     0     3   -87.0   45.124   70.030    978.7    887.7
     1     1    21     2     3     2     0     2   -88.0   45.132   70.114   1009.1    882.4
     1     1    21     2     3     1     0     1   -89.0   45.147   70.181   1022.5    880.6
     1     1    21     2     3     0     0     0   -90.0   45.165   70.234   1022.9    880.2
     1     1    21     2     2    23     0     1   -91.0   45.181   70.281   1017.5    880.9
     1     1    21     2     2    22     0     2   -92.0   45.189   70.334   1012.6    881.2
     1     1    21     2     2    21     0     3   -93.0   45.187   70.390   1010.3    881.3
     1     1    21     2     2    20     0     2   -94.0   45.188   70.455   1016.9    880.8
     1     1    21     2     2    19     0     1   -95.0   45.201   70.529   1037.0    878.0
     1     1    21     2     2    18     0     0   -96.0   45.229   70.609   1067.4    873.9
     1     1    21     2     2    17     0     1   -97.0   45.272   70.683   1095.7    868.8
     1     1    21     2     2    16     0     2   -98.0   45.331   70.738   1107.8    866.0
     1     1    21     2     2    15     0     3   -99.0   45.406   70.776   1097.7    865.5
     1     1    21     2     2    14     0     2  -100.0   45.491   70.795   1077.7    867.6
     1     1    21     2     2    13     0     1  -101.0   45.583   70.794   1065.5    867.6
     1     1    21     2     2    12     0     0  -102.0   45.683   70.770   1065.7    866.4
     1     1    21     2     2    11     0     1  -103.0   45.792   70.722   1077.1    863.3
     1     1    21     2     2    10     0     2  -104.0   45.909   70.646   1093.0    860.0
     1     1    21     2     2     9     0     3  -105.0   46.033   70.543   1106.4    857.2
     1     1    21     2     2     8     0     2  -106.0   46.165   70.430   1110.0    856.6
     1     1    21     2     2     7     0     1  -107.0   46.309   70.323   1105.8    857.8
     1     1    21     2     2     6     0     0  -108.0   46.462   70.217   1099.5    859.3
     1     1    21     2     2     5     0     1  -109.0   46.627   70.096   1097.5    860.9
     1     1    21     2     2     4     0     2  -110.0   46.805   69.942   1102.3    861.3
     1     1    21     2     2     3     0     3  -111.0   46.993   69.749   1104.4    860.0
     1     1    21     2     2     2     0     2  -112.0   47.191   69.535   1106.6    859.5
     1     1    21     2     2     1     0     1  -113.0   47.395   69.317   1116.5    857.8
     1     1    21     2     2     0     0     0  -114.0   47.600   69.097   1129.1    856.2
     1     1    21     2     1    23     0     1  -115.0   47.800   68.873   1138.9    854.6
     1     1    21     2     1    22     0     2  -116.0   47.999   68.642   1144.5    851.8
     1     1    21     2     1    21     0     3  -117.0   48.202   68.401   1147.7    846.9
     1     1    21     2     1    20     0     2  -118.0   48.406   68.161   1150.8    841.8
     1     1    21     2     1    19     0     1  -119.0   48.609   67.937   1148.0    837.1
     1     1    21     2     1    18     0     0  -120.0   48.808   67.725   1131.7    835.5
