     5     1
    GDAS    21     2     1     0     0
    GDAS    21     2     8     0     0
    GDAS    21     2    15     0     0
    GDAS    21     2    22     0     0
    GDAS    21     3     1     0     0
     1 BACKWARD OMEGA   
    21     2    23    15   44.970  -93.230   500.0
     1 PRESSURE
     1     1    21     2    23    15     0     3     0.0   44.970  -93.230    500.0    914.4
     1     1    21     2    23    14     0     2    -1.0   45.133  -93.552    516.4    909.3
     1     1    21     2    23    13     0     1    -2.0   45.342  -93.939    519.6    906.8
     1     1    21     2    23    12     0     0    -3.0   45.598  -94.391    550.9    900.6
     1     1    21     2    23    11     0     1    -4.0   45.874  -94.878    625.1    887.3
     1     1    21     2    23    10     0     2    -5.0   46.152  -95.362    696.7    876.2
     1     1    21     2    23     9     0     3    -6.0   46.428  -95.823    712.4    873.6
     1     1    21     2    23     8     0     2    -7.0   46.731  -96.263    680.2    882.0
     1     1    21     2    23     7     0     1    -8.0   47.099  -96.684    657.4    892.4
     1     1    21     2    23     6     0     0    -9.0   47.525  -97.129    715.3    891.4
     1     1    21     2    23     5     0     1   -10.0   47.993  -97.674    808.1    859.6
     1     1    21     2    23     4     0     2   -11.0   48.493  -98.335    893.7    851.8
     1     1    21     2    23     3     0     3   -12.0   48.995  -99.089   1001.2    833.3
     1     1    21     2    23     2     0     2   -13.0   49.510  -99.868   1253.0    802.9
     1     1    21     2    23     1     0     1   -14.0   50.074 -100.607   1583.0    769.9
     1     1    21     2    23     0     0     0   -15.0   50.611 -101.405   1804.9    739.9
     1     1    21     2    22    23     0     1   -16.0   51.116 -102.250   1938.9    729.7
     1     1    21     2    22    22     0     2   -17.0   51.637 -103.043   2102.2    710.4
     1     1    21     2    22    21     0     3   -18.0   52.175 -103.842   2196.0    701.9
     1     1    21     2    22    20     0     2   -19.0   52.729 -104.628   2045.2    726.9
     1     1    21     2    22    19     0     1   -20.0   53.311 -105.451   2047.3    722.9
     1     1    21     2    22    18     0     0   -21.0   53.914 -106.410   2145.3    708.1
     1     1    21     2    22    17     0     1   -22.0   54.510 -107.418   2214.4    702.9
     1     1    21     2    22    16     0     2   -23.0   55.056 -108.417   2231.2    698.0
     1     1    21     2    22    15     0     3   -24.0   55.545 -109.568   2248.3    694.6
     1     1    21     2    22    14     0     2   -25.0   56.029 -110.772   2231.2    689.8
     1     1    21     2    22    13     0     1   -26.0   56.439 -111.926   2203.3    700.4
     1     1    21     2    22    12     0     0   -27.0   56.742 -113.093   2206.7    696.2
     1     1    21     2    22    11     0     1   -28.0   57.016 -114.262   2252.0    691.8
     1     1    21     2    22    10     0     2   -29.0   57.291 -115.317   2322.5    688.5
     1     1    21     2    22     9     0     3   -30.0   57.541 -116.317   2382.6    678.6
     1     1    21     2    22     8     0     2   -31.0   57.835 -117.282   2253.5    704.7
     1     1    21     2    22     7     0     1   -32.0   58.195 -118.354   2085.4    716.8
     1     1    21     2    22     6     0     0   -33.0   58.562 -119.533   2089.3    708.5
     1     1    21     2    22     5     0     1   -34.0   58.936 -120.738   1997.1    712.3
     1     1    21     2    22     4     0     2   -35.0   59.265 -122.110   1904.1    731.2
     1     1    21     2    22     3     0     3   -36.0   59.502 -123.738   1921.5    721.2
     1     1    21     2    22     2     0     2   -37.0   59.680 -125.398   1759.0    693.5
     1     1    21     2    22     1     0     1   -38.0   59.781 -127.025   1591.2    717.5
     1     1    21     2    22     0     0     0   -39.0   59.741 -128.710   1479.2    729.9
     1     1    21     2    21    23     0     1   -40.0   59.569 -130.378   1532.9    693.6
     1     1    21     2    21    22     0     2   -41.0   59.354 -132.012   1675.4    698.3
     1     1    21     2    21    21     0     3   -42.0   58.962 -133.575   1708.9    684.8
     1     1    21     2    21    20     0     2   -43.0   58.627 -134.812   1958.9    708.0
     1     1    21     2    21    19     0     1   -44.0   58.391 -135.743   1751.4    751.9
     1     1    21     2    21    18     0     0   -45.0   58.276 -136.780   1733.1    754.2
     1     1    21     2    21    17     0     1   -46.0   58.250 -137.853   1271.6    823.6
     1     1    21     2    21    16     0     2   -47.0   58.247 -139.089    995.8    870.5
     1     1    21     2    21    15     0     3   -48.0   58.346 -140.471    904.3    874.6
     1     1    21     2    21    14     0     2   -49.0   58.518 -141.861    888.7    874.2
     1     1    21     2    21    13     0     1   -50.0   58.706 -143.051    913.2    870.9
     1     1    21     2    21    12     0     0   -51.0   58.994 -144.132    815.8    876.1
     1     1    21     2    21    11     0     1   -52.0   59.283 -145.013    732.8    892.1
     1     1    21     2    21    10     0     2   -53.0   59.567 -145.642    785.7    883.0
     1     1    21     2    21     9     0     3   -54.0   59.858 -146.099    861.5    875.5
     1     1    21     2    21     8     0     2   -55.0   60.116 -146.376    948.0    857.1
     1     1    21     2    21     7     0     1   -56.0   60.322 -146.448   1037.7    836.5
     1     1    21     2    21     6     0     0   -57.0   60.496 -146.344   1140.9    813.9
     1     1    21     2    21     5     0     1   -58.0   60.613 -146.144   1250.9    787.7
     1     1    21     2    21     4     0     2   -59.0   60.654 -145.920   1346.9    769.3
     1     1    21     2    21     3     0     3   -60.0   60.624 -145.670   1418.9    765.1
     1     1    21     2    21     2     0     2   -61.0   60.534 -145.359   1463.6    768.7
     1     1    21     2    21     1     0     1   -62.0   60.390 -144.951   1494.8    777.8
     1     1    21     2    21     0     0     0   -63.0   60.194 -144.427   1482.7    790.3
     1     1    21     2    20    23     0     1   -64.0   59.954 -143.736   1394.9    818.3
     1     1    21     2    20    22     0     2   -65.0   59.728 -142.940   1292.2    834.1
     1     1    21     2    20    21     0     3   -66.0   59.522 -142.189   1298.9    824.9
     1     1    21     2    20    20     0     2   -67.0   59.289 -141.512   1408.5    814.6
     1     1    21     2    20    19     0     1   -68.0   59.017 -140.854   1480.3    813.7
     1     1    21     2    20    18     0     0   -69.0   58.759 -140.295   1514.9    815.0
     1     1    21     2    20    17     0     1   -70.0   58.495 -139.955   1503.6    813.5
     1     1    21     2    20    16     0     2   -71.0   58.179 -139.784   1439.7    823.1
     1     1    21     2    20    15     0     3   -72.0   57.818 -139.731   1367.9    835.5
     1     1    21     2    20    14     0     2   -73.0   57.444 -139.805   1309.1    841.4
     1     1    21     2    20    13     0     1   -74.0   57.080 -139.971   1249.6    849.1
     1     1    21     2    20    12     0     0   -75.0   56.719 -140.199   1182.9    857.4
     1     1    21     2    20    11     0     1   -76.0   56.366 -140.541   1115.2    867.0
     1     1    21     2    20    10     0     2   -77.0   56.036 -141.038   1100.9    874.0
     1     1    21     2    20     9     0     3   -78.0   55.736 -141.623   1157.4    867.6
     1     1    21     2    20     8     0     2   -79.0   55.467 -142.251   1207.1    856.1
     1     1    21     2    20     7     0     1   -80.0   55.218 -142.929   1206.0    858.3
     1     1    21     2    20     6     0     0   -81.0   54.979 -143.619   1188.6    863.1
     1     1    21     2    20     5     0     1   -82.0   54.758 -144.352   1208.6    865.5
     1     1    21     2    20     4     0     2   -83.0   54.579 -145.200   1293.8    853.2
     1     1    21     2    20     3     0     3   -84.0   54.443 -146.105   1381.5    843.0
     1     1    21     2    20     2     0     2   -85.0   54.314 -147.032   1435.9    838.0
     1     1    21     2    20     1     0     1   -86.0   54.159 -147.986   1439.4    837.2
     1     1    21     2    20     0     0     0   -87.0   53.953 -148.936   1436.8    840.6
     1     1    21     2    19    23     0     1   -88.0   53.718 -149.857   1523.3    831.1
     1     1    21     2    19    22     0     2   -89.0   53.506 -150.774   1581.6    822.0
     1     1    21     2    19    21     0     3   -90.0   53.309 -151.613   1573.4    828.5
     1     1    21     2    19    20     0     2   -91.0   53.108 -152.382   1639.5    818.5
     1     1    21     2    19    19     0     1   -92.0   52.894 -153.132   1657.9    817.8
     1     1    21     2    19    18     0     0   -93.0   52.714 -153.894   1646.1    820.5
     1     1    21     2    19    17     0     1   -94.0   52.560 -154.638   1638.9    821.3
     1     1    21     2    19    16     0     2   -95.0   52.388 -155.368   1655.7    822.2
     1     1    21     2    19    15     0     3   -96.0   52.206 -156.145   1704.5    816.5
     1     1    21     2    19    14     0     2   -97.0   52.027 -156.935   1706.5    814.2
     1     1    21     2    19    13     0     1   -98.0   51.832 -157.637   1591.1    827.5
     1     1    21     2    19    12     0     0   -99.0   51.603 -158.266   1468.0    846.2
     1     1    21     2    19    11     0     1  -100.0   51.364 -158.869   1439.4    852.6
     1     1    21     2    19    10     0     2  -101.0   51.139 -159.477   1479.9    843.1
     1     1    21     2    19     9     0     3  -102.0   50.930 -160.086   1530.7    837.8
     1     1    21     2    19     8     0     2  -103.0   50.743 -160.674   1566.3    831.6
     1     1    21     2    19     7     0     1  -104.0   50.565 -161.219   1583.9    832.7
     1     1    21     2    19     6     0     0  -105.0   50.400 -161.747   1625.0    830.3
     1     1    21     2    19     5     0     1  -106.0   50.262 -162.283   1666.6    822.1
     1     1    21     2    19     4     0     2  -107.0   50.153 -162.801   1679.4    821.4
     1     1    21     2    19     3     0     3  -108.0   50.072 -163.280   1697.4    822.4
     1     1    21     2    19     2     0     2  -109.0   50.014 -163.745   1740.5    817.4
     1     1    21     2    19     1     0     1  -110.0   49.976 -164.232   1770.3    810.8
     1     1    21     2    19     0     0     0  -111.0   49.962 -164.721   1784.3    812.7
     1     1    21     2    18    23     0     1  -112.0   49.970 -165.204   1833.5    809.9
     1     1    21     2    18    22     0     2  -113.0   49.989 -165.710   1932.4    798.7
     1     1    21     2    18    21     0     3  -114.0   50.024 -166.268   2066.5    784.8
     1     1    21     2    18    20     0     2  -115.0   50.084 -166.856   2189.8    768.3
     1     1    21     2    18    19     0     1  -116.0   50.159 -167.412   2271.4    760.5
     1     1    21     2    18    18     0     0  -117.0   50.240 -167.925   2317.9    755.3
     1     1    21     2    18    17     0     1  -118.0   50.339 -168.424   2361.4    753.9
     1     1    21     2    18    16     0     2  -119.0   50.482 -168.948   2422.1    746.5
     1     1    21     2    18    15     0     3  -120.0   50.665 -169.488   2486.6    739.5
