     5     1
    GDAS    21     2     1     0     0
    GDAS    21     2     8     0     0
    GDAS    21     2    15     0     0
    GDAS    21     2    22     0     0
    GDAS    21     3     1     0     0
     1 BACKWARD OMEGA   
    21     2     8    15   44.970  -93.230   500.0
     1 PRESSURE
     1     1    21     2     8    15     0     3     0.0   44.970  -93.230    500.0    926.3
     1     1    21     2     8    14     0     2    -1.0   45.038  -93.352    491.7    927.4
     1     1    21     2     8    13     0     1    -2.0   45.128  -93.484    489.1    926.4
     1     1    21     2     8    12     0     0    -3.0   45.240  -93.628    494.3    924.0
     1     1    21     2     8    11     0     1    -4.0   45.360  -93.799    504.9    920.3
     1     1    21     2     8    10     0     2    -5.0   45.480  -94.008    515.7    916.3
     1     1    21     2     8     9     0     3    -6.0   45.602  -94.258    520.3    912.6
     1     1    21     2     8     8     0     2    -7.0   45.729  -94.537    524.4    910.9
     1     1    21     2     8     7     0     1    -8.0   45.857  -94.825    539.5    907.3
     1     1    21     2     8     6     0     0    -9.0   45.980  -95.110    569.0    903.5
     1     1    21     2     8     5     0     1   -10.0   46.098  -95.395    604.9    899.5
     1     1    21     2     8     4     0     2   -11.0   46.218  -95.687    631.2    896.9
     1     1    21     2     8     3     0     3   -12.0   46.347  -95.979    638.6    896.9
     1     1    21     2     8     2     0     2   -13.0   46.477  -96.264    640.6    899.8
     1     1    21     2     8     1     0     1   -14.0   46.599  -96.540    653.2    899.7
     1     1    21     2     8     0     0     0   -15.0   46.715  -96.806    670.8    899.9
     1     1    21     2     7    23     0     1   -16.0   46.823  -97.063    687.0    899.5
     1     1    21     2     7    22     0     2   -17.0   46.924  -97.319    701.5    895.0
     1     1    21     2     7    21     0     3   -18.0   47.017  -97.580    719.0    888.9
     1     1    21     2     7    20     0     2   -19.0   47.113  -97.838    732.3    881.9
     1     1    21     2     7    19     0     1   -20.0   47.228  -98.085    737.2    877.2
     1     1    21     2     7    18     0     0   -21.0   47.362  -98.321    738.3    874.3
     1     1    21     2     7    17     0     1   -22.0   47.508  -98.553    740.9    872.1
     1     1    21     2     7    16     0     2   -23.0   47.670  -98.788    747.2    870.1
     1     1    21     2     7    15     0     3   -24.0   47.853  -99.027    756.5    869.2
     1     1    21     2     7    14     0     2   -25.0   48.053  -99.268    771.5    868.2
     1     1    21     2     7    13     0     1   -26.0   48.261  -99.519    788.2    862.4
     1     1    21     2     7    12     0     0   -27.0   48.479  -99.789    798.9    855.0
     1     1    21     2     7    11     0     1   -28.0   48.717 -100.084    816.3    848.2
     1     1    21     2     7    10     0     2   -29.0   48.971 -100.402    858.9    845.7
     1     1    21     2     7     9     0     3   -30.0   49.230 -100.725    913.8    845.8
     1     1    21     2     7     8     0     2   -31.0   49.486 -101.038    959.0    843.8
     1     1    21     2     7     7     0     1   -32.0   49.739 -101.345    992.6    834.4
     1     1    21     2     7     6     0     0   -33.0   49.992 -101.657   1031.7    822.7
     1     1    21     2     7     5     0     1   -34.0   50.250 -101.973   1078.9    812.8
     1     1    21     2     7     4     0     2   -35.0   50.510 -102.281   1114.8    810.1
     1     1    21     2     7     3     0     3   -36.0   50.765 -102.568   1115.5    810.5
     1     1    21     2     7     2     0     2   -37.0   51.017 -102.835   1080.2    815.9
     1     1    21     2     7     1     0     1   -38.0   51.275 -103.100   1044.1    821.6
     1     1    21     2     7     0     0     0   -39.0   51.543 -103.376   1040.6    823.8
     1     1    21     2     6    23     0     1   -40.0   51.817 -103.671   1061.3    822.6
     1     1    21     2     6    22     0     2   -41.0   52.093 -103.986   1087.5    823.5
     1     1    21     2     6    21     0     3   -42.0   52.362 -104.308   1108.8    824.1
     1     1    21     2     6    20     0     2   -43.0   52.625 -104.618   1124.9    824.7
     1     1    21     2     6    19     0     1   -44.0   52.888 -104.915   1137.4    824.2
     1     1    21     2     6    18     0     0   -45.0   53.154 -105.205   1147.1    821.9
     1     1    21     2     6    17     0     1   -46.0   53.429 -105.515   1159.6    818.1
     1     1    21     2     6    16     0     2   -47.0   53.721 -105.857   1189.4    814.5
     1     1    21     2     6    15     0     3   -48.0   54.039 -106.225   1248.5    806.9
     1     1    21     2     6    14     0     2   -49.0   54.358 -106.621   1304.8    800.1
     1     1    21     2     6    13     0     1   -50.0   54.653 -107.045   1325.5    799.4
     1     1    21     2     6    12     0     0   -51.0   54.927 -107.494   1314.2    803.0
     1     1    21     2     6    11     0     1   -52.0   55.188 -107.955   1293.4    809.0
     1     1    21     2     6    10     0     2   -53.0   55.441 -108.414   1293.6    806.7
     1     1    21     2     6     9     0     3   -54.0   55.679 -108.869   1321.9    805.1
     1     1    21     2     6     8     0     2   -55.0   55.910 -109.314   1351.5    802.0
     1     1    21     2     6     7     0     1   -56.0   56.146 -109.745   1360.1    796.8
     1     1    21     2     6     6     0     0   -57.0   56.381 -110.170   1354.2    794.2
     1     1    21     2     6     5     0     1   -58.0   56.618 -110.586   1343.1    797.4
     1     1    21     2     6     4     0     2   -59.0   56.862 -110.997   1333.7    803.5
     1     1    21     2     6     3     0     3   -60.0   57.111 -111.408   1329.6    810.3
     1     1    21     2     6     2     0     2   -61.0   57.364 -111.813   1329.3    811.8
     1     1    21     2     6     1     0     1   -62.0   57.623 -112.219   1337.5    805.6
     1     1    21     2     6     0     0     0   -63.0   57.888 -112.642   1357.7    795.2
     1     1    21     2     5    23     0     1   -64.0   58.154 -113.069   1382.6    792.4
     1     1    21     2     5    22     0     2   -65.0   58.409 -113.474   1398.9    800.5
     1     1    21     2     5    21     0     3   -66.0   58.647 -113.862   1403.2    800.1
     1     1    21     2     5    20     0     2   -67.0   58.885 -114.231   1403.9    786.0
     1     1    21     2     5    19     0     1   -68.0   59.139 -114.572   1405.3    776.4
     1     1    21     2     5    18     0     0   -69.0   59.409 -114.878   1412.0    782.4
     1     1    21     2     5    17     0     1   -70.0   59.690 -115.155   1416.1    796.2
     1     1    21     2     5    16     0     2   -71.0   59.977 -115.401   1407.3    815.3
     1     1    21     2     5    15     0     3   -72.0   60.271 -115.619   1387.5    823.9
     1     1    21     2     5    14     0     2   -73.0   60.564 -115.845   1378.0    829.6
     1     1    21     2     5    13     0     1   -74.0   60.844 -116.100   1379.9    831.8
     1     1    21     2     5    12     0     0   -75.0   61.109 -116.372   1381.1    830.3
     1     1    21     2     5    11     0     1   -76.0   61.366 -116.649   1380.9    828.4
     1     1    21     2     5    10     0     2   -77.0   61.623 -116.932   1389.9    826.4
     1     1    21     2     5     9     0     3   -78.0   61.880 -117.223   1413.5    822.0
     1     1    21     2     5     8     0     2   -79.0   62.133 -117.514   1435.9    814.7
     1     1    21     2     5     7     0     1   -80.0   62.377 -117.799   1442.0    811.5
     1     1    21     2     5     6     0     0   -81.0   62.607 -118.075   1436.6    810.4
     1     1    21     2     5     5     0     1   -82.0   62.833 -118.349   1426.3    811.0
     1     1    21     2     5     4     0     2   -83.0   63.061 -118.631   1415.8    813.7
     1     1    21     2     5     3     0     3   -84.0   63.291 -118.921   1411.0    813.2
     1     1    21     2     5     2     0     2   -85.0   63.520 -119.219   1417.0    810.5
     1     1    21     2     5     1     0     1   -86.0   63.748 -119.528   1435.0    807.0
     1     1    21     2     5     0     0     0   -87.0   63.972 -119.858   1472.7    801.7
     1     1    21     2     4    23     0     1   -88.0   64.200 -120.203   1519.6    794.9
     1     1    21     2     4    22     0     2   -89.0   64.436 -120.548   1552.5    794.3
     1     1    21     2     4    21     0     3   -90.0   64.670 -120.891   1569.0    798.9
     1     1    21     2     4    20     0     2   -91.0   64.903 -121.230   1569.1    802.0
     1     1    21     2     4    19     0     1   -92.0   65.136 -121.561   1560.4    804.2
     1     1    21     2     4    18     0     0   -93.0   65.371 -121.882   1548.9    803.0
     1     1    21     2     4    17     0     1   -94.0   65.609 -122.198   1538.6    803.2
     1     1    21     2     4    16     0     2   -95.0   65.850 -122.522   1539.8    804.1
     1     1    21     2     4    15     0     3   -96.0   66.100 -122.862   1554.7    802.4
     1     1    21     2     4    14     0     2   -97.0   66.351 -123.199   1571.2    795.1
     1     1    21     2     4    13     0     1   -98.0   66.593 -123.511   1581.7    790.1
     1     1    21     2     4    12     0     0   -99.0   66.828 -123.797   1585.4    787.0
     1     1    21     2     4    11     0     1  -100.0   67.061 -124.061   1586.3    786.0
     1     1    21     2     4    10     0     2  -101.0   67.294 -124.296   1591.3    785.6
     1     1    21     2     4     9     0     3  -102.0   67.526 -124.483   1601.5    785.2
     1     1    21     2     4     8     0     2  -103.0   67.759 -124.633   1613.3    785.0
     1     1    21     2     4     7     0     1  -104.0   67.996 -124.780   1625.9    785.7
     1     1    21     2     4     6     0     0  -105.0   68.243 -124.929   1635.0    787.9
     1     1    21     2     4     5     0     1  -106.0   68.493 -125.065   1636.1    791.2
     1     1    21     2     4     4     0     2  -107.0   68.741 -125.186   1629.2    794.3
     1     1    21     2     4     3     0     3  -108.0   68.990 -125.309   1613.5    797.8
     1     1    21     2     4     2     0     2  -109.0   69.236 -125.433   1601.2    806.1
     1     1    21     2     4     1     0     1  -110.0   69.478 -125.548   1597.4    812.1
     1     1    21     2     4     0     0     0  -111.0   69.713 -125.658   1597.5    817.5
     1     1    21     2     3    23     0     1  -112.0   69.943 -125.756   1592.9    823.4
     1     1    21     2     3    22     0     2  -113.0   70.175 -125.828   1578.0    827.4
     1     1    21     2     3    21     0     3  -114.0   70.410 -125.857   1562.0    830.3
     1     1    21     2     3    20     0     2  -115.0   70.651 -125.855   1549.5    831.5
     1     1    21     2     3    19     0     1  -116.0   70.900 -125.854   1535.9    832.5
     1     1    21     2     3    18     0     0  -117.0   71.160 -125.863   1518.9    834.4
     1     1    21     2     3    17     0     1  -118.0   71.425 -125.861   1509.0    836.7
     1     1    21     2     3    16     0     2  -119.0   71.685 -125.852   1509.4    836.0
     1     1    21     2     3    15     0     3  -120.0   71.935 -125.874   1511.0    835.5
