     5     1
    GDAS    21     2     1     0     0
    GDAS    21     2     8     0     0
    GDAS    21     2    15     0     0
    GDAS    21     2    22     0     0
    GDAS    21     3     1     0     0
     1 BACKWARD OMEGA   
    21     2     2    15   37.820  111.540  1000.0
     1 PRESSURE
     1     1    21     2     2    15     0     3     0.0   37.820  111.540   1000.0    776.2
     1     1    21     2     2    14     0     2    -1.0   37.816  111.049    929.7    786.2
     1     1    21     2     2    13     0     1    -2.0   37.788  110.633    855.9    802.3
     1     1    21     2     2    12     0     0    -3.0   37.746  110.266    808.6    810.5
     1     1    21     2     2    11     0     1    -4.0   37.688  109.941    795.5    815.6
     1     1    21     2     2    10     0     2    -5.0   37.631  109.622    817.1    806.1
     1     1    21     2     2     9     0     3    -6.0   37.590  109.286    849.4    794.8
     1     1    21     2     2     8     0     2    -7.0   37.564  108.936    860.1    784.3
     1     1    21     2     2     7     0     1    -8.0   37.547  108.584    851.7    781.2
     1     1    21     2     2     6     0     0    -9.0   37.549  108.223    833.3    776.8
     1     1    21     2     2     5     0     1   -10.0   37.565  107.856    816.5    776.5
     1     1    21     2     2     4     0     2   -11.0   37.589  107.484    824.3    774.8
     1     1    21     2     2     3     0     3   -12.0   37.625  107.106    858.5    769.8
     1     1    21     2     2     2     0     2   -13.0   37.682  106.716    902.7    769.1
     1     1    21     2     2     1     0     1   -14.0   37.760  106.333    945.1    774.9
     1     1    21     2     2     0     0     0   -15.0   37.867  105.968    998.0    779.8
     1     1    21     2     1    23     0     1   -16.0   37.993  105.588   1052.1    770.0
     1     1    21     2     1    22     0     2   -17.0   38.120  105.186   1098.3    757.6
     1     1    21     2     1    21     0     3   -18.0   38.248  104.793   1151.6    749.9
     1     1    21     2     1    20     0     2   -19.0   38.380  104.398   1202.4    742.5
     1     1    21     2     1    19     0     1   -20.0   38.532  103.981   1244.8    738.4
     1     1    21     2     1    18     0     0   -21.0   38.698  103.549   1280.5    733.9
     1     1    21     2     1    17     0     1   -22.0   38.865  103.110   1312.6    728.6
     1     1    21     2     1    16     0     2   -23.0   39.033  102.657   1335.3    725.9
     1     1    21     2     1    15     0     3   -24.0   39.196  102.195   1347.8    727.3
     1     1    21     2     1    14     0     2   -25.0   39.354  101.747   1392.8    718.3
     1     1    21     2     1    13     0     1   -26.0   39.518  101.302   1504.6    697.0
     1     1    21     2     1    12     0     0   -27.0   39.689  100.845   1638.8    683.9
     1     1    21     2     1    11     0     1   -28.0   39.876  100.374   1717.2    684.0
     1     1    21     2     1    10     0     2   -29.0   40.087   99.867   1720.3    691.5
     1     1    21     2     1     9     0     3   -30.0   40.270   99.359   1714.3    698.7
     1     1    21     2     1     8     0     2   -31.0   40.409   98.874   1716.9    693.0
     1     1    21     2     1     7     0     1   -32.0   40.513   98.403   1715.9    683.1
     1     1    21     2     1     6     0     0   -33.0   40.582   97.933   1718.3    676.5
     1     1    21     2     1     5     0     1   -34.0   40.633   97.460   1724.4    662.4
     1     1    21     2     1     4     0     2   -35.0   40.680   96.992   1738.0    648.9
     1     1    21     2     1     3     0     3   -36.0   40.720   96.544   1767.7    651.1
     1     1    21     2     1     2     0     2   -37.0   40.753   96.122   1772.3    654.6
     1     1    21     2     1     1     0     1   -38.0   40.788   95.723   1739.8    660.2
     1     1    21     2     1     0     0     0   -39.0   40.837   95.351   1687.9    666.0
