     5     1
    GDAS    21     2     1     0     0
    GDAS    21     2     8     0     0
    GDAS    21     2    15     0     0
    GDAS    21     2    22     0     0
    GDAS    21     3     1     0     0
     1 BACKWARD OMEGA   
    21     2     8    15   37.820  111.540  1000.0
     1 PRESSURE
     1     1    21     2     8    15     0     3     0.0   37.820  111.540   1000.0    780.5
     1     1    21     2     8    14     0     2    -1.0   37.728  111.310    930.3    789.9
     1     1    21     2     8    13     0     1    -2.0   37.617  111.126    888.5    794.0
     1     1    21     2     8    12     0     0    -3.0   37.500  110.966    879.0    792.9
     1     1    21     2     8    11     0     1    -4.0   37.380  110.810    859.4    790.8
     1     1    21     2     8    10     0     2    -5.0   37.245  110.670    797.5    798.9
     1     1    21     2     8     9     0     3    -6.0   37.107  110.560    706.2    809.1
     1     1    21     2     8     8     0     2    -7.0   36.968  110.481    614.8    822.6
     1     1    21     2     8     7     0     1    -8.0   36.826  110.408    535.6    830.9
     1     1    21     2     8     6     0     0    -9.0   36.685  110.340    449.3    840.5
     1     1    21     2     8     5     0     1   -10.0   36.561  110.301    362.6    851.6
     1     1    21     2     8     4     0     2   -11.0   36.459  110.302    301.7    858.8
     1     1    21     2     8     3     0     3   -12.0   36.373  110.336    278.1    860.9
     1     1    21     2     8     2     0     2   -13.0   36.298  110.385    273.2    857.5
     1     1    21     2     8     1     0     1   -14.0   36.236  110.438    265.9    856.9
     1     1    21     2     8     0     0     0   -15.0   36.185  110.496    256.6    856.7
     1     1    21     2     7    23     0     1   -16.0   36.136  110.554    246.6    856.5
     1     1    21     2     7    22     0     2   -17.0   36.081  110.611    235.3    856.3
     1     1    21     2     7    21     0     3   -18.0   36.018  110.664    220.7    856.7
     1     1    21     2     7    20     0     2   -19.0   35.959  110.714    207.8    861.4
     1     1    21     2     7    19     0     1   -20.0   35.915  110.757    201.3    865.4
     1     1    21     2     7    18     0     0   -21.0   35.882  110.793    201.7    867.7
     1     1    21     2     7    17     0     1   -22.0   35.862  110.822    213.2    868.5
     1     1    21     2     7    16     0     2   -23.0   35.853  110.846    240.4    866.4
     1     1    21     2     7    15     0     3   -24.0   35.856  110.864    282.4    861.5
     1     1    21     2     7    14     0     2   -25.0   35.874  110.875    328.8    853.7
     1     1    21     2     7    13     0     1   -26.0   35.914  110.882    372.2    845.6
     1     1    21     2     7    12     0     0   -27.0   35.980  110.884    415.5    835.9
     1     1    21     2     7    11     0     1   -28.0   36.065  110.882    469.5    828.5
     1     1    21     2     7    10     0     2   -29.0   36.165  110.873    543.5    820.9
     1     1    21     2     7     9     0     3   -30.0   36.291  110.853    650.0    810.4
     1     1    21     2     7     8     0     2   -31.0   36.439  110.807    759.7    796.2
     1     1    21     2     7     7     0     1   -32.0   36.603  110.734    848.4    789.1
     1     1    21     2     7     6     0     0   -33.0   36.781  110.628    923.6    784.1
     1     1    21     2     7     5     0     1   -34.0   36.975  110.494    995.0    782.5
     1     1    21     2     7     4     0     2   -35.0   37.176  110.348   1060.7    781.5
     1     1    21     2     7     3     0     3   -36.0   37.375  110.199   1102.8    782.2
     1     1    21     2     7     2     0     2   -37.0   37.578  110.037   1126.6    784.2
     1     1    21     2     7     1     0     1   -38.0   37.789  109.844   1169.3    780.2
     1     1    21     2     7     0     0     0   -39.0   38.009  109.587   1280.2    767.3
     1     1    21     2     6    23     0     1   -40.0   38.211  109.246   1390.2    742.2
     1     1    21     2     6    22     0     2   -41.0   38.379  108.866   1444.8    731.9
     1     1    21     2     6    21     0     3   -42.0   38.537  108.450   1483.8    721.7
     1     1    21     2     6    20     0     2   -43.0   38.694  107.987   1526.5    710.3
     1     1    21     2     6    19     0     1   -44.0   38.839  107.498   1577.6    713.7
     1     1    21     2     6    18     0     0   -45.0   38.955  107.028   1606.8    721.1
     1     1    21     2     6    17     0     1   -46.0   39.083  106.555   1592.9    691.4
     1     1    21     2     6    16     0     2   -47.0   39.277  106.043   1591.5    669.3
     1     1    21     2     6    15     0     3   -48.0   39.497  105.554   1585.6    694.1
     1     1    21     2     6    14     0     2   -49.0   39.717  105.089   1570.5    707.0
     1     1    21     2     6    13     0     1   -50.0   39.957  104.585   1584.1    701.8
     1     1    21     2     6    12     0     0   -51.0   40.198  104.087   1573.7    706.3
     1     1    21     2     6    11     0     1   -52.0   40.429  103.597   1560.9    708.2
     1     1    21     2     6    10     0     2   -53.0   40.662  103.042   1588.2    698.4
     1     1    21     2     6     9     0     3   -54.0   40.886  102.439   1623.0    707.1
     1     1    21     2     6     8     0     2   -55.0   41.073  101.883   1630.2    722.0
     1     1    21     2     6     7     0     1   -56.0   41.228  101.406   1632.0    730.5
     1     1    21     2     6     6     0     0   -57.0   41.364  100.985   1643.2    735.0
     1     1    21     2     6     5     0     1   -58.0   41.499  100.579   1652.7    732.6
     1     1    21     2     6     4     0     2   -59.0   41.649  100.160   1676.6    733.2
     1     1    21     2     6     3     0     3   -60.0   41.835   99.701   1755.6    721.8
     1     1    21     2     6     2     0     2   -61.0   42.049   99.195   1785.9    692.4
     1     1    21     2     6     1     0     1   -62.0   42.274   98.711   1731.2    687.2
     1     1    21     2     6     0     0     0   -63.0   42.526   98.232   1660.7    690.6
     1     1    21     2     5    23     0     1   -64.0   42.820   97.658   1535.3    694.0
     1     1    21     2     5    22     0     2   -65.0   43.094   97.061   1399.2    721.5
     1     1    21     2     5    21     0     3   -66.0   43.306   96.522   1322.0    746.4
     1     1    21     2     5    20     0     2   -67.0   43.464   96.018   1300.2    764.2
     1     1    21     2     5    19     0     1   -68.0   43.610   95.478   1322.6    759.8
     1     1    21     2     5    18     0     0   -69.0   43.786   94.849   1345.7    773.1
     1     1    21     2     5    17     0     1   -70.0   43.928   94.173   1245.3    777.3
     1     1    21     2     5    16     0     2   -71.0   44.038   93.565    927.3    775.2
     1     1    21     2     5    15     0     3   -72.0   44.119   93.071    623.9    790.4
     1     1    21     2     5    14     0     2   -73.0   44.172   92.642    460.4    796.8
     1     1    21     2     5    13     0     1   -74.0   44.220   92.242    401.3    793.1
     1     1    21     2     5    12     0     0   -75.0   44.269   91.889    389.5    797.4
     1     1    21     2     5    11     0     1   -76.0   44.314   91.584    399.2    809.1
     1     1    21     2     5    10     0     2   -77.0   44.351   91.319    414.4    817.3
     1     1    21     2     5     9     0     3   -78.0   44.381   91.083    431.0    822.8
     1     1    21     2     5     8     0     2   -79.0   44.405   90.869    439.6    828.7
     1     1    21     2     5     7     0     1   -80.0   44.422   90.677    433.9    837.5
     1     1    21     2     5     6     0     0   -81.0   44.430   90.510    415.8    846.8
     1     1    21     2     5     5     0     1   -82.0   44.434   90.363    398.5    856.0
     1     1    21     2     5     4     0     2   -83.0   44.440   90.222    390.3    862.1
     1     1    21     2     5     3     0     3   -84.0   44.445   90.088    383.3    868.0
     1     1    21     2     5     2     0     2   -85.0   44.450   89.968    372.1    873.1
     1     1    21     2     5     1     0     1   -86.0   44.457   89.869    358.9    876.3
     1     1    21     2     5     0     0     0   -87.0   44.467   89.785    348.4    878.7
     1     1    21     2     4    23     0     1   -88.0   44.478   89.714    341.7    880.9
     1     1    21     2     4    22     0     2   -89.0   44.490   89.658    338.4    882.3
     1     1    21     2     4    21     0     3   -90.0   44.503   89.613    336.9    883.4
     1     1    21     2     4    20     0     2   -91.0   44.516   89.580    336.0    884.3
     1     1    21     2     4    19     0     1   -92.0   44.528   89.557    335.9    885.1
     1     1    21     2     4    18     0     0   -93.0   44.538   89.543    337.9    885.4
     1     1    21     2     4    17     0     1   -94.0   44.544   89.529    342.0    885.8
     1     1    21     2     4    16     0     2   -95.0   44.539   89.507    347.5    886.1
     1     1    21     2     4    15     0     3   -96.0   44.526   89.478    354.4    886.4
     1     1    21     2     4    14     0     2   -97.0   44.509   89.447    367.4    885.9
     1     1    21     2     4    13     0     1   -98.0   44.495   89.419    390.9    883.9
     1     1    21     2     4    12     0     0   -99.0   44.480   89.391    424.7    880.7
     1     1    21     2     4    11     0     1  -100.0   44.468   89.360    456.1    876.4
     1     1    21     2     4    10     0     2  -101.0   44.458   89.324    474.9    875.2
     1     1    21     2     4     9     0     3  -102.0   44.450   89.288    480.0    875.4
     1     1    21     2     4     8     0     2  -103.0   44.444   89.260    475.6    877.1
     1     1    21     2     4     7     0     1  -104.0   44.441   89.243    468.6    878.4
     1     1    21     2     4     6     0     0  -105.0   44.441   89.236    460.7    879.7
     1     1    21     2     4     5     0     1  -106.0   44.439   89.233    460.1    880.8
     1     1    21     2     4     4     0     2  -107.0   44.430   89.225    472.4    879.4
     1     1    21     2     4     3     0     3  -108.0   44.415   89.206    496.2    876.8
     1     1    21     2     4     2     0     2  -109.0   44.395   89.173    524.8    873.1
     1     1    21     2     4     1     0     1  -110.0   44.373   89.123    554.8    870.3
     1     1    21     2     4     0     0     0  -111.0   44.349   89.060    589.9    867.1
     1     1    21     2     3    23     0     1  -112.0   44.327   88.988    630.8    863.0
     1     1    21     2     3    22     0     2  -113.0   44.310   88.902    678.7    856.4
     1     1    21     2     3    21     0     3  -114.0   44.296   88.794    738.5    848.1
     1     1    21     2     3    20     0     2  -115.0   44.279   88.667    814.6    838.2
     1     1    21     2     3    19     0     1  -116.0   44.252   88.526    916.3    824.8
     1     1    21     2     3    18     0     0  -117.0   44.222   88.369   1048.5    807.6
     1     1    21     2     3    17     0     1  -118.0   44.203   88.180   1213.8    786.7
     1     1    21     2     3    16     0     2  -119.0   44.208   87.946   1398.8    766.3
     1     1    21     2     3    15     0     3  -120.0   44.243   87.663   1543.9    758.5
