     5     1
    GDAS    21     2     1     0     0
    GDAS    21     2     8     0     0
    GDAS    21     2    15     0     0
    GDAS    21     2    22     0     0
    GDAS    21     3     1     0     0
     1 BACKWARD OMEGA   
    21     2    21     6   37.820  111.540  1000.0
     1 PRESSURE
     1     1    21     2    21     6     0     0     0.0   37.820  111.540   1000.0    773.8
     1     1    21     2    21     5     0     1    -1.0   38.053  111.349   1115.5    767.5
     1     1    21     2    21     4     0     2    -2.0   38.319  111.175   1226.8    759.5
     1     1    21     2    21     3     0     3    -3.0   38.603  111.019   1281.9    759.8
     1     1    21     2    21     2     0     2    -4.0   38.894  110.869   1249.5    764.7
     1     1    21     2    21     1     0     1    -5.0   39.212  110.705   1177.8    767.3
     1     1    21     2    21     0     0     0    -6.0   39.582  110.513   1143.9    761.3
     1     1    21     2    20    23     0     1    -7.0   39.990  110.266   1182.7    747.4
     1     1    21     2    20    22     0     2    -8.0   40.414  109.965   1217.3    729.7
     1     1    21     2    20    21     0     3    -9.0   40.833  109.664   1142.4    742.2
     1     1    21     2    20    20     0     2   -10.0   41.211  109.335   1019.4    767.2
     1     1    21     2    20    19     0     1   -11.0   41.558  108.929    949.8    773.5
     1     1    21     2    20    18     0     0   -12.0   41.970  108.479   1021.9    756.8
     1     1    21     2    20    17     0     1   -13.0   42.459  108.044   1112.3    758.7
     1     1    21     2    20    16     0     2   -14.0   42.981  107.564    884.5    777.4
     1     1    21     2    20    15     0     3   -15.0   43.519  106.911    684.5    815.1
     1     1    21     2    20    14     0     2   -16.0   44.076  106.127    627.2    777.9
     1     1    21     2    20    13     0     1   -17.0   44.514  105.254    437.2    808.7
     1     1    21     2    20    12     0     0   -18.0   44.850  104.387    434.0    821.8
     1     1    21     2    20    11     0     1   -19.0   45.187  103.450    719.7    787.8
     1     1    21     2    20    10     0     2   -20.0   45.602  102.479   1142.4    712.7
     1     1    21     2    20     9     0     3   -21.0   46.073  101.375   1717.7    623.4
     1     1    21     2    20     8     0     2   -22.0   46.542  100.202   1988.0    592.0
     1     1    21     2    20     7     0     1   -23.0   46.988   98.756   2153.5    560.3
     1     1    21     2    20     6     0     0   -24.0   47.415   97.104   2805.6    514.9
     1     1    21     2    20     5     0     1   -25.0   47.803   95.579   2676.6    570.6
     1     1    21     2    20     4     0     2   -26.0   48.152   94.231   2309.4    635.2
     1     1    21     2    20     3     0     3   -27.0   48.486   92.867   2027.6    676.5
     1     1    21     2    20     2     0     2   -28.0   48.747   91.251   2491.5    577.0
     1     1    21     2    20     1     0     1   -29.0   48.820   89.140   3018.9    509.0
     1     1    21     2    20     0     0     0   -30.0   48.771   86.797   3375.1    516.7
     1     1    21     2    19    23     0     1   -31.0   48.653   84.973   3471.9    541.2
     1     1    21     2    19    22     0     2   -32.0   48.438   83.420   3375.5    613.4
     1     1    21     2    19    21     0     3   -33.0   48.185   81.912   3263.7    613.1
     1     1    21     2    19    20     0     2   -34.0   47.906   80.386   3284.8    606.7
     1     1    21     2    19    19     0     1   -35.0   47.560   78.957   3219.8    627.1
     1     1    21     2    19    18     0     0   -36.0   47.203   77.636   3030.6    648.0
     1     1    21     2    19    17     0     1   -37.0   46.896   76.351   3127.1    645.0
     1     1    21     2    19    16     0     2   -38.0   46.576   75.105   3098.6    654.9
     1     1    21     2    19    15     0     3   -39.0   46.274   73.896   3077.7    655.3
     1     1    21     2    19    14     0     2   -40.0   45.949   72.720   3035.4    657.3
     1     1    21     2    19    13     0     1   -41.0   45.586   71.597   3051.0    658.3
     1     1    21     2    19    12     0     0   -42.0   45.232   70.576   3016.3    670.7
     1     1    21     2    19    11     0     1   -43.0   44.911   69.657   3002.3    674.8
     1     1    21     2    19    10     0     2   -44.0   44.595   68.771   2899.7    679.3
     1     1    21     2    19     9     0     3   -45.0   44.264   67.883   2811.8    663.5
     1     1    21     2    19     8     0     2   -46.0   43.956   67.015   2796.5    700.2
     1     1    21     2    19     7     0     1   -47.0   43.726   66.250   2774.6    702.3
     1     1    21     2    19     6     0     0   -48.0   43.492   65.542   2774.9    698.5
     1     1    21     2    19     5     0     1   -49.0   43.257   64.885   2722.3    700.9
     1     1    21     2    19     4     0     2   -50.0   43.052   64.292   2677.3    708.2
     1     1    21     2    19     3     0     3   -51.0   42.858   63.751   2677.9    708.8
     1     1    21     2    19     2     0     2   -52.0   42.635   63.230   2630.6    708.4
     1     1    21     2    19     1     0     1   -53.0   42.429   62.752   2468.1    730.3
     1     1    21     2    19     0     0     0   -54.0   42.268   62.335   2247.8    755.0
     1     1    21     2    18    23     0     1   -55.0   42.120   61.974   2019.2    779.7
     1     1    21     2    18    22     0     2   -56.0   41.977   61.682   1817.9    801.9
     1     1    21     2    18    21     0     3   -57.0   41.854   61.474   1663.0    818.1
     1     1    21     2    18    20     0     2   -58.0   41.751   61.314   1545.4    828.1
     1     1    21     2    18    19     0     1   -59.0   41.672   61.176   1442.0    837.9
     1     1    21     2    18    18     0     0   -60.0   41.629   61.053   1354.2    848.0
     1     1    21     2    18    17     0     1   -61.0   41.608   60.927   1204.6    855.2
     1     1    21     2    18    16     0     2   -62.0   41.686   60.799    922.8    887.2
     1     1    21     2    18    15     0     3   -63.0   41.902   60.637    612.2    932.7
     1     1    21     2    18    14     0     2   -64.0   42.175   60.449    453.0    963.6
     1     1    21     2    18    13     0     1   -65.0   42.438   60.227    443.3    954.3
     1     1    21     2    18    12     0     0   -66.0   42.666   59.928    504.5    944.4
     1     1    21     2    18    11     0     1   -67.0   42.846   59.575    600.5    931.9
     1     1    21     2    18    10     0     2   -68.0   42.966   59.161    735.9    917.2
     1     1    21     2    18     9     0     3   -69.0   43.000   58.618    933.7    895.4
     1     1    21     2    18     8     0     2   -70.0   42.978   57.999   1176.3    863.1
     1     1    21     2    18     7     0     1   -71.0   42.934   57.263   1312.2    832.8
     1     1    21     2    18     6     0     0   -72.0   42.905   56.371   1333.8    836.6
     1     1    21     2    18     5     0     1   -73.0   42.835   55.379   1469.2    816.4
     1     1    21     2    18     4     0     2   -74.0   42.682   54.421   1600.6    808.4
     1     1    21     2    18     3     0     3   -75.0   42.503   53.536   1759.7    800.5
     1     1    21     2    18     2     0     2   -76.0   42.313   52.674   1910.4    794.7
     1     1    21     2    18     1     0     1   -77.0   42.089   51.805   2072.8    782.6
     1     1    21     2    18     0     0     0   -78.0   41.838   50.946   2186.0    770.7
     1     1    21     2    17    23     0     1   -79.0   41.553   50.181   2271.1    763.7
     1     1    21     2    17    22     0     2   -80.0   41.199   49.501   2459.3    724.2
     1     1    21     2    17    21     0     3   -81.0   40.739   48.747   2816.8    650.5
     1     1    21     2    17    20     0     2   -82.0   40.240   48.011   2653.5    689.0
     1     1    21     2    17    19     0     1   -83.0   39.775   47.430   2399.5    730.3
     1     1    21     2    17    18     0     0   -84.0   39.307   46.796   2280.5    663.4
     1     1    21     2    17    17     0     1   -85.0   38.853   46.155   1592.5    630.9
     1     1    21     2    17    16     0     2   -86.0   38.453   45.818    907.5    797.0
     1     1    21     2    17    15     0     3   -87.0   37.974   45.517    842.0    796.4
     1     1    21     2    17    14     0     2   -88.0   37.428   45.060   1435.9    677.1
     1     1    21     2    17    13     0     1   -89.0   36.838   44.525   1922.9    628.4
     1     1    21     2    17    12     0     0   -90.0   36.332   44.175   1750.4    727.8
     1     1    21     2    17    11     0     1   -91.0   35.963   43.893   1492.7    813.3
     1     1    21     2    17    10     0     2   -92.0   35.678   43.587   1313.9    829.9
     1     1    21     2    17     9     0     3   -93.0   35.442   43.227   1169.6    856.6
     1     1    21     2    17     8     0     2   -94.0   35.242   42.817   1090.7    868.2
     1     1    21     2    17     7     0     1   -95.0   35.050   42.337   1106.7    862.2
     1     1    21     2    17     6     0     0   -96.0   34.799   41.777   1245.1    840.5
     1     1    21     2    17     5     0     1   -97.0   34.528   41.246   1368.9    814.4
     1     1    21     2    17     4     0     2   -98.0   34.287   40.732   1460.9    805.1
     1     1    21     2    17     3     0     3   -99.0   34.013   40.150   1592.6    782.2
     1     1    21     2    17     2     0     2  -100.0   33.643   39.508   1737.1    750.4
     1     1    21     2    17     1     0     1  -101.0   33.183   38.844   1917.4    724.2
     1     1    21     2    17     0     0     0  -102.0   32.642   38.185   2015.8    708.1
     1     1    21     2    16    23     0     1  -103.0   32.118   37.573   2122.5    718.8
     1     1    21     2    16    22     0     2  -104.0   31.555   37.016   2259.8    698.4
     1     1    21     2    16    21     0     3  -105.0   30.965   36.473   2353.8    681.6
     1     1    21     2    16    20     0     2  -106.0   30.353   35.873   2381.3    669.1
     1     1    21     2    16    19     0     1  -107.0   29.781   35.373   2624.1    693.9
     1     1    21     2    16    18     0     0  -108.0   29.164   34.834   3498.4    635.0
     1     1    21     2    16    17     0     1  -109.0   28.426   33.717   4684.9    504.9
     1     1    21     2    16    16     0     2  -110.0   27.783   32.506   4615.7    536.8
     1     1    21     2    16    15     0     3  -111.0   27.209   31.263   4725.8    536.2
     1     1    21     2    16    14     0     2  -112.0   26.740   30.065   4683.4    545.6
     1     1    21     2    16    13     0     1  -113.0   26.353   28.918   4678.0    544.2
     1     1    21     2    16    12     0     0  -114.0   26.048   27.812   4716.2    542.9
     1     1    21     2    16    11     0     1  -115.0   25.824   26.763   4765.3    533.8
     1     1    21     2    16    10     0     2  -116.0   25.672   25.765   4835.3    527.7
     1     1    21     2    16     9     0     3  -117.0   25.591   24.788   4921.0    520.6
     1     1    21     2    16     8     0     2  -118.0   25.577   23.863   4898.5    525.3
     1     1    21     2    16     7     0     1  -119.0   25.625   22.994   4870.6    532.6
     1     1    21     2    16     6     0     0  -120.0   25.719   22.166   4991.6    527.9
