     5     1
    GDAS    21     2     1     0     0
    GDAS    21     2     8     0     0
    GDAS    21     2    15     0     0
    GDAS    21     2    22     0     0
    GDAS    21     3     1     0     0
     1 BACKWARD OMEGA   
    21     2     5    21   37.820  111.540  1000.0
     1 PRESSURE
     1     1    21     2     5    21     0     3     0.0   37.820  111.540   1000.0    773.4
     1     1    21     2     5    20     0     2    -1.0   38.066  110.975    947.6    784.6
     1     1    21     2     5    19     0     1    -2.0   38.286  110.502    862.2    804.5
     1     1    21     2     5    18     0     0    -3.0   38.519  109.966    828.9    799.1
     1     1    21     2     5    17     0     1    -4.0   38.762  109.341    807.2    789.8
     1     1    21     2     5    16     0     2    -5.0   39.013  108.649    793.2    782.5
     1     1    21     2     5    15     0     3    -6.0   39.214  107.952    797.2    778.5
     1     1    21     2     5    14     0     2    -7.0   39.356  107.313    771.2    785.2
     1     1    21     2     5    13     0     1    -8.0   39.473  106.731    713.2    788.5
     1     1    21     2     5    12     0     0    -9.0   39.590  106.153    758.3    783.0
     1     1    21     2     5    11     0     1   -10.0   39.765  105.528    887.0    769.1
     1     1    21     2     5    10     0     2   -11.0   40.022  104.843    959.0    752.0
     1     1    21     2     5     9     0     3   -12.0   40.285  104.137   1018.9    757.2
     1     1    21     2     5     8     0     2   -13.0   40.528  103.423   1052.1    747.7
     1     1    21     2     5     7     0     1   -14.0   40.782  102.687   1090.1    751.4
     1     1    21     2     5     6     0     0   -15.0   41.009  102.002   1123.9    764.1
     1     1    21     2     5     5     0     1   -16.0   41.216  101.387   1139.5    777.6
     1     1    21     2     5     4     0     2   -17.0   41.464  100.765   1152.2    780.2
     1     1    21     2     5     3     0     3   -18.0   41.750  100.097   1004.8    784.0
     1     1    21     2     5     2     0     2   -19.0   42.051   99.374    998.2    809.4
     1     1    21     2     5     1     0     1   -20.0   42.387   98.636   1239.9    729.8
     1     1    21     2     5     0     0     0   -21.0   42.751   97.851   1136.6    733.3
     1     1    21     2     4    23     0     1   -22.0   43.039   97.045   1081.0    752.7
     1     1    21     2     4    22     0     2   -23.0   43.255   96.319   1176.9    762.2
     1     1    21     2     4    21     0     3   -24.0   43.377   95.719   1158.9    767.4
     1     1    21     2     4    20     0     2   -25.0   43.523   95.168   1137.1    767.2
     1     1    21     2     4    19     0     1   -26.0   43.699   94.618   1061.0    784.6
     1     1    21     2     4    18     0     0   -27.0   43.841   94.142    873.8    808.1
     1     1    21     2     4    17     0     1   -28.0   43.916   93.798    649.4    827.5
     1     1    21     2     4    16     0     2   -29.0   43.919   93.525    494.0    836.3
     1     1    21     2     4    15     0     3   -30.0   43.878   93.222    450.6    825.4
     1     1    21     2     4    14     0     2   -31.0   43.822   92.831    492.4    806.2
     1     1    21     2     4    13     0     1   -32.0   43.794   92.413    517.8    798.5
     1     1    21     2     4    12     0     0   -33.0   43.796   92.017    515.1    797.4
     1     1    21     2     4    11     0     1   -34.0   43.809   91.673    508.4    814.0
     1     1    21     2     4    10     0     2   -35.0   43.823   91.398    493.0    827.5
     1     1    21     2     4     9     0     3   -36.0   43.847   91.179    455.2    840.4
     1     1    21     2     4     8     0     2   -37.0   43.870   91.026    420.8    854.5
     1     1    21     2     4     7     0     1   -38.0   43.885   90.920    420.0    857.7
     1     1    21     2     4     6     0     0   -39.0   43.894   90.837    451.1    855.6
     1     1    21     2     4     5     0     1   -40.0   43.896   90.748    491.5    851.8
     1     1    21     2     4     4     0     2   -41.0   43.889   90.655    528.5    851.3
     1     1    21     2     4     3     0     3   -42.0   43.875   90.558    564.0    851.4
     1     1    21     2     4     2     0     2   -43.0   43.856   90.456    595.8    851.6
     1     1    21     2     4     1     0     1   -44.0   43.833   90.348    624.0    852.6
     1     1    21     2     4     0     0     0   -45.0   43.803   90.239    652.5    853.5
     1     1    21     2     3    23     0     1   -46.0   43.778   90.132    680.4    853.7
     1     1    21     2     3    22     0     2   -47.0   43.772   90.034    706.5    853.5
     1     1    21     2     3    21     0     3   -48.0   43.782   89.943    729.7    852.0
     1     1    21     2     3    20     0     2   -49.0   43.799   89.853    756.1    850.5
     1     1    21     2     3    19     0     1   -50.0   43.813   89.760    791.4    847.3
     1     1    21     2     3    18     0     0   -51.0   43.823   89.666    834.3    843.5
     1     1    21     2     3    17     0     1   -52.0   43.826   89.577    882.4    839.0
     1     1    21     2     3    16     0     2   -53.0   43.818   89.495    934.9    834.7
     1     1    21     2     3    15     0     3   -54.0   43.804   89.418    994.0    830.1
     1     1    21     2     3    14     0     2   -55.0   43.791   89.332   1044.7    824.6
     1     1    21     2     3    13     0     1   -56.0   43.786   89.235   1069.6    823.0
     1     1    21     2     3    12     0     0   -57.0   43.791   89.131   1064.0    824.0
     1     1    21     2     3    11     0     1   -58.0   43.806   89.027   1045.6    827.6
     1     1    21     2     3    10     0     2   -59.0   43.831   88.920   1042.8    824.3
     1     1    21     2     3     9     0     3   -60.0   43.868   88.806   1063.4    815.6
     1     1    21     2     3     8     0     2   -61.0   43.911   88.695   1085.9    805.8
     1     1    21     2     3     7     0     1   -62.0   43.956   88.591   1086.4    800.2
     1     1    21     2     3     6     0     0   -63.0   44.002   88.492   1053.6    798.7
     1     1    21     2     3     5     0     1   -64.0   44.048   88.393   1017.1    805.0
     1     1    21     2     3     4     0     2   -65.0   44.092   88.291   1011.5    805.2
     1     1    21     2     3     3     0     3   -66.0   44.135   88.191   1044.2    801.9
     1     1    21     2     3     2     0     2   -67.0   44.185   88.087   1107.0    794.4
     1     1    21     2     3     1     0     1   -68.0   44.252   87.969   1188.2    789.1
     1     1    21     2     3     0     0     0   -69.0   44.324   87.829   1291.3    786.3
     1     1    21     2     2    23     0     1   -70.0   44.399   87.664   1377.4    783.3
     1     1    21     2     2    22     0     2   -71.0   44.494   87.473   1409.5    789.9
     1     1    21     2     2    21     0     3   -72.0   44.618   87.248   1406.1    802.8
     1     1    21     2     2    20     0     2   -73.0   44.761   86.984   1410.7    816.4
     1     1    21     2     2    19     0     1   -74.0   44.896   86.705   1448.4    817.6
     1     1    21     2     2    18     0     0   -75.0   45.012   86.434   1503.4    816.4
     1     1    21     2     2    17     0     1   -76.0   45.129   86.176   1523.5    812.8
     1     1    21     2     2    16     0     2   -77.0   45.280   85.924   1509.9    817.8
     1     1    21     2     2    15     0     3   -78.0   45.455   85.627   1510.3    815.4
     1     1    21     2     2    14     0     2   -79.0   45.623   85.229   1555.8    799.5
     1     1    21     2     2    13     0     1   -80.0   45.778   84.689   1639.9    763.6
     1     1    21     2     2    12     0     0   -81.0   45.898   83.970   1836.7    706.1
     1     1    21     2     2    11     0     1   -82.0   45.931   83.179   1999.4    659.8
     1     1    21     2     2    10     0     2   -83.0   45.892   82.479   2033.1    712.0
     1     1    21     2     2     9     0     3   -84.0   45.809   81.901   2050.6    752.7
     1     1    21     2     2     8     0     2   -85.0   45.699   81.317   2028.1    712.1
     1     1    21     2     2     7     0     1   -86.0   45.571   80.635   2019.1    668.8
     1     1    21     2     2     6     0     0   -87.0   45.453   79.921   1983.0    630.3
     1     1    21     2     2     5     0     1   -88.0   45.333   79.238   2034.2    649.2
     1     1    21     2     2     4     0     2   -89.0   45.212   78.604   2127.0    679.9
     1     1    21     2     2     3     0     3   -90.0   45.121   78.006   2148.1    733.3
     1     1    21     2     2     2     0     2   -91.0   45.060   77.430   2016.9    757.3
     1     1    21     2     2     1     0     1   -92.0   45.036   76.833   1889.3    772.7
     1     1    21     2     2     0     0     0   -93.0   45.062   76.211   1789.3    783.7
     1     1    21     2     1    23     0     1   -94.0   45.118   75.589   1730.0    791.7
     1     1    21     2     1    22     0     2   -95.0   45.194   74.983   1702.1    797.2
     1     1    21     2     1    21     0     3   -96.0   45.278   74.398   1693.1    797.3
     1     1    21     2     1    20     0     2   -97.0   45.362   73.839   1688.1    794.9
     1     1    21     2     1    19     0     1   -98.0   45.467   73.309   1684.6    790.9
     1     1    21     2     1    18     0     0   -99.0   45.603   72.805   1688.0    788.0
     1     1    21     2     1    17     0     1  -100.0   45.755   72.319   1692.4    787.8
     1     1    21     2     1    16     0     2  -101.0   45.932   71.852   1705.1    784.3
     1     1    21     2     1    15     0     3  -102.0   46.136   71.397   1735.2    781.1
     1     1    21     2     1    14     0     2  -103.0   46.345   70.943   1759.8    776.6
     1     1    21     2     1    13     0     1  -104.0   46.549   70.503   1770.0    779.2
     1     1    21     2     1    12     0     0  -105.0   46.753   70.085   1775.0    783.8
     1     1    21     2     1    11     0     1  -106.0   46.944   69.704   1781.4    785.0
     1     1    21     2     1    10     0     2  -107.0   47.118   69.367   1803.0    782.4
     1     1    21     2     1     9     0     3  -108.0   47.294   69.058   1840.8    777.9
     1     1    21     2     1     8     0     2  -109.0   47.470   68.776   1870.8    773.0
     1     1    21     2     1     7     0     1  -110.0   47.642   68.530   1875.6    771.3
     1     1    21     2     1     6     0     0  -111.0   47.812   68.318   1851.9    771.0
     1     1    21     2     1     5     0     1  -112.0   47.977   68.132   1826.1    773.6
     1     1    21     2     1     4     0     2  -113.0   48.154   67.973   1834.2    769.7
     1     1    21     2     1     3     0     3  -114.0   48.353   67.838   1870.4    761.7
     1     1    21     2     1     2     0     2  -115.0   48.555   67.696   1900.1    753.5
     1     1    21     2     1     1     0     1  -116.0   48.744   67.536   1910.0    750.8
     1     1    21     2     1     0     0     0  -117.0   48.922   67.364   1911.8    748.9
