     5     1
    GDAS    21     2     1     0     0
    GDAS    21     2     8     0     0
    GDAS    21     2    15     0     0
    GDAS    21     2    22     0     0
    GDAS    21     3     1     0     0
     1 BACKWARD OMEGA   
    21     2     2    15   44.970  -93.230   500.0
     1 PRESSURE
     1     1    21     2     2    15     0     3     0.0   44.970  -93.230    500.0    930.0
     1     1    21     2     2    14     0     2    -1.0   44.939  -93.195    521.5    927.1
     1     1    21     2     2    13     0     1    -2.0   44.938  -93.184    541.2    925.0
     1     1    21     2     2    12     0     0    -3.0   44.966  -93.199    558.7    923.4
     1     1    21     2     2    11     0     1    -4.0   44.999  -93.230    570.2    922.1
     1     1    21     2     2    10     0     2    -5.0   45.017  -93.265    573.3    921.6
     1     1    21     2     2     9     0     3    -6.0   45.022  -93.301    570.0    922.0
     1     1    21     2     2     8     0     2    -7.0   45.018  -93.336    566.6    923.3
     1     1    21     2     2     7     0     1    -8.0   45.014  -93.369    568.2    923.4
     1     1    21     2     2     6     0     0    -9.0   45.012  -93.402    574.1    922.9
     1     1    21     2     2     5     0     1   -10.0   45.030  -93.446    584.0    921.6
     1     1    21     2     2     4     0     2   -11.0   45.082  -93.508    596.5    919.4
     1     1    21     2     2     3     0     3   -12.0   45.169  -93.584    607.6    916.9
     1     1    21     2     2     2     0     2   -13.0   45.268  -93.670    615.6    914.8
     1     1    21     2     2     1     0     1   -14.0   45.360  -93.764    623.5    912.8
     1     1    21     2     2     0     0     0   -15.0   45.446  -93.871    635.7    910.3
     1     1    21     2     1    23     0     1   -16.0   45.534  -93.994    647.0    906.1
     1     1    21     2     1    22     0     2   -17.0   45.625  -94.133    650.7    903.8
     1     1    21     2     1    21     0     3   -18.0   45.714  -94.286    647.3    902.6
     1     1    21     2     1    20     0     2   -19.0   45.804  -94.434    648.5    902.9
     1     1    21     2     1    19     0     1   -20.0   45.904  -94.567    663.6    900.1
     1     1    21     2     1    18     0     0   -21.0   46.019  -94.691    689.3    896.2
     1     1    21     2     1    17     0     1   -22.0   46.155  -94.822    723.8    891.2
     1     1    21     2     1    16     0     2   -23.0   46.319  -94.975    765.7    885.1
     1     1    21     2     1    15     0     3   -24.0   46.509  -95.159    808.4    879.3
     1     1    21     2     1    14     0     2   -25.0   46.708  -95.373    838.1    875.3
     1     1    21     2     1    13     0     1   -26.0   46.899  -95.609    852.3    874.3
     1     1    21     2     1    12     0     0   -27.0   47.075  -95.866    857.5    875.7
     1     1    21     2     1    11     0     1   -28.0   47.237  -96.129    862.7    879.4
     1     1    21     2     1    10     0     2   -29.0   47.391  -96.387    872.7    882.1
     1     1    21     2     1     9     0     3   -30.0   47.535  -96.641    887.7    883.8
     1     1    21     2     1     8     0     2   -31.0   47.670  -96.887    901.6    883.9
     1     1    21     2     1     7     0     1   -32.0   47.797  -97.119    909.8    882.1
     1     1    21     2     1     6     0     0   -33.0   47.927  -97.338    921.8    876.7
     1     1    21     2     1     5     0     1   -34.0   48.074  -97.547    945.7    869.7
     1     1    21     2     1     4     0     2   -35.0   48.243  -97.748    971.1    863.2
     1     1    21     2     1     3     0     3   -36.0   48.432  -97.942    978.2    860.2
     1     1    21     2     1     2     0     2   -37.0   48.627  -98.136    982.4    862.9
     1     1    21     2     1     1     0     1   -38.0   48.827  -98.347   1007.6    860.1
     1     1    21     2     1     0     0     0   -39.0   49.034  -98.580   1050.5    853.6
