     5     1
    GDAS    21     2     1     0     0
    GDAS    21     2     8     0     0
    GDAS    21     2    15     0     0
    GDAS    21     2    22     0     0
    GDAS    21     3     1     0     0
     1 BACKWARD OMEGA   
    21     2    27    21   37.820  111.540  1000.0
     1 PRESSURE
     1     1    21     2    27    21     0     3     0.0   37.820  111.540   1000.0    773.1
     1     1    21     2    27    20     0     2    -1.0   37.763  111.440   1023.3    770.1
     1     1    21     2    27    19     0     1    -2.0   37.659  111.305    998.8    772.7
     1     1    21     2    27    18     0     0    -3.0   37.517  111.146    923.3    778.5
     1     1    21     2    27    17     0     1    -4.0   37.339  110.991    805.8    787.2
     1     1    21     2    27    16     0     2    -5.0   37.125  110.859    692.3    800.1
     1     1    21     2    27    15     0     3    -6.0   36.889  110.750    621.7    809.6
     1     1    21     2    27    14     0     2    -7.0   36.661  110.682    586.8    813.7
     1     1    21     2    27    13     0     1    -8.0   36.445  110.671    581.0    814.7
     1     1    21     2    27    12     0     0    -9.0   36.205  110.714    622.4    810.3
     1     1    21     2    27    11     0     1   -10.0   35.920  110.799    715.0    804.5
     1     1    21     2    27    10     0     2   -11.0   35.597  110.924    871.5    814.0
     1     1    21     2    27     9     0     3   -12.0   35.238  111.021   1088.0    816.8
     1     1    21     2    27     8     0     2   -13.0   34.872  111.035   1292.4    803.8
     1     1    21     2    27     7     0     1   -14.0   34.532  110.995   1395.3    777.8
     1     1    21     2    27     6     0     0   -15.0   34.232  110.912   1425.8    766.8
     1     1    21     2    27     5     0     1   -16.0   33.973  110.789   1414.3    760.2
     1     1    21     2    27     4     0     2   -17.0   33.742  110.665   1398.1    771.1
     1     1    21     2    27     3     0     3   -18.0   33.535  110.568   1385.5    779.5
     1     1    21     2    27     2     0     2   -19.0   33.356  110.498   1393.7    786.1
     1     1    21     2    27     1     0     1   -20.0   33.209  110.452   1433.8    786.8
     1     1    21     2    27     0     0     0   -21.0   33.092  110.405   1497.1    783.9
     1     1    21     2    26    23     0     1   -22.0   32.991  110.329   1555.3    777.9
     1     1    21     2    26    22     0     2   -23.0   32.890  110.226   1586.2    771.9
     1     1    21     2    26    21     0     3   -24.0   32.784  110.101   1598.1    767.3
     1     1    21     2    26    20     0     2   -25.0   32.680  109.971   1625.9    763.6
     1     1    21     2    26    19     0     1   -26.0   32.589  109.821   1695.0    748.0
     1     1    21     2    26    18     0     0   -27.0   32.521  109.636   1799.9    727.5
     1     1    21     2    26    17     0     1   -28.0   32.489  109.411   1890.9    702.3
     1     1    21     2    26    16     0     2   -29.0   32.499  109.151   1948.8    686.5
     1     1    21     2    26    15     0     3   -30.0   32.549  108.866   2013.1    682.6
     1     1    21     2    26    14     0     2   -31.0   32.587  108.578   2077.6    687.9
     1     1    21     2    26    13     0     1   -32.0   32.587  108.299   2113.6    693.7
     1     1    21     2    26    12     0     0   -33.0   32.560  108.034   2125.5    700.9
     1     1    21     2    26    11     0     1   -34.0   32.508  107.789   2116.3    705.1
     1     1    21     2    26    10     0     2   -35.0   32.434  107.554   2097.3    709.0
     1     1    21     2    26     9     0     3   -36.0   32.348  107.307   2076.9    713.2
     1     1    21     2    26     8     0     2   -37.0   32.252  107.053   2056.4    717.6
     1     1    21     2    26     7     0     1   -38.0   32.138  106.809   2032.3    720.1
     1     1    21     2    26     6     0     0   -39.0   32.015  106.561   2014.0    722.8
     1     1    21     2    26     5     0     1   -40.0   31.904  106.328   2006.6    728.6
     1     1    21     2    26     4     0     2   -41.0   31.812  106.135   1999.8    733.2
     1     1    21     2    26     3     0     3   -42.0   31.733  105.984   1984.0    737.8
     1     1    21     2    26     2     0     2   -43.0   31.665  105.877   1962.7    741.8
     1     1    21     2    26     1     0     1   -44.0   31.613  105.814   1949.9    744.7
     1     1    21     2    26     0     0     0   -45.0   31.579  105.794   1952.1    745.6
     1     1    21     2    25    23     0     1   -46.0   31.568  105.802   1969.7    744.1
     1     1    21     2    25    22     0     2   -47.0   31.585  105.816   2001.9    740.1
     1     1    21     2    25    21     0     3   -48.0   31.631  105.834   2047.7    734.0
     1     1    21     2    25    20     0     2   -49.0   31.699  105.853   2092.8    726.6
     1     1    21     2    25    19     0     1   -50.0   31.780  105.874   2120.5    721.6
     1     1    21     2    25    18     0     0   -51.0   31.868  105.895   2125.2    718.3
     1     1    21     2    25    17     0     1   -52.0   31.959  105.915   2089.6    717.3
     1     1    21     2    25    16     0     2   -53.0   32.048  105.949   1992.4    723.4
     1     1    21     2    25    15     0     3   -54.0   32.125  106.023   1809.2    737.9
     1     1    21     2    25    14     0     2   -55.0   32.199  106.136   1630.9    763.0
     1     1    21     2    25    13     0     1   -56.0   32.297  106.265   1557.9    766.9
     1     1    21     2    25    12     0     0   -57.0   32.424  106.424   1558.7    764.4
     1     1    21     2    25    11     0     1   -58.0   32.570  106.622   1592.2    759.9
     1     1    21     2    25    10     0     2   -59.0   32.717  106.876   1638.5    760.2
     1     1    21     2    25     9     0     3   -60.0   32.849  107.188   1689.4    756.4
     1     1    21     2    25     8     0     2   -61.0   32.973  107.522   1728.8    749.9
     1     1    21     2    25     7     0     1   -62.0   33.101  107.845   1765.4    737.4
     1     1    21     2    25     6     0     0   -63.0   33.230  108.137   1853.4    722.0
     1     1    21     2    25     5     0     1   -64.0   33.340  108.405   1983.7    700.9
     1     1    21     2    25     4     0     2   -65.0   33.422  108.662   2084.1    690.0
     1     1    21     2    25     3     0     3   -66.0   33.494  108.904   2138.3    686.7
     1     1    21     2    25     2     0     2   -67.0   33.569  109.107   2164.8    687.4
     1     1    21     2    25     1     0     1   -68.0   33.653  109.252   2188.0    685.9
     1     1    21     2    25     0     0     0   -69.0   33.754  109.339   2228.1    682.3
     1     1    21     2    24    23     0     1   -70.0   33.873  109.349   2313.0    673.2
     1     1    21     2    24    22     0     2   -71.0   33.989  109.256   2454.2    657.9
     1     1    21     2    24    21     0     3   -72.0   34.075  109.063   2654.7    641.2
     1     1    21     2    24    20     0     2   -73.0   34.115  108.818   2851.5    615.6
     1     1    21     2    24    19     0     1   -74.0   34.128  108.572   2980.7    597.0
     1     1    21     2    24    18     0     0   -75.0   34.130  108.336   3002.1    585.9
     1     1    21     2    24    17     0     1   -76.0   34.124  108.115   2986.8    587.0
     1     1    21     2    24    16     0     2   -77.0   34.116  107.890   3021.7    580.2
     1     1    21     2    24    15     0     3   -78.0   34.115  107.653   3098.5    571.6
     1     1    21     2    24    14     0     2   -79.0   34.150  107.393   3157.1    562.4
     1     1    21     2    24    13     0     1   -80.0   34.244  107.108   3152.9    562.7
     1     1    21     2    24    12     0     0   -81.0   34.392  106.806   3105.4    570.6
     1     1    21     2    24    11     0     1   -82.0   34.545  106.492   3041.5    577.1
     1     1    21     2    24    10     0     2   -83.0   34.677  106.163   2995.7    577.1
     1     1    21     2    24     9     0     3   -84.0   34.808  105.814   3025.9    568.3
     1     1    21     2    24     8     0     2   -85.0   34.927  105.436   3090.3    549.8
     1     1    21     2    24     7     0     1   -86.0   35.033  105.044   3118.2    543.8
     1     1    21     2    24     6     0     0   -87.0   35.127  104.628   3134.2    525.6
     1     1    21     2    24     5     0     1   -88.0   35.202  104.172   3187.6    503.2
     1     1    21     2    24     4     0     2   -89.0   35.273  103.695   3250.4    484.2
     1     1    21     2    24     3     0     3   -90.0   35.355  103.207   3284.7    474.8
     1     1    21     2    24     2     0     2   -91.0   35.449  102.696   3272.5    465.8
     1     1    21     2    24     1     0     1   -92.0   35.557  102.154   3191.5    461.8
     1     1    21     2    24     0     0     0   -93.0   35.667  101.595   3124.6    465.3
     1     1    21     2    23    23     0     1   -94.0   35.755  101.017   3208.0    458.0
     1     1    21     2    23    22     0     2   -95.0   35.843  100.386   3322.3    433.8
     1     1    21     2    23    21     0     3   -96.0   35.925   99.702   3267.0    417.0
     1     1    21     2    23    20     0     2   -97.0   35.999   98.941   3184.3    384.0
     1     1    21     2    23    19     0     1   -98.0   36.055   98.177   3359.5    418.5
     1     1    21     2    23    18     0     0   -99.0   36.102   97.458   3365.8    411.8
     1     1    21     2    23    17     0     1  -100.0   36.126   96.714   3342.0    395.9
     1     1    21     2    23    16     0     2  -101.0   36.119   95.968   3210.4    400.5
     1     1    21     2    23    15     0     3  -102.0   36.105   95.289   3055.2    414.6
     1     1    21     2    23    14     0     2  -103.0   36.079   94.650   2893.8    412.7
     1     1    21     2    23    13     0     1  -104.0   36.035   94.010   2676.4    410.1
     1     1    21     2    23    12     0     0  -105.0   35.974   93.385   2667.8    408.4
     1     1    21     2    23    11     0     1  -106.0   35.917   92.749   2837.3    379.5
     1     1    21     2    23    10     0     2  -107.0   35.885   92.110   2933.9    374.1
     1     1    21     2    23     9     0     3  -108.0   35.888   91.468   2974.2    365.2
     1     1    21     2    23     8     0     2  -109.0   35.917   90.790   3054.1    350.4
     1     1    21     2    23     7     0     1  -110.0   35.950   90.105   3117.9    349.0
     1     1    21     2    23     6     0     0  -111.0   35.990   89.450   3133.4    355.1
     1     1    21     2    23     5     0     1  -112.0   36.021   88.797   3162.0    357.4
     1     1    21     2    23     4     0     2  -113.0   36.015   88.128   3228.3    355.3
     1     1    21     2    23     3     0     3  -114.0   35.998   87.459   3263.7    349.2
     1     1    21     2    23     2     0     2  -115.0   35.981   86.822   3209.8    355.1
     1     1    21     2    23     1     0     1  -116.0   35.964   86.178   3202.6    356.0
     1     1    21     2    23     0     0     0  -117.0   35.942   85.507   3250.4    345.2
     1     1    21     2    22    23     0     1  -118.0   35.924   84.851   3253.0    343.8
     1     1    21     2    22    22     0     2  -119.0   35.909   84.191   3295.0    344.0
     1     1    21     2    22    21     0     3  -120.0   35.889   83.471   3384.9    337.0
