     5     1
    GDAS    21     2     1     0     0
    GDAS    21     2     8     0     0
    GDAS    21     2    15     0     0
    GDAS    21     2    22     0     0
    GDAS    21     3     1     0     0
     1 BACKWARD OMEGA   
    21     2     1    18   37.820  111.540  1000.0
     1 PRESSURE
     1     1    21     2     1    18     0     0     0.0   37.820  111.540   1000.0    777.1
     1     1    21     2     1    17     0     1    -1.0   38.068  111.108   1049.5    780.4
     1     1    21     2     1    16     0     2    -2.0   38.307  110.731   1081.8    782.9
     1     1    21     2     1    15     0     3    -3.0   38.523  110.377   1095.6    778.3
     1     1    21     2     1    14     0     2    -4.0   38.734  110.040   1106.3    771.6
     1     1    21     2     1    13     0     1    -5.0   38.960  109.700   1144.8    761.2
     1     1    21     2     1    12     0     0    -6.0   39.210  109.323   1209.4    746.4
     1     1    21     2     1    11     0     1    -7.0   39.498  108.891   1299.8    731.0
     1     1    21     2     1    10     0     2    -8.0   39.821  108.435   1414.3    721.6
     1     1    21     2     1     9     0     3    -9.0   40.137  108.023   1483.3    722.6
     1     1    21     2     1     8     0     2   -10.0   40.428  107.651   1483.5    726.0
     1     1    21     2     1     7     0     1   -11.0   40.691  107.285   1439.0    730.5
     1     1    21     2     1     6     0     0   -12.0   40.903  106.965   1366.2    740.0
     1     1    21     2     1     5     0     1   -13.0   41.098  106.684   1330.9    746.7
     1     1    21     2     1     4     0     2   -14.0   41.344  106.402   1393.0    741.7
     1     1    21     2     1     3     0     3   -15.0   41.648  106.109   1579.7    733.2
     1     1    21     2     1     2     0     2   -16.0   41.976  105.776   1855.1    709.1
     1     1    21     2     1     1     0     1   -17.0   42.321  105.344   2035.2    664.5
     1     1    21     2     1     0     0     0   -18.0   42.689  104.811   2080.3    643.6
