     5     1
    GDAS    21     2     1     0     0
    GDAS    21     2     8     0     0
    GDAS    21     2    15     0     0
    GDAS    21     2    22     0     0
    GDAS    21     3     1     0     0
     1 BACKWARD OMEGA   
    21     2    24     6   37.820  111.540  1000.0
     1 PRESSURE
     1     1    21     2    24     6     0     0     0.0   37.820  111.540   1000.0    774.0
     1     1    21     2    24     5     0     1    -1.0   37.796  111.675    928.5    782.0
     1     1    21     2    24     4     0     2    -2.0   37.770  111.801    891.8    784.9
     1     1    21     2    24     3     0     3    -3.0   37.737  111.916    883.0    785.6
     1     1    21     2    24     2     0     2    -4.0   37.705  112.013    887.3    784.1
     1     1    21     2    24     1     0     1    -5.0   37.677  112.088    894.4    784.5
     1     1    21     2    24     0     0     0    -6.0   37.653  112.139    904.1    784.1
     1     1    21     2    23    23     0     1    -7.0   37.628  112.166    898.5    783.4
     1     1    21     2    23    22     0     2    -8.0   37.591  112.172    860.3    787.9
     1     1    21     2    23    21     0     3    -9.0   37.542  112.166    790.6    795.7
     1     1    21     2    23    20     0     2   -10.0   37.479  112.165    728.3    806.9
     1     1    21     2    23    19     0     1   -11.0   37.403  112.175    710.8    810.6
     1     1    21     2    23    18     0     0   -12.0   37.318  112.188    736.2    809.7
     1     1    21     2    23    17     0     1   -13.0   37.228  112.199    770.9    805.0
     1     1    21     2    23    16     0     2   -14.0   37.126  112.211    787.7    805.4
     1     1    21     2    23    15     0     3   -15.0   37.012  112.219    789.6    807.6
     1     1    21     2    23    14     0     2   -16.0   36.893  112.240    770.5    808.7
     1     1    21     2    23    13     0     1   -17.0   36.773  112.302    737.7    813.3
     1     1    21     2    23    12     0     0   -18.0   36.651  112.409    702.0    818.0
     1     1    21     2    23    11     0     1   -19.0   36.529  112.548    646.2    823.8
     1     1    21     2    23    10     0     2   -20.0   36.406  112.708    537.1    834.5
     1     1    21     2    23     9     0     3   -21.0   36.282  112.871    341.3    855.6
     1     1    21     2    23     8     0     2   -22.0   36.154  112.977    206.2    887.5
     1     1    21     2    23     7     0     1   -23.0   36.001  113.032    154.6    896.1
     1     1    21     2    23     6     0     0   -24.0   35.830  113.088    179.4    912.2
     1     1    21     2    23     5     0     1   -25.0   35.674  113.193    236.7    922.3
     1     1    21     2    23     4     0     2   -26.0   35.551  113.333    270.1    935.5
     1     1    21     2    23     3     0     3   -27.0   35.454  113.489    275.8    948.8
     1     1    21     2    23     2     0     2   -28.0   35.376  113.651    259.1    961.2
     1     1    21     2    23     1     0     1   -29.0   35.313  113.815    226.6    972.4
     1     1    21     2    23     0     0     0   -30.0   35.267  113.971    184.4    982.8
     1     1    21     2    22    23     0     1   -31.0   35.225  114.132    144.1    992.6
     1     1    21     2    22    22     0     2   -32.0   35.162  114.317    113.5    999.1
     1     1    21     2    22    21     0     3   -33.0   35.074  114.531     92.5   1004.3
     1     1    21     2    22    20     0     2   -34.0   34.983  114.775     80.9   1006.8
     1     1    21     2    22    19     0     1   -35.0   34.909  115.045     77.5   1007.9
     1     1    21     2    22    18     0     0   -36.0   34.854  115.323     77.1   1009.3
     1     1    21     2    22    17     0     1   -37.0   34.810  115.591     75.0   1011.1
     1     1    21     2    22    16     0     2   -38.0   34.764  115.854     72.2   1013.0
     1     1    21     2    22    15     0     3   -39.0   34.719  116.120     71.2   1014.0
     1     1    21     2    22    14     0     2   -40.0   34.684  116.387     71.5   1013.2
     1     1    21     2    22    13     0     1   -41.0   34.664  116.657     73.7   1012.1
     1     1    21     2    22    12     0     0   -42.0   34.651  116.948     83.7   1009.6
     1     1    21     2    22    11     0     1   -43.0   34.670  117.272     98.3   1005.7
     1     1    21     2    22    10     0     2   -44.0   34.754  117.606    110.1   1003.1
     1     1    21     2    22     9     0     3   -45.0   34.897  117.953    126.6    999.1
     1     1    21     2    22     8     0     2   -46.0   35.086  118.297    144.2    994.6
     1     1    21     2    22     7     0     1   -47.0   35.309  118.599    151.1    990.7
     1     1    21     2    22     6     0     0   -48.0   35.579  118.845    148.1    989.4
     1     1    21     2    22     5     0     1   -49.0   35.899  119.039    137.2    989.6
     1     1    21     2    22     4     0     2   -50.0   36.244  119.215    126.0    995.5
     1     1    21     2    22     3     0     3   -51.0   36.584  119.412    135.7    998.8
     1     1    21     2    22     2     0     2   -52.0   36.908  119.631    185.5    991.7
     1     1    21     2    22     1     0     1   -53.0   37.243  119.884    287.6    978.0
     1     1    21     2    22     0     0     0   -54.0   37.666  120.205    436.4    963.3
     1     1    21     2    21    23     0     1   -55.0   38.177  120.570    543.9    949.4
     1     1    21     2    21    22     0     2   -56.0   38.747  120.936    633.5    945.5
     1     1    21     2    21    21     0     3   -57.0   39.370  121.280    787.9    925.9
     1     1    21     2    21    20     0     2   -58.0   40.006  121.567   1067.3    895.1
     1     1    21     2    21    19     0     1   -59.0   40.541  121.640   1355.7    844.1
     1     1    21     2    21    18     0     0   -60.0   40.996  121.634   1483.4    831.3
     1     1    21     2    21    17     0     1   -61.0   41.442  121.621   1521.7    830.5
     1     1    21     2    21    16     0     2   -62.0   41.888  121.447   1584.2    812.7
     1     1    21     2    21    15     0     3   -63.0   42.312  121.136   1649.4    795.3
     1     1    21     2    21    14     0     2   -64.0   42.701  120.730   1685.5    780.2
     1     1    21     2    21    13     0     1   -65.0   43.060  120.297   1642.1    778.5
     1     1    21     2    21    12     0     0   -66.0   43.414  119.892   1538.1    788.6
     1     1    21     2    21    11     0     1   -67.0   43.786  119.400   1512.6    774.0
     1     1    21     2    21    10     0     2   -68.0   44.143  118.748   1534.0    736.4
     1     1    21     2    21     9     0     3   -69.0   44.480  118.087   1523.7    733.6
     1     1    21     2    21     8     0     2   -70.0   44.795  117.509   1495.2    736.5
     1     1    21     2    21     7     0     1   -71.0   45.091  116.975   1483.2    735.7
     1     1    21     2    21     6     0     0   -72.0   45.386  116.445   1450.6    739.3
     1     1    21     2    21     5     0     1   -73.0   45.686  115.980   1382.0    751.3
     1     1    21     2    21     4     0     2   -74.0   45.995  115.633   1334.2    753.5
     1     1    21     2    21     3     0     3   -75.0   46.308  115.396   1309.1    757.0
     1     1    21     2    21     2     0     2   -76.0   46.653  115.209   1312.3    760.8
     1     1    21     2    21     1     0     1   -77.0   47.025  115.035   1405.7    752.1
     1     1    21     2    21     0     0     0   -78.0   47.399  114.859   1531.4    738.0
     1     1    21     2    20    23     0     1   -79.0   47.766  114.666   1605.0    735.1
     1     1    21     2    20    22     0     2   -80.0   48.127  114.489   1616.2    738.0
     1     1    21     2    20    21     0     3   -81.0   48.508  114.334   1616.6    738.1
     1     1    21     2    20    20     0     2   -82.0   48.869  114.147   1659.3    728.7
     1     1    21     2    20    19     0     1   -83.0   49.175  113.934   1724.8    716.8
     1     1    21     2    20    18     0     0   -84.0   49.442  113.708   1749.0    709.3
     1     1    21     2    20    17     0     1   -85.0   49.709  113.441   1680.5    713.5
     1     1    21     2    20    16     0     2   -86.0   50.015  113.152   1536.3    726.7
     1     1    21     2    20    15     0     3   -87.0   50.346  112.847   1373.8    737.3
     1     1    21     2    20    14     0     2   -88.0   50.652  112.508   1211.7    746.9
     1     1    21     2    20    13     0     1   -89.0   50.932  112.160   1036.5    771.7
     1     1    21     2    20    12     0     0   -90.0   51.194  111.845    906.9    790.1
     1     1    21     2    20    11     0     1   -91.0   51.437  111.542    836.6    791.4
     1     1    21     2    20    10     0     2   -92.0   51.662  111.213    783.9    797.2
     1     1    21     2    20     9     0     3   -93.0   51.851  110.909    745.1    808.0
     1     1    21     2    20     8     0     2   -94.0   52.001  110.607    722.2    816.8
     1     1    21     2    20     7     0     1   -95.0   52.114  110.271    706.4    817.3
     1     1    21     2    20     6     0     0   -96.0   52.200  109.913    690.8    818.4
     1     1    21     2    20     5     0     1   -97.0   52.262  109.561    678.7    822.7
     1     1    21     2    20     4     0     2   -98.0   52.301  109.231    675.2    826.2
     1     1    21     2    20     3     0     3   -99.0   52.311  108.932    676.8    829.6
     1     1    21     2    20     2     0     2  -100.0   52.311  108.657    682.8    830.5
     1     1    21     2    20     1     0     1  -101.0   52.319  108.387    693.3    830.8
     1     1    21     2    20     0     0     0  -102.0   52.336  108.110    707.0    831.4
     1     1    21     2    19    23     0     1  -103.0   52.375  107.818    717.1    833.1
     1     1    21     2    19    22     0     2  -104.0   52.444  107.529    712.4    837.4
     1     1    21     2    19    21     0     3  -105.0   52.529  107.277    695.6    844.0
     1     1    21     2    19    20     0     2  -106.0   52.611  107.068    673.6    850.4
     1     1    21     2    19    19     0     1  -107.0   52.688  106.870    653.5    854.1
     1     1    21     2    19    18     0     0  -108.0   52.780  106.634    642.0    851.7
     1     1    21     2    19    17     0     1  -109.0   52.877  106.314    623.6    842.7
     1     1    21     2    19    16     0     2  -110.0   52.921  105.885    577.1    836.8
     1     1    21     2    19    15     0     3  -111.0   52.877  105.493    531.3    851.9
     1     1    21     2    19    14     0     2  -112.0   52.780  105.240    495.6    860.5
     1     1    21     2    19    13     0     1  -113.0   52.652  105.128    472.3    864.6
     1     1    21     2    19    12     0     0  -114.0   52.497  105.111    465.7    866.0
     1     1    21     2    19    11     0     1  -115.0   52.341  105.140    487.9    865.8
     1     1    21     2    19    10     0     2  -116.0   52.190  105.186    540.5    861.3
     1     1    21     2    19     9     0     3  -117.0   52.023  105.265    616.6    856.4
     1     1    21     2    19     8     0     2  -118.0   51.871  105.291    686.8    839.7
     1     1    21     2    19     7     0     1  -119.0   51.767  105.194    756.9    823.6
     1     1    21     2    19     6     0     0  -120.0   51.707  104.997    833.5    804.6
