     3     1
    GDAS    21     2    22     0     0
    GDAS    21     3     1     0     0
    GDAS    21     3     8     0     0
     1 BACKWARD OMEGA   
    21     3     2    18   44.970  -93.230  1000.0
     1 PRESSURE
     1     1    21     3     2    18     0     0     0.0   44.970  -93.230   1000.0    863.0
     1     1    21     3     2    17     0     1    -1.0   44.786  -94.131    944.5    868.8
     1     1    21     3     2    16     0     2    -2.0   44.592  -95.042    892.3    865.8
     1     1    21     3     2    15     0     3    -3.0   44.362  -95.946    925.0    857.1
     1     1    21     3     2    14     0     2    -4.0   44.110  -96.787   1063.7    830.4
     1     1    21     3     2    13     0     1    -5.0   43.859  -97.519   1053.3    841.1
     1     1    21     3     2    12     0     0    -6.0   43.619  -98.189   1025.9    849.5
     1     1    21     3     2    11     0     1    -7.0   43.393  -98.811   1076.7    837.3
     1     1    21     3     2    10     0     2    -8.0   43.194  -99.369   1182.1    815.5
     1     1    21     3     2     9     0     3    -9.0   43.018  -99.848   1287.4    797.3
     1     1    21     3     2     8     0     2   -10.0   42.877 -100.261   1371.6    780.8
     1     1    21     3     2     7     0     1   -11.0   42.776 -100.636   1428.2    769.1
     1     1    21     3     2     6     0     0   -12.0   42.710 -100.980   1469.6    759.7
     1     1    21     3     2     5     0     1   -13.0   42.677 -101.306   1512.8    751.9
     1     1    21     3     2     4     0     2   -14.0   42.681 -101.632   1566.9    742.5
     1     1    21     3     2     3     0     3   -15.0   42.732 -101.961   1631.4    732.8
     1     1    21     3     2     2     0     2   -16.0   42.804 -102.294   1698.1    727.2
     1     1    21     3     2     1     0     1   -17.0   42.868 -102.628   1765.4    725.0
     1     1    21     3     2     0     0     0   -18.0   42.932 -102.974   1859.7    720.8
     1     1    21     3     1    23     0     1   -19.0   43.010 -103.311   1946.6    703.7
     1     1    21     3     1    22     0     2   -20.0   43.104 -103.614   2006.1    689.9
     1     1    21     3     1    21     0     3   -21.0   43.212 -103.898   2068.8    672.3
     1     1    21     3     1    20     0     2   -22.0   43.347 -104.173   2153.4    655.0
     1     1    21     3     1    19     0     1   -23.0   43.519 -104.444   2250.2    641.4
     1     1    21     3     1    18     0     0   -24.0   43.730 -104.717   2334.5    633.8
     1     1    21     3     1    17     0     1   -25.0   43.980 -105.004   2404.0    634.3
     1     1    21     3     1    16     0     2   -26.0   44.261 -105.318   2469.2    636.0
     1     1    21     3     1    15     0     3   -27.0   44.557 -105.674   2533.1    635.9
     1     1    21     3     1    14     0     2   -28.0   44.871 -106.070   2594.1    636.1
     1     1    21     3     1    13     0     1   -29.0   45.211 -106.481   2653.3    634.9
     1     1    21     3     1    12     0     0   -30.0   45.570 -106.893   2711.2    634.1
     1     1    21     3     1    11     0     1   -31.0   45.936 -107.317   2795.5    631.9
     1     1    21     3     1    10     0     2   -32.0   46.299 -107.773   2866.3    629.2
     1     1    21     3     1     9     0     3   -33.0   46.657 -108.271   2880.0    626.3
     1     1    21     3     1     8     0     2   -34.0   47.027 -108.804   2849.6    611.7
     1     1    21     3     1     7     0     1   -35.0   47.418 -109.316   2885.3    616.2
     1     1    21     3     1     6     0     0   -36.0   47.837 -109.822   3003.4    617.0
     1     1    21     3     1     5     0     1   -37.0   48.292 -110.356   3134.2    610.8
     1     1    21     3     1     4     0     2   -38.0   48.795 -110.907   3146.0    593.0
     1     1    21     3     1     3     0     3   -39.0   49.348 -111.439   3096.3    609.2
     1     1    21     3     1     2     0     2   -40.0   49.958 -112.025   3089.0    621.4
     1     1    21     3     1     1     0     1   -41.0   50.604 -112.706   3090.2    616.2
     1     1    21     3     1     0     0     0   -42.0   51.250 -113.506   3169.5    603.7
     1     1    21     2    28    23     0     1   -43.0   51.844 -114.433   3201.7    580.5
     1     1    21     2    28    22     0     2   -44.0   52.424 -115.440   3140.5    575.4
     1     1    21     2    28    21     0     3   -45.0   52.991 -116.544   3452.8    540.9
     1     1    21     2    28    20     0     2   -46.0   53.505 -117.749   3262.5    553.1
     1     1    21     2    28    19     0     1   -47.0   53.993 -118.992   2982.7    585.3
     1     1    21     2    28    18     0     0   -48.0   54.425 -120.349   2956.8    583.1
     1     1    21     2    28    17     0     1   -49.0   54.729 -121.855   2911.6    610.6
     1     1    21     2    28    16     0     2   -50.0   54.942 -123.471   2599.6    646.7
     1     1    21     2    28    15     0     3   -51.0   55.070 -125.215   2361.8    661.6
     1     1    21     2    28    14     0     2   -52.0   54.966 -127.064   2150.0    668.5
     1     1    21     2    28    13     0     1   -53.0   54.652 -128.740   2681.5    629.3
     1     1    21     2    28    12     0     0   -54.0   54.293 -130.032   2185.1    728.5
     1     1    21     2    28    11     0     1   -55.0   53.959 -130.978   1643.2    826.8
     1     1    21     2    28    10     0     2   -56.0   53.634 -131.913   1461.4    837.8
     1     1    21     2    28     9     0     3   -57.0   53.392 -132.982   1428.7    834.6
     1     1    21     2    28     8     0     2   -58.0   53.171 -134.031   1361.6    856.1
     1     1    21     2    28     7     0     1   -59.0   52.911 -135.121   1361.6    852.4
     1     1    21     2    28     6     0     0   -60.0   52.679 -136.355   1361.2    854.2
     1     1    21     2    28     5     0     1   -61.0   52.436 -137.670   1398.0    849.4
     1     1    21     2    28     4     0     2   -62.0   52.164 -138.915   1397.8    849.2
     1     1    21     2    28     3     0     3   -63.0   51.897 -140.166   1379.6    853.4
     1     1    21     2    28     2     0     2   -64.0   51.582 -141.452   1393.3    851.9
     1     1    21     2    28     1     0     1   -65.0   51.244 -142.734   1416.4    851.8
     1     1    21     2    28     0     0     0   -66.0   50.885 -144.009   1459.0    846.4
     1     1    21     2    27    23     0     1   -67.0   50.471 -145.216   1440.9    849.8
     1     1    21     2    27    22     0     2   -68.0   50.044 -146.371   1426.4    852.5
     1     1    21     2    27    21     0     3   -69.0   49.621 -147.489   1431.9    854.4
